Learning rate: 0.05
number 1[5.9782, 5.900399999999999, 5.7298, 5.802, 5.6344, 5.3123, 4.5396, 3.8644, 3.2668999999999997, 2.1204, 1.1994000000000002, -0.007900000000000018, -0.38559999999999994, -1.1896, -1.8277999999999999, -2.0919, -2.8709, -3.1289, -3.2086, -3.254, -3.6388999999999996, -3.9055999999999997, -4.0032, -4.1129, -4.5682, -4.7559, -4.7985, -4.8635, -4.769, -4.9467, -4.8487, -4.7666, -4.9521, -5.0474, -5.0496, -5.2015, -5.0708, -5.2697, -5.2584, -5.258, -5.1955, -5.2249, -5.3723, -5.3479, -5.3667, -5.240399999999999, -5.247, -5.3654, -5.276, -5.3439, -5.4487000000000005, -5.5055, -5.5501000000000005, -5.5451999999999995, -5.6357, -5.5988999999999995, -5.712400000000001, -5.7714, -5.7493, -5.7479, -5.8124, -5.7889, -5.781, -5.7973, -5.8124, -5.8098, -5.916200000000001, -5.887499999999999, -5.8597, -5.9008, -6.0333000000000006, -6.0849, -6.0464, -6.091099999999999, -6.173, -6.1562, -6.204899999999999, -6.1712, -6.1572000000000005, -6.1918, -6.227, -6.2191, -6.1836, -6.1704, -6.0343, -5.99, -6.1837, -6.2329, -6.2479000000000005, -6.2318, -6.2658, -6.2345999999999995, -6.2318, -6.2581, -6.266400000000001, -6.1616, -6.1229000000000005, -6.173, -6.1645, -6.223000000000001, -6.2213, -6.2364, -6.2369, -6.265700000000001, -6.2458, -6.2163, -6.2433, -6.1798, -6.2824, -6.2516, -6.200799999999999, -6.2451, -6.2766, -6.181699999999999, -6.222300000000001, -6.198300000000001, -6.2401, -6.204599999999999, -6.23, -6.260199999999999, -6.243500000000001, -6.2487, -6.2003, -6.202, -6.2222, -6.2145, -6.2477, -6.262899999999999, -6.217699999999999, -6.160200000000001, -6.1093, -6.1451, -6.1209999999999996, -6.2415, -6.180400000000001, -6.1837, -6.2165, -6.2555, -6.2722999999999995, -6.2003, -6.1044, -6.218499999999999, -6.0966, -6.195, -6.232999999999999, -6.2073, -6.2225, -6.236599999999999, -6.226700000000001, -6.1648000000000005, -6.1566, -6.1985, -6.2338, -6.1918, -6.0701, -6.1529, -6.147799999999999, -6.0543000000000005, -6.1128, -6.1714, -6.1517, -6.0831, -6.1083, -6.052499999999999, -6.117500000000001, -6.1264, -6.159800000000001, -6.1936, -6.2170000000000005, -6.227, -6.2394, -6.2425, -6.272099999999999, -6.2119, -6.2064, -6.1903, -6.1415, -6.1655999999999995, -6.194599999999999, -6.1055, -6.1593, -6.1814, -6.166, -6.234400000000001, -6.2211, -6.2064, -6.2184, -6.224499999999999, -6.2502, -6.2239, -6.2202, -6.2038, -6.0895, -6.171, -6.1273, -6.1588, -6.178599999999999, -6.17, -6.0840000000000005, -6.1603]1289.1239075660706





Learning rate: 0.1
number 1[6.027900000000001, 5.3825, 3.9989999999999997, 2.5241, 1.5444, 0.12199999999999989, -1.7221, -3.032, -4.0495, -5.2414, -5.5516, -5.8583, -5.9256, -5.7486999999999995, -5.873, -6.2174, -6.0708, -6.1243, -5.9312, -6.1635, -6.1466, -6.0543, -6.1092, -5.8715, -5.8618999999999994, -6.092599999999999, -6.157900000000001, -6.2087, -6.201599999999999, -6.2337, -6.0636, -5.818700000000001, -5.9445, -5.8454, -6.2402, -6.2341, -6.145999999999999, -6.119599999999999, -6.0089, -6.1782, -6.0177, -6.0542, -6.1316, -6.1121, -6.0567, -6.0716, -6.157500000000001, -6.1434, -5.9665, -6.070600000000001, -6.1297, -6.1636999999999995, -5.8811, -5.6809, -6.1212, -6.1669, -6.1066, -6.2418, -5.9983, -6.0506, -5.9909, -5.8726, -5.739199999999999, -5.9674, -5.863099999999999, -5.557300000000001, -5.9014999999999995, -6.0288, -6.1002, -6.0451999999999995, -6.147799999999999, -6.122300000000001, -6.193099999999999, -6.1412, -5.8735, -6.1825, -6.218500000000001, -6.1414, -6.058400000000001, -6.1399, -5.9616999999999996, -5.968, -6.1043, -5.9689, -5.935699999999999, -5.9174, -6.1608, -6.1022, -6.184, -6.1974, -6.0428, -5.959300000000001, -6.0963, -5.9013, -5.6742, -6.006500000000001, -5.8891, -5.972899999999999, -6.008699999999999, -6.0005999999999995, -6.180299999999999, -5.863300000000001, -5.9043, -5.7941, -5.8999, -6.0513, -6.0630999999999995, -6.094500000000001, -5.9342, -5.9344, -5.6806, -5.929, -5.7974, -6.0001, -6.0754, -6.1076, -5.997399999999999, -6.0096, -6.0571, -5.3224, -6.0984, -5.910699999999999, -5.7971, -5.7653, -5.9399, -5.524100000000001, -5.9176, -5.9003000000000005, -6.0981000000000005, -5.9302, -6.1163, -6.1199, -6.2120999999999995, -6.1205, -5.9793, -6.109, -5.931100000000001, -6.0165, -5.875, -6.0706, -6.1693999999999996, -6.0806, -6.002599999999999, -6.1318, -6.1132, -6.2318, -6.2264, -6.1616, -5.826499999999999, -6.0451999999999995, -6.097700000000001, -6.035099999999999, -5.9782, -5.9855, -6.1837, -5.7567, -5.9114, -5.8583, -6.0405, -5.8367, -6.1766, -5.6794, -5.9816, -6.1804, -6.1389000000000005, -6.0778, -5.8735, -6.1417, -6.2643, -6.242800000000001, -6.0878, -6.117100000000001, -6.2379999999999995, -5.933599999999999, -5.6687, -6.1824, -6.1606000000000005, -6.1533999999999995, -6.1036, -6.0052, -6.0816, -6.1892000000000005, -5.9733, -6.0985, -6.0094, -6.127800000000001, -6.0868, -6.1776, -6.018700000000001, -6.0046, -5.6973, -6.0651, -6.0074000000000005, -6.0792, -6.0017, -6.0748, -6.1108, -6.0883, -5.7817, -5.9384]1335.4660115242004





Learning rate: 0.15
number 1[6.0227, 5.4801, 3.7766, -0.8976999999999999, -2.8677, -2.9801, -3.5713, -2.8243, -4.5715, -5.5817, -5.8462000000000005, -6.0198, -5.3161000000000005, -5.558599999999999, -5.7502, -5.146599999999999, -6.0474000000000006, -5.9421, -6.0515, -5.982200000000001, -6.2209, -6.0357, -6.0047, -6.0794, -5.907, -5.4811, -5.5637, -5.5386, -5.447500000000001, -6.0680000000000005, -5.746499999999999, -5.4102, -5.9688, -5.817200000000001, -5.5574, -6.1235, -6.0857, -5.7879000000000005, -5.8758, -5.855600000000001, -5.7381, -5.3977, -5.8654, -6.0059000000000005, -5.8174, -5.8628, -6.0023, -6.0076, -5.2673000000000005, -4.559, -4.2768, -4.448300000000001, -5.4288, -4.7734000000000005, -6.1528, -5.9442, -5.890200000000001, -4.870100000000001, -5.932799999999999, -5.9456, -6.1822, -5.6947, -6.040800000000001, -5.8503, -6.054600000000001, -5.9832, -5.7774, -5.5577, -5.9841999999999995, -5.7919, -5.3609, -5.6985, -6.1013, -5.7383, -5.8012999999999995, -5.1674999999999995, -4.8883, -5.0956, -6.1194999999999995, -6.124099999999999, -5.8342, -5.4018, -5.1605, -4.9995, -5.6621, -5.9574, -5.6341, -5.91, -6.032900000000001, -5.5664, -5.885, -5.6304, -6.0747, -5.9868999999999994, -5.9643999999999995, -5.9424, -6.0793, -6.0881, -5.864800000000001, -5.6484000000000005, -5.9167000000000005, -5.6777, -5.4976, -5.904599999999999, -5.7346, -4.9239, -5.6512, -5.4888, -5.2335, -5.0988999999999995, -5.9312, -5.3708, -5.7061, -5.4354, -5.7844, -5.1219, -5.5881, -5.8881, -5.4403, -4.9478, -4.613199999999999, -5.477500000000001, -5.8542000000000005, -5.9754, -5.0477, -5.683199999999999, -5.6786, -5.7084, -5.6077, -5.2682, -5.6107, -5.7565, -5.2877, -5.1122, -5.7751, -5.9793, -5.6364, -5.8704, -6.0004, -6.051399999999999, -5.0657, -5.4131, -6.0207999999999995, -6.0649999999999995, -5.695, -6.0692, -5.5161999999999995, -5.3736999999999995, -5.732600000000001, -5.4294, -6.0753, -5.9557, -4.9086, -5.289999999999999, -3.8607000000000005, -5.0314, -6.232200000000001, -5.7324, -5.7303999999999995, -5.4016, -5.4029, -5.4859, -5.699, -5.4517, -5.552300000000001, -5.4565, -5.8663, -5.0595, -5.675000000000001, -5.5326, -5.9947, -5.8020000000000005, -4.3206, -4.9722, -5.850899999999999, -5.8202, -5.4505, -5.8438, -5.787000000000001, -5.9713, -6.0584, -6.074, -5.7446, -5.6269, -5.9104, -5.5705, -6.067, -5.835, -6.058, -6.0966000000000005, -6.177499999999999, -5.6791, -5.9592, -5.4791, -5.042400000000001, -5.961, -5.5899, -4.7008, -5.5019, -5.6245]1359.8289053440094





Learning rate: 0.2
number 1[6.015, 5.4985, 3.7935999999999996, 3.2939000000000003, -0.7900999999999999, -2.0462000000000002, -2.9288000000000003, -3.5883000000000003, -3.7561999999999998, -2.3791, -2.1925999999999997, -2.6935000000000002, -3.7894, -4.419600000000001, -4.0724, -2.7887, -4.068, -3.4244000000000003, -4.0565999999999995, -4.318099999999999, -4.2307, -1.7641, -3.8508, -3.8954, -3.2122, -3.8598, -4.089600000000001, -3.8137, -4.2195, 0.5924, -4.1899999999999995, -4.8992, -6.033799999999999, -6.052, -6.2029, -5.7184, -5.684, -5.0225, -4.9696, -4.1141000000000005, -4.7958, -5.8386, -5.0916, -5.8696, -5.3362, -5.4508, -5.2897, -4.309699999999999, -4.936, -4.6076, -5.0273, -5.408900000000001, -5.4025, -5.397499999999999, -4.886299999999999, -2.918, -4.038600000000001, -2.3737, -3.9996, -4.7778, -3.4683, -5.2177999999999995, -5.0572, -4.5813, -2.4081, -3.1003, -4.5137, -5.0012, -4.868, -3.8364, -2.9585, -4.4637, -5.8782, -5.0266, -4.5751, -3.9773000000000005, -5.0692, -4.5821000000000005, -2.9783, -3.5580999999999996, -4.0784, -3.9938000000000002, -4.7103, -5.3591999999999995, -5.3242, -4.7978, -5.2994, -5.7683, -5.0982, -3.0704000000000002, -5.6431000000000004, -4.6362000000000005, -5.6038, -5.8482, -4.856999999999999, -5.4655000000000005, -5.347600000000001, -5.099, -2.4472, -3.3095, -3.6979000000000006, -4.441800000000001, -3.0652, -2.9854000000000003, -5.6722, -5.3383, -5.011, -4.9062, -4.4532, -4.3407, -5.496300000000001, -5.0225, -2.438, -4.4178999999999995, -5.2458, -2.8977000000000004, -2.9855, -5.0237, -5.3378000000000005, -4.7446, -5.5738, -5.5407, -5.359100000000001, -4.7806, -5.0958000000000006, -4.791, -5.0973999999999995, -4.895700000000001, -5.755, -5.2873, -4.8306, -4.3975, -4.045299999999999, -5.1194999999999995, -5.1535, -5.0306999999999995, -5.909599999999999, -5.288, -5.418, -5.404100000000001, -5.7406, -5.7904, -5.9167, -5.798500000000001, -5.1844, -5.6978, -5.3873999999999995, -6.193900000000001, -4.949199999999999, -5.810300000000001, -5.7185, -4.9189, -3.9848999999999997, -4.2415, -4.4195, -4.5789, -5.3681, -3.7198, -4.398499999999999, -3.2344, -5.2326, -3.6432, -4.7263, -5.0303, -5.935700000000001, -5.3499, -5.8386, -5.5431, -5.4915, -3.6988, -3.6273, -3.3566000000000003, -4.3312, -4.871700000000001, -5.2912, -4.7135, -5.6815, -5.3138, -5.808399999999999, -5.0336, -4.9384999999999994, -5.0613, -5.8883, -4.3502, -4.3955, -3.5102, -5.0035, -4.409599999999999, -3.1719, -4.4338, -5.7567, -5.1142, -3.3449999999999998, -5.032, -5.0785, -4.5545, -1.4073, -4.0263, -4.5589, -4.5353]1393.3866176605225





Learning rate: 0.25
number 1[6.034800000000001, 5.1654, 2.8338, -0.9470000000000001, -0.8609, 0.1785, -2.9844, -3.6783, -2.2241, -4.2378, -2.5802, -2.1717, -3.3682999999999996, -4.1044, -4.4853000000000005, 0.3567000000000001, -3.0198, -3.641, -4.1117, -2.8425000000000002, -3.1998, -2.4022, -2.6359000000000004, -2.0663, -2.2822999999999998, -3.5168, -4.1739999999999995, -5.5449, -5.2029, -0.9392999999999998, -3.3282000000000003, -3.7707, -4.9575000000000005, -4.6934, -4.4336, -4.6788, -3.3011, -1.6654, -3.6471999999999998, -5.4169, -4.7148, -4.273899999999999, -2.2439000000000004, -3.8419000000000003, -2.9658, -1.1144, -2.1728, -2.7457000000000003, -1.6661000000000001, -0.5671999999999999, -0.9931999999999996, -0.2714, -3.3534999999999995, -3.9941000000000004, -3.3497, -2.4302, -4.0914, -4.111000000000001, -4.4902999999999995, -4.1952, -2.2725, -2.9055, -3.8716, -3.2824, -1.1901000000000002, -4.9518, -4.9985, -5.0792, -3.4786, -2.1608, -0.34659999999999996, 1.2537, -2.8796, -4.6928, -4.4619, -2.6377, 1.8911, -2.5079000000000002, -0.29429999999999995, -2.902, -2.8743, -2.572, -2.4652000000000003, -2.8638999999999997, -5.1515, -2.4332, -4.8594, -3.5579, -0.2041, -2.3386, -5.1347, -3.5395000000000003, -3.4264, -4.5022, -2.4497999999999998, -2.4445, -3.3238000000000003, -3.6587000000000005, -3.902, -2.8487000000000005, -4.6163, -4.8017, -1.3553, -2.7145, -2.4547, -4.1802, -4.0701, -3.6896, 1.4486, -1.5950000000000002, -0.4919, -1.7459, -2.6107, -2.6508, -2.5128000000000004, -3.1688, -4.3777, -4.3924, -5.4892, -4.6495999999999995, -5.7387999999999995, -5.8227, -5.0038, -2.6772, -4.0675, -3.1330999999999998, -5.3502, -4.5776, -5.684200000000001, -5.444, -5.831100000000001, -6.1172, -5.1530000000000005, -4.4996, -4.3685, -4.9626, -4.856199999999999, -5.043, -3.9503000000000004, -2.7207, -4.9895, -3.4623, -0.395, -3.8451999999999997, -5.1448, -4.8067, -3.511, -3.6965000000000003, 0.07799999999999996, -1.3054999999999999, -3.4682, -4.7781, -5.574199999999999, -5.6722, -3.5482, -4.9684, -2.2216, -5.8498, -4.5543000000000005, -5.4635, -4.284800000000001, -3.1193, -2.3993, -2.8967, -3.8822, -5.9866, -5.702999999999999, -4.7012, -4.6613999999999995, -3.5797999999999996, -3.9092000000000002, -4.823, -6.1117, -5.8203000000000005, -4.9244, -4.5566, -3.9223, -4.6856, -3.7340999999999998, -4.199400000000001, -2.1132, -0.32189999999999996, -1.5281999999999998, -1.5448, -1.7529000000000003, -2.6552000000000002, -3.2298, -1.5126999999999997, -2.4185, -4.6918999999999995, -5.3013, -3.7476000000000003, -3.8056, -3.7627999999999995, -3.0561, -1.209, -1.0502, 1.8194000000000001, -2.7003, -3.3488]1413.9539334774017





Learning rate: 0.3
number 1[6.013, 2.6991, -3.0469, -4.635800000000001, -5.8253, -5.1948, -3.3714, -0.5359, -1.2991000000000001, -3.7058, -3.5288, -2.8941000000000003, -2.4909, -1.1435000000000002, -1.7523, -0.20419999999999972, -2.6641, -2.5339, -3.0724, -4.8981, -4.0025, 2.8513, -1.4014999999999997, -3.9263, 2.4595000000000002, -0.2123, 0.08469999999999994, -0.7276, -2.4421999999999997, -0.5319, -3.6689999999999996, -3.6941, -2.5888999999999998, -2.0257, -2.474, 2.0129, -2.1386999999999996, -0.05019999999999991, -1.2610999999999999, -0.32820000000000005, -1.7784, -2.1512, -3.8667, -2.1589, -2.1601999999999997, -2.7089, -1.298, -2.0996, -2.8847, -4.595199999999999, 0.4177, -0.0006000000000000241, -3.535, -3.2236000000000002, -2.6133, -2.7844, -2.7725999999999997, -5.0451999999999995, -4.3244, -2.3641, -0.8825000000000001, -1.0002999999999997, -0.8799000000000001, -3.7772000000000006, -4.434, -5.1961, -3.1641, 4.4661, 1.6528, -1.1679999999999997, -0.5849, -2.5010000000000003, -0.6639, -0.36709999999999976, -4.1204, -1.8727, -1.4388999999999998, -1.4761, 1.6879, -0.8696999999999999, -1.2228, -1.7807, -1.7574, -1.8047999999999997, -1.6282999999999999, -0.4293, -2.1131, -4.1507, -5.066, -3.2161, -4.1392, -4.2778, -4.8983, -5.874499999999999, -4.6399, -3.4259999999999993, -1.9452, -0.6966000000000001, -2.4387, -1.9915999999999998, -2.4671000000000003, -6.0413, -2.5867, -0.666, -1.8883, -2.2443, -0.9865, -3.3609999999999998, -2.6746, -2.6083, -2.484, -1.1876, -3.4563999999999995, 0.5568000000000001, -5.7682, -2.7754, -1.8398, -0.6164000000000001, -2.9488, -5.8028, -3.8678999999999997, -3.6667000000000005, -1.8856, -0.23979999999999996, -1.3132999999999995, -1.8191000000000002, -2.4421, -0.07649999999999993, -4.3284, -1.5328, -2.4904, -1.1455, -0.4371999999999998, -0.4843999999999999, -4.1406, -3.2076000000000002, -3.2827, -1.8941, -3.9421, -2.3392999999999997, -1.8782999999999999, -3.6196, -4.0704, -4.311400000000001, -4.801, -0.7363999999999999, -1.2862999999999998, -3.4197, -1.7107, -0.23309999999999986, -3.4591000000000003, -3.2731999999999997, -5.2646999999999995, -4.8853, -5.5819, -4.7351, -3.7899000000000003, -3.4786, -4.7878, -2.0557, 5.1946, -0.9533000000000003, -4.2067, -1.9897999999999998, -4.163, -4.3313999999999995, -3.6071, -3.7691, -5.3325, -4.811999999999999, -3.8463000000000003, -2.4149000000000003, -3.2906, -2.9379999999999997, -1.5553000000000001, 2.0232, -1.8399999999999999, -4.6817, -2.4058, -2.9221999999999997, -2.5766, -4.9588, -4.1307, -3.0789, -0.9280999999999999, -3.8686, -4.4861, -2.1224, -2.6025, -2.0929, -1.2834999999999999, -3.5070000000000006, 0.3386000000000002, -3.5142, -2.2541, -1.0591, -3.0211, 0.0932, -1.5232999999999999, -3.5369]1433.418658733368





