Learning rate: 0.01
number 1[6.0073, 5.9382, 5.77, 5.580299999999999, 5.3397, 4.9076, 4.4673, 3.8056, 3.0060000000000002, 2.0422000000000002, 1.0976, 0.139, -0.6929999999999998, -1.3255000000000001, -1.8627, -2.2417, -2.4751, -2.6694, -2.7695999999999996, -2.8388, -2.9564, -2.9939, -3.0315, -3.0545, -3.0027999999999997, -3.1113, -3.1079, -3.1272, -3.1391, -3.1633000000000004, -3.1588000000000003, -3.2015999999999996, -3.2691, -3.281, -3.2476000000000003, -3.3234000000000004, -3.3526, -3.3962, -3.5099, -3.51, -3.5858999999999996, -3.6134000000000004, -3.7161, -3.7599, -3.9050000000000002, -4.0522, -4.1416, -4.2317, -4.3652, -4.489800000000001, -4.6222, -4.7542, -4.900399999999999, -5.0029, -5.2027, -5.3734, -5.5011, -5.6088000000000005, -5.717, -5.8277, -5.8853, -5.9514000000000005, -6.0015, -6.0502, -6.1110999999999995, -6.0918, -6.132899999999999, -6.138, -6.166499999999999, -6.1873000000000005, -6.2176, -6.2105999999999995, -6.2018, -6.213900000000001, -6.2131, -6.2218, -6.2057, -6.211500000000001, -6.2287, -6.234, -6.2436, -6.2214, -6.2384, -6.2311, -6.2578000000000005, -6.2316, -6.2633, -6.2501999999999995, -6.2544, -6.2345999999999995, -6.269, -6.2585, -6.2544, -6.2278, -6.2736, -6.2538, -6.2524, -6.2494, -6.2671, -6.2305, -6.2567, -6.257, -6.249899999999999, -6.2663, -6.2378, -6.2805, -6.2887, -6.2646, -6.2621, -6.294600000000001, -6.2594, -6.2969, -6.262300000000001, -6.257499999999999, -6.2791999999999994, -6.286199999999999, -6.2902000000000005, -6.2496, -6.2512, -6.2626, -6.2461, -6.2769, -6.2928999999999995, -6.2618, -6.2742, -6.291, -6.2887, -6.2907, -6.2735, -6.2768, -6.2746, -6.3163, -6.2854, -6.287800000000001, -6.275400000000001, -6.292, -6.2958, -6.2766, -6.292199999999999, -6.2758, -6.3036, -6.2753, -6.2874, -6.3054, -6.283, -6.2778, -6.3065, -6.2852, -6.319499999999999, -6.2959, -6.286800000000001, -6.281499999999999, -6.280900000000001, -6.2968, -6.2889, -6.2877, -6.3153999999999995, -6.2696, -6.3082, -6.258900000000001, -6.3180000000000005, -6.299900000000001, -6.293, -6.289, -6.2742, -6.2748, -6.2844, -6.2802999999999995, -6.2804, -6.2941, -6.2823, -6.280999999999999, -6.296899999999999, -6.2883, -6.282299999999999, -6.2975, -6.2975, -6.2855, -6.2879, -6.312500000000001, -6.2703, -6.2981, -6.291600000000001, -6.2729, -6.3048, -6.2912, -6.290799999999999, -6.2887, -6.261799999999999, -6.3162, -6.2929, -6.3155, -6.2921, -6.2945, -6.2834, -6.2909999999999995, -6.3026, -6.2965, -6.2948, -6.312799999999999]2091.133849143982





Learning rate: 0.02
number 1[6.017799999999999, 5.8122, 5.447900000000001, 4.683400000000001, 3.4825, 1.7644000000000002, -0.12829999999999986, -1.5351000000000001, -2.3238, -2.7519, -2.8882999999999996, -2.9295, -2.9711, -2.9853, -3.0093, -3.0080000000000005, -3.0128000000000004, -3.0417, -3.0268, -2.9757999999999996, -3.031, -3.0331, -2.9920999999999998, -3.0292, -3.0475999999999996, -3.0221, -3.0369, -3.0656, -3.1063, -3.1159, -3.1297, -3.1746, -3.2116, -3.2779999999999996, -3.3430000000000004, -3.4321, -3.4714, -3.6412, -3.8126, -3.9921, -4.1779, -4.4026, -4.6537, -4.9795, -5.269, -5.5184999999999995, -5.712199999999999, -5.889100000000001, -5.9502, -6.002700000000001, -6.0556, -6.097899999999999, -6.1231, -6.1451, -6.1326, -6.1907, -6.1912, -6.211, -6.178800000000001, -6.1993, -6.217700000000001, -6.225, -6.2151, -6.245900000000001, -6.2295, -6.2267, -6.2451, -6.219, -6.2517, -6.242699999999999, -6.2327, -6.2293, -6.2354, -6.273, -6.2573, -6.263399999999999, -6.2715, -6.260300000000001, -6.2817, -6.2569, -6.2596, -6.2709, -6.2708, -6.2623999999999995, -6.287, -6.2579, -6.2538, -6.2727, -6.2421, -6.2719, -6.3061, -6.268800000000001, -6.2669, -6.262, -6.2818000000000005, -6.2667, -6.264099999999999, -6.3031, -6.2624, -6.2766, -6.2765, -6.2943, -6.288200000000001, -6.2802999999999995, -6.2555, -6.287800000000001, -6.268599999999999, -6.2943999999999996, -6.3209, -6.2745999999999995, -6.2775, -6.295999999999999, -6.282900000000001, -6.286300000000001, -6.2957, -6.2842, -6.2728, -6.266800000000001, -6.2941, -6.2832, -6.2965, -6.3027, -6.277, -6.2961, -6.3102, -6.2659, -6.2948, -6.287799999999999, -6.2723, -6.2831, -6.2773, -6.3019, -6.2903, -6.300000000000001, -6.2743, -6.2881, -6.2902000000000005, -6.292800000000001, -6.2940000000000005, -6.3044, -6.2823, -6.2687, -6.2939, -6.311299999999999, -6.286899999999999, -6.2954, -6.2824, -6.3104, -6.3041, -6.3045, -6.308199999999999, -6.3035, -6.3038, -6.309699999999999, -6.2659, -6.2973, -6.303400000000001, -6.2748, -6.2884, -6.2977, -6.2965, -6.3096, -6.298, -6.2816, -6.2875, -6.2836, -6.294, -6.2825, -6.3031999999999995, -6.278599999999999, -6.285699999999999, -6.2791, -6.3071, -6.3032, -6.2978000000000005, -6.3109, -6.3099, -6.3017, -6.3149999999999995, -6.2861, -6.2890999999999995, -6.3194, -6.295999999999999, -6.2939, -6.2891, -6.3056, -6.293, -6.2881, -6.2669, -6.3105, -6.2816, -6.3007, -6.303, -6.320400000000001, -6.2795000000000005, -6.2886, -6.279299999999999, -6.3042, -6.2919, -6.2821]2136.4649596214294





Learning rate: 0.03
number 1[6.0559, 5.6907, 4.8683, 3.2314999999999996, 0.5161000000000001, -1.7421000000000004, -2.6163999999999996, -2.9173000000000004, -2.9658, -3.0229000000000004, -3.0709, -3.1634, -3.2348, -3.3525, -3.5454, -3.8927, -4.2691, -4.6593, -5.0626, -5.4218, -5.7269000000000005, -5.9575000000000005, -6.1099000000000006, -6.2038, -6.2628, -6.255, -6.2886, -6.2865, -6.2862, -6.2879000000000005, -6.3051, -6.2971, -6.2644, -6.2634, -6.2757000000000005, -6.2948, -6.290900000000001, -6.301499999999999, -6.2957, -6.2962, -6.3005, -6.3086, -6.2706, -6.3069, -6.305899999999999, -6.2998, -6.2943999999999996, -6.3045, -6.2909, -6.2629, -6.31, -6.3273, -6.3128, -6.2935, -6.300000000000001, -6.2905, -6.2742, -6.3188, -6.293200000000001, -6.3031, -6.2903, -6.2972, -6.3017, -6.3061, -6.2944, -6.2849, -6.282800000000001, -6.295599999999999, -6.298500000000001, -6.3192, -6.306800000000001, -6.3069, -6.2841000000000005, -6.297499999999999, -6.2887, -6.3014, -6.2928, -6.286300000000001, -6.289899999999999, -6.313000000000001, -6.2928, -6.3084, -6.303299999999999, -6.300599999999999, -6.2819, -6.2974, -6.298500000000001, -6.2901, -6.3012, -6.2936000000000005, -6.2822, -6.2988, -6.269299999999999, -6.274900000000001, -6.2672, -6.3038, -6.2917, -6.2849, -6.2828, -6.2675, -6.275499999999999, -6.3134999999999994, -6.2985999999999995, -6.292, -6.3118, -6.2788, -6.298, -6.2939, -6.2901, -6.290900000000001, -6.303, -6.2816, -6.3073999999999995, -6.3043, -6.3043, -6.288600000000001, -6.2871999999999995, -6.3104, -6.2922, -6.3166, -6.2949, -6.2977, -6.294300000000001, -6.305, -6.2848, -6.304900000000001, -6.2935, -6.2762, -6.3117, -6.2727, -6.2745, -6.2887, -6.2713, -6.2925, -6.3314, -6.2788, -6.3107, -6.3105, -6.312, -6.273199999999999, -6.2882, -6.301, -6.275600000000001, -6.2949, -6.2972, -6.287599999999999, -6.2984, -6.3096, -6.3194, -6.2995, -6.2812, -6.298400000000001, -6.2964, -6.2925, -6.2895, -6.2882, -6.2901, -6.298, -6.2895, -6.306799999999999, -6.2769, -6.3067, -6.297700000000001, -6.267099999999999, -6.2865, -6.2996, -6.312600000000001, -6.2742, -6.294700000000001, -6.290800000000001, -6.2974000000000006, -6.3012, -6.311, -6.2983, -6.2768, -6.293900000000001, -6.2968, -6.287100000000001, -6.2667, -6.312200000000001, -6.2657, -6.3067, -6.2909, -6.279100000000001, -6.2885, -6.3111999999999995, -6.2786, -6.301, -6.302, -6.2858, -6.2827, -6.319500000000001, -6.2897, -6.2942, -6.2787999999999995, -6.2935, -6.2751, -6.267, -6.3155, -6.3164]2163.406708717346





Learning rate: 0.04
number 1[6.0182, 5.5435, 4.2427, 1.1412, -1.9096000000000002, -2.8788, -2.994, -3.0694, -3.2360000000000007, -3.4943999999999997, -3.8954, -4.400799999999999, -4.9094, -5.4368, -5.8216, -6.069999999999999, -6.2239, -6.2676, -6.277200000000001, -6.3073999999999995, -6.2745999999999995, -6.3126999999999995, -6.2783, -6.2961, -6.294, -6.3001, -6.301699999999999, -6.293699999999999, -6.293799999999999, -6.2991, -6.285100000000001, -6.2936, -6.2728, -6.2865, -6.2838, -6.2774, -6.3075, -6.2835, -6.2890999999999995, -6.3035, -6.2783, -6.2974, -6.2995, -6.2890999999999995, -6.2924, -6.2735, -6.285699999999999, -6.285, -6.3067, -6.282500000000001, -6.2982, -6.281699999999999, -6.3008999999999995, -6.2723, -6.292000000000001, -6.2906, -6.2871, -6.2897, -6.2717, -6.2747, -6.2814, -6.2754, -6.2992, -6.276200000000001, -6.2732, -6.3107, -6.278, -6.2879, -6.260199999999999, -6.2617, -6.303599999999999, -6.3032, -6.3258, -6.321400000000001, -6.2952, -6.2898, -6.3081, -6.2842, -6.2942, -6.2831, -6.2924, -6.3019, -6.2874, -6.273899999999999, -6.2878, -6.3119, -6.2905999999999995, -6.3074, -6.266900000000001, -6.2905999999999995, -6.29, -6.2851, -6.2637, -6.2858, -6.308, -6.2989, -6.2868, -6.2954, -6.296900000000001, -6.2948, -6.2898, -6.2779, -6.2853, -6.2754, -6.301399999999999, -6.2788, -6.293900000000001, -6.320500000000001, -6.3034, -6.2844999999999995, -6.2842, -6.2663, -6.305300000000001, -6.2851, -6.2637, -6.2787999999999995, -6.280900000000001, -6.2894, -6.2676, -6.3017, -6.3141, -6.2981, -6.3056, -6.3019, -6.2890999999999995, -6.2883000000000004, -6.3065, -6.2783, -6.2768, -6.2833000000000006, -6.3096, -6.2892, -6.3166, -6.2946, -6.296100000000001, -6.2786, -6.2908, -6.2806, -6.3062, -6.2874, -6.2791, -6.2705, -6.2753, -6.2828, -6.302, -6.3064, -6.2993, -6.2948, -6.2911, -6.270300000000001, -6.2754, -6.2867999999999995, -6.2806999999999995, -6.2774, -6.2956, -6.2856, -6.2929, -6.291500000000001, -6.292, -6.2937, -6.2995, -6.2871, -6.2902, -6.298, -6.2674, -6.3024000000000004, -6.2909999999999995, -6.306900000000001, -6.284, -6.275399999999999, -6.2812, -6.2892, -6.3039, -6.2935, -6.2942, -6.2954, -6.2878, -6.2801, -6.2801, -6.292000000000001, -6.3245000000000005, -6.313700000000001, -6.2903, -6.3077, -6.279, -6.2812, -6.3262, -6.2993999999999994, -6.2765, -6.2747, -6.2973, -6.302700000000001, -6.2806, -6.2971, -6.324, -6.3018, -6.3122, -6.2859, -6.2863, -6.2676]2198.4750559329987





Learning rate: 0.05
number 1[5.9952000000000005, 5.3906, 3.4101, -0.7372999999999996, -2.7979000000000003, -3.1147, -3.3428, -3.6959, -4.3014, -5.0342, -5.641400000000001, -6.048500000000001, -6.2172, -6.269299999999999, -6.2636, -6.3051, -6.3001, -6.3202, -6.3208, -6.292, -6.2862, -6.288, -6.266399999999999, -6.2828, -6.2860000000000005, -6.282500000000001, -6.2826, -6.3139, -6.2934, -6.3123000000000005, -6.2811, -6.2721, -6.284800000000001, -6.2892, -6.2978000000000005, -6.3155, -6.2922, -6.3196, -6.3210999999999995, -6.2860000000000005, -6.2877, -6.2905999999999995, -6.2835, -6.2963, -6.2976, -6.294600000000001, -6.2967, -6.3052, -6.2673, -6.2961, -6.2741, -6.2817, -6.2917000000000005, -6.2985, -6.2933, -6.3068, -6.2839, -6.2856, -6.286200000000001, -6.2805, -6.3138000000000005, -6.301100000000001, -6.2856000000000005, -6.2814, -6.2752, -6.3094, -6.2804, -6.2755, -6.3008999999999995, -6.3068, -6.2951999999999995, -6.2862, -6.2979, -6.2992, -6.2933, -6.3218, -6.292, -6.2887, -6.2919, -6.2718, -6.284400000000001, -6.2927, -6.290000000000001, -6.311299999999999, -6.3065, -6.2916, -6.2919, -6.3133, -6.2966999999999995, -6.2731, -6.321, -6.2745, -6.2801, -6.2890999999999995, -6.2823, -6.2902, -6.3013, -6.29, -6.2757000000000005, -6.2698, -6.2942, -6.2973, -6.2871, -6.299599999999999, -6.309000000000001, -6.2989, -6.3008999999999995, -6.2988, -6.2907, -6.2791, -6.2858, -6.2915, -6.2749, -6.306099999999999, -6.2863999999999995, -6.302899999999999, -6.2981, -6.2797, -6.2977, -6.2861, -6.3002, -6.2648, -6.293, -6.3041, -6.3139, -6.307, -6.3034, -6.2688, -6.2939, -6.2815, -6.284599999999999, -6.3018, -6.2751, -6.3112, -6.3039000000000005, -6.2873, -6.2887, -6.3101, -6.3105, -6.272500000000001, -6.284, -6.3027999999999995, -6.2994, -6.313400000000001, -6.300599999999999, -6.2943, -6.2924, -6.3039, -6.2902000000000005, -6.311100000000001, -6.281599999999999, -6.3018, -6.3103, -6.2859, -6.2903, -6.2843, -6.2922, -6.2905999999999995, -6.281200000000001, -6.3084, -6.302899999999999, -6.3001000000000005, -6.2877, -6.286700000000001, -6.3094, -6.2975, -6.283799999999999, -6.3039, -6.2658000000000005, -6.306799999999999, -6.3065, -6.2968, -6.3027999999999995, -6.3132, -6.2935, -6.308199999999999, -6.2698, -6.2862, -6.2717, -6.2611, -6.2926, -6.2807, -6.2742, -6.285599999999999, -6.290900000000001, -6.2789, -6.2846, -6.2786, -6.2695, -6.299099999999999, -6.2678, -6.2995, -6.2784, -6.279, -6.3041, -6.2745999999999995, -6.2886999999999995, -6.3047, -6.302899999999999, -6.296200000000001]2238.3505730628967





Learning rate: 0.06
number 1[6.0442, 5.2704, 2.3391, -1.9636, -2.9708, -3.1836, -3.5061, -4.172000000000001, -4.9752, -5.723699999999999, -6.1314, -6.2607, -6.2726999999999995, -6.2782, -6.304399999999999, -6.3004, -6.2948, -6.264, -6.2758, -6.2753, -6.2861, -6.2705, -6.2882, -6.3, -6.2665999999999995, -6.2944, -6.258500000000001, -6.3127, -6.2889, -6.3078, -6.3247, -6.2995, -6.293800000000001, -6.2948, -6.2692, -6.2897, -6.308199999999999, -6.2896, -6.2700000000000005, -6.2812, -6.2864, -6.2965, -6.2925, -6.2669999999999995, -6.2817, -6.2833000000000006, -6.2895, -6.2977, -6.2951999999999995, -6.2912, -6.2802999999999995, -6.2899, -6.251200000000001, -6.285, -6.290500000000001, -6.3107, -6.2949, -6.263, -6.3027, -6.306100000000001, -6.3048, -6.2730999999999995, -6.2772, -6.2884, -6.2844, -6.293699999999999, -6.2904, -6.2983, -6.2978, -6.2902000000000005, -6.285200000000001, -6.2786, -6.2793, -6.3004, -6.278499999999999, -6.2929, -6.3021, -6.2943999999999996, -6.3019, -6.2844, -6.2822, -6.3068, -6.3039000000000005, -6.289199999999999, -6.2794, -6.2854, -6.3064, -6.2719000000000005, -6.289199999999999, -6.291200000000001, -6.301, -6.2943999999999996, -6.2888, -6.3048, -6.3055, -6.2951999999999995, -6.292999999999999, -6.2988, -6.306900000000001, -6.2757000000000005, -6.27, -6.2575, -6.2954, -6.295999999999999, -6.2851, -6.287800000000001, -6.2547999999999995, -6.3006, -6.2661999999999995, -6.2854, -6.2883000000000004, -6.2814000000000005, -6.283799999999999, -6.28, -6.3065, -6.2988, -6.2846, -6.3172, -6.2818, -6.2935, -6.3036, -6.278, -6.287400000000001, -6.287400000000001, -6.3027999999999995, -6.302300000000001, -6.3149, -6.3111, -6.2844, -6.3022, -6.2869, -6.283200000000001, -6.2927, -6.3113, -6.3147, -6.321300000000001, -6.3224, -6.2966999999999995, -6.3107, -6.3088999999999995, -6.282500000000001, -6.2894000000000005, -6.304, -6.295400000000001, -6.2896, -6.285299999999999, -6.2904, -6.3088999999999995, -6.3197, -6.3009, -6.2989, -6.2904, -6.3004, -6.3056, -6.2942, -6.2922, -6.283099999999999, -6.292, -6.2774, -6.294700000000001, -6.289300000000001, -6.2813, -6.2988, -6.2709, -6.2846, -6.279, -6.303100000000001, -6.2975, -6.3156, -6.2839, -6.2808, -6.293500000000001, -6.2867999999999995, -6.2796, -6.2984, -6.3153, -6.3027, -6.303599999999999, -6.2721, -6.2686, -6.2842, -6.2803, -6.2805, -6.2654, -6.2962, -6.2986, -6.2829, -6.3009, -6.301200000000001, -6.2721, -6.313599999999999, -6.29, -6.299200000000001, -6.3139, -6.275399999999999, -6.2987, -6.285399999999999, -6.2911, -6.2831, -6.2956]2250.5390655994415

Learning rate: 0.07
number 1[6.0168, 5.0457, 1.3103, -1.9470000000000003, -2.7996, -3.4984999999999995, -4.2634, -5.1437, -5.8992, -6.2466, -6.2972, -6.271399999999999, -6.2904, -6.3027, -6.285300000000001, -6.2956, -6.288200000000001, -6.294700000000001, -6.291, -6.2766, -6.2752, -6.3012, -6.274799999999999, -6.289899999999999, -6.3024, -6.2661, -6.2673, -6.295, -6.2839, -6.286200000000001, -6.3016000000000005, -6.3032, -6.3031999999999995, -6.302899999999999, -6.2799, -6.2712, -6.2977, -6.3107, -6.2969, -6.2803, -6.282, -6.324, -6.2816, -6.2769, -6.305, -6.3012999999999995, -6.294499999999999, -6.2867999999999995, -6.2973, -6.3077, -6.2934, -6.256799999999999, -6.3023, -6.2905, -6.2926, -6.299300000000001, -6.286199999999999, -6.2949, -6.3058, -6.2902000000000005, -6.269699999999999, -6.3049, -6.300199999999999, -6.2636, -6.2869, -6.308700000000001, -6.3187, -6.305400000000001, -6.304599999999999, -6.2706, -6.3069999999999995, -6.2836, -6.3119, -6.274, -6.2981, -6.2745999999999995, -6.284199999999999, -6.3052, -6.2949, -6.2976, -6.2892, -6.27, -6.3087, -6.280399999999999, -6.309000000000001, -6.2759, -6.2895, -6.2812, -6.2668, -6.2996, -6.2844999999999995, -6.283900000000001, -6.310300000000001, -6.305, -6.3024000000000004, -6.2613, -6.3106, -6.2735, -6.2927, -6.2623999999999995, -6.2894, -6.293100000000001, -6.3057, -6.3006, -6.2866, -6.2933, -6.3062, -6.2953, -6.2898, -6.2775, -6.2978000000000005, -6.2862, -6.2687, -6.2812, -6.2767, -6.293, -6.297499999999999, -6.2821, -6.3251, -6.2823, -6.297499999999999, -6.2828, -6.269, -6.295999999999999, -6.3079, -6.2733, -6.2945, -6.2955, -6.2843, -6.2854, -6.2781, -6.3121, -6.2961, -6.288600000000001, -6.2988, -6.292, -6.2847, -6.292400000000001, -6.2866, -6.2965, -6.2981, -6.2780000000000005, -6.3107, -6.299299999999999, -6.2897, -6.2783, -6.3019, -6.304399999999999, -6.2794, -6.2959, -6.2934, -6.2831, -6.2808, -6.2891, -6.2875000000000005, -6.3116, -6.2843, -6.2974, -6.2675, -6.3076, -6.29, -6.3112, -6.264200000000001, -6.291, -6.296099999999999, -6.2884, -6.2766, -6.2879, -6.288199999999999, -6.2911, -6.2805, -6.2867, -6.2815, -6.2978, -6.3024000000000004, -6.306100000000001, -6.313000000000001, -6.2716, -6.2945, -6.307799999999999, -6.2552, -6.278600000000001, -6.295399999999999, -6.295599999999999, -6.2906, -6.3037, -6.2947, -6.2712, -6.2698, -6.278, -6.2783, -6.2902, -6.3124, -6.295999999999999, -6.2700000000000005, -6.275, -6.2935, -6.2951, -6.2989999999999995, -6.2919]1979.079205751419





Learning rate: 0.08
number 1[6.0344, 4.8404, 0.16010000000000013, -2.1186, -2.9275, -4.055199999999999, -5.101, -6.0053, -6.25, -6.249300000000001, -6.2681, -6.302499999999999, -6.2894000000000005, -6.2972, -6.3018, -6.3001000000000005, -6.2867999999999995, -6.2983, -6.2859, -6.3036, -6.2698, -6.3007, -6.2814000000000005, -6.2826, -6.2687, -6.2734, -6.2984, -6.293, -6.2982, -6.2706, -6.2778, -6.3016000000000005, -6.2808, -6.2875000000000005, -6.2843, -6.257300000000001, -6.275600000000001, -6.2873, -6.3092, -6.2774, -6.2911, -6.2883, -6.2783999999999995, -6.2962, -6.294300000000001, -6.2808, -6.2718, -6.299, -6.299300000000001, -6.2715, -6.2815, -6.248899999999999, -6.306, -6.299, -6.3107999999999995, -6.2839, -6.2705, -6.3012, -6.2726, -6.2776, -6.295999999999999, -6.302, -6.2923, -6.278899999999999, -6.3112, -6.2856, -6.2915, -6.2839, -6.262499999999999, -6.2722, -6.2959, -6.2926, -6.2832, -6.3198, -6.2946, -6.298200000000001, -6.2747, -6.2811, -6.2964, -6.2682, -6.289999999999999, -6.2964, -6.298, -6.3072, -6.2766, -6.300800000000001, -6.2782, -6.277200000000001, -6.2877, -6.2972, -6.2887, -6.2860000000000005, -6.2867, -6.3003, -6.3012, -6.2792, -6.284, -6.3143, -6.274, -6.284700000000001, -6.301100000000001, -6.2924, -6.279400000000001, -6.296799999999999, -6.2911, -6.3062, -6.2650999999999994, -6.2934, -6.3180000000000005, -6.2889, -6.3155, -6.2852, -6.3003, -6.2836, -6.2759, -6.291, -6.2970999999999995, -6.2951999999999995, -6.2838, -6.2985999999999995, -6.2778, -6.2888, -6.2854, -6.303100000000001, -6.282900000000001, -6.3015, -6.2722999999999995, -6.2927, -6.291399999999999, -6.3039, -6.2814000000000005, -6.3081, -6.293899999999999, -6.288, -6.3115000000000006, -6.2706, -6.3026, -6.2966999999999995, -6.2777, -6.2866, -6.291, -6.2886, -6.2861, -6.2885, -6.3016, -6.2942, -6.3156, -6.276199999999999, -6.2713, -6.2827, -6.2669999999999995, -6.2587, -6.284400000000001, -6.2937, -6.290500000000001, -6.2964, -6.2697, -6.2911, -6.2656, -6.2892, -6.3001000000000005, -6.311399999999999, -6.302499999999999, -6.283199999999999, -6.2939, -6.2943999999999996, -6.3027, -6.3115000000000006, -6.3013, -6.2991, -6.2989999999999995, -6.2837, -6.282100000000001, -6.297600000000001, -6.2852, -6.2717, -6.3275, -6.267600000000001, -6.2708, -6.298, -6.2965, -6.2745, -6.2748, -6.2904, -6.2771, -6.2997, -6.3027, -6.2797, -6.2934, -6.267399999999999, -6.301399999999999, -6.3016, -6.3026, -6.2918, -6.2816, -6.295699999999999, -6.2928, -6.2923, -6.2782, -6.3158]2037.2469322681427


Learning rate: 0.09
number 1[6.040220000000001, 4.64016, -0.6284799999999997, -2.85192, -4.1907, -5.14592, -5.64698, -5.97354, -5.93338, -5.936999999999999, -5.85696, -5.80532, -5.70868, -5.63718, -5.51586, -5.45116, -5.366960000000001, -5.26044, -5.207479999999999, -5.17328, -5.151619999999999, -5.12836, -5.12476, -5.1213999999999995, -5.12418, -5.116280000000001, -5.11716, -5.1146199999999995, -5.10308, -5.10332, -5.11838, -5.11232, -5.10652, -5.09232, -5.09476, -5.08788, -5.0895, -5.0944199999999995, -5.08086, -5.09394, -5.11216, -5.12606, -5.133240000000001, -5.1416, -5.12968, -5.14604, -5.11434, -5.08076, -5.0803, -5.07864, -5.06184, -5.07184, -5.05848, -5.10394, -5.09982, -5.08416, -5.07776, -5.09364, -5.09224, -5.0635200000000005, -5.08472, -5.12666, -5.1169, -5.0948400000000005, -5.090920000000001, -5.08906, -5.12122, -5.09906, -5.080360000000001, -5.08524, -5.0736, -5.090859999999999, -5.0837, -5.09668, -5.07898, -5.09166, -5.08984, -5.10854, -5.1132, -5.1262799999999995, -5.105700000000001, -5.11776, -5.08018, -5.09446, -5.09748, -5.11586, -5.10702, -5.089700000000001, -5.08514, -5.10532, -5.0716, -5.07862, -5.10086, -5.10606, -5.0987599999999995, -5.0943, -5.12364, -5.1093399999999995, -5.10362, -5.11888, -5.10318, -5.12972, -5.12842, -5.10356, -5.085, -5.08258, -5.1234, -5.133220000000001, -5.09572, -5.0979399999999995, -5.07666, -5.096480000000001, -5.09818, -5.13602, -5.1254, -5.12622, -5.09952, -5.1162, -5.102, -5.10138, -5.09254, -5.10666, -5.106999999999999, -5.12424, -5.09726, -5.0985000000000005, -5.106059999999999, -5.11818, -5.09602, -5.12326, -5.097659999999999, -5.12808, -5.12808, -5.1212, -5.1068, -5.08418, -5.090380000000001, -5.10986, -5.0821, -5.101459999999999, -5.09012, -5.1003799999999995, -5.0876600000000005, -5.0966, -5.07846, -5.100239999999999, -5.06272, -5.1027000000000005, -5.08938, -5.09518, -5.1044, -5.09352, -5.0941399999999994, -5.12216, -5.10124, -5.11866, -5.09018, -5.11198, -5.12446, -5.12872, -5.10418, -5.0992999999999995, -5.05382, -5.08582, -5.07646, -5.093579999999999, -5.076499999999999, -5.09548, -5.09554, -5.103820000000001, -5.10052, -5.10384, -5.11122, -5.11086, -5.07696, -5.14042, -5.1075800000000005, -5.1107, -5.10742, -5.11168, -5.11476, -5.1136, -5.10306, -5.075340000000001, -5.09402, -5.09864, -5.07716, -5.1004000000000005, -5.11754, -5.127700000000001, -5.10222, -5.09748, -5.1048, -5.09954, -5.09812, -5.09668, -5.08076, -5.076919999999999, -5.09486, -5.09666]7206.224584817886





Learning rate: 0.1
number 1[6.03172, 4.4748600000000005, -1.05972, -3.08418, -4.75912, -5.39546, -5.75316, -5.61354, -5.72168, -4.85806, -5.36008, -4.4889, -5.24542, -4.31708, -5.13234, -4.10882, -5.245480000000001, -4.17474, -5.14274, -3.95132, -5.16842, -4.0491399999999995, -4.925879999999999, -3.635, -5.0198, -3.8098799999999997, -4.62664, -3.2055, -4.86468, -3.68228, -4.1154, -2.7166200000000003, -4.33756, -3.7896600000000005, -3.3561, -3.14636, -2.8514200000000005, -4.29906, -2.1415800000000003, -3.69328, 1.31452, -1.45322, 0.07386000000000004, -1.8672, -1.6520200000000003, 0.4347400000000001, -3.05006, -4.58654, -3.9017199999999996, -1.41744, -2.6460600000000003, -0.71866, -2.11306, -3.9153599999999997, -5.17916, -5.70236, -5.45596, -5.6528, -5.26216, -5.345979999999999, -4.972580000000001, -4.86742, -4.45304, -4.21406, -3.92026, -3.8222199999999997, -3.74502, -3.70554, -3.7048, -3.6902199999999996, -3.6555400000000002, -3.72024, -3.6742, -3.75374, -3.6619, -3.7557, -3.67742, -3.76398, -3.71246, -3.7664999999999997, -3.7897399999999997, -3.7640599999999997, -3.73306, -3.8086599999999997, -3.69086, -3.7180799999999996, -3.7391, -3.79494, -3.66472, -3.74974, -3.78868, -3.80136, -3.73244, -3.78498, -3.73008, -3.7929399999999998, -3.77104, -3.76078, -3.73508, -3.81204, -3.7139400000000005, -3.75602, -3.70998, -3.78444, -3.70816, -3.74946, -3.76704, -3.8522399999999997, -3.70554, -3.7388800000000004, -3.7625599999999997, -3.7673799999999997, -3.6956999999999995, -3.7491, -3.7399400000000003, -3.8029599999999997, -3.73414, -3.7499000000000002, -3.73348, -3.7513, -3.7489, -3.7777999999999996, -3.7598000000000003, -3.7744600000000004, -3.72454, -3.7467200000000003, -3.7408599999999996, -3.77908, -3.7843999999999998, -3.7515799999999997, -3.7462599999999995, -3.7712199999999996, -3.75782, -3.75568, -3.7663400000000005, -3.7674, -3.77384, -3.74948, -3.7318599999999997, -3.71324, -3.72166, -3.7605200000000005, -3.78112, -3.78454, -3.7588999999999997, -3.7607, -3.7616, -3.70836, -3.73304, -3.7442399999999996, -3.77628, -3.7312, -3.75662, -3.73942, -3.70618, -3.72286, -3.7728200000000003, -3.79746, -3.8091200000000005, -3.81874, -3.7560000000000002, -3.80228, -3.7589200000000003, -3.7482599999999997, -3.7285800000000004, -3.72166, -3.7270399999999997, -3.7965600000000004, -3.8023800000000003, -3.7839799999999997, -3.71514, -3.7669799999999998, -3.72294, -3.7625200000000003, -3.6951, -3.79384, -3.7549, -3.79178, -3.7485, -3.72856, -3.71298, -3.72674, -3.72866, -3.7069, -3.7201599999999995, -3.7552200000000004, -3.7419599999999997, -3.7614599999999996, -3.72396, -3.7490200000000002, -3.73558, -3.7328, -3.74452, -3.7389400000000004, -3.78874, -3.7829200000000003, -3.75702, -3.69208, -3.75058, -3.74162]7347.313343048096





Learning rate: 0.12
number 1[6.019559999999999, 4.06188, -0.8558, -0.6436999999999999, -3.3680600000000003, -3.2046, -4.57808, -3.75502, -3.4398, -2.4653, -4.36812, -2.34462, -1.06998, -1.65438, -2.85116, -3.21778, -2.60812, -2.0099, -2.07008, -1.84638, -3.0353399999999997, -3.96386, -4.12496, -2.18174, -1.76484, -1.78554, -1.15364, -0.6707600000000001, -0.5470200000000001, -1.7458, -2.9918000000000005, -2.3927199999999997, -2.75012, -2.3743, -1.5972, -0.9132799999999999, -2.1508599999999998, -4.91812, -5.30556, -4.89988, -3.6023400000000003, -2.0006399999999998, -1.57894, -1.7736399999999999, -1.40744, -2.31454, -1.3297, -2.4179399999999998, -1.24774, -2.87096, -0.7211400000000001, -3.95006, -2.91212, -1.9130200000000002, -1.3278, 2.11212, -4.086499999999999, -3.01476, -3.5003, -0.24531999999999976, 1.1285, -3.97926, -1.9028800000000001, -2.3183, 0.05847999999999992, -1.8335999999999997, -1.6161600000000003, -3.8258, -1.9762, -4.34732, -3.0267000000000004, -4.0322, -1.91774, -0.7519199999999999, -0.11377999999999988, -3.6193, -4.44438, -3.3451400000000002, -1.0440200000000002, -5.678240000000001, -4.4132, -0.7950800000000002, 0.6601, -5.80776, -5.6585, -5.0535, -4.35888, -2.8659, -0.8817600000000003, -1.5301399999999998, -5.875859999999999, -5.17624, -4.2279, -2.8039, -3.95786, -3.2649999999999997, -3.4637599999999997, 0.34904, -3.48292, -3.19954, -4.3862000000000005, -2.12212, -5.0115, -4.30772, -0.6405799999999999, -1.9172, -0.34917999999999993, -3.6253600000000006, -1.0291000000000001, -1.3767999999999998, -2.7553799999999997, -5.89326, -5.97866, -5.74572, -4.46372, -1.52866, -0.2712800000000001, 0.94692, -2.35642, -5.249280000000001, -4.27364, -2.60616, -4.51978, -2.19642, -2.5614600000000003, -0.4617199999999999, -2.2916, -1.1255600000000001, -3.8124, -2.042719999999999, -5.52266, -3.42704, -1.14992, -2.1927999999999996, -5.2034400000000005, -4.04512, -2.3162599999999998, -1.31806, -2.1938, 0.24767999999999996, -0.9646600000000001, -4.1457999999999995, -5.04006, -3.1624000000000003, -3.26002, -0.78146, -2.15064, -0.8946200000000001, -3.19, -2.55928, -5.25516, -3.3106999999999998, -1.95768, -2.82918, -0.9249399999999999, -3.7819599999999998, -2.3068400000000002, -1.3430400000000002, -3.14496, -4.96842, -3.3141800000000003, -1.4418, -1.2680399999999998, -0.55556, -0.4096, -0.10736000000000002, -1.4110200000000002, -0.15572000000000003, -3.70324, -2.5838, -2.98582, -3.2171200000000004, -0.79886, -4.25952, -5.1719, -2.98142, -3.92772, -1.2869200000000003, -5.3895, -4.7576, -5.9120800000000004, -4.80418, -2.51008, -1.27166, -0.899, -3.9791000000000003, -0.9248399999999999, -2.06842, -0.11584000000000017, 0.41173999999999994, -0.7718400000000001, -0.7287199999999998, -2.6644200000000002, -5.4447600000000005, -4.85936, -2.68934, -1.53354, -3.42132, -0.76884, -4.70198]7409.539882898331








