Energy 
 
-1.297903060621635 
-3.264634863863984 
-2.0314406696008276 
-1.7222507589416787 
-2.888292706391142 
-3.475683056049179 
-4.819109157813807 
-5.258162642137003 
-4.962722548832699 
-4.111380543463851 
-3.5936126925742062 
-3.3264365853797155 
-2.4301925220524945 
-1.8947699580379451 
-0.940407350649539 
-0.20656774771887357 
-0.6411809314434835 
-0.3154312068832187 
0.05480235487656787 
-0.32791232759285327 
-0.5454382298036651 
-0.9924711834534943 
-0.7689065171804124 
-1.062325535305587 
-1.805164074926084 
-2.2828362656027674 
-2.5183868633461923 
-3.0189516156162077 
-3.6203036698586937 
-5.47901586108811 
-5.4437070372990926 
-5.0698519324033455 
-5.032849246298843 
-4.856739874885844 
-4.715078160030398 
-4.609930297546208 
-4.457879843381956 
-4.403198174880532 
-4.278041252685794 
-4.168657834659391 
-3.980560433801128 
-3.6653884428238355 
-3.6366528249779195 
-3.4776515997048323 
-3.455833071724388 
-3.453231710421247 
-3.383198768702871 
-3.3185069126371625 
-4.325360069091012 
-5.00015944949358 
-4.619659906383386 
-4.483287772546926 
-4.4192152691157816 
-4.609585274692849 
-4.93496920327528 
-5.641182557552226 
-5.918102915085251 
-6.255274604075656 
-6.445331425709746 
-6.649447199248417 
-6.832298879783562 
-7.606966170042022 
-7.272092904967776 
-7.33196859169469 
-7.513070585756816 
-7.7290302720470265 
-7.88245401299811 
-7.940582516940498 
-8.074067803992952 
-8.116158338701727 
-8.234507380852726 
-8.35157950223636 
-8.386697941749627 
-8.510999220467435 
-8.542967724795833 
-8.633270391635842 
-8.665932359171428 
-8.74151269050061 
-8.677443503889869 
-8.862558152572788 
-8.864061958191156 
-8.95706677531803 
-8.873892342174418 
-8.97900724925049 
-8.932970684327708 
-9.044017479715842 
-9.059399317333204 
-9.096456831764787 
-9.126646020090009 
-9.163644737710085 
-9.213396063355734 
-9.278314348222265 
-9.342093811036706 
-9.43474946420063 
-9.410722550649915 
-9.52376557614829 
-9.52229360574751 
-9.515158601267641 
-9.437799767733049 
-9.355169230989885 
-9.289980207659237 
-9.152791851432939 
-8.973034856019344 
-8.772126112914458 
-8.533010812723818 
-8.211524631876067 
-7.991898776349563 
-7.782829127304059 
-7.6494591779137355 
-7.536679600381581 
-7.450756113882919 
-7.338936239082055 
-7.210246645404256 
-7.093496169081869 
-6.984620930407273 
-6.7906513546106435 
-6.694187642582372 
-6.626724565515976 
-6.5642899326962745 
-6.618392122076334 
-6.650737839158902 
-6.685739322432408 
-6.758950720596568 
-6.8524138321477785 
-6.94594919987672 
-7.043656739838092 
-7.144989771365774 
-7.237361832191197 
-7.346298732561405 
-7.4882756319510095 
-7.620450204713114 
-7.755716298304383 
-7.907887648519184 
-8.063931406617863 
-8.210481977920313 
-8.365760972807106 
-8.537843362077872 
-8.719613125837922 
-8.919091799551952 
-9.125894393241687 
-9.349538371015795 
-9.582454715109465 
-9.829558066591813 
-10.081030310021674 
-10.329653161328542 
-10.567791009888698 
-10.783913996922003 
-10.957165402882818 
-11.071139984351154 
-11.09903746575757 
-11.092257307769808 
-11.035119614285378 
-10.934669584404524 
-10.824431757376411 
-10.676605273976085 
-10.501456326115829 
-10.320309902785526 
-10.131858537820815 
-9.972350585029234 
-9.821790545461162 
-9.69511796871592 
-10.119756373158024 
-9.926611535911594 
-9.781183378103256 
-9.61142038773196 
-9.40152452799013 
-9.204599163157626 
-9.042456566086951 
-8.729736780510493 
-8.608938279024752 
-8.915815737548453 
-8.891531804119069 
-9.145667638651696 
-9.106820450808081 
-9.122730628595649 
-9.149583653537233 
-9.152515777310995 
-9.164774304583691 
-9.176944390671792 
-9.188320119473683 
-9.2011247010624 
-9.21241086673717 
-9.222151599215522 
-9.224724803262916 
-9.22331827654532 
-9.224804067573245 
-9.21987253462718 
-9.227215201482986 
-9.230903989705824 
-9.232023093010149 
-9.231609082068712 
-9.233282259522634 
-9.231861888284193 
-9.234153601294013 
-9.234219342548565 
-9.233567861930295 
-9.232160136849487 
-9.23021453089808 
-9.22999978205953 
-9.228860159604329 
-9.226438221122756 
-9.22496510388875 
-9.222519299503041 
-9.218952959404673 
-9.214333175588097 
-9.2076077327243 
-9.19809451311454 
-9.184511701101842 
-9.176727179668259 
-9.166478350839439 
-9.1595510714099 
-9.148344071969541 
-9.146938079116769 
-9.155283739920085 
-9.161792052894912 
-9.16424761222893 
-9.180688422898593 
-9.189816700920641 
-9.178263516886245 
-9.169478778271566 
-9.167284770902722 
-9.172839413806555 
-9.180653098356032 
-9.181201983739317 
-9.183573519398697 
-9.187372044198717 
-9.203364734142768 
-9.247823903901066 
-9.225796324412455 
-9.244345333499055 
-9.235892832080841 
-9.239117936086 
-9.257245476311306 
-9.302662222812504 
-9.275271534195141 
-9.232751042607818 
-9.21394994759376 
-9.205181821293426 
-9.194167682050718 
-9.198728512865738 
-9.202139608832685 
-9.209993671324357 
-9.22376716917991 
-9.240332252628432 
-9.259747802210756 
-9.281450410865167 
-9.304477940903258 
-9.329381046650361 
-9.349862546146152 
-9.37269711113431 
-9.387713881062389 
-9.402449649677067 
-9.430313639732566 
-9.458475520282416 
-9.487469728388778 
-9.5098691493616 
-9.53723787623933 
-9.565490707661011 
-9.598660587905531 
-9.632836451268414 
-9.66735015294956 
-9.703336328707259 
-9.734848781080355 
-9.769807280635616 
-9.806203805911498 
-9.844515922186204 
-9.886540108955788 
-9.931802973110782 
-9.980339458899618 
-10.02995110698995 
-10.080523566697831 
-10.13595145916994 
-10.191711131116621 
-10.245807627111212 
-10.299056607554558 
-10.349839377817334 
-10.402587939002942 
-10.454878961726855 
-10.506630667364686 
-10.560900822776741 
-10.615599663063259 
-10.671934734761617 
-10.726937803320963 
-10.780242036802083 
-10.832857034278293 
-10.88524048368386 
-10.937073676118425 
-10.99054999322167 
-11.042728454387369 
-11.093736202363264 
-11.14242010683495 
-11.188182654966754 
-11.231550418977948 
-11.272965899490261 
-11.31214186055825 
-11.347439517379113 
-11.379332759150689 
-11.40947462610506 
-11.436762945407208 
-11.461208661325331 
-11.479917289731388 
-11.49465864351781 
-11.505111331051598 
-11.510962672136333 
-11.512034506695057 
-11.507446904578734 
-11.496941147547037 
-11.486977181353208 
-11.470050737068082 
-11.44733425898207 
-11.428205199968694 
-11.398356606836492 
-11.363362943243622 
-11.338605287280878 
-11.305938877705941 
-11.26486323493506 
-11.203118200812943 
-11.137988265215602 
-11.067666828280837 
-10.996828503731054 
-10.922083379888937 
-10.843644790976475 
-10.75583876646271 
-10.666706183775922 
-10.576696758255629 
-10.48757017115198 
-10.397997039515834 
-10.318431026961045 
-10.239873511918505 
-10.162909270122507 
-10.086767843685458 
-10.01518651113427 
-9.948286395545669 
-9.889021477516701 
-9.842232280451249 
-9.799951779193156 
-9.761869418720153 
-9.721624030013711 
-9.688446194448055 
-9.659293535644977 
-9.634275763439458 
-9.620165808349038 
-9.607587962373307 
-9.597581769083853 
-9.58945002148083 
-9.585903356756848 
-9.577430496472903 
-9.57051833551251 
-9.56354234757059 
-9.555722101491314 
-9.546965942474122 
-9.537444903190469 
-9.525943599477873 
-9.51437345047125 
-9.502025041748155 
-9.489732076039912 
-9.475658897478606 
-9.461349824403513 
-9.443910853990634 
-9.429353186326727 
-9.413289450102667 
-9.397071481966458 
-9.383083265045027 
-9.370014552202278 
-9.354851542461196 
-9.342986150309136 
-9.330265652862275 
-9.309701102590857 
-9.287548550954893 
-9.264573943038156 
-9.241154216335005 
-9.217175663433602 
-9.192173423116254 
-9.166443714893015 
-9.140939115653788 
-9.112598689412929 
-9.083881193893586 
-9.05567575629734 
-9.028136423881312 
-9.001205734112418 
-8.971715686252855 
-8.940705840805286 
-8.908391520882681 
-8.875221892183728 
-8.841293537155419 
-8.806246995008404 
-8.769704123456172 
-8.731920834090854 
-8.690891550298513 
-8.649674685614624 
-8.607027178151661 
-8.562179024140375 
-8.514977146664629 
-8.464916617750294 
-8.409925715611603 
-8.350953074487933 
-8.281741140097639 
-8.204908661533176 
-8.121987345714523 
-8.03286398959835 
-7.929286703408614 
-7.815053365964877 
-7.682311170106282 
-7.535607479073313 
-7.372052960973316 
-7.19681999038195 
-7.005601015609784 
-6.795211829678069 
-6.558142012116843 
-6.2678652932835295 
-5.93337109182652 
-5.547074905678247 
-5.055971802023952 
-4.520050950711779 
-3.953270123175761 
-3.3812097656106954 
-2.835405437924858 
-2.3176472518641935 
-1.9936301229276965 
-1.8719072079596277 
-1.9385575854512793 
-2.1487832139855434 
-2.408267662025823 
-2.68343227628486 
-2.927052685024231 
-3.1398129960029983 
-3.3221254241126013 
-3.476279788403121 
-3.6069788482072633 
-3.7213576650571873 
-3.8263695772974944 
-3.9252486757258334 
-4.013284420504408 
-4.096025075094701 
-4.17115190792334 
-4.238253416967734 
-4.299630681331396 
-4.356038365944049 
-4.4073861356787525 
-4.454513408817205 
-4.497059066759054 
-4.539805293749933 
-4.578005650557946 
-4.6135011388031355 
-4.650616415923267 
-4.686532413167385 
-4.7189619685170126 
-4.75154976888898 
-4.784567063976257 
-4.820311683336497 
-4.8572063514359325 
-4.895775374582325 
-4.937057408079431 
-4.977880907446138 
-5.021621394034825 
-5.067822682367605 
-5.116892963467283 
-5.167579434073186 
-5.220857826617758 
-5.277328828913659 
-5.336959751407906 
-5.399408193000411 
-5.464530113140109 
-5.532546718446424 
-5.603370453735334 
-5.6764360647513925 
-5.752705859674024 
-5.832191339203413 
-5.9125999011112835 
-5.997273110723771 
-6.085307193438464 
-6.176943814000674 
-6.272232116892254 
-6.370879974530245 
-6.473997444497494 
-6.580708681417809 
-6.69055877803339 
-6.803985254278036 
-6.921221529058915 
-7.0402326407804106 
-7.161609508534824 
-7.28453511732619 
-7.4098337146525 
-7.537185959251393 
-7.6651087331419046 
-7.791623095157608 
-7.922361668663843 
-8.051154088321535 
-8.177653272926793 
-8.298872046444274 
-8.417583266318713 
-8.538562510710342 
-8.656725927381553 
-8.763952067263602 
-8.858194894812675 
-8.959693218446574 
-9.046643507661358 
-9.135680985149197 
-9.206128827538738 
-9.25662158711185 

 Time 
110834.5211482048 
