Parameters 
 
[-0.5 -0.5 -0.5 -0.5 -0.5 -0.5 -0.5 -0.5] 
[-27.57163909 -24.87339107 -14.92836994   9.66294175  19.57226582
  16.46146845  25.04666827  14.91244679] 
[-26.16572766 -22.03655675  -8.38490061   9.83499872  16.58933692
  21.64030281  31.6025355   21.48053811] 
[-26.26618484 -24.52287813  -4.70339362   9.87686607  19.07047666
  25.60540232  29.1624258   19.23742127] 
[-25.34931114 -26.16553541  -2.02004791  10.52803764  19.94920408
  27.28195973  27.58563466  17.45307257] 
[-25.346101   -26.136722    -2.00173558  10.45907758  20.0438304
  27.01870874  27.49049527  17.24042279] 
[-25.4064844  -26.10147941  -2.02076517  10.42284307  20.17186641
  26.86524055  27.43700609  17.14341195] 
[-25.41714774 -26.0506042   -1.97817038  10.43006029  20.18429601
  26.81925619  27.40363605  17.06783515] 
[-25.39630961 -26.01086903  -1.98815746  10.51433913  20.19143078
  26.745173    27.35453389  16.79759163] 
[-25.43027383 -25.94243268  -1.98860345  10.71196648  20.23027385
  26.68948171  27.26741823  16.56253095] 
[-25.49395792 -25.91914091  -2.01669167  10.86922895  20.25577227
  26.69977973  27.13968491  16.3623134 ] 
[-25.56302713 -25.90850303  -2.01148186  11.00580287  20.29335485
  26.72631528  27.03323579  16.30225735] 
[-25.59764452 -25.90753548  -2.00241383  11.11233474  20.30840108
  26.76162379  26.91750714  16.26656846] 
[-25.61702196 -25.91284415  -1.98739607  11.17605476  20.32896345
  26.76804756  26.85425522  16.23090182] 
[-25.58854946 -25.93789585  -1.98475474  11.17997629  20.31693252
  26.77813669  26.77075707  16.24636822] 
[-25.60144307 -25.94254467  -1.98033991  11.21298372  20.3208858
  26.78576098  26.7025709   16.24263018] 
[-25.62363897 -25.92686821  -1.99859104  11.26106256  20.34041111
  26.81408281  26.5902404   16.25627825] 
[-25.62597422 -25.92867163  -2.01004783  11.27298923  20.34312382
  26.84328937  26.47433566  16.25753336] 
[-25.59650642 -25.94883161  -2.00021875  11.23519089  20.31538098
  26.86190103  26.39820994  16.25248074] 
[-25.57868397 -25.95906205  -1.99438472  11.20952929  20.29915732
  26.89138645  26.30691437  16.24054568] 
[-25.56525775 -25.96293915  -1.98761054  11.19018581  20.29267776
  26.91492538  26.2305639   16.23201325] 
[-25.55880946 -25.96240661  -1.97873456  11.1796248   20.29549172
  26.93503611  26.16353921  16.22982743] 
[-25.60919779 -25.94252585  -1.94317782  11.274361    20.31638225
  27.02079365  25.95671392  16.23578288] 
[-25.51814627 -25.94188978  -1.96793817  11.1190172   20.31303482
  26.93250139  26.13328282  16.22534072] 
[-25.58286075 -25.92388691  -1.91649237  11.24217458  20.32637824
  27.04489702  25.85893963  16.22954052] 
[-25.48627067 -25.91802369  -1.9430886   11.07105514  20.32911652
  26.93285737  26.09639382  16.22881488] 
[-25.54943278 -25.89094487  -1.88543535  11.20678188  20.35273891
  27.03484104  25.84637785  16.23795994] 
[-25.48086465 -25.88354084  -1.90322883  11.07419493  20.35726852
  26.9542617   26.01846326  16.24473267] 
[-25.50256524 -25.85707574  -1.86873793  11.12388519  20.37248693
  27.03813508  25.82995647  16.23185639] 
[-25.4685794  -25.84515411  -1.85697735  11.05629811  20.39819162
  26.93755751  26.04196012  16.28828435] 
[-25.50063469 -25.82014867  -1.82776394  11.12993714  20.40361828
  27.08398355  25.70638181  16.21949501] 
[-25.44409997 -25.79198844  -1.84852991  11.09794034  20.43267695
  26.9609227   25.88746303  16.24723686] 
[-25.44535931 -25.77861047  -1.8171281   11.08300442  20.44352558
  26.98456254  25.84572905  16.25610298] 
[-25.43613394 -25.76116933  -1.7966611   11.0677236   20.45893224
  26.97798452  25.84910044  16.26698955] 
[-25.42435681 -25.74283745  -1.77782125  11.05220701  20.47345247
  26.96606548  25.8599265   16.27558522] 
[-25.45765873 -25.70742287  -1.72676477  11.05273255  20.48934131
  27.06603248  25.73705732  16.27704047] 
[-25.43418367 -25.70471833  -1.74516548  11.01541341  20.50967815
  27.01328776  25.79334896  16.26899721] 
[-25.41466704 -25.70213954  -1.74375943  10.9877338   20.52706749
  26.98224594  25.81241023  16.2688671 ] 
[-25.41726039 -25.66137809  -1.71574391  10.99066142  20.53325273
  27.01059443  25.78493667  16.26028245] 
[-25.40352572 -25.64966332  -1.70839261  10.97031807  20.54735633
  26.99440127  25.79565538  16.25488568] 
[-25.40468144 -25.60251342  -1.68379819  10.9791898   20.55634914
  27.02988079  25.75427933  16.24786641] 
[-25.39156972 -25.59343269  -1.67902707  10.95694574  20.57121593
  27.00474654  25.77679712  16.24304755] 
[-25.38709547 -25.5665351   -1.66144237  10.94994684  20.58062728
  27.01291957  25.76646332  16.23552665] 
[-25.38047064 -25.54615248  -1.64757527  10.94150116  20.59027136
  27.01192305  25.76147883  16.22826346] 
[-25.37323737 -25.5288633   -1.63368868  10.93176699  20.59917749
  27.00710526  25.76037184  16.22006375] 
[-25.36821347 -25.50834266  -1.61851596  10.92367977  20.60649051
  27.00951264  25.75392149  16.21294886] 
[-25.36337076 -25.48871897  -1.60394699  10.91563181  20.61366718
  27.01091133  25.74856195  16.20567074] 
[-25.35887077 -25.46935658  -1.58967352  10.90774648  20.62046599
  27.01255856  25.74316856  16.1984009 ] 
[-25.3553591  -25.45506245  -1.57716179  10.90050004  20.62843241
  27.0080874   25.74273853  16.19172665] 
[-25.35291221 -25.44093313  -1.56494113  10.89320984  20.63696342
  27.0088662   25.73634775  16.18797938] 
[-25.34886452 -25.42791593  -1.55171708  10.88336507  20.64631792
  27.00917667  25.73210406  16.18479846] 
[-25.34529775 -25.41573442  -1.53952023  10.87449955  20.65490083
  27.00880081  25.72772184  16.18132051] 
[-25.34155556 -25.40350469  -1.53059297  10.87152149  20.65873203
  27.01037937  25.71478616  16.17498672] 
[-25.33773869 -25.39372791  -1.52367582  10.86758805  20.66342956
  27.00831365  25.70616449  16.16852928] 
[-25.33444695 -25.38501342  -1.51740126  10.86338683  20.6680479
  27.00515649  25.69934438  16.16195223] 
[-25.33161475 -25.37675374  -1.51118151  10.85911222  20.67227824
  27.00196752  25.6931959   16.15541928] 
[-25.32915877 -25.36906338  -1.50509916  10.85485943  20.67611517
  26.99856339  25.68757082  16.14896403] 
[-25.32729908 -25.36199773  -1.49902206  10.85075479  20.6794924
  26.99482339  25.68282732  16.14263605] 
[-25.32552664 -25.35507902  -1.49241816  10.84638227  20.68203644
  26.9919402   25.6776506   16.13660371] 
[-25.32453387 -25.3471161   -1.48622219  10.84331207  20.68400046
  26.98991025  25.67119474  16.13018304] 
[-25.32368955 -25.34043971  -1.48051945  10.83928185  20.68593834
  26.98714796  25.66683547  16.12397792] 
[-25.32357191 -25.33419433  -1.47506242  10.83598156  20.68725099
  26.98431869  25.66221442  16.11769433] 
[-25.33064908 -25.30650786  -1.4699764   10.8476161   20.68515129
  26.99758824  25.63346736  16.10699279] 
[-25.32588942 -25.30675228  -1.46784242  10.83712667  20.68636148
  26.98896848  25.63816211  16.10345397] 
[-25.32478014 -25.30018013  -1.46504353  10.83312271  20.68631913
  26.98586049  25.63403936  16.09788303] 
[-25.32343938 -25.29591816  -1.46240925  10.82807862  20.68611725
  26.98125486  25.63194599  16.09278102] 
[-25.32237521 -25.2929003   -1.45833078  10.82210123  20.68577624
  26.97705212  25.63175889  16.08772796] 
[-25.32283004 -25.28716885  -1.45430316  10.81890905  20.68504473
  26.97524855  25.62769988  16.08212338] 
[-25.32135134 -25.28686274  -1.45086617  10.81262747  20.68506765
  26.96909785  25.62957038  16.0781336 ] 
[-25.32128344 -25.28487229  -1.44783094  10.80916635  20.68513151
  26.96425705  25.62853374  16.07359317] 
[-25.32123229 -25.28373863  -1.44408169  10.80529255  20.68525338
  26.95954589  25.62865816  16.06953854] 
[-25.32259996 -25.28077678  -1.44116988  10.80417655  20.68552121
  26.95610928  25.62601453  16.06498721] 
[-25.32370154 -25.27846661  -1.43831043  10.80271235  20.68560312
  26.95237345  25.62366654  16.06072314] 
[-25.325031   -25.27637484  -1.43534712  10.80184576  20.68536142
  26.94892885  25.62075393  16.05687078] 
[-25.3256375  -25.27524369  -1.43235877  10.79983793  20.68492525
  26.94505534  25.61912645  16.05343908] 
[-25.32619402 -25.27447106  -1.4294195   10.79783984  20.68434664
  26.94099347  25.61758448  16.05014773] 
[-25.32749274 -25.27332998  -1.42710098  10.79716515  20.68345434
  26.93714769  25.61475172  16.04634637] 
[-25.32898802 -25.27305049  -1.42518603  10.79676196  20.68280001
  26.93292619  25.61279667  16.04221665] 
[-25.33021962 -25.2734266   -1.42328484  10.79576585  20.68183448
  26.92844617  25.61138752  16.03829292] 
[-25.33119413 -25.27429879  -1.42133086  10.79447694  20.68072227
  26.92378206  25.6101907   16.0346304 ] 
[-25.33215571 -25.27505446  -1.41899634  10.79284118  20.67940922
  26.9195883   25.60941911  16.0313481 ] 
[-25.33299564 -25.27617556  -1.41664603  10.7911673   20.67799634
  26.91518482  25.60877819  16.02825183] 
[-25.33354809 -25.27795947  -1.41437348  10.78923525  20.67647903
  26.91034572  25.60833728  16.0254629 ] 
[-25.33423752 -25.27986051  -1.41195544  10.78749524  20.67487612
  26.90547888  25.60798826  16.02266996] 
[-25.3349109  -25.28141595  -1.40969602  10.78619548  20.67331201
  26.90073296  25.60746572  16.01998633] 
[-25.33545549 -25.28332013  -1.40732773  10.78481875  20.67170657
  26.89585285  25.60707511  16.0174861 ] 
[-25.33596553 -25.28529691  -1.40502245  10.78359978  20.67010275
  26.89083539  25.60668789  16.01501716] 
[-25.33652205 -25.28791012  -1.40217933  10.78245106  20.66878812
  26.88591083  25.6069776   16.01321862] 
[-25.33772316 -25.29021822  -1.39965095  10.78204732  20.66752356
  26.88062254  25.60720708  16.0110352 ] 
[-25.33861707 -25.29285804  -1.39706432  10.78135657  20.66616686
  26.87525265  25.60757425  16.00905139] 
[-25.3393314  -25.29583006  -1.39431913  10.78052099  20.66479591
  26.86972158  25.60810072  16.00721443] 
[-25.33987627 -25.29872546  -1.39132972  10.77986736  20.66351158
  26.86451745  25.60829205  16.0053877 ] 
[-25.34001399 -25.30222645  -1.38811063  10.77882842  20.66215093
  26.85891923  25.60891449  16.00366838] 
[-25.33994179 -25.30730771  -1.38528182  10.77715877  20.66067704
  26.85192809  25.61016374  16.00229125] 
[-25.339918   -25.31204328  -1.38196667  10.77586835  20.65919901
  26.84544214  25.61107946  16.00089642] 
[-25.33977273 -25.31701625  -1.37843435  10.77448743  20.65771324
  26.83893525  25.6121642   15.99965765] 
[-25.33975743 -25.32178632  -1.37476713  10.77334435  20.65621627
  26.83259016  25.61318492  15.99841434] 
[-25.34011475 -25.32653297  -1.37137296  10.77259756  20.65452191
  26.82590602  25.61426211  15.99724094] 
[-25.34063447 -25.33185533  -1.36770872  10.77192357  20.65280198
  26.81859223  25.61601855  15.99620365] 
[-25.34086517 -25.33705721  -1.36374855  10.77133247  20.65129035
  26.8117579   25.61739089  15.99553252] 
[-25.34103004 -25.34237144  -1.35970446  10.77065353  20.6497022
  26.80489242  25.61890415  15.99492718] 
[-25.34145293 -25.34840774  -1.35552953  10.76984653  20.64791737
  26.79756092  25.62080956  15.99426633] 
[-25.34194921 -25.35448895  -1.35118518  10.76916756  20.64603646
  26.79020401  25.6227607   15.99361613] 
[-25.34234504 -25.36066937  -1.3468056   10.76841347  20.64410285
  26.78274336  25.62478514  15.99301603] 
[-25.34257492 -25.36674738  -1.34231225  10.7677732   20.6422319
  26.77533263  25.62665908  15.99252825] 
[-25.34281223 -25.37286376  -1.33775847  10.76708088  20.64027916
  26.7679288   25.62861848  15.99205954] 
[-25.34273376 -25.37929084  -1.33369969  10.76644108  20.63787183
  26.75974611  25.63093922  15.99195711] 
[-25.34267817 -25.38570187  -1.3295185   10.76585131  20.63546475
  26.75162799  25.6332383   15.99185413] 
[-25.3425509  -25.39215588  -1.32503723  10.76512386  20.63304235
  26.74361068  25.63562291  15.99165735] 
[-25.34235682 -25.39870785  -1.3205156   10.76439565  20.63055109
  26.73548288  25.63813464  15.99152147] 
[-25.3421217  -25.40530138  -1.31568846  10.76367637  20.62808246
  26.72745716  25.64072905  15.99156208] 
[-25.34186205 -25.41187082  -1.31075827  10.76296246  20.62565108
  26.71951703  25.64328391  15.9916473 ] 
[-25.3416497  -25.41840197  -1.30577701  10.76230615  20.62322399
  26.7116145   25.64581576  15.9916939 ] 
[-25.34174734 -25.42510241  -1.30086493  10.76178999  20.62063256
  26.70363584  25.64857409  15.99157061] 
[-25.34208064 -25.43187791  -1.29616867  10.76112051  20.61795472
  26.69566801  25.65135934  15.99123996] 
[-25.34259486 -25.43958925  -1.29119482  10.76038072  20.61516626
  26.68685677  25.65455256  15.9909961 ] 
[-25.3430421  -25.4471236   -1.28618555  10.75970167  20.61241362
  26.67821304  25.65758294  15.99077754] 
[-25.34302004 -25.45470636  -1.28128728  10.7586902   20.60979389
  26.6697621   25.66070755  15.99096909] 
[-25.34303484 -25.46198217  -1.27635475  10.75784998  20.60723141
  26.66153833  25.6636055   15.99109391] 
[-25.34326438 -25.46924312  -1.27128698  10.75714222  20.60453683
  26.65323985  25.66657528  15.99116059] 
[-25.34345639 -25.47636295  -1.26622639  10.75644984  20.60186959
  26.64506321  25.66943851  15.99123147] 
[-25.34360965 -25.4832317   -1.26113128  10.75586518  20.59919438
  26.63710638  25.67210507  15.99121911] 
[-25.34343664 -25.48942919  -1.25646059  10.75516744  20.59669875
  26.62974278  25.6740932   15.99106664] 
[-25.34345979 -25.49602684  -1.25197852  10.75411891  20.5939165
  26.62219952  25.67649255  15.99113151] 
[-25.34345311 -25.50122067  -1.24746502  10.75340724  20.5911723
  26.61582732  25.6781091   15.99089443] 
[-25.34404278 -25.50482198  -1.24294526  10.75357704  20.58881306
  26.61072063  25.67883725  15.99016865] 
[-25.34462683 -25.5085682   -1.23873491  10.75359726  20.58642548
  26.6053303   25.67955055  15.98937335] 
[-25.3453591  -25.51260546  -1.23472804  10.75362568  20.58384451
  26.59952117  25.68040106  15.98839237] 
[-25.34601392 -25.51716833  -1.23081063  10.75345246  20.58116396
  26.59318493  25.68158236  15.98741245] 
[-25.34659535 -25.52367059  -1.22728443  10.7524545   20.57829304
  26.584997    25.68354777  15.9866203 ] 
[-25.34722514 -25.52989774  -1.22348018  10.75154166  20.57529041
  26.57724981  25.68531804  15.98597873] 
[-25.34781926 -25.53580908  -1.21974336  10.75072442  20.57233128
  26.56977406  25.68686997  15.9853818 ] 
[-25.34845773 -25.54145436  -1.21619387  10.75003431  20.56940592
  26.56259063  25.68813939  15.98490313] 
[-25.34906139 -25.54679011  -1.21274861  10.74942089  20.56652484
  26.55561544  25.68920674  15.98442661] 
[-25.34947085 -25.55192931  -1.2094847   10.7488447   20.5636087
  26.54890294  25.69013714  15.98412139] 
[-25.3499453  -25.55655539  -1.20661143  10.7486695   20.56096902
  26.54263936  25.6904059   15.98365494] 
[-25.35040294 -25.56104376  -1.20387063  10.74843806  20.55831235
  26.53642153  25.69058085  15.98315698] 
[-25.35089128 -25.56539336  -1.20118919  10.74819009  20.5556497
  26.53030559  25.69069807  15.98260306] 
[-25.3512509  -25.569306    -1.19879425  10.74805248  20.5532009
  26.52438135  25.69068945  15.98211063] 
[-25.35173235 -25.57339711  -1.19623347  10.74780251  20.55058482
  26.51843634  25.69092093  15.98150337] 
[-25.35234781 -25.57735323  -1.19355034  10.74766411  20.54802802
  26.51270884  25.69120174  15.98078956] 
[-25.35291499 -25.58108719  -1.19090136  10.7475264   20.5455181
  26.50716842  25.69135685  15.98014536] 
[-25.35343004 -25.58464617  -1.18837634  10.74733919  20.54302908
  26.50175427  25.69142238  15.97949855] 
[-25.35389669 -25.58802904  -1.18597407  10.74710941  20.54056395
  26.49645997  25.69138714  15.97884992] 
[-25.3542267  -25.59114946  -1.18396048  10.7469331   20.53801545
  26.49117032  25.69100779  15.97827603] 
[-25.35451487 -25.59419806  -1.18200138  10.74674252  20.53547819
  26.48598366  25.6905377   15.97770894] 
[-25.35484    -25.5971388   -1.18010755  10.74652523  20.53293646
  26.4808917   25.69003062  15.97708355] 
[-25.35521947 -25.59995495  -1.17831598  10.74631182  20.53038249
  26.4759053   25.68945223  15.97639117] 
[-25.35559008 -25.60272852  -1.17664162  10.74603161  20.52784498
  26.47093142  25.68880403  15.97570532] 
[-25.35594149 -25.60588948  -1.17504405  10.74567464  20.52528524
  26.46560707  25.68823475  15.97511066] 
[-25.35627682 -25.60932294  -1.17339826  10.74531089  20.52279015
  26.46006408  25.68771331  15.9745283 ] 
[-25.35667726 -25.61254568  -1.17179064  10.7449765   20.52029001
  26.45471859  25.68713093  15.97387758] 
[-25.35715594 -25.61541314  -1.17024167  10.74468214  20.5177842
  26.44969038  25.68641685  15.97313696] 
[-25.35763354 -25.61815469  -1.1687563   10.74436029  20.51528711
  26.44478619  25.68566128  15.97235929] 
[-25.35811204 -25.62076607  -1.16732536  10.74403254  20.51280224
  26.44001531  25.68486059  15.97156096] 
[-25.35846171 -25.62281069  -1.16609887  10.74363232  20.51033881
  26.43576485  25.6838392   15.97084294] 
[-25.35890041 -25.62469447  -1.16498018  10.74324598  20.50789653
  26.43162064  25.68281816  15.97009901] 
[-25.35932542 -25.62693913  -1.16406683  10.74271523  20.50543633
  26.42709888  25.681733    15.9693352 ] 
[-25.35974481 -25.6291101   -1.16312603  10.74216815  20.50297138
  26.42271259  25.68060733  15.96859122] 
[-25.36032388 -25.63112895  -1.16245335  10.74150749  20.50055795
  26.41823185  25.67957068  15.96758633] 
[-25.36093011 -25.63335258  -1.16167898  10.74090051  20.49815255
  26.41364576  25.67861838  15.96665275] 
[-25.36166373 -25.63508831  -1.16081496  10.7404814   20.49573334
  26.40957121  25.67747781  15.96560149] 
[-25.36236566 -25.63679112  -1.15997653  10.74006512  20.49332995
  26.40556309  25.67630592  15.96454896] 
[-25.3629968  -25.63838697  -1.15921813  10.73967391  20.49099935
  26.40170805  25.67503956  15.96349148] 
[-25.36364827 -25.64006973  -1.1585657   10.73935695  20.48867976
  26.39774376  25.67366651  15.96243802] 
[-25.36423051 -25.64170437  -1.15790713  10.73913385  20.4865339
  26.3940207   25.67211691  15.96154915] 
[-25.36480882 -25.64329739  -1.15727185  10.73887063  20.484408
  26.39034847  25.67059346  15.96065497] 
[-25.36537428 -25.64485783  -1.1566728   10.7386068   20.48230024
  26.38674101  25.66906142  15.95972501] 
[-25.36592825 -25.64636906  -1.15610731  10.73833968  20.48020143
  26.38319366  25.66753734  15.95878435] 
[-25.36647521 -25.64785873  -1.15558321  10.73806068  20.47810522
  26.37968568  25.66601305  15.95782425] 
[-25.36700973 -25.64931882  -1.15506754  10.73775276  20.47600272
  26.3762516   25.6645101   15.95686499] 
[-25.36751657 -25.65072382  -1.1545826   10.73741432  20.47393447
  26.37290819  25.66297866  15.95587694] 
[-25.36801702 -25.65211679  -1.15412817  10.7370829   20.47186524
  26.36960077  25.66144336  15.95487646] 
[-25.36852303 -25.65329075  -1.15378537  10.7367882   20.46977555
  26.36649609  25.65983014  15.95388477] 
[-25.36895711 -25.65444389  -1.15354728  10.73642715  20.46774628
  26.36345604  25.65815224  15.95285665] 
[-25.36939708 -25.65558745  -1.1533097   10.73608906  20.46570804
  26.36046066  25.65649757  15.95180103] 
[-25.36985156 -25.65672224  -1.15309292  10.73575841  20.46367179
  26.35748913  25.65485178  15.95072595] 
[-25.37033929 -25.65787376  -1.15283372  10.73545963  20.46162727
  26.35456838  25.65326188  15.94965536] 
[-25.37083691 -25.65906044  -1.15261379  10.73519902  20.4595767
  26.3516354   25.6516451   15.9485639 ] 
[-25.37133015 -25.66023054  -1.15244465  10.73493042  20.45753736
  26.34869841  25.65001649  15.94743963] 
[-25.37183154 -25.66138292  -1.15229936  10.73466168  20.45550142
  26.34579271  25.64838902  15.94630674] 
[-25.37232    -25.66263461  -1.15219839  10.73432037  20.45344911
  26.34276362  25.64678345  15.94517218] 
[-25.37282243 -25.66387557  -1.15211662  10.7340011   20.45140205
  26.33976886  25.64517514  15.94402117] 
[-25.37336275 -25.66507594  -1.15200935  10.73371898  20.44935522
  26.33684983  25.64359691  15.94283667] 
[-25.37391091 -25.6662833   -1.15191041  10.73346076  20.44731372
  26.33396993  25.64202349  15.94166939] 
[-25.37446189 -25.6675175   -1.15180861  10.73319693  20.44528664
  26.3310882   25.64047066  15.9405094 ] 
[-25.37504421 -25.66872424  -1.15168684  10.73297674  20.44328429
  26.32822304  25.63895302  15.93930744] 
[-25.37561933 -25.66991505  -1.15155228  10.73276503  20.44126062
  26.32538906  25.63740098  15.93811106] 
[-25.37622536 -25.67106903  -1.15142316  10.73254228  20.43929285
  26.32255949  25.63590464  15.93695695] 
[-25.37682065 -25.67221362  -1.15132469  10.73231468  20.43732306
  26.31974457  25.63440774  15.93579436] 
[-25.37735938 -25.673314    -1.1512267   10.73208482  20.43540841
  26.31701764  25.63287513  15.93467815] 
[-25.37789551 -25.6744429   -1.15117215  10.73189388  20.43347144
  26.3143136   25.63138885  15.93351268] 
[-25.37846566 -25.67548101  -1.15116968  10.73173242  20.43152878
  26.31170427  25.62985371  15.93236328] 
[-25.37912259 -25.67654886  -1.15122319  10.73150575  20.42950302
  26.30911036  25.62837283  15.93116172] 
[-25.37974014 -25.67760658  -1.15126946  10.73133882  20.42752114
  26.30649541  25.62685797  15.92992689] 
[-25.38035027 -25.67866915  -1.15133175  10.73115584  20.42553229
  26.30387809  25.62532368  15.92870192] 
[-25.38094687 -25.67972801  -1.15139961  10.7309732   20.42355863
  26.30128298  25.62378729  15.92748474] 
[-25.38152718 -25.68079032  -1.15147617  10.73078844  20.42160179
  26.298702    25.62224678  15.92627765] 
[-25.38204932 -25.68188881  -1.15149176  10.73064276  20.41964775
  26.29617629  25.62067096  15.92513481] 
[-25.38257828 -25.6829805   -1.15153041  10.73048832  20.41770004
  26.2936657   25.61910404  15.92398301] 
[-25.38315922 -25.68406249  -1.15164123  10.73039488  20.41578812
  26.29118625  25.61747538  15.92279209] 
[-25.38376329 -25.68517121  -1.1517669   10.73026095  20.41386569
  26.28873692  25.61589429  15.92163437] 
[-25.3843493  -25.6862786   -1.15190829  10.73011327  20.41195276
  26.28630184  25.61432662  15.9204747 ] 
[-25.38495008 -25.68731889  -1.15206728  10.72997831  20.41002437
  26.28391673  25.61274658  15.91928267] 
[-25.38556568 -25.68830082  -1.1522728   10.72987185  20.40812717
  26.28157379  25.61114258  15.91808316] 
[-25.38615304 -25.68930066  -1.15247953  10.72976529  20.40625953
  26.27922395  25.60953742  15.91689648] 
[-25.38676413 -25.69048721  -1.15271358  10.72961436  20.40440001
  26.27669627  25.60799258  15.91566061] 
[-25.38737087 -25.69166968  -1.15293952  10.72947749  20.40256248
  26.2741968   25.6064388   15.91443069] 
[-25.38796908 -25.69284661  -1.15317749  10.72933727  20.40074153
  26.2717192   25.6048754   15.91320802] 
[-25.38855408 -25.6940211   -1.15342239  10.72920233  20.39894074
  26.26925108  25.60330734  15.91199789] 
[-25.38915074 -25.69517421  -1.15372214  10.72907067  20.39707419
  26.26679484  25.60164947  15.91078178] 
[-25.38972193 -25.69639469  -1.15402451  10.72892196  20.39524486
  26.2642855   25.60001225  15.90957528] 
[-25.39036159 -25.69760237  -1.15433795  10.72878531  20.39335498
  26.26177834  25.59838271  15.9083117 ] 
[-25.39095003 -25.69876339  -1.15461227  10.72864187  20.3914799
  26.25935788  25.59675907  15.90709768] 
[-25.39151705 -25.69991754  -1.15492258  10.72853738  20.38961323
  26.25695698  25.59508473  15.90590806] 
[-25.39211924 -25.70126489  -1.15521741  10.7283818   20.38776471
  26.25439247  25.59343336  15.90474787] 
[-25.39273342 -25.7025684   -1.15544186  10.72819981  20.38601986
  26.25197401  25.5917428   15.90367932] 
[-25.39327376 -25.70391921  -1.15571223  10.72806615  20.38425359
  26.24959348  25.59013753  15.9026973 ] 
[-25.39384825 -25.70526879  -1.15596325  10.72799097  20.38252462
  26.24724445  25.58851856  15.90167438] 
[-25.39445734 -25.70663036  -1.15619348  10.72788888  20.38076384
  26.2449115   25.58695248  15.90062498] 
[-25.39504924 -25.70797452  -1.15644412  10.72778304  20.37902764
  26.24259268  25.5853875   15.89957646] 
[-25.39565356 -25.70928473  -1.15669554  10.72772749  20.37733314
  26.24027     25.58379635  15.89854642] 
[-25.3962475  -25.71056179  -1.15695227  10.72767623  20.37565679
  26.23798456  25.58222778  15.89752679] 
[-25.39670344 -25.71181905  -1.15719342  10.72752138  20.37410474
  26.23569234  25.5807517   15.89660443] 
[-25.39711078 -25.7129091   -1.15749252  10.72734135  20.37260385
  26.23355386  25.57924376  15.89565637] 
[-25.39750656 -25.71399916  -1.15775779  10.72715235  20.37110028
  26.2314451   25.5777812   15.89469365] 
[-25.39789106 -25.71511571  -1.15800862  10.72696943  20.36961826
  26.22931477  25.57634148  15.89372925] 
[-25.39826302 -25.71619259  -1.15827842  10.72682763  20.36818316
  26.22724104  25.57487232  15.89279007] 
[-25.39865196 -25.71726811  -1.15855576  10.72669111  20.36674716
  26.22517292  25.57341209  15.89184308] 
[-25.39905253 -25.71836165  -1.15884933  10.72657301  20.36530914
  26.22308452  25.57195845  15.89088996] 
[-25.39945664 -25.71944302  -1.15915112  10.72646198  20.363881
  26.22100888  25.57051236  15.88993451] 
[-25.39986545 -25.72052826  -1.15945805  10.72635155  20.36246216
  26.21893709  25.56907624  15.8889847 ] 
[-25.40021141 -25.72159549  -1.15974171  10.72621085  20.36110231
  26.21687265  25.56762628  15.8880832 ] 
[-25.40055579 -25.72267624  -1.16003149  10.72607037  20.35975804
  26.21480257  25.56619343  15.88718985] 
[-25.40091051 -25.72374416  -1.16032626  10.72594145  20.35841887
  26.21274976  25.56476786  15.88629258] 
[-25.40124359 -25.72494706  -1.16060051  10.72585849  20.35711591
  26.21057648  25.56334312  15.88541515] 
[-25.40158229 -25.72612552  -1.16088246  10.72578342  20.35582304
  26.20843519  25.56193166  15.88453076] 
[-25.40187563 -25.72714939  -1.16114524  10.72567355  20.35457961
  26.20645862  25.56050233  15.88364469] 
[-25.40219661 -25.72818115  -1.16142923  10.72555733  20.35335847
  26.20451014  25.55906155  15.88278429] 
[-25.40254027 -25.7291978   -1.16172842  10.72546276  20.35213124
  26.20258019  25.55763347  15.88190876] 
[-25.40290444 -25.73024672  -1.1620311   10.72537381  20.35089457
  26.20062377  25.5562281   15.88103469] 
[-25.4032904  -25.73137224  -1.16234975  10.7253222   20.34966839
  26.19856764  25.55483668  15.8801105 ] 
[-25.40367258 -25.73251613  -1.16268219  10.72527448  20.34843901
  26.19651396  25.55344079  15.87920039] 
[-25.40405681 -25.73365264  -1.16302069  10.72522506  20.34721193
  26.19447456  25.55205014  15.87829511] 
[-25.40443643 -25.73496508  -1.16329337  10.72515138  20.34600344
  26.19229731  25.55070836  15.87739921] 
[-25.40480887 -25.73624805  -1.16353376  10.72508674  20.34482829
  26.190137    25.54941562  15.87653782] 
[-25.40519003 -25.73751128  -1.16378845  10.72502419  20.34364553
  26.18799569  25.54812428  15.87568314] 
[-25.40560339 -25.73868216  -1.16406011  10.72494183  20.34243927
  26.18595139  25.54685375  15.87484506] 
[-25.40602197 -25.73988961  -1.16434494  10.72482338  20.34120183
  26.18386501  25.54558609  15.87401856] 
[-25.40646614 -25.74091332  -1.16467583  10.72477999  20.3400035
  26.18194471  25.54433888  15.87316276] 
[-25.40690478 -25.74192865  -1.16500622  10.72473725  20.33881111
  26.18004207  25.54309673  15.87231139] 
[-25.40731779 -25.74295732  -1.16530011  10.72466156  20.33761064
  26.17817094  25.54189557  15.87146532] 
[-25.40774491 -25.7440664   -1.16559728  10.72455402  20.33640262
  26.176236    25.54070224  15.87063746] 
[-25.40817689 -25.74516669  -1.16590165  10.72445594  20.3351923
  26.17431506  25.53950371  15.86980773] 
[-25.40863251 -25.74628266  -1.16619921  10.72432601  20.3340131
  26.17243752  25.53834939  15.86896561] 
[-25.40908495 -25.74730541  -1.16649437  10.72423834  20.33286476
  26.17065551  25.53721645  15.86814181] 
[-25.40953514 -25.74830569  -1.16679424  10.72415403  20.33171868
  26.16889642  25.5360885   15.86731932] 
[-25.40999964 -25.74931505  -1.16707702  10.72405976  20.33059106
  26.16716531  25.53493991  15.86648176] 
[-25.41043286 -25.75038032  -1.16737825  10.72396722  20.3294801
  26.16538296  25.53378648  15.86566359] 
[-25.41088666 -25.75140569  -1.16766706  10.72386177  20.32839076
  26.16366952  25.53266953  15.86483251] 
[-25.41133679 -25.75241922  -1.16796112  10.72376525  20.3273036
  26.16196946  25.5315532   15.86400927] 
[-25.41174982 -25.75340164  -1.16827886  10.72365305  20.3262452
  26.16027824  25.53045469  15.863181  ] 
[-25.41215222 -25.75453427  -1.16863972  10.72353422  20.32519644
  26.15844248  25.5293432   15.86237429] 
[-25.41257168 -25.75564032  -1.16902222  10.72344104  20.32416151
  26.15664997  25.52821368  15.86158567] 
[-25.4129448  -25.75673299  -1.16940087  10.7233419   20.32316654
  26.15485721  25.52711647  15.86084111] 
[-25.4133232  -25.75780279  -1.1697785   10.72325498  20.32216925
  26.15309185  25.52602001  15.86009995] 
[-25.41370395 -25.75885744  -1.17015462  10.72317777  20.32117313
  26.15134689  25.52492285  15.859364  ] 
[-25.4140769  -25.75986895  -1.1705424   10.72313518  20.32018727
  26.14962978  25.52383347  15.85861238] 
[-25.41445555 -25.76088543  -1.17092578  10.72310464  20.31919767
  26.1479206   25.52273519  15.85785568] 
[-25.41483466 -25.76187961  -1.17131178  10.72308237  20.31820615
  26.14623812  25.52163353  15.85710179] 
[-25.41519286 -25.76285027  -1.17168599  10.72308249  20.3172382
  26.14457439  25.5205226   15.85636581] 
[-25.41560203 -25.76379977  -1.17211325  10.72309313  20.31622869
  26.14293732  25.51936801  15.85563545] 
[-25.41601066 -25.76474469  -1.17253459  10.72310606  20.31521957
  26.14131095  25.5182214   15.85491242] 
[-25.41640503 -25.76569303  -1.17296884  10.72310678  20.31422476
  26.1396966   25.51706612  15.85419056] 
[-25.41680079 -25.76674004  -1.17343515  10.72309449  20.31320476
  26.13798454  25.5159065   15.85347561] 
[-25.41719692 -25.76778031  -1.17389601  10.72308681  20.31218733
  26.13628677  25.51475237  15.8527649 ] 
[-25.4175938  -25.76881247  -1.17435076  10.72308341  20.31117356
  26.13460406  25.51360338  15.85205874] 
[-25.41799036 -25.76983315  -1.17480387  10.72308129  20.31016182
  26.13293824  25.51245716  15.85135589] 
[-25.41837201 -25.77086956  -1.17525367  10.72306584  20.30915571
  26.13125988  25.5113176   15.85066291] 
[-25.41875259 -25.77196632  -1.17573043  10.72304489  20.30815429
  26.12952487  25.51015928  15.84999039] 
[-25.41914506 -25.77303222  -1.17621189  10.72302528  20.30714949
  26.12782455  25.50899834  15.84932371] 
[-25.41953152 -25.77407814  -1.17664979  10.7230451   20.30617073
  26.12613407  25.50787306  15.84865223] 
[-25.41993318 -25.7751178   -1.17706834  10.72309202  20.30520457
  26.12447117  25.5067386   15.8479655 ] 
[-25.42033181 -25.77615062  -1.17748788  10.72313182  20.30423883
  26.12281954  25.50561216  15.84728752] 
[-25.42072275 -25.77720489  -1.1778951   10.72318538  20.30326715
  26.12116642  25.50446915  15.84659046] 
[-25.42111287 -25.77825325  -1.17830275  10.72323365  20.30229684
  26.11952412  25.50333317  15.84590004] 
[-25.42150587 -25.77927872  -1.17872294  10.72327218  20.3013373
  26.1179003   25.50221197  15.84522194] 
[-25.42191858 -25.78032697  -1.17914996  10.72331924  20.30037488
  26.11624415  25.501094    15.84452765] 
[-25.42232879 -25.78137014  -1.17957666  10.72335551  20.29940953
  26.11459964  25.49997794  15.84384626] 
[-25.42273801 -25.78241139  -1.18000269  10.72338725  20.29844671
  26.11296375  25.49886882  15.84317318] 
[-25.42315555 -25.78343106  -1.18041324  10.72341808  20.2974969
  26.11136889  25.497758    15.84250955] 
[-25.42357924 -25.78442971  -1.18083276  10.72345263  20.29654222
  26.10979446  25.49664455  15.84184488] 
[-25.42398966 -25.78544742  -1.18125258  10.72348651  20.29559969
  26.10820836  25.49554488  15.84119479] 
[-25.42439891 -25.78644509  -1.18169377  10.72352087  20.29468026
  26.10662308  25.49446918  15.84057127] 
[-25.42481385 -25.78742058  -1.18212558  10.72353882  20.29377283
  26.10508038  25.49341793  15.83996024] 
[-25.42522202 -25.788392    -1.18255738  10.72354904  20.29286499
  26.10354455  25.49237673  15.83936111] 
[-25.42564197 -25.78933274  -1.18297234  10.7235747   20.29195305
  26.10204826  25.49134213  15.83877193] 
[-25.42606422 -25.79028069  -1.18339027  10.72358508  20.29103709
  26.10056475  25.49032364  15.83819937] 
[-25.42647254 -25.79125017  -1.18381718  10.72356961  20.29012027
  26.09908028  25.48929688  15.83764557] 
[-25.42687292 -25.79223797  -1.18425071  10.72354662  20.28919874
  26.09755953  25.4882787   15.83708657] 
[-25.42727793 -25.79323946  -1.18468075  10.72352753  20.28827977
  26.09602798  25.48725951  15.83652343] 
[-25.42768521 -25.79423763  -1.18510498  10.72351311  20.28736141
  26.09450271  25.48624854  15.83596282] 
[-25.42809032 -25.79525069  -1.18552744  10.72350854  20.28644733
  26.09296533  25.48523571  15.83540215] 
[-25.42849953 -25.79626096  -1.18594657  10.72350416  20.28553145
  26.09143202  25.48422751  15.83484127] 
[-25.42890244 -25.79727106  -1.18636434  10.72349373  20.28461572
  26.08991058  25.48322976  15.83428238] 
[-25.42931133 -25.79827239  -1.18677402  10.7234942   20.28369852
  26.0883964   25.48224031  15.83372166] 
[-25.42972078 -25.79926933  -1.18717945  10.72349655  20.28278411
  26.08688975  25.48125812  15.83316494] 
[-25.43013252 -25.80025213  -1.18757996  10.72350093  20.28187078
  26.08540165  25.48028445  15.83261407] 
[-25.43054224 -25.8012299   -1.1879761   10.72350712  20.28096181
  26.08392292  25.47931654  15.83206678] 
[-25.43096294 -25.80218848  -1.18833637  10.7235443   20.2800719
  26.08248286  25.47838142  15.83151365] 
[-25.43136333 -25.80316078  -1.18868191  10.72355449  20.27917989
  26.08105529  25.47744771  15.83098635] 
[-25.43174369 -25.80411436  -1.18905238  10.72358111  20.27831249
  26.07962722  25.47649542  15.83046793] 
[-25.4321232  -25.80506226  -1.18942005  10.72360697  20.27744908
  26.07820853  25.47554918  15.82995209] 
[-25.43251851 -25.8059712   -1.18980057  10.72364435  20.27657894
  26.07682531  25.47459663  15.82943992] 
[-25.4329111  -25.8068788   -1.19017709  10.72367966  20.27571349
  26.07544843  25.47365268  15.82893024] 
[-25.4332969  -25.80777801  -1.19054642  10.72371203  20.27484999
  26.0740876   25.47272307  15.82842548] 
[-25.43368077 -25.80867459  -1.19092181  10.72374381  20.27398964
  26.07273186  25.4717812   15.82792183] 
[-25.43405814 -25.80956106  -1.19130101  10.72378294  20.27312684
  26.07137585  25.47085461  15.82742662] 
[-25.43442968 -25.81045179  -1.19166942  10.72382186  20.27228079
  26.0700329   25.46994767  15.82692819] 
[-25.43479706 -25.81134542  -1.19203224  10.72385684  20.27144083
  26.06869159  25.46904959  15.82643277] 
[-25.43516527 -25.81228572  -1.19241192  10.72390389  20.27060408
  26.06730226  25.46814947  15.82593649] 
[-25.4355333  -25.81322735  -1.19277655  10.72394793  20.26976994
  26.06592625  25.46726278  15.82545239] 
[-25.43590002 -25.81416548  -1.19313957  10.72399256  20.26893839
  26.0645588   25.4663837   15.82496845] 
[-25.43626693 -25.81510684  -1.19350323  10.72402129  20.26812027
  26.06320589  25.46552056  15.82448895] 
[-25.43662806 -25.81597618  -1.19387506  10.72405564  20.26729603
  26.06192119  25.46467483  15.82400634] 
[-25.43698292 -25.81684002  -1.19424354  10.72408818  20.26648235
  26.06064839  25.46383767  15.82352885] 
[-25.4373396  -25.81769945  -1.19460278  10.72412362  20.26567151
  26.05938631  25.4630096   15.82305767] 
[-25.43769933 -25.81855208  -1.19496109  10.7241601   20.26486354
  26.05813203  25.46218423  15.82258613] 
[-25.43805176 -25.81940586  -1.19530344  10.72420196  20.26406087
  26.05688661  25.46137035  15.8221162 ] 
[-25.43840401 -25.82025406  -1.19564194  10.72424274  20.26326201
  26.05564876  25.46056237  15.82164947] 
[-25.43875257 -25.82110125  -1.19597537  10.72428043  20.2624687
  26.05441721  25.45976222  15.82118743] 
[-25.43910195 -25.82194344  -1.19630452  10.72431312  20.2616814
  26.05319012  25.45896527  15.82073201] 
[-25.43945514 -25.82278784  -1.19664949  10.72434475  20.26089799
  26.0519505   25.45816222  15.82026595] 
[-25.43981218 -25.82362148  -1.19699639  10.72437961  20.2601158
  26.05072166  25.45735754  15.8197975 ] 
[-25.44016568 -25.82445004  -1.19733597  10.72441641  20.25933613
  26.04950279  25.45655932  15.81933221] 
[-25.44051814 -25.82527805  -1.19767017  10.72445024  20.25856016
  26.04828749  25.45576716  15.81887121] 
[-25.44086433 -25.82606336  -1.19798567  10.72450283  20.25778215
  26.04711279  25.45496951  15.81840126] 
[-25.44119847 -25.82681388  -1.19827862  10.72455243  20.25700313
  26.0459788   25.45418122  15.81794986] 
[-25.44153453 -25.82757096  -1.19857005  10.72460254  20.25622754
  26.04483942  25.45339926  15.81750038] 
[-25.44186888 -25.82834117  -1.19885165  10.72464173  20.25545897
  26.04369323  25.45263271  15.8170626 ] 
[-25.44219772 -25.82911278  -1.19913009  10.72467273  20.25469581
  26.0425522   25.45187361  15.81662939] 
[-25.44253397 -25.82988577  -1.1993981   10.72469606  20.25392847
  26.04141803  25.45112936  15.8161963 ] 
[-25.44286661 -25.83066898  -1.19967013  10.7247175   20.25316521
  26.04026772  25.45037704  15.81576274] 
[-25.44320794 -25.83146023  -1.19993385  10.72473559  20.25242014
  26.03913691  25.44965429  15.81535458] 
[-25.44355111 -25.8322487   -1.20019531  10.72475054  20.25167704
  26.03801068  25.44893831  15.81494807] 
[-25.44388421 -25.83304973  -1.20045883  10.72476889  20.25094551
  26.03687356  25.44823196  15.81454962] 
[-25.44421706 -25.83384894  -1.20072194  10.72478471  20.25021648
  26.03573962  25.44752965  15.81415361] 
[-25.44455241 -25.83464121  -1.20098658  10.72480449  20.24949248
  26.03460959  25.44683237  15.81375594] 
[-25.44488742 -25.83542922  -1.20124978  10.72482242  20.24877274
  26.03348406  25.44613843  15.81336156] 
[-25.44522295 -25.83626775  -1.20154783  10.72482815  20.24805457
  26.03230811  25.44541589  15.81297352] 
[-25.44556509 -25.83709959  -1.20183539  10.72482852  20.24733135
  26.0311358   25.44470697  15.81259388] 
[-25.44590539 -25.83792581  -1.20211953  10.72483106  20.24661226
  26.02996827  25.44400439  15.81221572] 
[-25.44625151 -25.83873604  -1.20240996  10.72484378  20.24590476
  26.02880874  25.4433138   15.81184493] 
[-25.44659872 -25.83953927  -1.20269691  10.7248562   20.24519909
  26.02765897  25.44262867  15.8114775 ] 
[-25.44694468 -25.84033917  -1.20298095  10.72486887  20.24449686
  26.02651503  25.44194733  15.8111121 ] 
[-25.44729079 -25.84113923  -1.20326086  10.72488372  20.24379818
  26.02537318  25.44127091  15.81074697] 
[-25.44765886 -25.84193302  -1.20354372  10.72490303  20.24308156
  26.02423287  25.44058177  15.810381  ] 
[-25.44801818 -25.84273004  -1.20382885  10.72491     20.24236477
  26.02310013  25.43990169  15.81001544] 
[-25.44836519 -25.84349488  -1.20411669  10.72491518  20.24165752
  26.02200362  25.43923616  15.8096645 ] 
[-25.44871055 -25.84427439  -1.20439178  10.72491448  20.24095618
  26.02089875  25.43858362  15.80932402] 
[-25.44905481 -25.84506377  -1.20466875  10.72490797  20.24025935
  26.01978763  25.43793589  15.80899086] 
[-25.44939741 -25.84585136  -1.20494395  10.72490446  20.23956767
  26.01868     25.43729177  15.80865884] 
[-25.44973944 -25.84662979  -1.20521886  10.72490197  20.23888062
  26.01758146  25.43665404  15.80833102] 
[-25.45008007 -25.84740579  -1.20549064  10.72490189  20.23819811
  26.01648745  25.43601985  15.80800415] 
[-25.45040259 -25.84814011  -1.20577896  10.72491698  20.23754513
  26.0154367   25.43536828  15.80768479] 
[-25.45072359 -25.8488744   -1.20606368  10.7249342   20.23689841
  26.01438599  25.4347207   15.80736244] 
[-25.45104384 -25.84960665  -1.20634435  10.72495151  20.23625497
  26.0133399   25.43407773  15.80704115] 
[-25.45137335 -25.85033475  -1.20663325  10.7249784   20.2356124
  26.01229688  25.43342849  15.80671609] 
[-25.45170303 -25.85106051  -1.20691679  10.72500458  20.23497284
  26.01125802  25.43278235  15.8063904 ] 
[-25.45203474 -25.85178013  -1.20719794  10.72503473  20.2343388
  26.01022482  25.43214274  15.80606798] 
[-25.45236851 -25.8524988   -1.2074761   10.72506039  20.23370343
  26.009196    25.43150424  15.80574499] 
[-25.45269847 -25.85322591  -1.20774389  10.72508558  20.23306759
  26.00816248  25.43087625  15.80542668] 
[-25.45302454 -25.85395222  -1.20801054  10.72510781  20.23243685
  26.00713403  25.43025045  15.8051095 ] 
[-25.45334867 -25.85467645  -1.20827309  10.7251288   20.23180881
  26.00610972  25.42962966  15.8047936 ] 
[-25.45366899 -25.85540135  -1.20853096  10.72514168  20.23117929
  26.00508487  25.42901159  15.80448524] 
[-25.45399503 -25.85613482  -1.20879498  10.72515363  20.23054542
  26.00405169  25.42839014  15.80417761] 
[-25.45432354 -25.85687099  -1.20904997  10.72515904  20.22992016
  26.0030287   25.4277674   15.8038658 ] 
[-25.45465152 -25.85760448  -1.20930195  10.72516656  20.22929844
  26.0020102   25.42714866  15.80355423] 
[-25.4549817  -25.85833773  -1.2095572   10.72518189  20.22868163
  26.00099496  25.42652786  15.80323723] 
[-25.4553102  -25.85906858  -1.20980979  10.72519695  20.22806744
  25.99998366  25.42591186  15.80292215] 
[-25.45564041 -25.85979837  -1.21006071  10.72522418  20.22746374
  25.99898164  25.42530768  15.80259979] 
[-25.45596666 -25.8605272   -1.21030699  10.72525102  20.22686127
  25.99798432  25.424707    15.80228193] 
[-25.4562875  -25.86125497  -1.21054807  10.72527609  20.22626406
  25.99699253  25.42411137  15.80196787] 
[-25.45659213 -25.86197223  -1.2107944   10.72531681  20.2256896
  25.99601943  25.42352897  15.80164178] 
[-25.45689536 -25.86268677  -1.21103841  10.72535453  20.2251167
  25.99505062  25.42295033  15.80131938] 
[-25.45719807 -25.86340073  -1.21128163  10.72538841  20.22454501
  25.99408391  25.4223748   15.8010008 ] 
[-25.4574979  -25.8641099   -1.21151998  10.72542016  20.22397584
  25.99312246  25.42180509  15.80068439] 
[-25.4577967  -25.86481617  -1.21175614  10.72544984  20.22340826
  25.99216525  25.421239    15.80037126] 
[-25.45810025 -25.8655343   -1.21198592  10.72548421  20.22284238
  25.99119699  25.42068069  15.80005717] 
[-25.45839661 -25.86625673  -1.21221737  10.72552012  20.22227362
  25.99023728  25.42013397  15.79975708] 
[-25.45868609 -25.86694638  -1.21242344  10.72556797  20.22170214
  25.98931006  25.4196088   15.79945707] 
[-25.458973   -25.8676337   -1.21263095  10.72561053  20.22113469
  25.98838742  25.41908434  15.79915945] 
[-25.45925922 -25.86831786  -1.21283666  10.72565079  20.22056925
  25.98746796  25.41856352  15.79886409] 
[-25.45954788 -25.86899855  -1.21303755  10.72569195  20.22000741
  25.98655642  25.4180452   15.79857433] 
[-25.45983904 -25.8696769   -1.21323513  10.72573207  20.21944573
  25.9856455   25.41753133  15.79828572] 
[-25.46012855 -25.87035286  -1.21342803  10.72576177  20.21889059
  25.98474483  25.41701768  15.79800499] 
[-25.46041598 -25.87102475  -1.21361701  10.72578505  20.21834039
  25.98385201  25.41650958  15.79773071] 
[-25.46070379 -25.87169295  -1.21380527  10.72580747  20.21779161
  25.98296206  25.41600514  15.79745856] 
[-25.4609945  -25.87235274  -1.21399997  10.72582359  20.21724789
  25.98208265  25.4155015   15.7971883 ] 
[-25.46128587 -25.87301296  -1.21419377  10.72583916  20.21670568
  25.98120294  25.41500231  15.79691992] 
[-25.4615736  -25.87367282  -1.21438953  10.72584854  20.21616352
  25.98032778  25.41450826  15.79665191] 
[-25.46186063 -25.87432864  -1.21458995  10.72585203  20.21561924
  25.97945399  25.41401648  15.79638466] 
[-25.46215489 -25.87498641  -1.21479068  10.72584995  20.21506811
  25.97857484  25.4135266   15.79611938] 
[-25.46244837 -25.87564858  -1.21499013  10.72584954  20.21451862
  25.977687    25.41303889  15.79585509] 
[-25.46274398 -25.87630291  -1.21517682  10.72583871  20.21397781
  25.97681784  25.41256058  15.79560531] 
[-25.46303805 -25.87695379  -1.21536098  10.72583077  20.21343969
  25.97595268  25.41208542  15.79535685] 
[-25.46333752 -25.8775878   -1.21555038  10.72581854  20.21289967
  25.97510315  25.41161609  15.79510669] 
[-25.46363481 -25.87822069  -1.21573747  10.72580781  20.21236296
  25.97425509  25.41114961  15.79485774] 
[-25.46392939 -25.8788544   -1.2159245   10.72579823  20.21182896
  25.97340649  25.41068494  15.7946105 ] 
[-25.46422245 -25.87949961  -1.21610197  10.72579842  20.21129718
  25.9725469   25.41022463  15.79436412] 
[-25.46451583 -25.88014495  -1.21627852  10.72579845  20.21076516
  25.97168904  25.40976851  15.79411939] 
[-25.46480675 -25.88079308  -1.2164615   10.72580042  20.21023145
  25.9708336   25.40930812  15.79387927] 
[-25.46509631 -25.88143642  -1.21664529  10.72580291  20.20969951
  25.96998325  25.40884899  15.79363992] 
[-25.46538451 -25.88207632  -1.21682892  10.72580433  20.20916931
  25.96913538  25.40839281  15.793403  ] 
[-25.4656751  -25.88271422  -1.21701265  10.72580934  20.20863709
  25.96828542  25.40793413  15.79316203] 
[-25.46596339 -25.88334855  -1.21719244  10.72581272  20.20810575
  25.96743763  25.40747988  15.79292144] 
[-25.46624972 -25.88398146  -1.21736847  10.72581836  20.2075757
  25.96659372  25.407027    15.79268359] 
[-25.4665349  -25.88461081  -1.21754379  10.72582399  20.20704893
  25.96575322  25.4065757   15.79244739] 
[-25.46681967 -25.88523709  -1.21771869  10.72582976  20.20652475
  25.96491575  25.40612664  15.79221214] 
[-25.46710076 -25.88586183  -1.21789285  10.72583573  20.20600597
  25.96408264  25.40567778  15.79197801] 
[-25.46738141 -25.8864837   -1.21806639  10.72584203  20.20548954
  25.96325264  25.40523108  15.79174499] 
[-25.4676602  -25.88710189  -1.21824126  10.72585041  20.20497701
  25.9624245   25.40478415  15.79151088] 
[-25.46793848 -25.88771741  -1.21841535  10.72585884  20.20446667
  25.96159955  25.4043394   15.79127806] 
[-25.4682076  -25.88832897  -1.21858135  10.72587699  20.20396825
  25.96078389  25.40389206  15.79103896] 
[-25.4684789  -25.88892876  -1.21875099  10.72589765  20.20347144
  25.95997947  25.40344708  15.79080349] 
[-25.46875258 -25.88952373  -1.21892451  10.72591687  20.20297955
  25.95918314  25.40300466  15.79057303] 
[-25.46902451 -25.89011781  -1.21909858  10.72593727  20.20248841
  25.95839019  25.40256613  15.79034196] 
[-25.46929461 -25.89070873  -1.21926793  10.72595888  20.20200042
  25.9576032   25.40213108  15.79011498] 
[-25.46956862 -25.89129748  -1.21943868  10.72598593  20.20150944
  25.95681357  25.40169835  15.78988349] 
[-25.46983571 -25.89187686  -1.21959979  10.72600585  20.20102731
  25.95603062  25.4012763   15.78965048] 
[-25.470099   -25.89245842  -1.21976141  10.72602126  20.20054858
  25.95524737  25.40085745  15.7894222 ] 
[-25.47036129 -25.893038    -1.21992138  10.72603731  20.20007008
  25.95446547  25.40043993  15.78919681] 
[-25.47062676 -25.89360491  -1.22008419  10.72605171  20.199589
  25.95369689  25.40002824  15.78897729] 
[-25.47089281 -25.8941702   -1.22024463  10.72606626  20.19910865
  25.95293137  25.39961968  15.78875844] 
[-25.47115233 -25.89474964  -1.22040422  10.7260768   20.19863257
  25.95215333  25.39920608  15.78853973] 
[-25.47141172 -25.89532656  -1.22056321  10.72608704  20.19815814
  25.95137851  25.39879435  15.78832239] 
[-25.47166918 -25.89590096  -1.22072045  10.72609626  20.19768633
  25.95060807  25.39838376  15.78810633] 
[-25.47192642 -25.89647294  -1.22087715  10.72610525  20.19721623
  25.94984066  25.39797511  15.78789164] 
[-25.47218295 -25.89706792  -1.22103415  10.72610923  20.19674813
  25.94905264  25.39755838  15.78768273] 
[-25.47243963 -25.89765895  -1.22119134  10.72611366  20.19628165
  25.94826875  25.39714366  15.78747433] 
[-25.47269591 -25.89824917  -1.22135148  10.7261159   20.19581593
  25.94748733  25.39672805  15.78726538] 
[-25.47295138 -25.89883527  -1.22151292  10.72612011  20.19535318
  25.94670868  25.39631311  15.78705804] 
[-25.47321418 -25.89943214  -1.22167724  10.72613088  20.19489116
  25.94591857  25.3959009   15.7868442 ] 
[-25.47347534 -25.90002742  -1.22183828  10.72614241  20.19442996
  25.94513309  25.39549302  15.78663155] 
[-25.47374167 -25.9006246   -1.22199651  10.72615501  20.19396449
  25.94435026  25.39508651  15.78642412] 
[-25.47400748 -25.90121887  -1.22215453  10.72616719  20.19350067
  25.94357081  25.39468205  15.78621814] 
[-25.47427252 -25.90181119  -1.22231253  10.72617927  20.19303857
  25.94279379  25.39427954  15.78601336] 
[-25.47453932 -25.90239882  -1.22247189  10.72619399  20.192579
  25.94201933  25.39387968  15.78580742] 
[-25.47480676 -25.90298608  -1.22263543  10.72620302  20.19212282
  25.9412503   25.39347802  15.78560672] 
[-25.47507409 -25.90357064  -1.22279897  10.72621188  20.19166829
  25.94048445  25.39307763  15.78540732] 
[-25.47534109 -25.9041524   -1.22296174  10.72622077  20.19121489
  25.93972197  25.39267914  15.78520917] 
[-25.47560748 -25.90473169  -1.22312353  10.72622948  20.1907628
  25.93896264  25.39228272  15.78501246] 
[-25.47586952 -25.90531214  -1.2232883   10.72623058  20.19030896
  25.93820875  25.3918915   15.78481508] 
[-25.47613188 -25.90589239  -1.22345227  10.72623251  20.18985594
  25.93745644  25.39149983  15.7846169 ] 
[-25.47639146 -25.90646909  -1.22361169  10.72623627  20.18940711
  25.93670949  25.39111284  15.7844189 ] 
[-25.47664906 -25.9070424   -1.22377146  10.72624143  20.18896085
  25.93596487  25.39072527  15.78422015] 
[-25.47690609 -25.90761342  -1.22392948  10.72624733  20.18851565
  25.9352234   25.39033942  15.78402336] 
[-25.47716424 -25.9081815   -1.22409313  10.72624852  20.18807296
  25.9344816   25.38995141  15.78383015] 
[-25.47742171 -25.90874707  -1.22425553  10.72625055  20.18763105
  25.9337426   25.38956456  15.78363746] 
[-25.47767771 -25.90930931  -1.22441642  10.72625186  20.18719107
  25.93300703  25.38918082  15.78344738] 
[-25.47793384 -25.90986922  -1.22457557  10.72625379  20.1867521
  25.93227455  25.38879942  15.78325844] 
[-25.47819472 -25.9104225   -1.22472755  10.72626657  20.18631894
  25.93154087  25.38841595  15.78307415] 
[-25.47845265 -25.91097553  -1.22488117  10.72627427  20.185885
  25.93081203  25.38803652  15.78288972] 
[-25.47871155 -25.91152807  -1.22503023  10.72627804  20.18545488
  25.93009017  25.38765863  15.78271156] 
[-25.478967   -25.91207383  -1.22518197  10.72627917  20.1850309
  25.92937301  25.38728654  15.78253902] 
[-25.47922251 -25.91261766  -1.22533266  10.72628094  20.18460763
  25.92865889  25.38691666  15.78236731] 
[-25.47947822 -25.91315938  -1.22548177  10.72628289  20.18418475
  25.92794722  25.38654933  15.78219627] 
[-25.47973292 -25.91369984  -1.22562935  10.72628556  20.18376346
  25.92723765  25.38618434  15.78202604] 
[-25.47999238 -25.91423872  -1.22577849  10.72629263  20.18333688
  25.92652457  25.38582148  15.78185011] 
[-25.48025058 -25.91477586  -1.22592586  10.72629906  20.1829114
  25.92581487  25.38546102  15.78167593] 
[-25.4805079  -25.915311    -1.22607091  10.72630519  20.18248646
  25.92510897  25.38510343  15.78150252] 
[-25.48076398 -25.91584504  -1.22621443  10.72631106  20.18206309
  25.92440514  25.384748    15.78133007] 
[-25.48101755 -25.91637539  -1.22635763  10.72631844  20.18164318
  25.92370413  25.38439535  15.78115699] 
[-25.4812703  -25.91690393  -1.22649991  10.72632539  20.18122423
  25.9230061   25.38404412  15.78098518] 
[-25.48152234 -25.91745085  -1.22664246  10.72632901  20.18080679
  25.92229157  25.38368562  15.7808175 ] 
[-25.48177354 -25.9179963   -1.22678148  10.72633591  20.18038965
  25.9215774   25.38332902  15.78065095] 
[-25.48202481 -25.91854005  -1.22692105  10.72634122  20.17997055
  25.92086658  25.38297326  15.78048617] 
[-25.48227464 -25.91908265  -1.2270616   10.72634655  20.17955304
  25.92015685  25.38261885  15.78032202] 
[-25.4825242  -25.91962274  -1.22720126  10.72635178  20.17913639
  25.91945023  25.38226655  15.78015855] 
[-25.48277369 -25.92016092  -1.22733985  10.7263571   20.17872039
  25.91874625  25.38191626  15.7799963 ] 
[-25.48302241 -25.92069515  -1.2274807   10.72636851  20.17830167
  25.91804036  25.38156913  15.77982996] 
[-25.48327097 -25.92122728  -1.22762074  10.72637941  20.17788401
  25.91733789  25.38122362  15.7796647 ] 
[-25.48351744 -25.92175636  -1.22776168  10.72638633  20.17746593
  25.91663729  25.38088143  15.77950328] 
[-25.48376333 -25.92228895  -1.22790217  10.7263901   20.17704896
  25.91593496  25.38053858  15.7793454 ] 
[-25.48400935 -25.92281934  -1.22804174  10.7263942   20.1766332
  25.91523604  25.38019734  15.77918814] 
[-25.48425416 -25.9233494   -1.22817894  10.72639944  20.17621975
  25.91453896  25.37985892  15.77903245] 
[-25.48450088 -25.92387878  -1.22831893  10.72640786  20.17580878
  25.9138453   25.37951862  15.77887481] 
[-25.48474742 -25.92440987  -1.22845703  10.7264173   20.17539707
  25.91315078  25.37918045  15.77871639] 
[-25.48499335 -25.92494113  -1.22859867  10.7264265   20.17498504
  25.91245175  25.37883602  15.77855237] 
[-25.48524046 -25.92547078  -1.22873754  10.72643389  20.1745726
  25.91175743  25.37849516  15.77839124] 
[-25.48548653 -25.92599697  -1.22887256  10.72644378  20.17415983
  25.91106529  25.37815804  15.77822909] 
[-25.48573146 -25.92652097  -1.22900626  10.72645152  20.17374695
  25.91037527  25.37782138  15.77806907] 
[-25.48597599 -25.92704248  -1.22913992  10.72645863  20.17333566
  25.90968852  25.37748582  15.77791012] 
[-25.48622002 -25.92756158  -1.2292734   10.72646522  20.17292602
  25.90900494  25.37715139  15.77775239] 
[-25.48646448 -25.92807848  -1.22940583  10.72647244  20.17251746
  25.90832455  25.37681828  15.77759524] 
[-25.48670806 -25.92859226  -1.22953485  10.72648175  20.17210865
  25.90764639  25.37648864  15.77743734] 
[-25.48695336 -25.9291028   -1.22966204  10.72649329  20.171702
  25.90697053  25.37615939  15.7772812 ] 
[-25.48719452 -25.92959453  -1.22978202  10.72649416  20.17130504
  25.9063173   25.37582861  15.77713473] 
[-25.48743628 -25.93008451  -1.22990258  10.7264948   20.17090847
  25.90566616  25.37549985  15.77698844] 
[-25.48767835 -25.93057234  -1.23002236  10.72649448  20.17051359
  25.90501699  25.37517245  15.77684375] 

 Time 
6089.808202266693 
