Parameters 
 
[-0.5 -0.5 -0.5 -0.5 -0.5 -0.5 -0.5 -0.5 -0.5 -0.5 -0.5 -0.5] 
[-16.84688658   5.71221328  28.38479579 -14.80224367 -13.96888728
 -17.8618669  -20.78173403  10.11126281  10.04356152  31.46406331
  13.50531227  21.18729861] 
[-14.6630423   12.7666596   23.16268675  -8.24544228  -8.01656191
 -11.97382953 -26.30460597  16.01643535  12.57937549  31.60189945
  25.29635344  27.43574021] 
[ -9.37686546  13.22475378  18.89718746  -4.36431102  -5.54174533
 -11.62868803 -30.03646924  16.31971554  14.40935611  26.54949708
  25.94036994  24.28534045] 
[ -6.30087607  14.63602043  17.15916017  -0.04773686  -5.04089556
 -12.4566576  -31.74882849  16.27144704  15.77933319  23.14068726
  25.06863656  22.54709691] 
[-10.07261988  10.16159009  17.17984623  -3.41489668  -5.10778298
  -8.75527209 -32.44009712  16.65023542  11.68890994  21.73031461
  29.15530595  22.58001818] 
[ -9.48511104  10.70692248  17.62043424  -3.02480321  -5.16374326
  -9.90054364 -32.27656744  16.85942594  12.54497481  21.97068019
  28.25432823  23.17768766] 
[ -9.68195716  10.36183296  17.55106265  -3.01712794  -5.30332975
  -9.66281189 -32.51504722  16.83944549  12.1348281   21.55039561
  28.40748525  22.95848975] 
[ -9.56874318  10.46620403  17.47640397  -2.92199019  -5.34748537
  -9.75188676 -32.50147004  16.74038425  12.16531922  21.71689473
  28.20862443  22.94197701] 
[ -9.49190145  10.48839065  17.38855144  -2.82145137  -5.41529577
  -9.8138721  -32.54385101  16.65975332  12.12901882  21.78705457
  28.04079737  22.90628234] 
[ -9.44885803  10.48977842  17.31783755  -2.76913221  -5.48391778
  -9.84888265 -32.57821842  16.59913787  12.08504814  21.85520378
  27.90327605  22.87846561] 
[ -9.44073722  10.4522006   17.27076398  -2.74482473  -5.5552462
  -9.90769673 -32.59861236  16.61328496  12.03705332  21.86611326
  27.75776803  22.8612155 ] 
[ -9.42563045  10.41636746  17.22474087  -2.73000164  -5.63032358
  -9.96392568 -32.6454454   16.62735838  11.99355833  21.86834903
  27.62202732  22.84696691] 
[ -9.36062778  10.38257146  17.2084387   -2.70715072  -5.75429842
 -10.03756486 -32.69435302  16.66131587  11.94410925  21.86550603
  27.49590676  22.77597355] 
[ -9.35162035  10.34562926  17.16734102  -2.70950306  -5.80636678
 -10.09179879 -32.71954636  16.68008336  11.89517013  21.86276341
  27.37999003  22.75109914] 
[ -9.42574919   9.98668176  16.83082227  -2.64044901  -5.785921
 -10.44694283 -32.25827952  16.97337207  11.8492659   21.59051351
  27.13301076  22.63652288] 
[ -9.41258349   9.82988191  16.64071293  -2.66938442  -5.66011491
 -10.51346933 -32.04265684  17.03371964  11.77624209  21.54680833
  26.98777157  22.58215931] 
[ -9.41417519   9.72572029  16.51928232  -2.6609017   -5.66633143
 -10.6121167  -31.96091747  17.10858996  11.72929078  21.50853744
  26.87218638  22.52071999] 
[ -9.38763871   9.68115863  16.44395521  -2.6796772   -5.65840299
 -10.61968927 -31.94546546  17.14693026  11.69963633  21.52261668
  26.82949441  22.48953238] 
[ -9.33896663   9.613794    16.3407749   -2.67972061  -5.66044031
 -10.64516964 -31.92875319  17.18954143  11.68875994  21.52151288
  26.78026522  22.46271937] 
[ -9.35985506   9.5099009   16.27668663  -2.71205297  -5.67463579
 -10.67903926 -31.93346811  17.22857197  11.63763704  21.51067164
  26.69747084  22.47530754] 
[ -9.38866389   9.40493703  16.22576227  -2.75701509  -5.68086061
 -10.70936427 -31.93697574  17.28443083  11.5850439   21.48764765
  26.63735839  22.50023233] 
[ -9.40339201   9.30665886  16.18056549  -2.79704737  -5.6818292
 -10.73867046 -31.93896362  17.33742624  11.54554874  21.455976
  26.59008777  22.52131653] 
[ -9.37218755   9.22874326  16.14431164  -2.81302152  -5.67537009
 -10.765775   -31.9235284   17.38091526  11.54646286  21.40586308
  26.58392119  22.53329883] 
[ -9.35501815   9.15092641  16.11726587  -2.83769832  -5.65917014
 -10.78729816 -31.91189778  17.42021886  11.5410922   21.35488335
  26.57814863  22.55340936] 
[ -9.36562798   9.00036779  16.1439551   -2.93907291  -5.59832235
 -10.77866991 -31.94321093  17.52375245  11.55076262  21.21741981
  26.60715357  22.66598942] 
[ -9.35616019   8.90242108  16.12118911  -2.97903971  -5.58957456
 -10.79844569 -31.96699385  17.58779007  11.5515373   21.14485668
  26.58961518  22.70266932] 
[ -9.35254947   8.83845889  16.08832722  -3.00359922  -5.59658467
 -10.83027129 -31.98297472  17.63123825  11.54314973  21.10313306
  26.5626484   22.70829708] 
[ -9.34686774   8.79073754  16.06784112  -3.02614632  -5.59740159
 -10.85908869 -31.99471523  17.65625659  11.53206801  21.07234411
  26.53496471  22.70320571] 
[ -9.327051     8.74790129  16.04878121  -3.04308306  -5.60661909
 -10.88775188 -32.01385788  17.67446615  11.53388552  21.04319611
  26.49191118  22.68774504] 
[ -9.27958442   8.65208256  16.02938667  -3.07465785  -5.60321624
 -10.91496966 -32.04224042  17.70206332  11.5607526   20.97921766
  26.41661215  22.6883853 ] 
[ -9.38543277   8.57984741  15.96478872  -3.16359242  -5.56919596
 -10.9953784  -32.07799573  17.8021028   11.4488193   20.92296465
  26.44452444  22.71152542] 
[ -9.34129924   8.57371134  16.00066936  -3.1900945   -5.5324199
 -10.97760915 -32.10873417  17.78186747  11.46861449  20.90664649
  26.42016616  22.70638219] 
[ -9.33871567   8.55677551  16.00721457  -3.21704521  -5.50954051
 -10.98167317 -32.1371822   17.78101401  11.45892494  20.89047698
  26.39887624  22.70086162] 
[ -9.33544182   8.53743257  16.01172836  -3.23984954  -5.49000513
 -10.9859515  -32.16295468  17.77954373  11.4516699   20.87461835
  26.3766681   22.69517894] 
[ -9.3254914    8.51730816  16.02040539  -3.25913686  -5.47286777
 -10.98706835 -32.18780468  17.77311488  11.45425249  20.85909343
  26.35137593  22.68891881] 
[ -9.42211858   8.39460082  15.88063102  -3.28426994  -5.47971359
 -11.08483096 -32.21006007  17.85158124  11.31799012  20.84201245
  26.25446771  22.64836716] 
[ -9.34424144   8.46489536  16.09283576  -3.37466751  -5.36268778
 -11.00966847 -32.23586483  17.82884288  11.36176001  20.79067515
  26.39595014  22.72455   ] 
[ -9.32739787   8.40014859  16.04684261  -3.38690158  -5.3873241
 -11.00635558 -32.2955504   17.83771758  11.42667954  20.76364907
  26.28430431  22.69382533] 
[ -9.32236129   8.36208589  16.03829985  -3.4084102   -5.37831128
 -11.00416608 -32.34126125  17.83569197  11.44630239  20.74323152
  26.22672842  22.67828732] 
[ -9.30698561   8.32781681  16.03902323  -3.41568594  -5.36520811
 -10.9960572  -32.36806557  17.82078101  11.45995802  20.73182306
  26.17836128  22.66816984] 
[ -9.29294328   8.30453752  16.06319957  -3.42812969  -5.32752621
 -10.99000668 -32.38503007  17.80271992  11.44515899  20.72262495
  26.16046363  22.66260124] 
[ -9.28596509   8.27244171  16.06870635  -3.4383477   -5.30303865
 -10.98622508 -32.41783241  17.79098543  11.44167477  20.71249094
  26.12368266  22.65033645] 
[ -9.28022942   8.23978591  16.0780882   -3.45137875  -5.27527784
 -10.98164687 -32.45061129  17.78028147  11.43538773  20.70056927
  26.09176451  22.64215513] 
[ -9.32659875   8.211738    16.09089095  -3.52417966  -5.20523401
 -10.98956128 -32.54438671  17.79604936  11.38579645  20.66221034
  26.06262241  22.62703276] 
[ -9.18297842   8.15131009  16.08270935  -3.38620971  -5.26227247
 -10.94713729 -32.45883613  17.7084042   11.49043205  20.71939752
  25.96481596  22.61364099] 
[ -9.56662871   8.09717973  16.03832465  -3.72744251  -5.12412553
 -10.9782983  -32.95123826  17.91062266  11.4236081   20.53028268
  25.95500022  22.62190581] 
[ -9.39955628   8.0108457   16.02708078  -3.58710913  -5.19958777
 -10.91529568 -32.87829685  17.81548934  11.57963814  20.57382861
  25.82815384  22.62232828] 
[ -9.35729618   8.00158334  16.10836724  -3.59782431  -5.09910046
 -10.90970478 -32.82877106  17.76086891  11.48248486  20.56863593
  25.85195035  22.61607059] 
[ -9.29558205   7.92681715  16.16625971  -3.53825012  -5.07330269
 -10.87617556 -32.82520861  17.72075565  11.50960068  20.59367034
  25.80738078  22.61985003] 
[ -9.25438454   7.86372121  16.23652308  -3.51233777  -5.01474207
 -10.85198344 -32.84353657  17.68347961  11.49726844  20.60959602
  25.76839817  22.62321511] 
[ -9.21426955   7.80181797  16.31937802  -3.46428027  -4.98140789
 -10.81994185 -32.84191144  17.64578637  11.51777159  20.63108072
  25.74988888  22.64830485] 
[ -9.19361186   7.74476759  16.34375747  -3.44889632  -4.92113111
 -10.80281788 -32.89277867  17.62051193  11.48446928  20.65256134
  25.69761578  22.63454159] 
[ -9.1795097    7.69208464  16.3611936   -3.42739421  -4.8804518
 -10.79130177 -32.92841385  17.59617442  11.4644052   20.66984878
  25.66156015  22.62398047] 
[ -9.17159242   7.63981349  16.37920985  -3.41154648  -4.84700123
 -10.78449752 -32.95435463  17.57727829  11.44550934  20.67824686
  25.63524685  22.61843905] 
[ -9.16720773   7.59154559  16.38858716  -3.39260434  -4.8222239
 -10.78088388 -32.97230916  17.55723266  11.42980397  20.68566035
  25.61565123  22.60948278] 
[ -9.15837561   7.54316768  16.40748675  -3.36729899  -4.8012588
 -10.77358283 -32.98673131  17.53444341  11.42394856  20.69615969
  25.59818482  22.60599099] 
[ -9.15209012   7.49578409  16.41520536  -3.34311914  -4.78527603
 -10.76994598 -32.99946863  17.51381843  11.41707379  20.70569791
  25.58135326  22.59882837] 
[ -9.14912707   7.45086693  16.40975596  -3.32073907  -4.7738684
 -10.76859111 -33.01368676  17.49569013  11.40988931  20.71489513
  25.5624979   22.58833857] 
[ -9.14004644   7.40127775  16.42662746  -3.30618567  -4.74942674
 -10.76715831 -33.02359979  17.47591986  11.39880391  20.71926795
  25.54829682  22.58274371] 
[ -9.15139422   7.36587616  16.36759102  -3.28672988  -4.76075659
 -10.77552963 -33.03880018  17.46940828  11.39061624  20.72542644
  25.52532092  22.55940663] 
[ -9.15200894   7.29773499  16.32042731  -3.28510276  -4.73141924
 -10.78915869 -33.12655728  17.47851178  11.3611471   20.73862333
  25.4319119   22.52370037] 
[ -9.14055374   7.28511741  16.40501388  -3.28217021  -4.69824108
 -10.76743914 -33.04770369  17.42275511  11.36045693  20.7267845
  25.51143016  22.56550064] 
[ -9.15360703   7.15883356  16.15315722  -3.25541572  -4.68408405
 -10.8192276  -33.33597709  17.49834537  11.29525054  20.7928774
  25.18668935  22.41330723] 
[ -9.14506173   7.17268252  16.25136509  -3.22624408  -4.66945453
 -10.79639223 -33.13185968  17.40015783  11.32499954  20.76502727
  25.36426821  22.46802391] 
[ -9.14177442   7.1513489   16.27994516  -3.2127458   -4.65054131
 -10.78788089 -33.09279696  17.36245146  11.32605362  20.76298352
  25.39665061  22.4812291 ] 
[ -9.1419259    7.12348913  16.27851002  -3.20439078  -4.63651432
 -10.78536441 -33.09863674  17.34281804  11.3210445   20.76643407
  25.38966186  22.48065389] 
[ -9.14313482   7.09780042  16.27061852  -3.19518641  -4.62637202
 -10.78429755 -33.10503395  17.32489469  11.31723224  20.77050749
  25.38123417  22.47757096] 
[ -9.14491421   7.07612263  16.25952236  -3.18472571  -4.62001424
 -10.78376136 -33.10606484  17.30639238  11.31576486  20.77416314
  25.37683723  22.47425067] 
[ -9.14439057   7.05530485  16.2482671   -3.17126021  -4.61083652
 -10.78037573 -33.10191038  17.28437898  11.31031049  20.78168207
  25.37223669  22.46840862] 
[ -9.14744124   7.03418617  16.23117492  -3.16131025  -4.6071894
 -10.78146955 -33.10762074  17.27030985  11.30797612  20.78587332
  25.36362141  22.46193678] 
[ -9.20252031   7.04745854  16.25382149  -3.14214707  -4.71989281
 -10.78122558 -32.96821782  17.18580005  11.38726842  20.76445468
  25.59144306  22.5619725 ] 
[ -9.15419963   6.97223773  16.19848881  -3.2047739   -4.58668295
 -10.81223359 -33.22825121  17.32209957  11.27706302  20.76598814
  25.26881952  22.43483433] 
[ -9.13309277   6.96592002  16.26415807  -3.16456167  -4.55738653
 -10.76924565 -33.11476141  17.20963529  11.2739232   20.79078718
  25.36319444  22.47574092] 
[ -9.15064704   6.94752598  16.21511453  -3.16113093  -4.58319073
 -10.78646407 -33.15551975  17.22783641  11.28645152  20.78685001
  25.33813636  22.4620172 ] 
[ -9.15653599   6.93166371  16.20101533  -3.1485873   -4.59377035
 -10.78650939 -33.15270418  17.21034852  11.29434221  20.79027662
  25.34836839  22.46580593] 
[ -9.17544904   6.9061504   16.14032046  -3.1531592   -4.63371689
 -10.80577062 -33.22406674  17.23730555  11.31930454  20.78289121
  25.32001158  22.45858124] 
[ -9.14227462   6.91617108  16.19047313  -3.10105836  -4.58289539
 -10.76284169 -33.10353461  17.15584635  11.29053375  20.81396365
  25.37056157  22.4570108 ] 
[ -9.18058696   6.87134356  16.11922112  -3.13884548  -4.64329873
 -10.80621604 -33.23629905  17.2236228   11.32437726  20.78627605
  25.32586072  22.45898344] 
[ -9.17674152   6.89275902  16.17005612  -3.04472811  -4.64597619
 -10.75360724 -33.01944085  17.06033792  11.31609404  20.8468723
  25.47394378  22.49079901] 
[ -9.20092825   6.82732001  16.05420871  -3.15435247  -4.68923937
 -10.82941022 -33.31644119  17.25490604  11.34279487  20.7705107
  25.30706228  22.45317528] 
[ -9.22562605   6.85757663  16.13622424  -3.05873763  -4.72550256
 -10.774211   -33.0728658   17.07377291  11.34969909  20.83979503
  25.51725472  22.50415002] 
[ -9.19934534   6.82180047  16.07531227  -3.10867067  -4.69427156
 -10.79876787 -33.21697385  17.17431784  11.33030809  20.80065775
  25.39313045  22.45769629] 
[ -9.18805743   6.82344798  16.08816695  -3.08627681  -4.67898493
 -10.77960603 -33.16965895  17.13998275  11.31575895  20.8161436
  25.41735986  22.446888  ] 
[ -9.18865933   6.81122979  16.08194428  -3.08068908  -4.68248664
 -10.78034785 -33.17040063  17.13696222  11.31475433  20.81687701
  25.42073626  22.44310917] 
[ -9.18964603   6.7993652   16.07426471  -3.07656801  -4.6864553
 -10.78222319 -33.17336334  17.13583006  11.314166    20.81666047
  25.42169581  22.43860332] 
[ -9.18986118   6.78866208  16.06782621  -3.07219721  -4.68883395
 -10.78316405 -33.17477109  17.13372324  11.31277256  20.8170271
  25.42241412  22.43318014] 
[ -9.18908533   6.77949987  16.06261603  -3.06744554  -4.68949723
 -10.78340217 -33.17466298  17.13067162  11.31040961  20.81836741
  25.42219653  22.42638359] 
[ -9.18818325   6.77045165  16.0570571   -3.06243225  -4.69016003
 -10.78360612 -33.17495665  17.12779361  11.30810447  20.81996209
  25.42135576  22.41945332] 
[ -9.18706713   6.76144066  16.05156561  -3.05781541  -4.69011893
 -10.78388816 -33.17637659  17.1258108   11.30550661  20.82127675
  25.41924648  22.41227723] 
[ -9.18607329   6.75280541  16.04587263  -3.05313955  -4.6901316
 -10.78393458 -33.17751546  17.12347576  11.30299721  20.82266147
  25.41717004  22.40515261] 
[ -9.18512419   6.74425422  16.04040356  -3.04852388  -4.68994066
 -10.78387654 -33.17884958  17.12126074  11.30052706  20.82402478
  25.41489885  22.39817688] 
[ -9.18462622   6.73549179  16.03628715  -3.04446378  -4.69067184
 -10.78462816 -33.1792727   17.11752809  11.29962923  20.82560687
  25.41370629  22.39251341] 
[ -9.18398437   6.72747501  16.03126071  -3.04001791  -4.69161143
 -10.78493643 -33.17942987  17.11340238  11.29907521  20.82722917
  25.4120936   22.38678775] 
[ -9.18289713   6.71920253  16.02755093  -3.03608664  -4.69129948
 -10.78525056 -33.18047798  17.11042405  11.29805585  20.82869917
  25.40963747  22.38095237] 
[ -9.1820886    6.71123089  16.02347746  -3.03196605  -4.6912434
 -10.78548334 -33.18155085  17.10740942  11.29715585  20.8302537
  25.40714166  22.3752677 ] 
[ -9.1810921    6.70340516  16.02000844  -3.02803028  -4.69054128
 -10.78555021 -33.18275242  17.10471518  11.29606762  20.83177801
  25.40436639  22.36952338] 
[ -9.1798863    6.6956217   16.01799037  -3.0247629   -4.68854143
 -10.7857176  -33.18506229  17.10322818  11.29493541  20.83308626
  25.40054489  22.36389998] 
[ -9.17895694   6.68852135  16.01544173  -3.02098061  -4.68678385
 -10.78555955 -33.18641186  17.10095831  11.29388635  20.83474414
  25.39702743  22.35814066] 
[ -9.17781803   6.68172656  16.01305175  -3.01719608  -4.6844643
 -10.78523802 -33.18776099  17.09877888  11.29284907  20.8365218
  25.39299103  22.35211685] 
[ -9.17674777   6.67541442  16.01015335  -3.01344532  -4.6820271
 -10.78475233 -33.18882984  17.09625629  11.29208915  20.83814601
  25.38869983  22.34619555] 
[ -9.17591598   6.66920029  16.00664717  -3.01034783  -4.68105128
 -10.78471885 -33.1894914   17.09404011  11.29087064  20.83898158
  25.38587564  22.34134584] 
[ -9.17539603   6.66325039  16.003674    -3.00750803  -4.67995447
 -10.78444384 -33.18994078  17.09164781  11.2895517   20.83963388
  25.38345586  22.33671278] 
[ -9.17280496   6.65641638  16.00637948  -3.00598009  -4.6734611
 -10.78432948 -33.19338677  17.09182599  11.28714572  20.84078487
  25.37800425  22.33092197] 
[ -9.17424319   6.65185252  15.99752419  -3.00154603  -4.67717419
 -10.78367689 -33.1916754   17.08705286  11.28716714  20.84133594
  25.37713566  22.32731673] 
[ -9.17200448   6.64537561  15.99882372  -2.99948524  -4.6717819
 -10.78343853 -33.19440892  17.08694587  11.28484606  20.84253538
  25.37200552  22.321629  ] 
[ -9.17165527   6.64029764  15.99537048  -2.99580623  -4.67041366
 -10.78278691 -33.1951598   17.08491229  11.28386837  20.84397059
  25.36815109  22.31663903] 
[ -9.16924732   6.6329579   15.99657024  -2.99393076  -4.66449383
 -10.78344284 -33.19820151  17.0865284   11.28034033  20.84558805
  25.36180217  22.30977367] 
[ -9.16865931   6.62809721  15.99288759  -2.99020188  -4.66281642
 -10.78273277 -33.19729998  17.08415968  11.27900985  20.84699571
  25.35847623  22.30440175] 
[ -9.16783049   6.62285867  15.9902578   -2.98675331  -4.66035703
 -10.78232449 -33.19756593  17.08268772  11.27747964  20.84850351
  25.35442391  22.29895036] 
[ -9.167354     6.61894917  15.9845234   -2.98216207  -4.66002458
 -10.78159911 -33.19743901  17.0795557   11.27753035  20.84998228
  25.35063096  22.29429747] 
[ -9.16624291   6.61423129  15.98106785  -2.97826267  -4.65802608
 -10.78132169 -33.19879585  17.07775332  11.27699777  20.85140494
  25.34604535  22.28947438] 
[ -9.16515353   6.60947407  15.97789602  -2.97438254  -4.65580276
 -10.78102437 -33.20015364  17.07613256  11.27633857  20.8528008
  25.34140454  22.28471951] 
[ -9.16400265   6.60476613  15.97502349  -2.97048229  -4.65325235
 -10.78070588 -33.20165588  17.07464594  11.27565603  20.85419266
  25.33654905  22.28002436] 
[ -9.16268994   6.60043797  15.97188141  -2.9661214   -4.64989225
 -10.78060481 -33.20331065  17.0730755   11.27514655  20.85626582
  25.33053867  22.27493893] 
[ -9.16158906   6.59627062  15.96864921  -2.96129772  -4.64736998
 -10.7800891  -33.20464756  17.07162212  11.27480241  20.85830905
  25.32532758  22.27041073] 
[ -9.15951979   6.59174176  15.96541749  -2.95537176  -4.64411546
 -10.77973463 -33.20596511  17.07049316  11.27406549  20.86118727
  25.31846029  22.26460421] 
[ -9.15762492   6.58716764  15.96239473  -2.94943164  -4.64071969
 -10.77933791 -33.20710456  17.06941121  11.27322332  20.8640455
  25.31174557  22.25895519] 
[ -9.15564342   6.5822831   15.95968963  -2.94352578  -4.63665304
 -10.77909909 -33.20897638  17.06831718  11.27287913  20.86680001
  25.30475677  22.25361956] 
[ -9.15371912   6.57756142  15.95732958  -2.93784434  -4.63198961
 -10.77903623 -33.21127002  17.06747608  11.27274405  20.86944812
  25.2972376   22.24821925] 
[ -9.15002272   6.57226684  15.95504164  -2.93169761  -4.62595877
 -10.77963845 -33.21461211  17.06745329  11.27353821  20.87292567
  25.28709952  22.24138194] 
[ -9.1471178    6.56664087  15.9525366   -2.92547387  -4.62020746
 -10.77933057 -33.21526734  17.0670924   11.27273051  20.8755708
  25.27903215  22.23554802] 
[ -9.14214158   6.56122954  15.94886364  -2.9200074   -4.61205856
 -10.77923342 -33.21660595  17.067075    11.27216691  20.87753052
  25.26803596  22.22852667] 
[ -9.1396148    6.5559995   15.94578142  -2.91410912  -4.60605726
 -10.77875811 -33.2168534   17.06643535  11.27134594  20.87971072
  25.25970531  22.22290262] 
[ -9.14041239   6.55139546  15.94346917  -2.90740236  -4.60345218
 -10.77753763 -33.21513853  17.06462632  11.26967503  20.88235376
  25.25543204  22.21871621] 
[ -9.14101182   6.54697421  15.94111689  -2.900754    -4.60074948
 -10.77642009 -33.21393678  17.06297744  11.26823074  20.88504858
  25.25082322  22.21449994] 
[ -9.14122988   6.54270414  15.93869035  -2.89422542  -4.5976954
 -10.775365   -33.21314667  17.06150974  11.26689744  20.88770516
  25.24570031  22.21014012] 
[ -9.14126553   6.53845049  15.93618433  -2.88762747  -4.59458112
 -10.77435837 -33.21256029  17.06020736  11.26566406  20.89046593
  25.24036083  22.20574874] 
[ -9.14106905   6.53430657  15.93367372  -2.88107268  -4.59122552
 -10.77339424 -33.21227715  17.05903134  11.26452162  20.89324831
  25.23468939  22.2012978 ] 
[ -9.14030887   6.53045613  15.93147605  -2.87459277  -4.58710815
 -10.77221729 -33.21175063  17.05770157  11.26311196  20.89616091
  25.22887735  22.19654825] 
[ -9.1378579    6.52675501  15.92812305  -2.86800323  -4.58190056
 -10.77095835 -33.21119982  17.0564456   11.26122284  20.89911438
  25.22119066  22.19036671] 
[ -9.13689438   6.52244771  15.92526611  -2.86150659  -4.5774694
 -10.77021833 -33.2112532   17.05569871  11.25973526  20.90197139
  25.21443371  22.18544691] 
[ -9.13665055   6.51720456  15.92348167  -2.85507255  -4.57286304
 -10.77000643 -33.21206836  17.05580004  11.25813555  20.90502774
  25.20816067  22.18107478] 
[ -9.13606041   6.51245863  15.92120141  -2.84852507  -4.56813595
 -10.76965463 -33.21274753  17.05567601  11.25660515  20.90825627
  25.20144809  22.17622345] 
[ -9.13531054   6.50793074  15.91854012  -2.84212603  -4.563338
 -10.76917332 -33.21310698  17.05508546  11.25527176  20.91152279
  25.19488066  22.17131281] 
[ -9.13599364   6.504087    15.91505947  -2.83573994  -4.56047574
 -10.76863666 -33.21341646  17.05460081  11.25385124  20.91517828
  25.18944701  22.16675348] 
[ -9.13669355   6.50036676  15.91190304  -2.82942195  -4.55737788
 -10.76796581 -33.21384118  17.05404207  11.2526418   20.91876163
  25.18416965  22.16249405] 
[ -9.13715435   6.49642856  15.90901663  -2.82297561  -4.55376553
 -10.76728921 -33.21456176  17.05360285  11.25129561  20.92239031
  25.17861337  22.15831106] 
[ -9.13759494   6.49226883  15.9064336   -2.81656708  -4.54959353
 -10.76652663 -33.21498538  17.05349452  11.2496736   20.92605072
  25.17303695  22.15392956] 
[ -9.13825634   6.48838404  15.90335159  -2.81002019  -4.54593245
 -10.76593692 -33.21496087  17.05339397  11.24784951  20.92970508
  25.16768069  22.14937983] 
[ -9.13868209   6.48458105  15.90028508  -2.80351363  -4.5420741
 -10.76531725 -33.21506269  17.05329382  11.24607631  20.93336841
  25.16212962  22.14477946] 
[ -9.1390102    6.48080714  15.8972243   -2.79708967  -4.53814281
 -10.76471335 -33.2152896   17.05319454  11.24441202  20.93698194
  25.15649386  22.14022892] 
[ -9.13922888   6.47711942  15.89420871  -2.7906825   -4.5341238
 -10.76408219 -33.21559159  17.05303403  11.24283121  20.94059526
  25.15080236  22.13572413] 
[ -9.13932153   6.4735878   15.89136924  -2.78424229  -4.53006901
 -10.76336    -33.21602967  17.05277809  11.24137028  20.94424665
  25.14515039  22.13132537] 
[ -9.13910286   6.46997696  15.88823852  -2.77815966  -4.52572202
 -10.7626937  -33.21649246  17.05240735  11.23978883  20.947595
  25.13936893  22.12681262] 
[ -9.13907251   6.46648111  15.88518558  -2.77179794  -4.52170904
 -10.76207538 -33.2171261   17.05184999  11.23851688  20.95121307
  25.13378802  22.12241783] 
[ -9.1390957    6.46287115  15.88193082  -2.76560443  -4.51772373
 -10.7615083  -33.21768146  17.05135551  11.23719945  20.95470514
  25.12815065  22.1180017 ] 
[ -9.13903914   6.45933929  15.87871032  -2.75942552  -4.51370037
 -10.76092471 -33.21827901  17.05084516  11.23591243  20.95820577
  25.12244566  22.11360734] 
[ -9.13893774   6.45587437  15.87561631  -2.7532108   -4.50963101
 -10.76034241 -33.21890287  17.0503798   11.23469066  20.96174812
  25.11670977  22.10928134] 
[ -9.13890271   6.4524687   15.87250267  -2.74697444  -4.50568139
 -10.75977386 -33.21942914  17.04985132  11.23347856  20.96526882
  25.11108912  22.10503517] 
[ -9.13869847   6.44944279  15.87008977  -2.73881122  -4.50189565
 -10.75897882 -33.22011659  17.04916029  11.23251714  20.97049242
  25.10541847  22.10048135] 
[ -9.13918985   6.44677942  15.86845513  -2.73076077  -4.49911367
 -10.75815959 -33.22084571  17.04791968  11.23166284  20.97583215
  25.10104278  22.09715345] 
[ -9.13954649   6.44419722  15.86670711  -2.72290441  -4.49617721
 -10.75734041 -33.22154241  17.04673085  11.2308003   20.98101912
  25.09660137  22.09384182] 
[ -9.13968665   6.44151183  15.86499389  -2.71524566  -4.49299075
 -10.75663553 -33.222267    17.04563456  11.22990646  20.98612627
  25.09210468  22.09046822] 
[ -9.13972815   6.43887925  15.86321061  -2.70772317  -4.48976945
 -10.75595412 -33.223003    17.04465668  11.22904225  20.99113149
  25.08753777  22.08711628] 
[ -9.13952432   6.43647552  15.86148389  -2.7003895   -4.48658192
 -10.75542851 -33.22402335  17.04399646  11.22837998  20.99616367
  25.08267014  22.08364355] 
[ -9.13923474   6.43400989  15.86005314  -2.69319606  -4.48304771
 -10.7550439  -33.22511325  17.04348394  11.22799121  21.00114207
  25.0776347   22.08030034] 
[ -9.13883782   6.43154862  15.85882774  -2.68593428  -4.47947575
 -10.75465504 -33.22616654  17.04299699  11.22784445  21.00623341
  25.07265544  22.07698643] 
[ -9.13856596   6.4289331   15.85777211  -2.67828959  -4.47616257
 -10.75439013 -33.22731614  17.04253418  11.22793715  21.01167863
  25.06786035  22.0736546 ] 
[ -9.13834495   6.42650686  15.85672077  -2.66994321  -4.47307185
 -10.7538311  -33.22828782  17.04162748  11.2280691   21.01772302
  25.06318305  22.07047906] 
[ -9.13813082   6.42404738  15.85555909  -2.66184993  -4.46994183
 -10.75328941 -33.22918872  17.04080364  11.22825221  21.02351831
  25.05860329  22.06741275] 
[ -9.13790882   6.42142618  15.85409029  -2.65428453  -4.46700313
 -10.75271377 -33.22977289  17.04007587  11.22824437  21.0288343
  25.05437521  22.06447453] 
[ -9.13777837   6.41887074  15.85271389  -2.64700137  -4.46396398
 -10.75217462 -33.23032136  17.03929328  11.2281894   21.03381836
  25.05035916  22.061833  ] 
[ -9.13758388   6.41631003  15.85113478  -2.63997412  -4.4610241
 -10.75169683 -33.23081561  17.03848814  11.22820244  21.03857298
  25.04642474  22.05922083] 
[ -9.13731392   6.41377537  15.84945585  -2.63307666  -4.45809095
 -10.75120781 -33.23119278  17.03770519  11.22820111  21.04325333
  25.04253255  22.05655056] 
[ -9.1370521    6.41124031  15.84774167  -2.62617238  -4.45524002
 -10.75073646 -33.2315156   17.03695638  11.22823654  21.04796489
  25.03869773  22.0538533 ] 
[ -9.13676935   6.40877424  15.84597189  -2.61952044  -4.45235365
 -10.750324   -33.23188883  17.03634664  11.22824785  21.0524664
  25.03486637  22.05121757] 
[ -9.13640015   6.4063246   15.84419323  -2.61302139  -4.449474
 -10.74994936 -33.23220989  17.03584991  11.22823661  21.05688011
  25.0310046   22.04853222] 
[ -9.13589582   6.40394395  15.84250931  -2.60625984  -4.44654543
 -10.74966257 -33.23250121  17.03542579  11.2283352   21.06157133
  25.02719651  22.04593621] 
[ -9.13500264   6.40183754  15.84095076  -2.599301    -4.44342603
 -10.74939686 -33.23277908  17.03483937  11.22825372  21.06630174
  25.02337741  22.04304547] 
[ -9.13429292   6.39976686  15.83948572  -2.59230354  -4.44047953
 -10.7491077  -33.23317462  17.03435665  11.22823893  21.0710846
  25.01969759  22.04035524] 
[ -9.13350984   6.39780322  15.83783865  -2.58542564  -4.43763001
 -10.74874025 -33.23351186  17.03393563  11.22825813  21.07573696
  25.01595183  22.0375987 ] 
[ -9.13283255   6.39581627  15.83634208  -2.57833695  -4.43492105
 -10.74837967 -33.23419058  17.03361286  11.22840584  21.08054078
  25.01214745  22.03514266] 
[ -9.13229903   6.39336869  15.83523613  -2.57137646  -4.43268749
 -10.748284   -33.23524346  17.0337721   11.22858308  21.08502558
  25.00883708  22.0332577 ] 
[ -9.13210794   6.39082862  15.83402893  -2.56496193  -4.4306841
 -10.74825461 -33.23605036  17.03366147  11.22867655  21.08916714
  25.00572197  22.03168136] 
[ -9.13191628   6.38853905  15.83247844  -2.55919274  -4.4284849
 -10.74828713 -33.23659767  17.03334526  11.22884215  21.09294838
  25.00250049  22.03015317] 
[ -9.13167072   6.38632486  15.83083835  -2.55364355  -4.42632823
 -10.74829014 -33.23704958  17.0330196   11.22898683  21.09656093
  24.99934477  22.02858627] 
[ -9.13133088   6.3842196   15.82887328  -2.54834483  -4.42420263
 -10.74821459 -33.23720514  17.03251886  11.2288962   21.09992542
  24.99627326  22.02682347] 
[ -9.13099352   6.3821564   15.82690102  -2.54321481  -4.4221507
 -10.74812689 -33.23736102  17.03206276  11.22883589  21.10316093
  24.99328329  22.02508981] 
[ -9.13070112   6.38019059  15.82482275  -2.53819089  -4.42025049
 -10.74794203 -33.23746305  17.0316454   11.22868844  21.10624481
  24.99035985  22.02342597] 
[ -9.13042164   6.37815052  15.82266794  -2.53306096  -4.41849182
 -10.74768429 -33.2376967   17.03124661  11.22853167  21.10937729
  24.98751493  22.02178735] 
[ -9.13011871   6.37612335  15.82054429  -2.52810179  -4.41679173
 -10.74745325 -33.23794324  17.03087601  11.22839848  21.11241428
  24.98473465  22.02018322] 
[ -9.12979669   6.37412211  15.81841376  -2.5233308   -4.41513032
 -10.74723713 -33.23815506  17.03053934  11.22828704  21.1153189
  24.98203083  22.01857259] 
[ -9.12945949   6.37225085  15.81619486  -2.51904485  -4.41341322
 -10.74706937 -33.2384733   17.03028526  11.22828699  21.11793249
  24.97943906  22.01713162] 
[ -9.12907647   6.37039266  15.81393965  -2.51488091  -4.41178551
 -10.74689321 -33.23872672  17.03001113  11.22827704  21.1204614
  24.97696288  22.01564296] 
[ -9.1286543    6.36857098  15.81169967  -2.51087688  -4.41017974
 -10.7467102  -33.23894931  17.02977491  11.22827643  21.12287792
  24.97452463  22.01413445] 
[ -9.12832403   6.36652947  15.80952611  -2.50649717  -4.40875351
 -10.74672433 -33.23936647  17.02960463  11.22832914  21.12554745
  24.97222633  22.01249336] 
[ -9.12801047   6.36448888  15.80748265  -2.50154945  -4.40764357
 -10.74660545 -33.23984192  17.02932216  11.22826681  21.12863334
  24.97018989  22.01094787] 
[ -9.12764405   6.36251382  15.80543378  -2.49680723  -4.40651715
 -10.74648396 -33.24023103  17.02905414  11.2282045   21.13160445
  24.96817929  22.00936876] 
[ -9.12738389   6.36059914  15.80352536  -2.49164227  -4.40552678
 -10.74639109 -33.24082823  17.02887367  11.2280781   21.13497696
  24.96611204  22.00775782] 
[ -9.1269424    6.35880165  15.80149034  -2.48671918  -4.4044668
 -10.74615699 -33.24134137  17.02871037  11.22780812  21.13808422
  24.96411511  22.00620512] 
[ -9.12648583   6.35701118  15.79947264  -2.48193036  -4.4034463
 -10.74593979 -33.24179016  17.02853643  11.22759928  21.14110839
  24.96218525  22.00466587] 
[ -9.12607038   6.35519513  15.79753593  -2.47742856  -4.40247909
 -10.74580345 -33.24212217  17.02845631  11.2275235   21.14397525
  24.96033667  22.00312495] 
[ -9.12565198   6.35350773  15.79551619  -2.47296905  -4.40155876
 -10.74565233 -33.24243874  17.02828657  11.22746536  21.14679292
  24.95850915  22.00163239] 
[ -9.12520221   6.35183786  15.79351114  -2.46873409  -4.40065728
 -10.74550521 -33.24266588  17.02812469  11.22743004  21.14944816
  24.95676261  22.00015571] 
[ -9.12471788   6.35018197  15.79151399  -2.46473093  -4.39977786
 -10.74535818 -33.24281111  17.02797703  11.22741838  21.15193315
  24.95508721  21.99869075] 
[ -9.12421137   6.34852283  15.78951623  -2.4609078   -4.39894206
 -10.74522916 -33.24287715  17.02782784  11.22741968  21.15428331
  24.95351189  21.99724662] 
[ -9.12357807   6.34693594  15.78744945  -2.45733893  -4.39804719
 -10.7451408  -33.24279811  17.02769258  11.22734333  21.15651965
  24.95197049  21.99569015] 
[ -9.12308281   6.34527574  15.78538469  -2.45380207  -4.39733407
 -10.74503462 -33.2427775   17.02760845  11.22726343  21.15866848
  24.95062009  21.99427144] 
[ -9.12256845   6.34365957  15.78323631  -2.45024775  -4.39676259
 -10.74488143 -33.24269275  17.02748374  11.22708562  21.16078624
  24.94940649  21.99282932] 
[ -9.12206203   6.34206643  15.78117688  -2.4467912   -4.39621872
 -10.74474353 -33.24261615  17.02738905  11.22696385  21.16285452
  24.9482277   21.99144174] 
[ -9.12155874   6.34046606  15.77914446  -2.44324594  -4.39573122
 -10.74466296 -33.24247542  17.02728875  11.22677097  21.16498238
  24.94712151  21.99005329] 
[ -9.12103779   6.3388783   15.77719695  -2.43985204  -4.39523882
 -10.74457194 -33.24233615  17.02723222  11.2266204   21.16702797
  24.94604104  21.98869565] 
[ -9.12051494   6.33732489  15.77528901  -2.43644394  -4.39480539
 -10.74447726 -33.24215544  17.02718008  11.22647285  21.1690661
  24.94501692  21.9874342 ] 
[ -9.11998732   6.33577755  15.7734279   -2.43307483  -4.39444268
 -10.74439201 -33.24199634  17.02712774  11.22637701  21.17109532
  24.94406344  21.98620629] 
[ -9.11944009   6.33428579  15.77160911  -2.4298603   -4.39411353
 -10.74429803 -33.24187333  17.02707208  11.22633003  21.17302714
  24.9431307   21.98499517] 
[ -9.11880038   6.33294747  15.76986919  -2.42676206  -4.39379756
 -10.7440817  -33.24167083  17.02692963  11.22626555  21.17484109
  24.9421643   21.98386182] 
[ -9.11817753   6.33163309  15.76817425  -2.42377438  -4.39352933
 -10.74387269 -33.2415118   17.02680873  11.22626261  21.176585
  24.94125167  21.98277948] 
[ -9.1175716    6.33033438  15.76655823  -2.42096727  -4.39324701
 -10.74369868 -33.24140289  17.02672375  11.22635095  21.17821632
  24.94035304  21.98175536] 
[ -9.11694969   6.32902616  15.76496513  -2.41832591  -4.39293577
 -10.74355563 -33.24131458  17.02665998  11.22646145  21.17975589
  24.9394414   21.98070812] 
[ -9.11634172   6.32773362  15.76341766  -2.41577949  -4.39264895
 -10.74342356 -33.24124019  17.02662056  11.226602    21.18124651
  24.93856236  21.97968904] 
[ -9.11575249   6.32646086  15.76190695  -2.41330851  -4.39239747
 -10.74329526 -33.24117285  17.026598    11.22676567  21.18269397
  24.9377309   21.97869251] 
[ -9.11514013   6.32525581  15.76051557  -2.41103696  -4.3920356
 -10.74320407 -33.24112554  17.02666235  11.22694658  21.18406872
  24.93680633  21.97765708] 
[ -9.11454087   6.32406817  15.75916424  -2.408873    -4.39171163
 -10.74310682 -33.2410879   17.02674022  11.22716783  21.18537589
  24.93592936  21.97666779] 
[ -9.11396119   6.32289606  15.75782509  -2.40676891  -4.39142526
 -10.74300615 -33.24104273  17.02680163  11.22738607  21.18665132
  24.93509635  21.97570574] 
[ -9.11334244   6.32177601  15.75645642  -2.40472386  -4.39115608
 -10.74289435 -33.24095348  17.02682891  11.22758547  21.18790688
  24.93428239  21.97470852] 
[ -9.11271491   6.3206128   15.75518396  -2.40288776  -4.39090085
 -10.74283487 -33.24085063  17.02692399  11.22788227  21.18901044
  24.93349526  21.97370807] 
[ -9.11206084   6.31952132  15.75388005  -2.40123346  -4.39062687
 -10.74272341 -33.24067683  17.02693919  11.22819868  21.18998376
  24.93275881  21.97270632] 
[ -9.11143889   6.31845056  15.75261409  -2.39961742  -4.39038227
 -10.74262289 -33.24053899  17.02696153  11.22852763  21.19094522
  24.93205814  21.97173825] 
[ -9.11087703   6.31737634  15.75148641  -2.39787846  -4.39020737
 -10.74253038 -33.24046916  17.02705759  11.22887558  21.19199715
  24.93142763  21.9708584 ] 
[ -9.11036511   6.31636662  15.75044505  -2.39608446  -4.39008116
 -10.74239775 -33.24047983  17.0271979   11.22917546  21.19306594
  24.93078502  21.96999995] 
[ -9.1098515    6.31538267  15.74941237  -2.39433649  -4.38996805
 -10.74226243 -33.24048926  17.02732274  11.2294671   21.19411623
  24.93016607  21.96916328] 
[ -9.10934603   6.31438948  15.74829674  -2.39246557  -4.38995264
 -10.74214114 -33.24045518  17.02739247  11.22968562  21.19523302
  24.92966688  21.96826023] 
[ -9.10882932   6.31342417  15.74723963  -2.39064028  -4.38992647
 -10.74201643 -33.24044257  17.02748024  11.22993283  21.19633057
  24.92917577  21.96738265] 
[ -9.1083204    6.31248256  15.74622444  -2.38886331  -4.38990074
 -10.74189192 -33.24044148  17.02757265  11.23019487  21.19740758
  24.92870166  21.96653512] 
[ -9.10779532   6.31155464  15.74525074  -2.38714581  -4.38985374
 -10.74176323 -33.24044607  17.02766943  11.23048009  21.1984644
  24.92821474  21.96570308] 
[ -9.10735156   6.31073512  15.74455763  -2.38545529  -4.3898158
 -10.74159321 -33.24062717  17.02794093  11.23095447  21.19947909
  24.92766102  21.96507623] 
[ -9.10692596   6.30995625  15.74381639  -2.38383507  -4.3897832
 -10.74143187 -33.24078148  17.02814024  11.2313872   21.20044652
  24.92712386  21.96447457] 
[ -9.10651886   6.30921332  15.74306305  -2.38232033  -4.3897634
 -10.74128251 -33.24088282  17.02829467  11.23179182  21.20135964
  24.92662956  21.96390171] 
[ -9.10608869   6.30847371  15.74233585  -2.3809124   -4.38972179
 -10.74113673 -33.24097868  17.02841831  11.23220312  21.20222062
  24.92616031  21.96333971] 
[ -9.10565238   6.30776026  15.74160922  -2.37954417  -4.38969368
 -10.74099264 -33.24104901  17.02851331  11.2326076   21.20307151
  24.92571548  21.96278549] 
[ -9.10521455   6.30705646  15.74087967  -2.3782063   -4.38967603
 -10.74085674 -33.24110472  17.02858552  11.23299562  21.20391611
  24.92530026  21.96223303] 
[ -9.10477199   6.30637084  15.74016283  -2.37688718  -4.38967023
 -10.74072325 -33.24115076  17.02864345  11.2333707   21.20475658
  24.92490546  21.96168484] 
[ -9.10431909   6.3056921   15.73949372  -2.37536566  -4.38969095
 -10.74060912 -33.24121073  17.02872015  11.23370918  21.20576474
  24.92452314  21.96109245] 
[ -9.10389948   6.30503529  15.73880667  -2.37393894  -4.38972673
 -10.74050383 -33.24125737  17.02878914  11.23402335  21.20672187
  24.92419109  21.9605384 ] 
[ -9.10345389   6.30441051  15.73815641  -2.37254969  -4.38973303
 -10.74038729 -33.24130694  17.02884339  11.23435933  21.20765969
  24.92384371  21.96001318] 
[ -9.1030111    6.3037955   15.73751406  -2.37119978  -4.38974717
 -10.74027856 -33.24134459  17.02888899  11.23469333  21.20857915
  24.92351824  21.95949913] 
[ -9.10256687   6.30318883  15.73689232  -2.36989911  -4.38975934
 -10.74017412 -33.24137586  17.0289238   11.23503871  21.20948076
  24.92321647  21.95900795] 
[ -9.10217566   6.30262611  15.73621043  -2.36868718  -4.38979563
 -10.74009741 -33.24142402  17.02890045  11.23533263  21.21036432
  24.92293759  21.9585571 ] 
[ -9.10174391   6.30205617  15.73560742  -2.36751637  -4.38981522
 -10.74001444 -33.24144899  17.02891719  11.2356804   21.21125854
  24.9226407   21.95815257] 
[ -9.10127193   6.3015228   15.73509015  -2.36620458  -4.38980393
 -10.73995206 -33.24148009  17.02896462  11.23607144  21.21228839
  24.92230145  21.95776676] 
[ -9.10081687   6.30099816  15.73458824  -2.36474916  -4.3898794
 -10.7398973  -33.24147121  17.02900164  11.23642866  21.21342042
  24.92204538  21.95739673] 
[ -9.10036918   6.30047896  15.73408383  -2.36334634  -4.3899636
 -10.73984778 -33.24145409  17.02903022  11.2367864   21.21451532
  24.92181869  21.95703022] 
[ -9.09993054   6.29999394  15.7335818   -2.36218533  -4.39000348
 -10.73978602 -33.24141944  17.02904083  11.23712831  21.21542998
  24.92162779  21.95663623] 
[ -9.09950343   6.29951397  15.73309197  -2.36104078  -4.39005809
 -10.73972935 -33.24138384  17.02904653  11.23746956  21.21632919
  24.92146633  21.95625231] 
[ -9.0990767    6.29904431  15.73260887  -2.35985705  -4.39012571
 -10.73967546 -33.24133881  17.02904851  11.23778915  21.21726347
  24.92131234  21.95586168] 
[ -9.09865368   6.29857792  15.73213281  -2.35870024  -4.39019791
 -10.73962616 -33.24129709  17.02905097  11.23811483  21.2181783
  24.92117072  21.95547961] 
[ -9.09823528   6.29811543  15.73166295  -2.35757062  -4.39027709
 -10.73958092 -33.24125714  17.02905311  11.23844179  21.21907595
  24.92104584  21.95510631] 
[ -9.09782923   6.29764397  15.73118104  -2.3565493   -4.39033528
 -10.73954935 -33.24121615  17.02906028  11.23879137  21.21989677
  24.92091447  21.95472658] 
[ -9.09742283   6.29719325  15.73072753  -2.35550144  -4.39038788
 -10.73951137 -33.24117327  17.0290645   11.23914651  21.22074696
  24.92078184  21.95436365] 
[ -9.09701774   6.29675183  15.73028527  -2.35447439  -4.39045476
 -10.73947982 -33.24112777  17.02906472  11.23950464  21.22158824
  24.92067273  21.9540068 ] 
[ -9.09664203   6.29633379  15.72987043  -2.35348805  -4.39055063
 -10.73947397 -33.24107814  17.02908712  11.23984481  21.22242039
  24.92058715  21.95363831] 
[ -9.09626341   6.29590955  15.72946034  -2.35254403  -4.39064851
 -10.73945538 -33.24101267  17.029099    11.24016791  21.22322122
  24.92053029  21.95329667] 
[ -9.09588883   6.29550563  15.72907584  -2.35165294  -4.39075167
 -10.73945329 -33.24095975  17.02913157  11.24048468  21.22399637
  24.92046829  21.95296669] 
[ -9.09551609   6.29510733  15.72869816  -2.35076952  -4.39085409
 -10.73945118 -33.24091031  17.02915978  11.24080019  21.22476741
  24.92041272  21.95264597] 
[ -9.09513184   6.29473013  15.72839972  -2.34965687  -4.39098435
 -10.73950437 -33.24087623  17.02920841  11.24116383  21.22574195
  24.92037154  21.9523374 ] 
[ -9.09475294   6.29436277  15.72807886  -2.34858974  -4.39111363
 -10.73954097 -33.24083163  17.029237    11.24151094  21.22667215
  24.92034556  21.95202777] 
[ -9.09438891   6.29399887  15.72772618  -2.34759181  -4.39127145
 -10.73955862 -33.24076629  17.02923804  11.2418346   21.22754286
  24.9203631   21.95173901] 
[ -9.09402283   6.29364381  15.72738464  -2.3465684   -4.3914411
 -10.73957011 -33.24070506  17.0292328   11.24216256  21.22843811
  24.92039098  21.95145002] 
[ -9.09366507   6.29329198  15.72704781  -2.34556867  -4.39161989
 -10.73958491 -33.24064355  17.02922361  11.24249293  21.22931023
  24.9204394   21.95117385] 
[ -9.09331054   6.29295106  15.72670662  -2.34460757  -4.39178937
 -10.73958906 -33.24059499  17.02922146  11.24282736  21.23016544
  24.92047892  21.9509066 ] 
[ -9.09295982   6.29260764  15.72636446  -2.34366113  -4.39195615
 -10.73958899 -33.24054761  17.02922253  11.2431532   21.23100452
  24.92052698  21.95064369] 
[ -9.09260997   6.29226818  15.72603141  -2.34272433  -4.39212059
 -10.73958618 -33.24050615  17.0292266   11.24347875  21.23183707
  24.92058006  21.95038712] 
[ -9.09227815   6.29192534  15.7257196   -2.34180844  -4.39230767
 -10.73960018 -33.24045878  17.02922369  11.24382279  21.23266378
  24.92066955  21.95015704] 
[ -9.09194245   6.29158669  15.72541036  -2.3409279   -4.39248713
 -10.73960725 -33.24041779  17.02921782  11.24416726  21.23346518
  24.92075563  21.94992944] 
[ -9.09162678   6.2912369   15.72512354  -2.34003918  -4.39266086
 -10.73961219 -33.24038033  17.02921821  11.24449021  21.23425222
  24.92086539  21.94973061] 
[ -9.09130034   6.29092177  15.72486607  -2.33908438  -4.39281889
 -10.73961401 -33.24034812  17.02922172  11.24482951  21.23510793
  24.9209671   21.94953972] 
[ -9.09098584   6.29060018  15.72462963  -2.33814157  -4.39297584
 -10.73963075 -33.24033498  17.02922324  11.24518913  21.23594668
  24.92108726  21.94937285] 
[ -9.09066752   6.29028481  15.72439209  -2.3372212   -4.39313038
 -10.73964408 -33.24032196  17.02922246  11.24554706  21.23677198
  24.92120924  21.94920867] 
[ -9.0903489    6.28997414  15.72415903  -2.33631753  -4.39328067
 -10.73965117 -33.24030466  17.02921691  11.24590604  21.23758377
  24.92133676  21.94905225] 
[ -9.09002727   6.28966952  15.72392629  -2.33543284  -4.39342786
 -10.73965613 -33.24028726  17.02921001  11.24626358  21.23838387
  24.92146569  21.94889885] 
[ -9.08972033   6.28941042  15.72371566  -2.33458114  -4.39354895
 -10.73962731 -33.24023239  17.02917223  11.24658875  21.23918913
  24.92161173  21.94874779] 
[ -9.0894102    6.28915426  15.72350457  -2.33373881  -4.3936746
 -10.73960097 -33.24018037  17.02913488  11.24691344  21.23998738
  24.92176406  21.94859938] 
[ -9.08909453   6.28889298  15.7232851   -2.33291792  -4.39378915
 -10.73957675 -33.24013116  17.02910414  11.24723183  21.2407669
  24.92190449  21.94845675] 
[ -9.08877914   6.28863817  15.7230715   -2.33210226  -4.39390779
 -10.7395561  -33.24008968  17.02907708  11.24755203  21.24154562
  24.92204999  21.94832005] 
[ -9.08846506   6.28838747  15.72285926  -2.33129986  -4.39402536
 -10.73953334 -33.24005428  17.02905274  11.24787276  21.24231314
  24.92219322  21.9481903 ] 
[ -9.08815552   6.2881313   15.72264523  -2.33049812  -4.39415058
 -10.73951842 -33.24001625  17.02903771  11.24820013  21.24307575
  24.92233982  21.94805818] 
[ -9.08784329   6.28788213  15.72243807  -2.32969838  -4.39427371
 -10.73950245 -33.23998172  17.02902448  11.24852819  21.24384052
  24.92248632  21.94793172] 
[ -9.08752773   6.28764147  15.72223699  -2.32891206  -4.39440413
 -10.73949173 -33.23994739  17.02901651  11.24885493  21.24460149
  24.92264332  21.94780434] 
[ -9.08720596   6.28741059  15.7220282   -2.328138    -4.39452927
 -10.73947078 -33.2399208   17.02900097  11.24917172  21.24534637
  24.92280258  21.94768555] 
[ -9.08688942   6.28717689  15.72181532  -2.32737812  -4.39465816
 -10.73945313 -33.23990401  17.02899123  11.249483    21.24607735
  24.92296153  21.94757286] 
[ -9.08657378   6.28694815  15.72160251  -2.32663508  -4.39478639
 -10.73943758 -33.23988878  17.02898325  11.24979733  21.24679897
  24.92312288  21.94746431] 
[ -9.08624939   6.28673211  15.7214029   -2.32589055  -4.39490473
 -10.7394259  -33.23987026  17.02897195  11.25012116  21.24752215
  24.92327505  21.94735411] 
[ -9.08592484   6.28651853  15.7212046   -2.32515853  -4.39502474
 -10.73941451 -33.23985404  17.02896136  11.25044507  21.24823811
  24.92342943  21.94724746] 
[ -9.08560233   6.2863148   15.72101898  -2.32439738  -4.39516563
 -10.73940959 -33.23983948  17.02895256  11.25077178  21.24898517
  24.92359728  21.94714462] 
[ -9.08527882   6.28611343  15.72083411  -2.32364857  -4.3953051
 -10.7394034  -33.23982732  17.02894512  11.25109817  21.24972318
  24.92376501  21.94704418] 
[ -9.08496004   6.28592163  15.72065949  -2.32289998  -4.39545478
 -10.7393973  -33.23981207  17.02894215  11.2514315   21.25045707
  24.92394572  21.94695385] 
[ -9.08464253   6.28572891  15.72048173  -2.32216604  -4.39559799
 -10.73939229 -33.2398037   17.02893814  11.25176584  21.25117889
  24.92412102  21.94686866] 
[ -9.08432593   6.28554297  15.72031991  -2.32140687  -4.39574713
 -10.73939027 -33.23979396  17.02893676  11.25209717  21.25192314
  24.92430611  21.94679283] 
[ -9.08399771   6.28537     15.72014536  -2.32065893  -4.39589322
 -10.73938268 -33.23979874  17.0289403   11.25244955  21.25268061
  24.92447819  21.94671056] 
[ -9.08366922   6.28519854  15.71997142  -2.31992279  -4.3960378
 -10.73937487 -33.23980368  17.02894328  11.25280103  21.2534292
  24.92465174  21.94663064] 
[ -9.08332431   6.2850329   15.71981174  -2.31917564  -4.39618299
 -10.7393557  -33.23979329  17.02893815  11.25316151  21.25419888
  24.92482025  21.94655978] 
[ -9.08298112   6.28486518  15.71964806  -2.31843325  -4.3963345
 -10.73933753 -33.23978242  17.02893195  11.25351703  21.25496057
  24.92499749  21.94648885] 
[ -9.0826315    6.28470482  15.719474    -2.31770223  -4.39647878
 -10.7393092  -33.23977913  17.02891769  11.25386165  21.25570402
  24.92517739  21.94642712] 
[ -9.08227944   6.28455348  15.71931108  -2.31696553  -4.39663553
 -10.73927977 -33.23978025  17.02890042  11.25420388  21.25644593
  24.92537137  21.9463745 ] 
[ -9.08193411   6.28439897  15.71914828  -2.31623775  -4.39678715
 -10.73924731 -33.23978943  17.02889109  11.25453885  21.25717498
  24.92555872  21.94632157] 
[ -9.08159737   6.28424192  15.71898972  -2.31552361  -4.39694856
 -10.73921649 -33.23979241  17.02887966  11.25486964  21.2578955
  24.9257585   21.94627521] 
[ -9.08126146   6.28408834  15.71883674  -2.31481599  -4.39711052
 -10.73918993 -33.2397998   17.02887102  11.25520539  21.25861211
  24.92596025  21.94622828] 
[ -9.08092844   6.28392505  15.71867584  -2.31415499  -4.3972691
 -10.73915855 -33.23981188  17.02886972  11.25553201  21.25928719
  24.92616786  21.94618752] 
[ -9.08059798   6.28376325  15.71851515  -2.31349896  -4.39742611
 -10.73912923 -33.23982304  17.02887001  11.25585925  21.25995806
  24.9263747   21.94614862] 
[ -9.08027175   6.28361364  15.71835162  -2.31285572  -4.39757763
 -10.73909737 -33.23982712  17.02886359  11.2561924   21.26062726
  24.9265846   21.94611723] 
[ -9.07994638   6.28346662  15.71819108  -2.31221781  -4.39772688
 -10.73906835 -33.23983214  17.02885844  11.25652575  21.26129336
  24.92679403  21.94608665] 
[ -9.07962699   6.28333082  15.7180473   -2.31157062  -4.39788976
 -10.73904079 -33.23984346  17.02886018  11.25687092  21.26196271
  24.92701872  21.94606612] 
[ -9.07930779   6.28319808  15.71790665  -2.31092597  -4.39804757
 -10.73901466 -33.23985478  17.02886238  11.25721637  21.26263251
  24.92723989  21.94604631] 
[ -9.07899608   6.28306713  15.71777521  -2.31031423  -4.39817695
 -10.73899766 -33.23988168  17.02887825  11.25755446  21.26328772
  24.92743757  21.94602482] 
[ -9.07868161   6.28294     15.71764376  -2.30969819  -4.39831011
 -10.73898637 -33.23991048  17.02889378  11.25789755  21.26394487
  24.92763909  21.94600277] 
[ -9.07836818   6.28281688  15.71751632  -2.30907984  -4.39844169
 -10.73897665 -33.23993813  17.02890781  11.25824195  21.26460536
  24.92783908  21.94598128] 
[ -9.07805984   6.28269147  15.71738184  -2.30848195  -4.39857606
 -10.73897053 -33.23996174  17.02891872  11.25858451  21.26524673
  24.92804489  21.94595601] 
[ -9.07775284   6.28257236  15.71725333  -2.30787678  -4.39871071
 -10.73896597 -33.2399853   17.02892906  11.25892972  21.26589626
  24.92825122  21.94593286] 
[ -9.07744612   6.28245557  15.71712643  -2.30727535  -4.39884361
 -10.73896182 -33.2400069   17.02893804  11.2592738   21.26654285
  24.92845712  21.94591115] 
[ -9.07714062   6.28234789  15.7170241   -2.30662925  -4.39898625
 -10.73896476 -33.24002324  17.0289546   11.2596239   21.26722961
  24.92867835  21.94588454] 
[ -9.07683151   6.28223846  15.71691687  -2.30599586  -4.39912277
 -10.73896356 -33.24004098  17.02896722  11.25996909  21.26790943
  24.92889767  21.94586137] 
[ -9.07652019   6.28213556  15.71681535  -2.30535704  -4.39926623
 -10.73896485 -33.24005295  17.02897902  11.26031886  21.26859167
  24.92912462  21.94583906] 
[ -9.07621007   6.28203268  15.71671489  -2.30472599  -4.39940652
 -10.73896459 -33.24006597  17.02899138  11.26066638  21.26926833
  24.92934943  21.9458197 ] 
[ -9.0758968    6.28193663  15.71661209  -2.30413737  -4.39952329
 -10.73895914 -33.24007578  17.02900863  11.26102062  21.26991177
  24.9295548   21.94580962] 
[ -9.07558512   6.28184398  15.71650957  -2.30355068  -4.39964388
 -10.73895237 -33.24008123  17.02902136  11.26137579  21.27055202
  24.92976454  21.94580289] 
[ -9.07528524   6.28173779  15.7164109   -2.30301196  -4.39976889
 -10.73894067 -33.2401016   17.02904508  11.26173384  21.27114832
  24.92998678  21.94580088] 
[ -9.07498356   6.28163579  15.71630901  -2.30247973  -4.39989302
 -10.73893197 -33.24012444  17.02906869  11.26208625  21.27174425
  24.93020383  21.9457959 ] 
[ -9.07468651   6.28154124  15.7162018   -2.30198782  -4.40000315
 -10.73891439 -33.24015716  17.0290898   11.26244429  21.27230831
  24.9304033   21.94579205] 
[ -9.07437417   6.28146565  15.71611217  -2.30141084  -4.40014367
 -10.73889391 -33.24017694  17.02911073  11.26280158  21.27294575
  24.93061317  21.94579912] 
[ -9.07406275   6.28139397  15.71602355  -2.30081627  -4.40028587
 -10.73887167 -33.24019316  17.02913392  11.2631633   21.27359867
  24.93082332  21.94580144] 
[ -9.07375107   6.2813238   15.7159354   -2.30022549  -4.40042368
 -10.73885119 -33.24020741  17.02915567  11.26352459  21.27424789
  24.93103108  21.94580281] 
[ -9.07344085   6.28125378  15.71584867  -2.29963999  -4.40055873
 -10.73883231 -33.24022119  17.02917661  11.26388342  21.27489293
  24.931239    21.9458043 ] 
[ -9.07312541   6.28117699  15.71575145  -2.29907537  -4.40067561
 -10.73880702 -33.24024053  17.02919082  11.26423131  21.27552717
  24.93143005  21.94580942] 
[ -9.07281426   6.28110095  15.71565907  -2.29850305  -4.4007967
 -10.7387871  -33.24025526  17.02920581  11.26457792  21.27616677
  24.93162429  21.94581612] 
[ -9.07250601   6.28102758  15.71557084  -2.29793123  -4.40092151
 -10.73877174 -33.24026994  17.02922117  11.26492676  21.27680425
  24.93182361  21.9458255 ] 
[ -9.07220261   6.28095663  15.71546428  -2.29738029  -4.40103781
 -10.73875083 -33.24027475  17.0292229   11.26525787  21.27741371
  24.93202708  21.94582217] 
[ -9.0718977    6.2808825   15.71535759  -2.29683314  -4.40115162
 -10.73872911 -33.2402812   17.02922728  11.26558652  21.27801776
  24.93222995  21.94582195] 
[ -9.07159462   6.28080729  15.71524495  -2.29628159  -4.40127965
 -10.73871279 -33.24027747  17.0292266   11.26591057  21.27862865
  24.93244308  21.94582479] 
[ -9.07129698   6.28073199  15.71513013  -2.29572987  -4.40141127
 -10.73869855 -33.24026866  17.02922233  11.26622952  21.27923436
  24.93266098  21.94583102] 
[ -9.07099593   6.28065432  15.71501084  -2.29518456  -4.40153885
 -10.73868799 -33.24025526  17.02921527  11.26654369  21.2798396
  24.93287951  21.94584203] 
[ -9.07069302   6.28058176  15.71489234  -2.29464335  -4.40166013
 -10.73867589 -33.2402456   17.02920551  11.2668562   21.280446
  24.93309552  21.94585142] 
[ -9.07040471   6.28049494  15.71477877  -2.29414013  -4.40179103
 -10.73867911 -33.24025034  17.02920481  11.26717313  21.28101621
  24.93332031  21.94585225] 
[ -9.07011557   6.28040981  15.71466635  -2.2936374   -4.40191795
 -10.73868028 -33.24025302  17.029205    11.26748727  21.28158394
  24.93354297  21.94585221] 
[ -9.06982773   6.28032814  15.71455951  -2.29313061  -4.40204023
 -10.73867998 -33.24025431  17.02920654  11.26779908  21.28215546
  24.93376134  21.9458547 ] 
[ -9.06953966   6.28024666  15.71445516  -2.29262605  -4.40216002
 -10.73867883 -33.24025516  17.02920857  11.26810918  21.28272515
  24.93397832  21.94585727] 
[ -9.069249     6.28016091  15.71434683  -2.29213897  -4.40228447
 -10.73868269 -33.2402622   17.02921484  11.26842406  21.28327889
  24.934201    21.9458656 ] 
[ -9.06895521   6.28006813  15.7142413   -2.29167451  -4.40240408
 -10.73867879 -33.24026657  17.02922306  11.2687395   21.2838093
  24.9344138   21.94586712] 
[ -9.06866209   6.27997791  15.71413866  -2.29121016  -4.40252084
 -10.73867482 -33.24027049  17.02923106  11.26905472  21.28433914
  24.93462368  21.94586903] 
[ -9.06836597   6.27989434  15.71404458  -2.29074283  -4.40263265
 -10.73867271 -33.24027857  17.02923696  11.26936702  21.28486817
  24.93483211  21.94587511] 
[ -9.0680627    6.27981911  15.71394216  -2.29029671  -4.40271968
 -10.73867601 -33.24030101  17.02925171  11.26967152  21.28539454
  24.93501583  21.94588844] 
[ -9.06776539   6.27974819  15.71383885  -2.289852    -4.40280666
 -10.73868397 -33.24032636  17.02926841  11.26997991  21.28592422
  24.93520363  21.94589767] 
[ -9.06746967   6.27967784  15.71373807  -2.28940554  -4.40289511
 -10.73869117 -33.24034943  17.02928407  11.27028808  21.28645266
  24.93539142  21.9459079 ] 
[ -9.06717756   6.27961238  15.71364303  -2.28896025  -4.40298592
 -10.73870061 -33.24036803  17.02930018  11.27059913  21.28698126
  24.93557868  21.94591804] 
[ -9.06688923   6.27954615  15.71354734  -2.28851472  -4.40307393
 -10.73870883 -33.24038422  17.02931626  11.27090672  21.28750589
  24.93576224  21.945928  ] 
[ -9.06660282   6.27948068  15.7134535   -2.28806925  -4.40316244
 -10.73871662 -33.24039827  17.02933048  11.27121369  21.28802849
  24.93594545  21.9459384 ] 
[ -9.06631742   6.27941752  15.71336059  -2.28762464  -4.40325268
 -10.73872518 -33.24041207  17.02934181  11.27151922  21.28855048
  24.936128    21.94595087] 
[ -9.06604573   6.27936521  15.7132732   -2.28719461  -4.4033379
 -10.73874361 -33.24041694  17.02934263  11.27181415  21.28906859
  24.93631843  21.94595377] 
[ -9.06577608   6.27931378  15.71318736  -2.28676387  -4.40342357
 -10.73876147 -33.24042058  17.02934319  11.27210865  21.28958585
  24.93650819  21.94595812] 
[ -9.065511     6.27925982  15.71309919  -2.28633651  -4.40350579
 -10.73877957 -33.24042042  17.02934425  11.27239848  21.29009525
  24.93669442  21.94596551] 
[ -9.06524439   6.27920976  15.71301684  -2.28590777  -4.40359416
 -10.73880139 -33.2404159   17.02934627  11.27268741  21.29060688
  24.93688755  21.94597738] 
[ -9.06498004   6.27915956  15.71293675  -2.28547614  -4.4036839
 -10.73882254 -33.2404126   17.02934747  11.27297571  21.29111957
  24.93708092  21.94599011] 
[ -9.0647164    6.27910574  15.71285373  -2.28505431  -4.4037701
 -10.73884286 -33.24040843  17.02934753  11.27326042  21.29162098
  24.93727193  21.94600554] 
[ -9.06445188   6.279043    15.71276709  -2.28462302  -4.40386501
 -10.73885928 -33.24040681  17.02935151  11.27353891  21.29212065
  24.93747115  21.94601654] 
[ -9.06418606   6.27898328  15.71268285  -2.28420266  -4.4039555
 -10.73887042 -33.24040366  17.02935167  11.27381943  21.29260969
  24.93766932  21.94603071] 
[ -9.06391601   6.27892962  15.71259382  -2.2837988   -4.40404635
 -10.73887436 -33.24040149  17.02934439  11.27410528  21.29308338
  24.93786064  21.94605189] 
[ -9.06364789   6.27887635  15.71250724  -2.2833945   -4.40413676
 -10.73887826 -33.24039962  17.02933801  11.27439081  21.29355631
  24.93805042  21.94607362] 
[ -9.06338225   6.27882338  15.7124237   -2.28299034  -4.40422739
 -10.73888342 -33.24039761  17.029333    11.27467671  21.29402934
  24.93823868  21.94609669] 
[ -9.0631172    6.2787689   15.71234369  -2.28258691  -4.40431436
 -10.73888624 -33.2403972   17.02933046  11.27496112  21.29449911
  24.93842226  21.9461215 ] 
[ -9.06285266   6.27871297  15.71226328  -2.28218606  -4.40439744
 -10.73889031 -33.24039981  17.02932997  11.27524321  21.29496845
  24.93860087  21.94614741] 
[ -9.06259273   6.27866004  15.71218016  -2.28178447  -4.40447366
 -10.73888936 -33.24039967  17.02932747  11.27552508  21.29543336
  24.93877117  21.94617021] 
[ -9.06233418   6.27860858  15.71209568  -2.28138119  -4.40455633
 -10.73889035 -33.24039716  17.02932172  11.2758048   21.29589727
  24.93894614  21.94619028] 
[ -9.06207713   6.2785558   15.71201068  -2.28096907  -4.40464297
 -10.73889239 -33.24039125  17.02931662  11.2760863   21.29636813
  24.93912521  21.94621054] 
[ -9.06181947   6.27850111  15.7119262   -2.28055372  -4.40473267
 -10.73889698 -33.24038424  17.02931071  11.27636557  21.29683868
  24.93930599  21.94623209] 
[ -9.06156285   6.278447    15.71184364  -2.28013946  -4.40482183
 -10.7389017  -33.24037808  17.02930529  11.27664447  21.29730819
  24.93948574  21.94625361] 
[ -9.06130665   6.27839431  15.71176384  -2.27972558  -4.40490944
 -10.73890563 -33.24037201  17.02929975  11.27692349  21.2977768
  24.93966343  21.94627495] 
[ -9.06105178   6.27834285  15.71168543  -2.279312    -4.40499703
 -10.73890948 -33.24036737  17.02929435  11.27720213  21.29824446
  24.93983958  21.94629676] 
[ -9.06081161   6.27828447  15.71159319  -2.27892088  -4.40509869
 -10.73892289 -33.24035161  17.02929543  11.27746733  21.29868749
  24.9400299   21.9463065 ] 
[ -9.06056891   6.27822796  15.71150728  -2.27852323  -4.40520496
 -10.73893593 -33.24033357  17.02929576  11.27773258  21.29913396
  24.9402241   21.94631837] 
[ -9.06032948   6.27817486  15.71142657  -2.27812548  -4.40531148
 -10.73894661 -33.2403209   17.02929316  11.27799913  21.29957813
  24.9404134   21.94632948] 
[ -9.0600901    6.27812314  15.71134702  -2.27772439  -4.4054166
 -10.73895723 -33.24031179  17.02929108  11.27826681  21.30002634
  24.94060033  21.94634348] 
[ -9.05985169   6.2780731   15.71127001  -2.27732509  -4.40552004
 -10.73896693 -33.24030303  17.02928956  11.27853441  21.30047413
  24.94078481  21.94635789] 
[ -9.05961571   6.2780259   15.71119424  -2.27692563  -4.40562641
 -10.73897815 -33.24029639  17.02928588  11.27880372  21.3009247
  24.94097146  21.94637238] 
[ -9.05938174   6.27798292  15.71112453  -2.27652554  -4.40573022
 -10.73899152 -33.2402933   17.02928107  11.27907565  21.30137428
  24.94115844  21.94639128] 
[ -9.05915007   6.2779439   15.71105421  -2.27612808  -4.40583299
 -10.73900144 -33.24028836  17.02927867  11.27934881  21.30182565
  24.94134134  21.94641357] 
[ -9.05891968   6.27790636  15.71098522  -2.27573351  -4.40593291
 -10.73900976 -33.24028242  17.02927782  11.27961922  21.30227598
  24.94152315  21.94643773] 
[ -9.05869032   6.27786703  15.71091489  -2.27534109  -4.40603011
 -10.73901459 -33.24027442  17.02927617  11.27988487  21.3027217
  24.94170013  21.94646361] 
[ -9.05846258   6.27782698  15.71084892  -2.27495072  -4.40612619
 -10.73901784 -33.24026563  17.02927723  11.28015154  21.30316781
  24.94187407  21.94649181] 
[ -9.05823494   6.27778742  15.71078477  -2.27456154  -4.40622045
 -10.73902102 -33.24025783  17.02927844  11.28041733  21.30361287
  24.9420464   21.94651992] 
[ -9.05800933   6.27774539  15.71071646  -2.2741682   -4.40631245
 -10.73901902 -33.24024419  17.02927695  11.28068281  21.30405591
  24.94221913  21.94654915] 
[ -9.05778538   6.27770512  15.71065128  -2.27377183  -4.406402
 -10.73901722 -33.24023412  17.0292756   11.28094706  21.30450277
  24.94239028  21.94657913] 
[ -9.05755973   6.27766098  15.71058486  -2.27337637  -4.40648863
 -10.73901723 -33.24022728  17.02927707  11.28120808  21.30494616
  24.9425611   21.94660597] 
[ -9.05733369   6.27762005  15.71052007  -2.27298064  -4.40657699
 -10.73901597 -33.24022047  17.02927978  11.28146821  21.30539191
  24.94273261  21.94663384] 
[ -9.05711107   6.27758292  15.71045968  -2.27258825  -4.40665805
 -10.73901815 -33.24021907  17.02928101  11.28173047  21.30583315
  24.94289634  21.94665828] 
[ -9.05689062   6.27754395  15.71039444  -2.27218878  -4.40674676
 -10.73901625 -33.24021426  17.02927914  11.2819919   21.30627515
  24.94306401  21.94667984] 
[ -9.0566709    6.27750443  15.71033202  -2.2717923   -4.40683425
 -10.73901422 -33.24021194  17.0292789   11.28225353  21.30671639
  24.94322939  21.94670065] 
[ -9.05645266   6.27746391  15.71027015  -2.27140058  -4.40691634
 -10.7390143  -33.24021297  17.02928051  11.28251598  21.3071568
  24.94338973  21.94671945] 
[ -9.05623243   6.27742689  15.7102099   -2.27101994  -4.40699161
 -10.7390165  -33.24021614  17.02927941  11.2827809   21.30758872
  24.9435441   21.946742  ] 
[ -9.05601737   6.27738377  15.71015577  -2.27064826  -4.4070637
 -10.73902412 -33.24022621  17.02928483  11.28304199  21.30801615
  24.94369174  21.9467596 ] 
[ -9.05580233   6.27734143  15.71010303  -2.27027758  -4.40713537
 -10.73903118 -33.24023525  17.02928964  11.28330201  21.30844245
  24.94383881  21.94677718] 
[ -9.05558941   6.27730163  15.71005588  -2.26990813  -4.4072035
 -10.73904055 -33.24024224  17.02929722  11.28356433  21.30886513
  24.94398203  21.94679686] 
[ -9.05537716   6.27726136  15.71001044  -2.26954167  -4.40726917
 -10.73904781 -33.24024956  17.0293056   11.28382648  21.3092862
  24.9441231   21.94681502] 
[ -9.05516669   6.27722368  15.70996526  -2.26917922  -4.40733175
 -10.7390547  -33.24025535  17.02931125  11.28408547  21.30970547
  24.9442607   21.94683488] 
[ -9.05495752   6.27718638  15.70992048  -2.26881851  -4.40739444
 -10.73906223 -33.24025935  17.02931518  11.28434217  21.31012405
  24.94439854  21.94685495] 
[ -9.05475018   6.27715063  15.70987546  -2.26845792  -4.40745927
 -10.73907046 -33.2402618   17.02931953  11.28459661  21.3105406
  24.94453792  21.94687635] 
[ -9.05454205   6.27711714  15.70983349  -2.26809824  -4.40752632
 -10.73908049 -33.24026619  17.0293243   11.28485002  21.3109584
  24.94467939  21.94689645] 
[ -9.05433402   6.27708405  15.70979332  -2.26773807  -4.40759244
 -10.73908962 -33.24026941  17.02932853  11.28510322  21.31137617
  24.94481998  21.94691675] 
[ -9.05412652   6.27705123  15.70975516  -2.26737998  -4.40765816
 -10.73909919 -33.24027129  17.02933327  11.28535485  21.31179235
  24.94496115  21.94693756] 
[ -9.05391717   6.27702139  15.70971997  -2.26702698  -4.40772423
 -10.73910796 -33.24027337  17.02933547  11.28560814  21.31220377
  24.94510083  21.94695887] 
[ -9.05370677   6.27699272  15.70968372  -2.26667824  -4.40779217
 -10.73911742 -33.24027348  17.02933835  11.2858622   21.31261062
  24.94524283  21.94697856] 
[ -9.05349768   6.27696331  15.70964961  -2.26632671  -4.4078572
 -10.73912432 -33.24027194  17.02934292  11.28611342  21.3130193
  24.94538185  21.94699927] 
[ -9.05329007   6.27693467  15.70961513  -2.26597509  -4.40792432
 -10.73913138 -33.24027059  17.02934586  11.2863641   21.31342824
  24.9455222   21.94702014] 
[ -9.05308245   6.27690607  15.70958167  -2.26562475  -4.40799019
 -10.73913753 -33.24026885  17.02934817  11.28661358  21.31383578
  24.94566122  21.94704052] 
[ -9.05287481   6.27687735  15.70954797  -2.26527584  -4.40805529
 -10.73914394 -33.24026812  17.02934956  11.286862    21.31424242
  24.94579991  21.94706044] 
[ -9.05266206   6.27685361  15.70952349  -2.26491335  -4.40812593
 -10.7391521  -33.24026676  17.02934602  11.28711838  21.31466231
  24.94594654  21.94708175] 
[ -9.05245098   6.27682852  15.7094971   -2.26455155  -4.40819734
 -10.73915873 -33.24026662  17.02934133  11.28737467  21.31507931
  24.94609174  21.94710188] 
[ -9.05224231   6.27680671  15.70947201  -2.2641852   -4.40826981
 -10.73916322 -33.24026574  17.02933633  11.28763035  21.31550059
  24.94623716  21.94712191] 
[ -9.05203219   6.2767848   15.70944583  -2.26382078  -4.40833999
 -10.73916677 -33.2402649   17.02933313  11.2878868   21.3159201
  24.94637988  21.94714046] 
[ -9.0518224    6.2767642   15.70942006  -2.26345924  -4.40840848
 -10.73916819 -33.24026406  17.02932859  11.28814085  21.31633576
  24.94651991  21.94716068] 
[ -9.05161291   6.27674402  15.70939433  -2.26309873  -4.40847638
 -10.73916962 -33.24026332  17.02932479  11.28839427  21.31674964
  24.94665901  21.94718157] 
[ -9.05140547   6.27672306  15.70936852  -2.26274839  -4.40853807
 -10.73917321 -33.24026677  17.02932174  11.28864936  21.31715459
  24.94679289  21.94720297] 
[ -9.05119722   6.27669969  15.7093408   -2.26240059  -4.40860024
 -10.73917793 -33.24027201  17.02932032  11.28890163  21.31755857
  24.94692493  21.94722254] 
[ -9.05099276   6.27667733  15.70931187  -2.26205619  -4.4086611
 -10.73917857 -33.24027306  17.02931536  11.2891486   21.31796248
  24.94705275  21.94724192] 
[ -9.05078868   6.27665521  15.70928365  -2.26171267  -4.40872186
 -10.73917934 -33.24027405  17.02931071  11.28939515  21.31836482
  24.94718063  21.94726138] 
[ -9.05057957   6.27663586  15.70925939  -2.26137239  -4.40877816
 -10.73917801 -33.24028048  17.02930845  11.2896472   21.31876697
  24.94730553  21.9472797 ] 
[ -9.05037136   6.27661768  15.7092351   -2.26103316  -4.40883291
 -10.73917699 -33.24028473  17.02930509  11.28989975  21.31916627
  24.9474289   21.9472967 ] 
[ -9.0501663    6.27660006  15.70921522  -2.26070511  -4.40888253
 -10.7391718  -33.24028981  17.02930347  11.29015233  21.31955439
  24.94755418  21.9473101 ] 
[ -9.04996175   6.27658145  15.70919335  -2.26037648  -4.40893669
 -10.73916859 -33.24029329  17.02930242  11.29040315  21.31994099
  24.94768297  21.94732618] 
[ -9.0497578    6.27656305  15.70917199  -2.26004846  -4.40899121
 -10.73916578 -33.2402965   17.0293013   11.29065327  21.32032656
  24.94781158  21.94734264] 
[ -9.0495569    6.27654168  15.7091481   -2.25971796  -4.40905402
 -10.73916663 -33.24029677  17.0292978   11.29090606  21.32071072
  24.94794704  21.94735709] 
[ -9.04935687   6.27652151  15.709126    -2.2593886   -4.40911576
 -10.73916775 -33.24029671  17.02929377  11.29115761  21.32109318
  24.9480818   21.94737303] 
[ -9.04915693   6.27650172  15.70910466  -2.25906032  -4.4091773
 -10.73916881 -33.24029692  17.02929009  11.29140836  21.32147454
  24.94821603  21.9473896 ] 
[ -9.04895671   6.27648276  15.70908458  -2.25873444  -4.40923764
 -10.7391695  -33.24029794  17.02928607  11.29165852  21.32185369
  24.9483487   21.94740696] 
[ -9.04875715   6.27646277  15.70906362  -2.25840689  -4.40929807
 -10.7391701  -33.24029884  17.0292823   11.29190637  21.32223404
  24.94848062  21.94742434] 
[ -9.04855759   6.27644299  15.709043    -2.2580804   -4.40935848
 -10.73917048 -33.24029961  17.02927859  11.29215331  21.32261364
  24.94861239  21.94744215] 
[ -9.04835961   6.2764266   15.70902607  -2.25775303  -4.40941823
 -10.73917331 -33.24030232  17.02927368  11.29240254  21.32299237
  24.94874563  21.94746288] 
[ -9.04816349   6.27640972  15.7090082   -2.25742728  -4.40947992
 -10.73917692 -33.24030558  17.02926761  11.29264916  21.32337111
  24.94887953  21.94748251] 
[ -9.04796733   6.27639264  15.70899339  -2.25710542  -4.40953831
 -10.73918233 -33.24031137  17.02926011  11.29289254  21.32374509
  24.94901154  21.94750519] 
[ -9.04777174   6.27637682  15.70897582  -2.2567825   -4.40959883
 -10.73918476 -33.24031881  17.02925301  11.29313249  21.32411679
  24.94914262  21.9475255 ] 
[ -9.04757629   6.27636132  15.70895893  -2.25646014  -4.40965921
 -10.7391872  -33.24032587  17.02924657  11.29337196  21.32448768
  24.94927308  21.94754594] 
[ -9.04738026   6.27634694  15.70894141  -2.25614151  -4.40971797
 -10.73919007 -33.24033127  17.02924122  11.29361203  21.32485528
  24.94940338  21.94756742] 
[ -9.04718556   6.27633395  15.70892318  -2.25582446  -4.40977469
 -10.73919149 -33.24033503  17.02923732  11.29385197  21.32522249
  24.94953133  21.94759018] 
[ -9.04699034   6.27632177  15.70890497  -2.25550808  -4.40982984
 -10.73919224 -33.24034034  17.02923318  11.29409288  21.3255905
  24.94965674  21.94761143] 
[ -9.04679487   6.27631105  15.70888929  -2.25519429  -4.40988448
 -10.73919448 -33.24034714  17.0292308   11.29433401  21.32595553
  24.94978033  21.94763274] 
[ -9.04659985   6.27630037  15.70887398  -2.25488118  -4.40993912
 -10.73919665 -33.24035331  17.02922849  11.29457433  21.32631964
  24.9499036   21.94765422] 
[ -9.04640353   6.27628681  15.70886061  -2.25456611  -4.40999709
 -10.73919624 -33.24036067  17.02922425  11.29481169  21.32668161
  24.95002968  21.9476736 ] 
[ -9.04620736   6.27627049  15.70884486  -2.25425135  -4.41005323
 -10.73919699 -33.24036938  17.0292198   11.2950459   21.32704091
  24.95015246  21.9476936 ] 
[ -9.0460126    6.27625343  15.70882993  -2.25393937  -4.41010973
 -10.73919758 -33.24037693  17.02921602  11.29527962  21.32739732
  24.95027599  21.94771272] 
[ -9.04582218   6.27624074  15.70882008  -2.25361418  -4.41016506
 -10.73919564 -33.24038945  17.02921587  11.29551068  21.32776659
  24.95040119  21.94772892] 
[ -9.04563211   6.27622852  15.70881029  -2.25329047  -4.41022117
 -10.73919422 -33.24040137  17.02921543  11.29574135  21.32813512
  24.95052673  21.947746  ] 
[ -9.04544168   6.27621582  15.70880126  -2.25296752  -4.41027841
 -10.73919267 -33.24041267  17.0292145   11.29597125  21.32850226
  24.95065268  21.94776438] 
[ -9.04525282   6.27620159  15.70879019  -2.2526484   -4.41033665
 -10.73919091 -33.24042243  17.02921455  11.29620061  21.32886547
  24.95077904  21.94778165] 
[ -9.04506623   6.27619017  15.70877722  -2.25233299  -4.41039138
 -10.73919176 -33.24043436  17.02921642  11.29643154  21.3292293
  24.95090179  21.94780176] 
[ -9.04487976   6.27617873  15.70876438  -2.25201865  -4.41044584
 -10.73919267 -33.24044527  17.02921805  11.29666169  21.32959193
  24.951024    21.94782199] 
[ -9.04469328   6.27616791  15.70875219  -2.25170482  -4.41050103
 -10.73919403 -33.24045446  17.0292189   11.29689099  21.3299534
  24.95114659  21.94784206] 
[ -9.044509     6.27615722  15.7087408   -2.25138801  -4.41055836
 -10.73919749 -33.2404645   17.02922007  11.2971196   21.3303177
  24.9512712   21.94786209] 
[ -9.04432545   6.27614569  15.70873099  -2.25107119  -4.41061511
 -10.73920207 -33.24047502  17.02922221  11.29734864  21.33068067
  24.95139617  21.94788369] 
[ -9.04414179   6.27613472  15.70872167  -2.25075511  -4.41067238
 -10.73920709 -33.24048395  17.02922458  11.2975769   21.33104246
  24.95152162  21.94790488] 
[ -9.04395829   6.27612181  15.70870838  -2.25044687  -4.41072761
 -10.73920858 -33.2404945   17.0292289   11.29780114  21.33139668
  24.95164504  21.94792343] 
[ -9.04377505   6.27611     15.70869761  -2.25013481  -4.41078203
 -10.7392079  -33.24050405  17.02923093  11.298025    21.33175415
  24.95176552  21.94794191] 
[ -9.04359063   6.27609831  15.7086875   -2.2498239   -4.41083552
 -10.7392075  -33.24051417  17.02923177  11.2982498   21.33211019
  24.95188426  21.9479618 ] 
[ -9.04340661   6.27608683  15.70867733  -2.24951401  -4.41088912
 -10.73920726 -33.24052326  17.02923233  11.29847419  21.3324651
  24.95200284  21.94798185] 
[ -9.04322346   6.27607722  15.70866694  -2.24920297  -4.41094389
 -10.73920585 -33.24053323  17.02923311  11.29869904  21.33281985
  24.95212205  21.94800281] 
[ -9.04304031   6.27606799  15.70865671  -2.24889297  -4.41099827
 -10.73920485 -33.24054225  17.02923393  11.29892347  21.33317382
  24.9522409   21.94802388] 
[ -9.04285728   6.27605674  15.70864438  -2.24858793  -4.41105219
 -10.7392036  -33.24054859  17.02923476  11.29914524  21.33352285
  24.95236061  21.94804631] 
[ -9.04267501   6.27604506  15.7086323   -2.24828343  -4.41110727
 -10.73920187 -33.24055315  17.02923494  11.29936678  21.33387193
  24.95248078  21.94806766] 
[ -9.04249287   6.27603407  15.70862086  -2.24798132  -4.41116107
 -10.73920018 -33.24055651  17.02923449  11.29958785  21.33421875
  24.95259957  21.94808852] 
[ -9.04230957   6.27602468  15.7086084   -2.24768356  -4.41121678
 -10.73920069 -33.24056155  17.02923506  11.29981059  21.33456214
  24.95272042  21.94811148] 
[ -9.04212527   6.27601731  15.7085969   -2.24738502  -4.41127202
 -10.73920155 -33.24056645  17.02923395  11.30003302  21.33490721
  24.95284038  21.94813429] 
[ -9.041944     6.27601425  15.70858948  -2.24708827  -4.41133001
 -10.7392066  -33.24057521  17.02923557  11.3002592   21.33525521
  24.95295896  21.94815503] 
[ -9.04176268   6.27601119  15.70858195  -2.24679222  -4.41138723
 -10.73921157 -33.24058337  17.02923734  11.30048449  21.33560177
  24.95307731  21.94817637] 
[ -9.04158319   6.27600805  15.70857245  -2.24649974  -4.41144161
 -10.73921412 -33.24059108  17.02923725  11.30070663  21.33594597
  24.95319336  21.94819933] 
[ -9.04140429   6.2760043   15.70856332  -2.24620778  -4.41149517
 -10.73921684 -33.24059772  17.02923737  11.30092824  21.3362886
  24.95330877  21.94822249] 
[ -9.04122564   6.27600045  15.70855443  -2.24591653  -4.41154849
 -10.73921946 -33.2406036   17.02923741  11.30114932  21.33663007
  24.95342395  21.94824576] 
[ -9.04104796   6.27599677  15.70854735  -2.24562279  -4.41160301
 -10.73922208 -33.24060847  17.02923711  11.30136878  21.33697346
  24.95354067  21.94827064] 
[ -9.04087176   6.27599261  15.70853886  -2.24533231  -4.41165554
 -10.73922583 -33.24061125  17.02923818  11.30158724  21.33731425
  24.95365663  21.94829672] 
[ -9.04069378   6.27598502  15.70852835  -2.24504575  -4.41170353
 -10.73923049 -33.24061192  17.0292414   11.30180244  21.3376529
  24.95376851  21.94832051] 
[ -9.0405187    6.27597348  15.70851472  -2.24476305  -4.41174863
 -10.73923732 -33.2406159   17.02924762  11.30201664  21.33798563
  24.95387945  21.94834689] 
[ -9.04034338   6.27596068  15.70850294  -2.24448517  -4.41179583
 -10.73924594 -33.24061709  17.02925127  11.30223225  21.33831308
  24.95399114  21.948373  ] 
[ -9.04016787   6.27594879  15.70849177  -2.244207    -4.41184414
 -10.73925448 -33.24061741  17.02925427  11.30244818  21.33863997
  24.95410362  21.94839971] 
[ -9.03999288   6.27593616  15.70847945  -2.24392937  -4.4118939
 -10.73926272 -33.24061854  17.0292569   11.30266346  21.33896608
  24.9542171   21.94842526] 
[ -9.03981773   6.27592397  15.70846707  -2.24365262  -4.41194294
 -10.73926995 -33.24061986  17.02925947  11.30287807  21.33929138
  24.95433007  21.94845022] 
[ -9.03964223   6.27591025  15.7084513   -2.24337632  -4.41199377
 -10.73927578 -33.24061942  17.02926272  11.30309057  21.33961823
  24.95444446  21.94847316] 
[ -9.03946642   6.27589594  15.70843647  -2.24310057  -4.41204598
 -10.73928268 -33.24061809  17.02926635  11.30330206  21.33994518
  24.95456016  21.94849546] 
[ -9.03929082   6.27588175  15.7084216   -2.24282516  -4.4120979
 -10.73928891 -33.24061672  17.02926944  11.30351313  21.34027141
  24.95467522  21.94851751] 
[ -9.03911258   6.27586736  15.70840464  -2.24255028  -4.4121502
 -10.73929406 -33.24061881  17.02927177  11.30372692  21.34059623
  24.95478943  21.94854224] 
[ -9.03893403   6.27585256  15.70838896  -2.24227635  -4.41220233
 -10.73929797 -33.24061963  17.02927469  11.30393921  21.34092047
  24.95490223  21.94856781] 
[ -9.03875614   6.27583829  15.7083737   -2.24200298  -4.41225499
 -10.73930207 -33.24062012  17.0292769   11.30415157  21.34124425
  24.95501545  21.9485934 ] 
[ -9.03857895   6.27582432  15.70835851  -2.24172971  -4.4123073
 -10.73930601 -33.24062017  17.02927892  11.30436338  21.34156731
  24.95512817  21.94861859] 
[ -9.03840275   6.27581028  15.70834357  -2.24145696  -4.41236004
 -10.73930944 -33.24061996  17.02928066  11.30457455  21.34188893
  24.95524118  21.94864412] 
[ -9.03822599   6.27579457  15.70832734  -2.24118417  -4.41241103
 -10.7393112  -33.24062073  17.02928347  11.30478402  21.34220839
  24.95535398  21.94866792] 
[ -9.03804987   6.27577917  15.70831149  -2.24091184  -4.4124618
 -10.73931309 -33.24062154  17.02928613  11.30499327  21.34252729
  24.95546647  21.94869142] 
[ -9.03787487   6.27576547  15.70829731  -2.24063911  -4.41251212
 -10.73931611 -33.24062306  17.02928763  11.30520321  21.34284541
  24.95557945  21.94871625] 
[ -9.03770082   6.2757505   15.70828393  -2.24036591  -4.41256531
 -10.73931892 -33.24062545  17.02928839  11.3054148   21.34316271
  24.95569391  21.94874192] 
[ -9.03752887   6.27573626  15.70827354  -2.24009406  -4.41262049
 -10.7393246  -33.24062247  17.02928504  11.30562118  21.34347521
  24.955805    21.94876373] 
[ -9.03735732   6.27572183  15.70826306  -2.23982378  -4.41267537
 -10.73932989 -33.24061916  17.02928227  11.30582658  21.34378602
  24.95591553  21.94878545] 
[ -9.03718606   6.27570789  15.70825278  -2.23955406  -4.41272978
 -10.73933484 -33.2406161   17.02927974  11.30603154  21.34409616
  24.95602558  21.94880725] 
[ -9.03701421   6.27569569  15.70824394  -2.23928295  -4.41278375
 -10.73933941 -33.2406143   17.02927645  11.30623637  21.3444079
  24.95613526  21.948829  ] 
[ -9.03684268   6.27568811  15.70823914  -2.2390216   -4.41283691
 -10.73934787 -33.24060648  17.02926855  11.30643684  21.34471073
  24.95624897  21.94884703] 
[ -9.03667308   6.27568218  15.70823335  -2.23876218  -4.41288824
 -10.73935715 -33.24060141  17.02926198  11.30663803  21.34501414
  24.95635992  21.94886362] 
[ -9.03650328   6.27567883  15.70822793  -2.23851011  -4.4129416
 -10.73936921 -33.24060045  17.02925241  11.30683651  21.34531147
  24.95647407  21.94887821] 
[ -9.03633335   6.27567517  15.70822249  -2.23826011  -4.41299493
 -10.73938046 -33.24059975  17.02924434  11.30703401  21.34560637
  24.95658746  21.94889259] 
[ -9.03616386   6.27567211  15.70821692  -2.23801137  -4.41304809
 -10.739391   -33.24059933  17.02923618  11.30723146  21.34590004
  24.95669938  21.94890828] 
[ -9.03599639   6.27567033  15.70821001  -2.23776209  -4.41309938
 -10.73939973 -33.2406005   17.02922932  11.30742898  21.34619177
  24.95680808  21.94892593] 
[ -9.03583157   6.2756671   15.7082024   -2.23751345  -4.41315269
 -10.73940962 -33.24059992  17.02922146  11.30762425  21.3464841
  24.95691824  21.94894257] 
[ -9.03566718   6.2756637   15.70819492  -2.2372652   -4.41320533
 -10.73941873 -33.24059923  17.02921421  11.30781911  21.34677576
  24.95702753  21.94895961] 
[ -9.03550454   6.27566191  15.70818944  -2.23701799  -4.41325845
 -10.73942895 -33.2406      17.02920624  11.30801385  21.34706574
  24.95713789  21.94897913] 
[ -9.03534234   6.27566002  15.70818396  -2.2367712   -4.41331077
 -10.73943849 -33.24060054  17.02919875  11.30820818  21.34735504
  24.95724742  21.9489988 ] 
[ -9.03518115   6.2756587   15.70817767  -2.23652594  -4.41336226
 -10.7394483  -33.24060203  17.02919264  11.30840125  21.34764378
  24.95735654  21.94901931] 
[ -9.03502002   6.27565701  15.70817189  -2.23628112  -4.41341305
 -10.73945741 -33.24060364  17.02918702  11.30859398  21.34793179
  24.95746478  21.9490404 ] 

 Time 
15242.93387556076 
