Parameters 
 
[-0.5 -0.5 -0.5 -0.5 -0.5 -0.5] 
[-12.53635508  -6.45726885  18.09362452  13.65734423  18.09789156
  31.63829209] 
[-12.57389675 -19.09234328  18.13064798  13.64530616  18.16494568
  44.26761231] 
[-12.56117941 -19.15826182  18.14636879  13.63862861  18.24993195
  44.31775931] 
[-12.52999536 -19.19300394  18.18463768  13.65905104  18.32664001
  44.36512326] 
[-12.49819337 -19.23579092  18.22135603  13.6833204   18.40815709
  44.42876426] 
[-12.47368418 -19.29108205  18.26813691  13.70175098  18.48270698
  44.48722237] 
[-12.45975699 -19.3417187   18.31187289  13.71919512  18.56132147
  44.54718597] 
[-12.47891444 -19.36989058  18.34459407  13.72926503  18.64599248
  44.59196752] 
[-12.68187646 -19.39369786  18.46117261  13.68088615  18.76706028
  44.5351635 ] 
[-12.69378136 -19.432133    18.48928757  13.6563907   18.8004636
  44.56673854] 
[-12.69488321 -19.46012983  18.50664215  13.63972245  18.84153854
  44.58911662] 
[-12.69939529 -19.47561473  18.51250828  13.62459994  18.87652408
  44.61205348] 
[-12.73699159 -19.48747693  18.49857131  13.59717182  18.89784935
  44.65530064] 
[-12.74992704 -19.49841622  18.4433487   13.5930572   18.90641519
  44.74217476] 
[-12.6554821  -19.48741955  18.42340691  13.6133583   18.98078463
  44.76061474] 
[-12.72614442 -19.47401668  18.32909718  13.61024822  18.9722451
  44.85520322] 
[-12.74519757 -19.46193742  18.2710345   13.60531837  18.98980494
  44.91860234] 
[-12.61357263 -19.35124121  18.32105778  13.62899414  19.29484932
  44.69752779] 
[-12.69109938 -19.36969074  18.29939194  13.60736866  19.2516292
  44.77608525] 
[-12.86791727 -19.28680614  18.20361157  13.56921939  19.24182773
  44.84415663] 
[-12.54223183 -19.41154802  18.3080638   13.64573681  19.28031293
  44.8301879 ] 
[-12.88630283 -19.2719901   18.18855061  13.56198625  19.23961765
  44.89553206] 
[-12.68909102 -19.30441762  18.18098298  13.62347155  19.31162588
  44.92597522] 
[-12.72514762 -19.31325061  18.17162862  13.61077549  19.27788996
  44.98038849] 
[-12.69863771 -19.30713325  18.15241654  13.6195193   19.2890177
  45.0164668 ] 
[-12.69154651 -19.29675962  18.13714192  13.62170175  19.29258684
  45.04911996] 
[-12.69119041 -19.28777848  18.12189239  13.62169575  19.29042883
  45.08544666] 
[-12.69413047 -19.28124419  18.10670623  13.62054117  19.2834693
  45.12591041] 
[-12.69007852 -19.27019135  18.08696806  13.62196137  19.28684586
  45.1628795 ] 
[-12.6845049  -19.26157916  18.06827345  13.62360067  19.29022212
  45.20105959] 
[-12.67888934 -19.25722427  18.05050412  13.62589642  19.29010286
  45.2436088 ] 
[-12.6718594  -19.25295603  18.03597116  13.6270968   19.29141454
  45.28168868] 
[-12.66719616 -19.24358976  18.01907684  13.62730637  19.29842198
  45.31527729] 
[-12.66497092 -19.23765785  18.0006115   13.62798151  19.29756628
  45.35688658] 
[-12.66526894 -19.22549862  17.98063222  13.62820419  19.30441216
  45.39197602] 
[-12.65318132 -19.21968043  17.96688002  13.62995558  19.32230408
  45.42025005] 
[-12.66074872 -19.20682676  17.95799222  13.62291947  19.33066205
  45.44314408] 
[-12.65518321 -19.19010879  17.94126122  13.61929671  19.34406023
  45.46683683] 
[-12.67011412 -19.18367102  17.94180652  13.60883603  19.34955606
  45.48654553] 
[-12.56773933 -19.10233723  17.79664966  13.63553234  19.42723595
  45.55077658] 
[-12.7269855  -19.28759201  18.02536056  13.55318116  19.23315137
  45.55802824] 
[-12.63639736 -19.1259397   17.87976257  13.62372414  19.44266614
  45.53792204] 
[-12.66746598 -19.14134573  17.90352245  13.605563    19.40542686
  45.56783814] 
[-12.65861787 -19.1166348   17.8853737   13.60919508  19.43299215
  45.58391992] 
[-12.65603049 -19.10885541  17.87921768  13.60770347  19.44210791
  45.6058618 ] 
[-12.658917   -19.10271682  17.8755071   13.60355077  19.44627658
  45.62861722] 
[-12.65686244 -19.09237357  17.86673149  13.60307532  19.45945361
  45.64972536] 
[-12.65690354 -19.08409924  17.85960894  13.60194241  19.46950497
  45.67156629] 
[-12.66257586 -19.08247035  17.85875777  13.59867552  19.4697795
  45.69360205] 
[-12.6631071  -19.07689958  17.85308752  13.59890926  19.47885582
  45.71255551] 
[-12.66383235 -19.07016316  17.84765899  13.59944327  19.48917161
  45.72967181] 
[-12.66201418 -19.06233893  17.83896459  13.60232395  19.50365878
  45.74779593] 
[-12.66430027 -19.05249923  17.83125853  13.60359023  19.51868756
  45.76400305] 
[-12.66223042 -19.04793467  17.81966939  13.6073734   19.52976341
  45.78837282] 
[-12.67294753 -19.04165074  17.78055502  13.61738321  19.52883984
  45.84838034] 
[-12.67465928 -19.03960454  17.7481219   13.62609506  19.5324091
  45.89980647] 
[-12.66956352 -19.03929041  17.7196832   13.63509957  19.54293346
  45.94237199] 
[-12.67047885 -19.0381339   17.69552513  13.64036271  19.55144663
  45.9803246 ] 
[-12.67145354 -19.03640267  17.67046739  13.64631694  19.56413433
  46.01533325] 
[-12.67319573 -19.04151485  17.61929682  13.66653623  19.55711228
  46.09701109] 
[-12.6725924  -19.04100338  17.58918345  13.67514346  19.56723706
  46.13952521] 
[-12.68016802 -19.04779073  17.49890671  13.71403159  19.55517806
  46.27197735] 
[-12.67471788 -19.05443836  17.46583466  13.72549147  19.56925163
  46.31859672] 
[-12.67623091 -19.06017599  17.43489337  13.73395509  19.5794542
  46.36412496] 
[-12.67982872 -19.06683952  17.40461743  13.74144629  19.58694313
  46.40982006] 
[-12.68217415 -19.07309392  17.3765418   13.74807724  19.59789389
  46.45048192] 
[-12.68296007 -19.07951051  17.35253302  13.75194252  19.61210639
  46.48355436] 
[-12.68585722 -19.08695777  17.32849734  13.75546683  19.62208126
  46.51838667] 
[-12.6901411  -19.09773946  17.30200255  13.75937293  19.62693498
  46.5598943 ] 
[-12.69542311 -19.1068434   17.27409548  13.76412291  19.63363667
  46.60061855] 
[-12.6994585  -19.11562463  17.24377339  13.7707554   19.64169577
  46.64458137] 
[-12.70387939 -19.1258242   17.21434487  13.77694018  19.64750875
  46.68748856] 
[-12.66273291 -19.13906796  16.99879737  13.88016877  19.67345645
  46.96695961] 
[-12.71147238 -19.15537267  17.13090517  13.80073101  19.65774037
  46.80709145] 
[-12.67861305 -19.16619742  16.93755455  13.89254099  19.67905201
  47.05843043] 
[-12.69602203 -19.18311146  16.94473168  13.87773548  19.67906572
  47.05709087] 
[-12.71027133 -19.19951016  16.94368676  13.8680738   19.67973215
  47.06593433] 
[-12.72241708 -19.21553992  16.93788162  13.86152827  19.68066759
  47.08048119] 
[-12.73334054 -19.23140127  16.92893685  13.85719846  19.68141507
  47.09898704] 
[-12.74446374 -19.24802003  16.89934688  13.85951536  19.68022665
  47.14320753] 
[-12.75599426 -19.26353049  16.88021906  13.85815451  19.67996045
  47.17380353] 
[-12.76559529 -19.27851851  16.86022099  13.85806644  19.68138477
  47.2050785 ] 
[-12.77450607 -19.29248636  16.84666599  13.85635674  19.68346692
  47.2276938 ] 
[-12.78317759 -19.30556251  16.83743858  13.85361482  19.68541572
  47.24468104] 
[-12.7935003  -19.31654901  16.83923971  13.84783276  19.68593043
  47.24771504] 
[-12.80252696 -19.32640993  16.8390992   13.84314837  19.68709747
  47.25244753] 
[-12.8098773  -19.33552066  16.84191058  13.83746366  19.68814106
  47.25306103] 
[-12.81709177 -19.34425056  16.84320273  13.83296681  19.68846479
  47.25572626] 
[-12.82404792 -19.35263839  16.8435097   13.82940708  19.68841555
  47.25971897] 
[-12.83065856 -19.36132843  16.8414321   13.82735754  19.68758781
  47.26732336] 
[-12.83678064 -19.36979238  16.83986209  13.82537462  19.68693625
  47.27410824] 
[-12.84260041 -19.37798109  16.83835556  13.82361405  19.68635659
  47.28066176] 
[-12.84822034 -19.38590658  16.83610142  13.82253174  19.68565369
  47.28819154] 
[-12.85358038 -19.39363769  16.83510255  13.82098935  19.68534582
  47.29378583] 
[-12.85871443 -19.40109933  16.83415634  13.81961601  19.68501694
  47.29920863] 
[-12.86343801 -19.40819631  16.83292085  13.81852103  19.68477791
  47.30485318] 
[-12.86799075 -19.41524058  16.83153641  13.81767032  19.68451337
  47.31047113] 
[-12.87183614 -19.42172876  16.83092184  13.81692795  19.68480828
  47.31475469] 
[-12.87558916 -19.42784615  16.82885158  13.81656774  19.68406768
  47.32098748] 
[-12.87875739 -19.43377359  16.82934549  13.81511121  19.68379943
  47.32373993] 
[-12.88220235 -19.43963978  16.82953718  13.81388815  19.68343173
  47.32660375] 
[-12.88542664 -19.44549844  16.83073027  13.81234982  19.68286907
  47.32831395] 
[-12.88868136 -19.45111406  16.83180635  13.81095076  19.68211041
  47.33007555] 
[-12.89192943 -19.45654058  16.83245683  13.80982126  19.68114784
  47.33228495] 
[-12.89500804 -19.4621284   16.8335081   13.80837883  19.67982268
  47.33384168] 
[-12.89836935 -19.46755875  16.8344738   13.80683815  19.67808978
  47.33549218] 
[-12.90166463 -19.47279187  16.83542175  13.80540586  19.6763533
  47.33704748] 
[-12.90489679 -19.47789322  16.8363434   13.80411823  19.67461864
  47.3385162 ] 
[-12.90818819 -19.48283785  16.83843725  13.80231752  19.67286377
  47.33851748] 
[-12.91141589 -19.48762686  16.83990688  13.80086509  19.67097307
  47.33916343] 
[-12.91451461 -19.49218465  16.84098471  13.79981139  19.66908279
  47.34028786] 
[-12.91698855 -19.4960547   16.84234481  13.79889236  19.66803057
  47.34040385] 
[-12.91941724 -19.49982118  16.84336559  13.79815905  19.66684792
  47.34088679] 
[-12.92200649 -19.5034673   16.84360116  13.79760184  19.66538865
  47.34222657] 
[-12.92446927 -19.50706701  16.84411913  13.79698419  19.66392188
  47.34324073] 
[-12.92675438 -19.51076267  16.84389681  13.79664433  19.66240334
  47.34513423] 
[-12.92883657 -19.51433231  16.84475335  13.79605994  19.66106852
  47.34576752] 
[-12.93086465 -19.51782786  16.84565702  13.79550305  19.65968833
  47.34631889] 
[-12.93284473 -19.52125055  16.84658043  13.79497952  19.65826927
  47.346818  ] 
[-12.93485347 -19.52458599  16.84764102  13.79439875  19.65680175
  47.34711126] 
[-12.93683208 -19.52787949  16.8487094   13.79383944  19.65529433
  47.34735445] 
[-12.93879934 -19.53107984  16.85007333  13.79323916  19.6537304
  47.34722385] 
[-12.94066124 -19.53420707  16.85136678  13.79273792  19.65216721
  47.34715494] 
[-12.94245194 -19.53745299  16.8521138   13.79238573  19.65036232
  47.34778756] 
[-12.94422836 -19.5406276   16.85298236  13.79198277  19.64857105
  47.34820266] 
[-12.94612808 -19.54374512  16.85420282  13.79134607  19.64673257
  47.34820506] 
[-12.94799735 -19.54682384  16.85543433  13.79072583  19.64483195
  47.34815153] 
[-12.94981506 -19.54988019  16.85665478  13.79011845  19.64291422
  47.34806536] 
[-12.95163468 -19.552887    16.85780609  13.78950543  19.64097253
  47.34797314] 
[-12.95346712 -19.55578734  16.85875972  13.78899316  19.63898865
  47.34796611] 
[-12.95523829 -19.55878205  16.85959751  13.78847002  19.63687605
  47.34804142] 
[-12.95694654 -19.56175354  16.86047785  13.78794531  19.63477994
  47.3480393 ] 
[-12.95861906 -19.56469505  16.86144284  13.7873899   19.63268783
  47.34791161] 
[-12.96027187 -19.56760499  16.86237874  13.78683355  19.63060382
  47.34777106] 
[-12.96191471 -19.57048426  16.86353822  13.78622741  19.62846255
  47.34739214] 
[-12.96351788 -19.57333905  16.86464318  13.78563918  19.62633176
  47.34703671] 
[-12.9650916  -19.57616302  16.86569499  13.78506692  19.62421043
  47.34669757] 
[-12.96644793 -19.57891251  16.86658827  13.78470152  19.62204702
  47.34661854] 
[-12.9677819  -19.58163403  16.86748478  13.78432559  19.61992111
  47.34649233] 
[-12.96909951 -19.58431823  16.86838301  13.7839363   19.61783574
  47.34631483] 
[-12.97049262 -19.58696551  16.86914239  13.78350101  19.61573182
  47.34623113] 
[-12.97185531 -19.58958689  16.86992022  13.78305519  19.61365999
  47.346096  ] 
[-12.97319018 -19.59218224  16.87071193  13.78259816  19.61161701
  47.34591455] 
[-12.97445804 -19.59477572  16.87134555  13.78214698  19.60965341
  47.3458757 ] 
[-12.97570721 -19.59733375  16.87201494  13.78168103  19.60771208
  47.3457738 ] 
[-12.9769339  -19.59986584  16.87273053  13.7812083   19.60578996
  47.3456068 ] 
[-12.9781572  -19.6023674   16.87347274  13.7807133   19.60386797
  47.34539664] 
[-12.97932534 -19.60482393  16.87424651  13.78019368  19.60190849
  47.34518946] 
[-12.98053042 -19.60724696  16.87495258  13.77965168  19.59994899
  47.34500692] 
[-12.98171247 -19.60963007  16.87569151  13.77910469  19.59801607
  47.34475837] 
[-12.98281788 -19.61190273  16.87641344  13.77850645  19.59609303
  47.34437352] 
[-12.98393862 -19.61421896  16.87711516  13.77793451  19.59419169
  47.34403522] 
[-12.98505683 -19.61650593  16.87780176  13.77735832  19.59230705
  47.343688  ] 
[-12.9861715  -19.61877487  16.87846193  13.77678081  19.59042906
  47.3433473 ] 
[-12.98724305 -19.62099591  16.87932695  13.77612965  19.58853869
  47.34279796] 
[-12.98832285 -19.62319954  16.8801393   13.77548102  19.58665427
  47.34227191] 
[-12.98924341 -19.6250916   16.88087801  13.77478688  19.58514101
  47.3414969 ] 
[-12.99018763 -19.62695974  16.88152764  13.77410584  19.58360738
  47.34079953] 
[-12.99111577 -19.62882672  16.88215094  13.77342296  19.58206901
  47.34015517] 
[-12.99205127 -19.63066969  16.88273187  13.772739    19.58051664
  47.33954626] 
[-12.9928126  -19.63240192  16.88332341  13.77222763  19.57910845
  47.33902284] 
[-12.99359194 -19.63411587  16.88387217  13.77171251  19.57769042
  47.33853548] 
[-12.99433902 -19.63579653  16.88448242  13.77120883  19.57625555
  47.33799884] 
[-12.99503608 -19.63750761  16.88504714  13.77067706  19.57487279
  47.33743081] 
[-12.99575982 -19.63919578  16.88555973  13.77014092  19.57347544
  47.33690819] 
[-12.9965014  -19.64086005  16.88603037  13.76960198  19.57207178
  47.3364246 ] 
[-12.99729213 -19.64248837  16.88654109  13.76903223  19.57065667
  47.33588163] 
[-12.99811694 -19.64405114  16.88704554  13.76844396  19.56927967
  47.3353748 ] 
[-12.99894447 -19.64560028  16.88751828  13.76785628  19.56789893
  47.33489758] 
[-12.99980473 -19.64712933  16.88800328  13.76724397  19.56651312
  47.33438843] 
[-13.0006618  -19.64866218  16.8884496   13.76664495  19.56513062
  47.33393434] 
[-13.00152072 -19.65026666  16.88884151  13.76604241  19.56366384
  47.33355763] 
[-13.00238014 -19.6518565   16.88923426  13.76543313  19.56220065
  47.33317841] 
[-13.00320716 -19.65343831  16.88962853  13.76485147  19.56076698
  47.332823  ] 
[-13.00399415 -19.6550302   16.88992391  13.76427835  19.55936761
  47.33256761] 
[-13.00479004 -19.65660075  16.89024348  13.763695    19.5579738
  47.33228466] 
[-13.00555953 -19.65813736  16.89049485  13.76315306  19.55659154
  47.33206918] 
[-13.00634202 -19.6596467   16.89078137  13.76259712  19.55521247
  47.33182321] 
[-13.00715958 -19.66116956  16.89108842  13.76198591  19.55382691
  47.33154542] 
[-13.00796698 -19.66275542  16.89150613  13.76132818  19.55236114
  47.33121445] 
[-13.00879602 -19.66431751  16.89192769  13.76065804  19.55089637
  47.3308602 ] 
[-13.00965753 -19.66585543  16.89232911  13.75997452  19.54943598
  47.33050803] 
[-13.01051721 -19.66737096  16.89278422  13.75925948  19.54795143
  47.33009739] 
[-13.01139094 -19.66887194  16.89323204  13.75853671  19.5464682
  47.32967541] 
[-13.01226402 -19.67035383  16.89374512  13.75777672  19.54495099
  47.32917218] 
[-13.01310986 -19.67186274  16.89422565  13.75704321  19.54341501
  47.32868746] 
[-13.01393613 -19.67335493  16.89472049  13.7562847   19.5418557
  47.32822244] 
[-13.01472793 -19.67481472  16.89512404  13.75557967  19.5403317
  47.32782691] 
[-13.01552859 -19.67626081  16.89552276  13.75486926  19.53881806
  47.32742444] 
[-13.01633556 -19.67769059  16.89590872  13.75415691  19.53732277
  47.32701949] 
[-13.01713947 -19.67916245  16.89626151  13.75344124  19.53579325
  47.32666745] 
[-13.01795205 -19.68061607  16.89660493  13.75272397  19.53428429
  47.32630921] 
[-13.01875466 -19.6820651   16.89693357  13.75200021  19.53280666
  47.32593535] 
[-13.01955609 -19.68346994  16.89725204  13.75124192  19.531307
  47.32551318] 
[-13.0203463  -19.68486922  16.89756659  13.75048886  19.5298316
  47.32509145] 
[-13.02118082 -19.68622207  16.89785638  13.74973958  19.52835533
  47.3246416 ] 
[-13.02202543 -19.68757715  16.89816641  13.7489747   19.52688386
  47.32417815] 
[-13.02286647 -19.68893746  16.89847751  13.74820156  19.52539339
  47.32371578] 
[-13.02370021 -19.69027978  16.89877609  13.74743153  19.5239284
  47.32326023] 
[-13.02453506 -19.69161711  16.89908564  13.74664239  19.52247352
  47.32279384] 
[-13.02536839 -19.69294462  16.89939105  13.74585157  19.5210309
  47.32232972] 
[-13.02618833 -19.69427129  16.89970135  13.7450592   19.5196047
  47.32187146] 
[-13.02697908 -19.69557303  16.90004365  13.74428774  19.51817568
  47.32138717] 
[-13.02776431 -19.69685621  16.90036686  13.74352177  19.51677153
  47.32091357] 
[-13.02855146 -19.69813134  16.90067942  13.74275285  19.51537995
  47.32044761] 
[-13.02933875 -19.69939639  16.90098497  13.74198318  19.51400042
  47.31998534] 
[-13.03008768 -19.700624    16.90126132  13.74125628  19.51262478
  47.31950924] 
[-13.03083444 -19.70193218  16.90156396  13.74046172  19.5111532
  47.31904587] 
[-13.0315755  -19.70321891  16.90183319  13.73966066  19.50969248
  47.31860998] 
[-13.03231855 -19.70449473  16.90209551  13.73885525  19.50825566
  47.3181652 ] 
[-13.03308106 -19.70575436  16.90237993  13.73804723  19.50683989
  47.31769222] 
[-13.03384581 -19.70700191  16.90265882  13.73723907  19.50543917
  47.31722018] 
[-13.0345839  -19.70815312  16.90289823  13.73645985  19.50415081
  47.31671762] 
[-13.03534147 -19.70925024  16.90314353  13.73569993  19.50291661
  47.31620033] 
[-13.03609275 -19.7103434   16.90338418  13.73493853  19.50168707
  47.31569574] 
[-13.03685186 -19.71138697  16.90358976  13.7342111   19.50052066
  47.31523966] 
[-13.03759834 -19.71243252  16.90379294  13.73347604  19.49936385
  47.31478327] 
[-13.03834945 -19.71348596  16.90399607  13.73272486  19.49819362
  47.31433628] 
[-13.03910094 -19.7145433   16.90422702  13.73197258  19.49702984
  47.3138715 ] 
[-13.03985107 -19.71559149  16.90445974  13.73121592  19.49587224
  47.3134097 ] 
[-13.04060197 -19.71662559  16.90468457  13.73045612  19.4947243
  47.31295115] 
[-13.04134776 -19.71764732  16.9048825   13.72970887  19.49357631
  47.31252013] 
[-13.04207096 -19.71868915  16.90508461  13.72896985  19.49241595
  47.31210955] 
[-13.04279527 -19.71972     16.90529159  13.72822611  19.49126421
  47.3116967 ] 
[-13.04351645 -19.72074444  16.90549705  13.7274818   19.49011847
  47.31128875] 
[-13.04425226 -19.721718    16.90565858  13.72676774  19.48903166
  47.3108993 ] 
[-13.04498101 -19.72268767  16.90582254  13.72605171  19.48794849
  47.31051574] 
[-13.04570777 -19.72372345  16.90599494  13.72531911  19.48679218
  47.31014541] 
[-13.04640489 -19.72473192  16.90615688  13.72461466  19.48563642
  47.30976014] 
[-13.04710759 -19.7257342   16.90633099  13.72389362  19.48447566
  47.3093602 ] 
[-13.04782581 -19.72671933  16.90650688  13.7231695   19.48331673
  47.30894169] 
[-13.04853119 -19.72770819  16.90667379  13.72244908  19.48216019
  47.30854248] 
[-13.04923014 -19.72869876  16.90685201  13.72172606  19.48100243
  47.30813644] 
[-13.04993062 -19.72968007  16.90703029  13.72100123  19.47985058
  47.30772904] 
[-13.0506301  -19.73065594  16.9072052   13.72027074  19.47870349
  47.3073289 ] 
[-13.05133838 -19.73162546  16.90737315  13.71952669  19.47755428
  47.3069387 ] 
[-13.05204353 -19.73258833  16.90754301  13.71878122  19.47641366
  47.30654958] 
[-13.05273004 -19.73355541  16.90771553  13.71803496  19.47529023
  47.30617923] 
[-13.05344748 -19.73451178  16.9079068   13.71725731  19.47416478
  47.30577077] 
[-13.0541681  -19.73546603  16.90810537  13.71646683  19.47303257
  47.30535118] 
[-13.05488517 -19.73641015  16.90830546  13.71565997  19.47188539
  47.30491109] 
[-13.05559852 -19.73734969  16.90850118  13.71485484  19.47074682
  47.30447818] 
[-13.05630843 -19.73828438  16.90869288  13.71405147  19.46961671
  47.30405191] 
[-13.05698763 -19.73924909  16.90888896  13.71326599  19.46846377
  47.30365473] 
[-13.05766869 -19.74020417  16.90908395  13.71248076  19.46732274
  47.30325695] 
[-13.05834929 -19.74115223  16.90927511  13.7116975   19.46619182
  47.3028625 ] 
[-13.05903166 -19.74208682  16.90945738  13.71091423  19.46507786
  47.30247421] 
[-13.059717   -19.74301067  16.90966625  13.71011579  19.4639627
  47.30205631] 
[-13.06039907 -19.7439356   16.90987617  13.70931975  19.46284787
  47.30163574] 
[-13.06108283 -19.744853    16.91008071  13.70852755  19.4617478
  47.30122559] 
[-13.06172133 -19.74575331  16.91021199  13.70778765  19.46065713
  47.30090482] 
[-13.06236234 -19.74663994  16.91034974  13.707046    19.45958193
  47.3005781 ] 
[-13.06300387 -19.74751393  16.91048984  13.70630833  19.45852279
  47.30024541] 
[-13.06364546 -19.74838     16.91063032  13.70556863  19.45747065
  47.29990933] 
[-13.064303   -19.74922967  16.91076905  13.70483188  19.45641485
  47.29955102] 
[-13.06495785 -19.75007399  16.91090864  13.70409497  19.45536866
  47.29919413] 
[-13.06561127 -19.75091062  16.9110452   13.70335834  19.45433547
  47.29884265] 
[-13.0662641  -19.75173791  16.911187    13.70260931  19.45330235
  47.29847572] 
[-13.06691207 -19.75256915  16.91132789  13.70186176  19.45226429
  47.29810893] 
[-13.06755515 -19.75339776  16.91148705  13.7011041   19.45123548
  47.29772113] 
[-13.06818892 -19.75421696  16.91165678  13.70033314  19.45020004
  47.29734358] 
[-13.06880799 -19.75502345  16.91181262  13.69957556  19.4491971
  47.296963  ] 
[-13.06941772 -19.75579573  16.91200062  13.69880914  19.4482236
  47.29654606] 
[-13.07003513 -19.75655458  16.91217735  13.69804092  19.44726554
  47.29613047] 
[-13.07065046 -19.75731287  16.91235205  13.69727558  19.4463079
  47.2957166 ] 
[-13.0712628  -19.75806927  16.91252086  13.69651457  19.44535594
  47.29531204] 
[-13.07186117 -19.75881302  16.91268949  13.69576349  19.44441672
  47.29492551] 
[-13.07245986 -19.75955341  16.91285451  13.695014    19.44348201
  47.29454247] 
[-13.07305577 -19.76028716  16.91301545  13.69426923  19.44255777
  47.29416565] 
[-13.07363921 -19.76099102  16.91315036  13.69352454  19.44167321
  47.29380402] 
[-13.07422231 -19.76169104  16.91328176  13.69278385  19.44079387
  47.29344738] 
[-13.07480224 -19.76238336  16.91340066  13.69205418  19.43992475
  47.29310661] 
[-13.07537976 -19.76307303  16.91351427  13.69132836  19.43906289
  47.29277399] 
[-13.0759689  -19.76376465  16.91362914  13.69059946  19.43818921
  47.29244183] 
[-13.07656086 -19.76444926  16.91374717  13.68987075  19.43732242
  47.29210713] 
[-13.07714601 -19.76513799  16.91385808  13.6891365   19.43646541
  47.29177052] 
[-13.07773001 -19.76582285  16.91396857  13.68840552  19.43561178
  47.29143591] 
[-13.07832505 -19.7665245   16.91408178  13.68767339  19.43473755
  47.29110682] 
[-13.07892917 -19.76722321  16.91418956  13.6869338   19.43386679
  47.29079005] 
[-13.07953231 -19.76791775  16.91429682  13.68619773  19.43300149
  47.29047528] 
[-13.08013519 -19.76860701  16.91440408  13.68546471  19.43214266
  47.29016249] 
[-13.08073934 -19.76929687  16.91450776  13.68473485  19.4312845
  47.28985488] 
[-13.08134243 -19.76997938  16.91461281  13.68401052  19.43043513
  47.28954619] 
[-13.08194223 -19.77066094  16.91472059  13.68329639  19.42959737
  47.28924202] 
[-13.08253935 -19.77133684  16.91483189  13.68258842  19.42876784
  47.28893546] 
[-13.08309463 -19.77202352  16.91494551  13.68192246  19.42797351
  47.28866645] 
[-13.08365039 -19.77270327  16.91505995  13.68125963  19.42718336
  47.28839639] 
[-13.08420885 -19.77335041  16.91516116  13.68062161  19.42642955
  47.28811746] 
[-13.08477229 -19.77398726  16.91526909  13.67997923  19.42568159
  47.28783284] 
[-13.08534279 -19.77461512  16.91537467  13.67934127  19.42492737
  47.28753885] 
[-13.08590273 -19.77523524  16.91548634  13.67871144  19.42417117
  47.28723801] 
[-13.08645777 -19.77585729  16.91559973  13.67808315  19.42341305
  47.28693897] 
[-13.08700982 -19.77647545  16.91571192  13.67745066  19.42265302
  47.28663933] 
[-13.0875553  -19.77708869  16.9158223   13.67682352  19.42189541
  47.2863444 ] 
[-13.08809547 -19.77768178  16.91593352  13.67621322  19.42116581
  47.28606733] 
[-13.08863914 -19.77827306  16.91604699  13.67559727  19.42043334
  47.28578676] 
[-13.08918338 -19.77886128  16.91616156  13.6749822   19.4197014
  47.28550604] 
[-13.08972486 -19.77944781  16.91627347  13.67436837  19.4189735
  47.2852302 ] 
[-13.09026419 -19.7800321   16.91638308  13.67375569  19.41824969
  47.28495843] 
[-13.09080317 -19.78061164  16.91648663  13.67314386  19.41753362
  47.28469504] 
[-13.09133866 -19.78118679  16.91658841  13.67252106  19.41680775
  47.28442519] 
[-13.09187208 -19.78176001  16.91668833  13.67190006  19.4160862
  47.28415896] 
[-13.09240356 -19.78233118  16.91678655  13.67128082  19.41536886
  47.2838961 ] 
[-13.09293432 -19.78290059  16.91688562  13.67066059  19.41465264
  47.28363502] 
[-13.09346807 -19.78345946  16.91698607  13.67003689  19.41394882
  47.28338124] 
[-13.09399968 -19.78401713  16.91708401  13.66941577  19.41324864
  47.2831304 ] 
[-13.09452392 -19.78458036  16.91717548  13.668793    19.41255609
  47.28287852] 
[-13.09504092 -19.7851377   16.91727384  13.6681635   19.41185576
  47.28263333] 
[-13.09556407 -19.78568634  16.91736831  13.66753264  19.41116404
  47.28238561] 
[-13.09609447 -19.78622877  16.91745897  13.66690567  19.41047243
  47.28213412] 
[-13.09661509 -19.78678152  16.91754518  13.66628691  19.40977319
  47.28188144] 
[-13.09714106 -19.78732505  16.91761451  13.66567812  19.40907887
  47.28164802] 
[-13.09766387 -19.78786454  16.91768329  13.66507137  19.40839146
  47.28141599] 
[-13.0981843  -19.78840252  16.91775225  13.66446575  19.40770862
  47.28118455] 
[-13.09870768 -19.78893061  16.91782461  13.66385723  19.40703705
  47.28095738] 
[-13.09923079 -19.7894601   16.91789293  13.66325727  19.40637625
  47.28074016] 
[-13.0997548  -19.78998858  16.91796134  13.66265348  19.40571279
  47.28052395] 
[-13.10027707 -19.79051597  16.91803122  13.66205078  19.40505144
  47.28030771] 
[-13.10080561 -19.79103767  16.91809987  13.66145068  19.40439033
  47.28008674] 
[-13.10133313 -19.79155857  16.91817165  13.66085371  19.4037341
  47.27986364] 
[-13.10186006 -19.79208697  16.91824389  13.66024915  19.40307472
  47.2796417 ] 
[-13.10237675 -19.79262071  16.9183188   13.65965238  19.40241308
  47.27942635] 
[-13.10289763 -19.79315555  16.91839545  13.6590517   19.40175229
  47.27920899] 
[-13.10341373 -19.79368598  16.9184768   13.65844839  19.40108902
  47.27899464] 
[-13.10392458 -19.79421567  16.91856005  13.6578459   19.40043279
  47.27878314] 
[-13.10443454 -19.79474256  16.91864183  13.65724592  19.39977995
  47.2785729 ] 
[-13.10494469 -19.79526752  16.918722    13.65665006  19.39913243
  47.27836271] 
[-13.10547313 -19.79580911  16.91880474  13.65603249  19.39845971
  47.278148  ] 
[-13.10600078 -19.79634772  16.91888704  13.65541764  19.39779102
  47.27793336] 
[-13.10652252 -19.79688135  16.91897506  13.65479826  19.39711642
  47.27772284] 
[-13.1070409  -19.79741079  16.91906588  13.65418318  19.3964496
  47.27750809] 
[-13.10755847 -19.79793781  16.91915512  13.65357123  19.39578715
  47.2772939 ] 
[-13.10807525 -19.79846218  16.91924543  13.6529603   19.39512654
  47.27707785] 
[-13.10858949 -19.79898395  16.91933405  13.65235424  19.39447193
  47.27686198] 
[-13.10910202 -19.79950205  16.91941994  13.65175275  19.39382217
  47.27664738] 
[-13.10961218 -19.80001844  16.91950482  13.65115354  19.39317741
  47.27643479] 
[-13.11012244 -19.80053653  16.91959126  13.65055253  19.39253004
  47.27621851] 
[-13.11062962 -19.80105708  16.9196802   13.6499521   19.39188598
  47.27599932] 
[-13.1111362  -19.80157461  16.91977007  13.64935261  19.39124321
  47.27577906] 
[-13.11164261 -19.80208908  16.91986923  13.64875076  19.39059436
  47.27554791] 
[-13.11214728 -19.8026      16.91996457  13.64815341  19.38995037
  47.27531927] 
[-13.11265713 -19.80310023  16.92006031  13.64755455  19.38931839
  47.2750962 ] 
[-13.11316579 -19.80359982  16.92015448  13.64696409  19.3886961
  47.27488023] 
[-13.11368008 -19.80410862  16.92024946  13.64637362  19.38806327
  47.27466689] 
[-13.11419267 -19.80461558  16.92034222  13.64578582  19.38743402
  47.2744548 ] 
[-13.11470954 -19.80512581  16.92043318  13.64519721  19.38680608
  47.27424463] 
[-13.11522418 -19.80563478  16.92052388  13.64461008  19.38618168
  47.27403459] 
[-13.11573642 -19.80614279  16.9206105   13.64402879  19.38556424
  47.27382884] 
[-13.11623888 -19.80665111  16.92069585  13.64345828  19.38495659
  47.27362555] 
[-13.11674091 -19.80715028  16.92078488  13.64289408  19.3843576
  47.27341787] 
[-13.11724133 -19.80764695  16.92087212  13.64233189  19.38376134
  47.27321252] 
[-13.11774271 -19.80813964  16.92095594  13.64177232  19.3831651
  47.27300726] 
[-13.11824417 -19.80863042  16.92103941  13.64121335  19.3825694
  47.2728019 ] 
[-13.11873913 -19.80911628  16.92112744  13.64064938  19.38196797
  47.27260222] 
[-13.11923271 -19.80960003  16.92121338  13.64008767  19.38137012
  47.27240422] 
[-13.11972492 -19.81008163  16.92129742  13.63952818  19.38077576
  47.27220784] 
[-13.12022289 -19.81056838  16.92138016  13.63896792  19.38018024
  47.27201267] 
[-13.12071933 -19.81105281  16.92146137  13.63840972  19.37958802
  47.27181906] 
[-13.12121726 -19.81153321  16.92154293  13.63785182  19.3789998
  47.27162457] 
[-13.12171347 -19.81201145  16.92162295  13.63729593  19.37841471
  47.2714318 ] 
[-13.12220535 -19.81248582  16.92170563  13.63673767  19.37782768
  47.2712424 ] 
[-13.12269794 -19.81296026  16.92178869  13.63618079  19.37724225
  47.27105337] 
[-13.12318898 -19.81343264  16.92186982  13.63562624  19.37666022
  47.27086583] 
[-13.12367667 -19.81390712  16.92195278  13.63507195  19.3760811
  47.27067611] 
[-13.12416224 -19.81437763  16.92203522  13.6345201   19.3755066
  47.27048685] 
[-13.12464585 -19.814847    16.92211724  13.63397079  19.37493309
  47.27029773] 
[-13.12512839 -19.81532354  16.92220548  13.63341964  19.37435005
  47.27010656] 
[-13.12560791 -19.81580009  16.92228885  13.63286947  19.37377221
  47.26991615] 
[-13.12608353 -19.81627134  16.9223684   13.63232507  19.37319863
  47.26972718] 
[-13.1265599  -19.81673835  16.92244579  13.63178176  19.37262944
  47.26953877] 
[-13.1270396  -19.81720713  16.92252227  13.63123504  19.37205702
  47.26935098] 
[-13.12752293 -19.81766986  16.92260088  13.63068676  19.37148915
  47.2691602 ] 
[-13.12800497 -19.81813002  16.92267708  13.63014035  19.37092505
  47.26897197] 
[-13.12848627 -19.81858705  16.922758    13.62959168  19.3703597
  47.26877866] 
[-13.12896146 -19.81904497  16.92283076  13.629046    19.36980217
  47.26859334] 
[-13.12943583 -19.81950573  16.92290076  13.62850177  19.3692421
  47.26841343] 
[-13.12991404 -19.81995928  16.92296847  13.62795652  19.3686879
  47.26823214] 
[-13.13039108 -19.82041021  16.92303596  13.62741396  19.36813583
  47.26805234] 
[-13.13087249 -19.82085537  16.92310144  13.62687432  19.36758405
  47.26786972] 
[-13.13135399 -19.82130268  16.9231668   13.62633192  19.36703283
  47.2676888 ] 
[-13.13184452 -19.82174824  16.92323432  13.62578135  19.3664806
  47.26749995] 
[-13.13233012 -19.82219543  16.92329848  13.62523074  19.36593278
  47.2673106 ] 
[-13.13281247 -19.8226434   16.92336741  13.62468016  19.36538663
  47.26711741] 
[-13.13328815 -19.8230854   16.92343854  13.62413671  19.36484
  47.26692063] 
[-13.13376397 -19.82352307  16.92351007  13.62359649  19.36429509
  47.26672678] 
[-13.13423844 -19.82396103  16.92357985  13.62305448  19.36374814
  47.26653565] 
[-13.13471141 -19.82439674  16.92364842  13.62251458  19.36320396
  47.2663465 ] 
[-13.13518449 -19.82482837  16.92371738  13.62197788  19.3626617
  47.26615994] 
[-13.13566613 -19.82525876  16.92378772  13.62143322  19.36211873
  47.2659661 ] 
[-13.13614469 -19.82568276  16.92385404  13.62089512  19.36158126
  47.26577228] 
[-13.13661353 -19.82611037  16.923922    13.62035817  19.36105089
  47.26558768] 
[-13.13708059 -19.82654273  16.92398468  13.61982135  19.36051581
  47.26540697] 
[-13.13754808 -19.82698339  16.92405164  13.61928216  19.35996948
  47.26521752] 
[-13.13801348 -19.82742099  16.92411762  13.61874634  19.3594272
  47.26502945] 
[-13.1384784  -19.82785608  16.92418212  13.6182133   19.35888866
  47.26484275] 
[-13.13894377 -19.82828972  16.92424529  13.61768126  19.35835258
  47.26465836] 
[-13.13941058 -19.82872182  16.92431135  13.61715279  19.35782097
  47.26447159] 
[-13.13987115 -19.82914865  16.92437302  13.6166288   19.35729842
  47.26428513] 
[-13.14032875 -19.82956936  16.92443367  13.61610604  19.35678169
  47.26410098] 
[-13.14078524 -19.82998836  16.92449302  13.61558433  19.35626657
  47.26391919] 
[-13.14124198 -19.83040584  16.92455344  13.615061    19.35574971
  47.26373579] 
[-13.14169365 -19.83082034  16.92461649  13.61454377  19.35523837
  47.26355133] 
[-13.14214463 -19.83123227  16.92467895  13.6140279   19.35472917
  47.26336919] 
[-13.14260372 -19.83164205  16.92474414  13.61350435  19.35421842
  47.26318011] 
[-13.14306283 -19.83205334  16.92480878  13.61297876  19.35370788
  47.26299344] 
[-13.14351978 -19.83246337  16.92487331  13.61245561  19.35319838
  47.26280797] 
[-13.14397675 -19.83287015  16.92493778  13.61193257  19.3526913
  47.26262345] 
[-13.14443441 -19.83327202  16.92500196  13.61141006  19.35218884
  47.26244249] 
[-13.14488982 -19.83367082  16.92506421  13.61088341  19.35168188
  47.26225927] 
[-13.14534442 -19.83406688  16.92512557  13.61035865  19.35117803
  47.26207859] 
[-13.14579761 -19.83446091  16.92518864  13.60983268  19.35067261
  47.26189666] 
[-13.14624932 -19.83485309  16.92525041  13.60930909  19.35016966
  47.26171681] 
[-13.14669956 -19.83524341  16.92531093  13.60878783  19.34966918
  47.26153898] 
[-13.14714853 -19.83563293  16.9253712   13.60826779  19.34917023
  47.26136266] 
[-13.14759694 -19.83602474  16.92543164  13.60774606  19.34866842
  47.26118654] 
[-13.14804249 -19.8364135   16.92549351  13.60722417  19.34816589
  47.26101322] 
[-13.14848708 -19.8368007   16.92555741  13.60670389  19.34766538
  47.26083768] 
[-13.14893419 -19.83718957  16.92562012  13.60618401  19.34716597
  47.26066361] 
[-13.1493816  -19.83757811  16.9256842   13.60566803  19.34667049
  47.26048814] 
[-13.14982753 -19.83796452  16.92574643  13.60515428  19.34617741
  47.26031511] 
[-13.15026313 -19.83834776  16.92580188  13.60465356  19.34569645
  47.26014322] 
[-13.15069947 -19.83872733  16.92585608  13.60415327  19.345219
  47.25997253] 
[-13.15113519 -19.83911028  16.92590607  13.60365462  19.34473847
  47.25980586] 
[-13.15157337 -19.8394885   16.92595806  13.60315451  19.34426111
  47.25963775] 
[-13.15200925 -19.83986668  16.9260128   13.60265288  19.34378567
  47.25946785] 
[-13.15244137 -19.84024567  16.92606591  13.6021552   19.34330948
  47.25929859] 
[-13.15287279 -19.84062282  16.92611825  13.60165932  19.34283531
  47.25913166] 
[-13.15329544 -19.84099289  16.92616684  13.60117306  19.34236067
  47.25896262] 
[-13.15371723 -19.8413626   16.92621473  13.60068782  19.34188639
  47.25879419] 
[-13.15413802 -19.84172987  16.92626215  13.60020413  19.34141484
  47.25862778] 
[-13.15455665 -19.84209636  16.92630902  13.59972289  19.34094448
  47.25846257] 
[-13.15497742 -19.84246416  16.92635603  13.59923904  19.34047192
  47.25829802] 
[-13.15539729 -19.84283013  16.92640679  13.59875361  19.33999619
  47.25812904] 
[-13.15581844 -19.84319094  16.92645789  13.59826821  19.33952592
  47.25796313] 
[-13.15623835 -19.84354989  16.92650834  13.59778458  19.33905826
  47.25779898] 
[-13.15665731 -19.84390892  16.92655791  13.59729986  19.33858969
  47.25763663] 
[-13.15707522 -19.84426643  16.92660963  13.59681619  19.33812314
  47.25747277] 
[-13.1574911  -19.8446224   16.92666037  13.59633536  19.33765995
  47.25731093] 
[-13.15790577 -19.84497767  16.92671023  13.59585947  19.33720227
  47.25715373] 
[-13.15831775 -19.84532977  16.926762    13.59538267  19.33674423
  47.25699909] 
[-13.15872958 -19.84567908  16.92681308  13.59490858  19.33628831
  47.25684674] 
[-13.15914027 -19.84603176  16.92686056  13.5944349   19.33583003
  47.25669673] 
[-13.15954937 -19.8463819   16.92690848  13.59396164  19.33537323
  47.25654865] 
[-13.15995619 -19.84673211  16.92695419  13.59348824  19.33492039
  47.25639969] 
[-13.16036222 -19.84708027  16.92699946  13.59301697  19.33446998
  47.25625199] 
[-13.16077128 -19.84743086  16.92704498  13.59254616  19.33401926
  47.25610498] 
[-13.16117885 -19.84778068  16.92709322  13.59207512  19.33357087
  47.25595574] 
[-13.16158352 -19.84812555  16.92713793  13.59160735  19.33312885
  47.25581123] 
[-13.16198721 -19.8484671   16.92718111  13.59114271  19.33269096
  47.2556691 ] 
[-13.16238937 -19.8488046   16.92722153  13.5906839   19.33226011
  47.2555269 ] 
[-13.16278916 -19.84913905  16.92725953  13.5902254   19.33183021
  47.25538845] 
[-13.16318613 -19.84946771  16.92730105  13.58976863  19.33140572
  47.25524741] 
[-13.16357848 -19.84978857  16.92734026  13.58931313  19.33099045
  47.25511314] 
[-13.1639806  -19.85010818  16.92737997  13.58884833  19.33057393
  47.25497692] 
[-13.16437843 -19.85042498  16.9274205   13.58838749  19.33016292
  47.2548444 ] 
[-13.1647745  -19.8507413   16.92746031  13.58792948  19.3297529
  47.25471229] 
[-13.16517199 -19.85105641  16.92749729  13.58747129  19.3293448
  47.25458321] 
[-13.16556835 -19.85136972  16.92753402  13.58701337  19.32893663
  47.25445307] 
[-13.16596478 -19.85168416  16.92757098  13.58655472  19.32852882
  47.25432334] 
[-13.16635966 -19.85199653  16.92760701  13.58609862  19.32812332
  47.25419519] 
[-13.1667561  -19.85230203  16.92764371  13.58564787  19.32772505
  47.25406458] 
[-13.16715264 -19.85260529  16.9276808   13.58519765  19.32732865
  47.25393404] 
[-13.1675478  -19.85290756  16.92771765  13.58474932  19.32693376
  47.25380446] 
[-13.16793893 -19.85320984  16.92774984  13.58430227  19.32654358
  47.25368094] 
[-13.16832874 -19.85351116  16.92778242  13.58385725  19.32615517
  47.25355842] 
[-13.16871666 -19.85381278  16.92781759  13.58341299  19.32576794
  47.25343392] 
[-13.16910356 -19.85411304  16.92785277  13.58297065  19.325382
  47.25331002] 
[-13.16948988 -19.8544053   16.92788432  13.58253567  19.32500513
  47.25318531] 
[-13.16986944 -19.85469869  16.927919    13.5821082   19.32463272
  47.25306143] 
[-13.17024773 -19.85499078  16.92795356  13.58168235  19.32426133
  47.25293867] 
[-13.17062462 -19.85528186  16.92798832  13.58125828  19.32389079
  47.25281664] 
[-13.17100021 -19.85557171  16.92802305  13.58083569  19.32352132
  47.25269557] 
[-13.17137465 -19.85586033  16.92805771  13.58041472  19.32315299
  47.2525754 ] 
[-13.17174975 -19.85614667  16.9280914   13.57999585  19.32278357
  47.25245425] 
[-13.17212347 -19.85643256  16.92812413  13.5795799   19.32241672
  47.25233521] 
[-13.17249607 -19.85671724  16.9281565   13.57916563  19.32205117
  47.25221753] 
[-13.17286739 -19.85700082  16.92818897  13.57875274  19.32168684
  47.25210069] 
[-13.17323781 -19.85728296  16.92822155  13.57834108  19.32132397
  47.25198473] 
[-13.17360587 -19.85756568  16.92825311  13.57792958  19.320963
  47.25186826] 
[-13.17397388 -19.85784752  16.9282849   13.57751884  19.320602
  47.25175232] 
[-13.1743363  -19.85812081  16.92831962  13.57710821  19.32024974
  47.25164189] 
[-13.17469769 -19.85839251  16.92835364  13.57669616  19.31989669
  47.25153039] 
[-13.17505809 -19.85866331  16.92838732  13.57628596  19.31954481
  47.25141955] 
[-13.17541718 -19.85893358  16.92842057  13.57587781  19.31919379
  47.25130925] 
[-13.1757749  -19.85920245  16.92845387  13.57547195  19.31884449
  47.25119953] 
[-13.17613172 -19.8594703   16.92848704  13.57506771  19.31849621
  47.25109016] 
[-13.1764865  -19.8597345   16.92852123  13.57466841  19.31815093
  47.25098364] 
[-13.17683889 -19.85999893  16.92855588  13.5742723   19.31780627
  47.25087877] 
[-13.17718887 -19.86025898  16.92859126  13.57387617  19.31746588
  47.25077154] 
[-13.17753779 -19.86051836  16.92862614  13.57348153  19.31712664
  47.25066491] 
[-13.17788262 -19.86077958  16.92866226  13.57308784  19.31679056
  47.25056169] 
[-13.1782268  -19.86103984  16.92869787  13.57269591  19.3164556
  47.2504589 ] 
[-13.17856983 -19.86129965  16.92873354  13.572306    19.31612122
  47.25035605] 
[-13.17891157 -19.86155881  16.92876827  13.57191833  19.31578767
  47.25025406] 
[-13.17925319 -19.86181726  16.92880276  13.57153195  19.31545457
  47.25015185] 
[-13.1795962  -19.86207633  16.92883737  13.5711447   19.31512175
  47.25004923] 
[-13.17993732 -19.86233504  16.92887213  13.57075972  19.31478958
  47.2499478 ] 
[-13.18027759 -19.86259291  16.92890646  13.57037642  19.31445844
  47.24984675] 
[-13.18061723 -19.86284909  16.92894069  13.56999514  19.31412915
  47.24974572] 

 Time 
1563.3201348781586 
