Parameters 
 
[-0.5 -0.5 -0.5 -0.5 -0.5 -0.5] 
[-22.46535027 -16.38626404  14.38401993  22.47902615  -0.77711208
   0.23200193] 
[-22.62876048 -13.29501248  10.84927813  22.98676993  13.17245643
 -13.29586416] 
[-22.74681863 -22.94735025  20.28810007  23.14900313  12.93983367
 -13.51150942] 
[-22.58362867 -23.21897023  20.67717797  23.37097154  12.52886761
 -13.396397  ] 
[-22.39589969 -20.17462176  17.72424343  23.21728486  12.69079613
 -13.48059778] 
[-22.4584326  -20.20599681  17.78407914  23.3848613   12.66037807
 -13.66940699] 
[-22.47773421 -20.16430881  17.70133005  23.45769869  12.70468954
 -13.7984489 ] 
[-22.42084566 -20.19151517  17.53877299  23.65958696  12.85502012
 -14.08068426] 
[-22.35768205 -20.21975867  17.36404013  23.87161823  13.01996854
 -14.39282934] 
[-22.35931104 -20.16934075  17.3088056   23.91101412  13.04803426
 -14.52167361] 
[-22.3403446  -20.04264176  17.30039329  23.9374591   13.03164648
 -14.74954393] 
[-22.31541792 -20.05536639  17.32049776  23.99364097  12.98953793
 -14.82454403] 
[-22.24224952 -20.07784097  17.30483601  24.02551442  13.01015303
 -14.87324639] 
[-22.19225542 -20.10377826  17.29235952  24.07290687  13.00677025
 -14.91431034] 
[-22.14224615 -20.1182375   17.27797104  24.11179511  12.99500242
 -14.94442771] 
[-22.07400298 -20.13213323  17.26359554  24.16458722  12.97302719
 -14.98330718] 
[-22.00784334 -20.14437143  17.24951644  24.21284552  12.95468017
 -15.02097897] 
[-21.87291068 -20.08814209  17.23395262  24.30897881  12.92291943
 -15.2152225 ] 
[-21.85036875 -20.114928    17.20159527  24.34069821  12.93634898
 -15.20522705] 
[-21.7229959  -20.14312064  17.12282625  24.430281    12.99508919
 -15.27361854] 
[-21.67165329 -20.16441353  17.11783932  24.49409486  12.95691827
 -15.27577877] 
[-21.61910403 -20.17517394  17.11048815  24.54575168  12.93171821
 -15.28889744] 
[-21.60405585 -20.18023017  17.11338309  24.55036101  12.92446163
 -15.28478245] 
[-21.59009478 -20.18367999  17.11449979  24.5559214   12.91597364
 -15.28106878] 
[-21.57751446 -20.18644927  17.11386607  24.56019009  12.90873916
 -15.27973337] 
[-21.49939089 -20.20089889  17.09746418  24.63032483  12.8997134
 -15.30600506] 
[-21.44069756 -20.2074466   17.08714456  24.67825177  12.89092647
 -15.32384897] 
[-21.41568197 -20.2019699   17.08709478  24.6922694   12.87904102
 -15.3269633 ] 
[-21.397581   -20.19343368  17.08840634  24.69933902  12.86554723
 -15.3281851 ] 
[-21.37385611 -20.17973785  17.08949838  24.71576088  12.84205615
 -15.33330356] 
[-21.35766777 -20.17175114  17.0910354   24.72163336  12.8283094
 -15.33406065] 
[-21.34704472 -20.16578559  17.09095176  24.72068549  12.81973125
 -15.3334809 ] 
[-21.33858407 -20.15914572  17.08985739  24.71754561  12.81260895
 -15.33399432] 
[-21.33080482 -20.15557721  17.08786539  24.7136774   12.8092728
 -15.3340624 ] 
[-21.322225   -20.15295435  17.08540945  24.71123116  12.80632725
 -15.33467197] 
[-21.31383299 -20.15023619  17.08278619  24.70948453  12.80254569
 -15.33582196] 
[-21.30493779 -20.1475314   17.08034331  24.70905728  12.79740791
 -15.33731638] 
[-21.29793707 -20.13754212  17.07705808  24.71122404  12.78183676
 -15.33927342] 
[-21.29146839 -20.12306131  17.07331326  24.71519253  12.75758244
 -15.34251501] 
[-21.28495543 -20.11087933  17.06801873  24.71866466  12.74020091
 -15.34704448] 
[-21.27768667 -20.10315126  17.06370273  24.7202786   12.72945756
 -15.35048465] 
[-21.2699914  -20.09797739  17.06014139  24.72115523  12.72217206
 -15.35334625] 
[-21.2625728  -20.0934477   17.05688444  24.72289529  12.71388747
 -15.35701527] 
[-21.25449006 -20.06627624  17.05059869  24.7355899   12.6705854
 -15.36713318] 
[-21.24545986 -20.09940823  17.05202495  24.71817221  12.7224682
 -15.3599565 ] 
[-21.23800496 -20.09016965  17.04790862  24.72576036  12.70410449
 -15.36764299] 
[-21.23068708 -20.08602995  17.04497461  24.7286956   12.69657247
 -15.37293028] 
[-21.22313359 -20.08367161  17.04230003  24.73048319  12.69184149
 -15.37746689] 
[-21.21603938 -20.08473431  17.04005267  24.72945451  12.69247008
 -15.38024633] 
[-21.20945446 -20.08521499  17.0377741   24.728903    12.69148045
 -15.38341771] 
[-21.20212233 -20.08548827  17.03532963  24.72915489  12.69031069
 -15.38675019] 
[-21.19480031 -20.08481404  17.03270526  24.73016294  12.68724664
 -15.39050652] 
[-21.18716449 -20.08355146  17.03000294  24.73163079  12.68356628
 -15.39455908] 
[-21.17948701 -20.08242424  17.02742425  24.73312833  12.67996848
 -15.39861331] 
[-21.17172935 -20.08201774  17.02521018  24.73427395  12.67720628
 -15.4023574 ] 
[-21.16343608 -20.08197747  17.02336774  24.7356358   12.67432781
 -15.40589551] 
[-21.15537853 -20.08170769  17.02150493  24.73710285  12.67102706
 -15.40958974] 
[-21.14759703 -20.08138726  17.01963721  24.73855996  12.66753377
 -15.41335443] 
[-21.14059259 -20.08060179  17.01791233  24.73974381  12.66327921
 -15.41712468] 
[-21.13366032 -20.07981732  17.01618262  24.74089819  12.65909374
 -15.42097656] 
[-21.12697703 -20.07894458  17.01439443  24.74195333  12.65476126
 -15.42497604] 
[-21.12022216 -20.07826943  17.01268037  24.74297046  12.65073966
 -15.42899942] 
[-21.11356268 -20.07781352  17.01093213  24.74392757  12.64706362
 -15.43308049] 
[-21.10647829 -20.07793379  17.00941063  24.74504615  12.64411103
 -15.43699   ] 
[-21.09928908 -20.07797482  17.00798304  24.74622041  12.64120607
 -15.44105318] 
[-21.09228465 -20.07785652  17.00652877  24.74743904  12.6380746
 -15.44520958] 
[-21.0846588  -20.07780458  17.00505889  24.74905426  12.63500767
 -15.44970661] 
[-21.07731271 -20.07755844  17.00359133  24.75067259  12.63167402
 -15.45424028] 
[-21.07010558 -20.07724086  17.00210816  24.75228114  12.62828122
 -15.45881471] 
[-21.06215442 -20.07770898  17.00071155  24.7542024   12.62591388
 -15.46324276] 
[-21.05378137 -20.07852885  16.99944451  24.75641095  12.62396427
 -15.4675927 ] 
[-21.04504372 -20.07904486  16.99809046  24.7591075   12.62180267
 -15.47197744] 
[-21.03667339 -20.07935925  16.99671217  24.76176676  12.61940124
 -15.47643514] 
[-21.0280507  -20.07974565  16.99540963  24.7645939   12.61725993
 -15.48084941] 
[-21.01986157 -20.07989979  16.99407461  24.76733239  12.61479435
 -15.4852873 ] 
[-21.01210923 -20.07966981  16.99270717  24.77006996  12.61182013
 -15.48981209] 
[-21.00463349 -20.07934281  16.99125888  24.77276065  12.60892397
 -15.49443133] 
[-20.99726229 -20.07908849  16.9898604   24.77534504  12.60615787
 -15.49900525] 
[-20.98675856 -20.07987193  16.98858948  24.77991426  12.60482776
 -15.50346654] 
[-20.97750672 -20.07968676  16.98690673  24.78418004  12.60271583
 -15.50821163] 
[-20.96903339 -20.07911163  16.98525131  24.78803512  12.60012843
 -15.51291435] 
[-20.9619163  -20.07894453  16.98394224  24.7906479   12.59794267
 -15.51712176] 
[-20.95550736 -20.07876052  16.98272368  24.79280169  12.59560663
 -15.52134295] 
[-20.94915638 -20.07881932  16.98148783  24.79494805  12.59355778
 -15.52556718] 
[-20.94320096 -20.07870689  16.98020187  24.79692326  12.59123319
 -15.52978387] 
[-20.93729871 -20.07857261  16.97894304  24.79875977  12.58905319
 -15.5339135 ] 
[-20.93109489 -20.07829914  16.97765556  24.80110702  12.58646566
 -15.53809428] 
[-20.92491178 -20.07813108  16.97645202  24.80336061  12.58401803
 -15.5421828 ] 
[-20.91872101 -20.07802729  16.97529052  24.80548647  12.58175535
 -15.54620329] 
[-20.91285421 -20.07823223  16.97425003  24.80776686  12.57951441
 -15.54995936] 
[-20.90708697 -20.07840073  16.97324649  24.80993808  12.57736372
 -15.55366392] 
[-20.90213812 -20.07751761  16.97206971  24.81206566  12.57379465
 -15.55765323] 
[-20.89650976 -20.07757982  16.97115782  24.81387679  12.57195143
 -15.56125168] 
[-20.89107404 -20.07754125  16.97026494  24.81560671  12.57003076
 -15.5648189 ] 
[-20.88568604 -20.07752626  16.96941193  24.81731827  12.56814847
 -15.56832086] 
[-20.88042576 -20.07748368  16.96858359  24.81897952  12.56626784
 -15.57178218] 
[-20.87523267 -20.07742461  16.96785219  24.8203693   12.56475853
 -15.57505523] 
[-20.87024743 -20.07727686  16.96712984  24.82171903  12.56311896
 -15.57830531] 
[-20.86466375 -20.07758673  16.96652741  24.82362064  12.56175791
 -15.58151237] 
[-20.85910877 -20.07799472  16.96591787  24.825489    12.56054917
 -15.58464513] 
[-20.85424204 -20.07805073  16.96532946  24.82700562  12.55888895
 -15.58779153] 
[-20.84953121 -20.07834197  16.9647934   24.82855676  12.55759765
 -15.59073516] 
[-20.84490615 -20.07869758  16.96424031  24.83016447  12.55625276
 -15.59372828] 
[-20.84026709 -20.07920222  16.96375862  24.83172586  12.55512114
 -15.59662172] 
[-20.83582329 -20.07955506  16.96328148  24.83322107  12.55388757
 -15.59948172] 
[-20.83207876 -20.07918406  16.96284405  24.83450919  12.55203553
 -15.60218083] 
[-20.82891683 -20.07824781  16.96254529  24.83564949  12.54963114
 -15.6047283 ] 
[-20.82612704 -20.07720813  16.96222903  24.83643539  12.54720744
 -15.6071726 ] 
[-20.8231671  -20.07643833  16.96188507  24.83727593  12.54516416
 -15.60952694] 
[-20.8202526  -20.07586816  16.96154441  24.83809055  12.5433223
 -15.61180679] 
[-20.81749968 -20.07537692  16.9611907   24.83872008  12.54169108
 -15.61404813] 
[-20.81481614 -20.07498777  16.96091573  24.83936991  12.54026929
 -15.61629256] 
[-20.81216739 -20.07470459  16.96062784  24.83998841  12.53894726
 -15.61848727] 
[-20.80965082 -20.07449586  16.96034881  24.8405142   12.53764757
 -15.62066177] 
[-20.80723908 -20.07427374  16.96001257  24.8409989   12.53642479
 -15.62284061] 
[-20.80467029 -20.07414515  16.95975464  24.84160751  12.53536452
 -15.62493423] 
[-20.80213151 -20.07405609  16.95949243  24.84222654  12.53430862
 -15.62699534] 
[-20.79970309 -20.07392414  16.95923206  24.84277924  12.53320894
 -15.62904149] 
[-20.79727692 -20.07385109  16.9589814   24.84333776  12.53217452
 -15.63104037] 
[-20.79488367 -20.07381781  16.95872992  24.84388351  12.53117661
 -15.63300138] 
[-20.79252221 -20.07383136  16.95848494  24.84440802  12.53022802
 -15.63491692] 
[-20.79019862 -20.07386539  16.95824101  24.84492237  12.52929733
 -15.63679986] 
[-20.78791938 -20.07397705  16.95798522  24.84543568  12.52844456
 -15.63865682] 
[-20.7856876  -20.07408128  16.95773282  24.8459333   12.52758487
 -15.64048178] 
[-20.78351345 -20.0741784   16.95747321  24.84641019  12.52674013
 -15.64228702] 
[-20.78138157 -20.07427594  16.95722046  24.84687371  12.52590342
 -15.64406417] 
[-20.77940831 -20.07427619  16.95689794  24.84735345  12.52492395
 -15.64575886] 
[-20.77742262 -20.07434762  16.95659169  24.84782456  12.52403279
 -15.64742571] 
[-20.77550207 -20.07438415  16.95627707  24.84826174  12.52316747
 -15.64908684] 
[-20.77358285 -20.07452442  16.95599264  24.84865835  12.52243961
 -15.6506809 ] 
[-20.77172808 -20.07455386  16.95569323  24.84904926  12.52161065
 -15.65228889] 
[-20.76998756 -20.07449963  16.95539367  24.84945673  12.52063245
 -15.65384175] 
[-20.7682672  -20.07451982  16.95513365  24.8498646   12.51973819
 -15.65536284] 
[-20.76655253 -20.0745502   16.95489191  24.85025481  12.51888936
 -15.65686277] 
[-20.76483034 -20.07463903  16.95467783  24.85065056  12.51810082
 -15.65832813] 
[-20.76298124 -20.07474771  16.95445212  24.85114939  12.51741089
 -15.659739  ] 
[-20.7611699  -20.07485415  16.9542382   24.85162858  12.51673011
 -15.66112418] 
[-20.75937806 -20.07502736  16.95403402  24.85212615  12.51607833
 -15.66251301] 
[-20.75760707 -20.07515947  16.95383134  24.85256936  12.51546207
 -15.66385056] 
[-20.75586831 -20.07529383  16.95367074  24.85302835  12.5148336
 -15.66519376] 
[-20.7541444  -20.07539957  16.95351791  24.85348462  12.51418267
 -15.66652864] 
[-20.75248789 -20.07550503  16.95338476  24.85390356  12.51354309
 -15.66781985] 
[-20.75086143 -20.07561276  16.95325678  24.85430963  12.51291557
 -15.66908691] 
[-20.74925373 -20.07577843  16.95313079  24.85472822  12.51231677
 -15.67035451] 
[-20.74784557 -20.0759263   16.95294818  24.85496621  12.51166482
 -15.67153273] 
[-20.74648881 -20.07603645  16.95277325  24.85517377  12.51101538
 -15.67269805] 
[-20.74514598 -20.07611011  16.95260673  24.85538315  12.51034663
 -15.67384766] 
[-20.74382956 -20.07615932  16.95242971  24.85554924  12.50971351
 -15.67495456] 
[-20.74256242 -20.07635104  16.95234268  24.85576506  12.50924302
 -15.67597524] 
[-20.74133992 -20.07648534  16.95226025  24.85596196  12.50874145
 -15.67697905] 
[-20.7401432  -20.07660975  16.95220524  24.85616719  12.50822668
 -15.67799016] 
[-20.73895005 -20.07672957  16.95215306  24.85637868  12.50771627
 -15.67899362] 
[-20.73778293 -20.07683485  16.95210174  24.85657944  12.50720416
 -15.67997971] 
[-20.73668399 -20.07689979  16.9520473   24.85672928  12.50669487
 -15.68096282] 
[-20.73565247 -20.0769997   16.95197262  24.8568247   12.50620804
 -15.68189938] 
[-20.73469987 -20.07696339  16.95194434  24.85692594  12.50562246
 -15.68279325] 
[-20.73376789 -20.07698118  16.95192519  24.85702398  12.50507869
 -15.68365939] 
[-20.73286613 -20.07698894  16.95190603  24.85710213  12.5045311
 -15.68451898] 
[-20.73194054 -20.07702031  16.95190185  24.85721241  12.50403154
 -15.68534918] 
[-20.73102093 -20.07705695  16.95189737  24.85732461  12.50354315
 -15.68616577] 
[-20.73013731 -20.07714705  16.95190325  24.85741312  12.50311165
 -15.68696856] 
[-20.72926382 -20.07722534  16.95190881  24.85749778  12.50267487
 -15.68775669] 
[-20.72841599 -20.07728188  16.9518979   24.85758286  12.50223583
 -15.68853906] 
[-20.72760531 -20.07737904  16.95185353  24.85768598  12.50178218
 -15.6892727 ] 
[-20.72681672 -20.07749184  16.95181791  24.85777769  12.50135646
 -15.68999662] 
[-20.72604198 -20.07757669  16.95178569  24.85786023  12.50091101
 -15.69070947] 
[-20.72527116 -20.07768809  16.95176188  24.85793568  12.50050444
 -15.69139952] 
[-20.72451108 -20.0777917   16.95173874  24.85800664  12.50010071
 -15.69208001] 
[-20.72376466 -20.07792664  16.95173295  24.85809178  12.49973816
 -15.69275933] 
[-20.7230341  -20.07804084  16.95172574  24.85816853  12.4993662
 -15.69342883] 
[-20.72231279 -20.07814739  16.95171609  24.85824406  12.49899805
 -15.69408746] 
[-20.72159733 -20.07825662  16.95170253  24.8583139   12.49864601
 -15.69472937] 
[-20.72090763 -20.07836025  16.95169396  24.85836939  12.49830314
 -15.69536674] 
[-20.72024792 -20.07844081  16.95170471  24.85843163  12.49794453
 -15.69597973] 
[-20.71960723 -20.07849008  16.95170685  24.85849097  12.49756642
 -15.6965991 ] 
[-20.71896349 -20.07856188  16.95170053  24.85855727  12.49721508
 -15.6972013 ] 
[-20.71833177 -20.07861743  16.95169107  24.85861603  12.49685156
 -15.69779354] 
[-20.71769405 -20.07868155  16.95167667  24.8586774   12.49649781
 -15.69837306] 
[-20.71706611 -20.07875366  16.95166374  24.85874104  12.49616069
 -15.69894561] 
[-20.71644011 -20.07882672  16.95165563  24.85880565  12.49582821
 -15.69950789] 
[-20.71582443 -20.07889617  16.95164633  24.85886793  12.49550087
 -15.70006194] 
[-20.71521484 -20.07896609  16.95163746  24.85893181  12.49518027
 -15.70060748] 
[-20.7146151  -20.07903246  16.95162736  24.85899373  12.49486497
 -15.70114483] 
[-20.71402016 -20.07909552  16.95161974  24.8590557   12.49455553
 -15.70167784] 
[-20.71342468 -20.07918686  16.95161786  24.85911593  12.49427996
 -15.7021911 ] 
[-20.71284786 -20.079296    16.95163188  24.85919092  12.49404099
 -15.70267723] 
[-20.71227882 -20.07939872  16.95164199  24.85926263  12.49380581
 -15.70315321] 
[-20.71173497 -20.07950108  16.95164142  24.8593225   12.4935727
 -15.70361295] 
[-20.71120543 -20.07958563  16.95163965  24.85938028  12.4933342
 -15.70406787] 
[-20.71068481 -20.07965982  16.95163783  24.85943809  12.49309131
 -15.70451685] 
[-20.71017338 -20.07972716  16.95163523  24.85949441  12.49284851
 -15.70495963] 
[-20.7096694  -20.07979055  16.95163218  24.85955072  12.49260802
 -15.70539586] 
[-20.70917435 -20.0798582   16.95163108  24.85960905  12.49237709
 -15.70582796] 
[-20.70867641 -20.07992424  16.95162338  24.85967275  12.49214925
 -15.70625319] 
[-20.70818443 -20.07998217  16.95161635  24.85973629  12.49191759
 -15.70667473] 
[-20.7077104  -20.08002771  16.95161375  24.85979453  12.49168878
 -15.70709516] 
[-20.70726497 -20.08005757  16.95161481  24.85983246  12.49146181
 -15.70751083] 
[-20.70683748 -20.08007569  16.95161372  24.85985955  12.49122678
 -15.70791595] 
[-20.70641757 -20.0800941   16.9516104   24.85988534  12.4909937
 -15.70831497] 
[-20.70600817 -20.08012355  16.95160362  24.85991667  12.4907812
 -15.70869905] 
[-20.7056139  -20.08014284  16.95159601  24.85993943  12.49056188
 -15.70907378] 
[-20.70522147 -20.08016566  16.95158416  24.85996277  12.4903471
 -15.70944165] 
[-20.7048411  -20.08017198  16.95157961  24.85998815  12.49011416
 -15.70981324] 
[-20.70446489 -20.08018426  16.95157322  24.86001387  12.48988959
 -15.71017807] 
[-20.70410275 -20.08019436  16.95155927  24.86003154  12.48967423
 -15.71053838] 
[-20.70374539 -20.08020743  16.95154478  24.86004923  12.48946384
 -15.71089258] 
[-20.70339322 -20.08022316  16.95152977  24.86006682  12.48925863
 -15.71124106] 
[-20.70304908 -20.08024025  16.95151236  24.86008669  12.48904732
 -15.71159186] 
[-20.70271142 -20.08026083  16.95149343  24.86010393  12.48884335
 -15.71193658] 
[-20.70238045 -20.08027911  16.95147411  24.86012295  12.4886458
 -15.71227831] 
[-20.70205289 -20.08029785  16.95145405  24.86014275  12.48845323
 -15.71261346] 
[-20.7017263  -20.08033013  16.95143831  24.86016022  12.48827737
 -15.71293639] 
[-20.70140428 -20.08036079  16.95142324  24.86017777  12.48810278
 -15.71325352] 
[-20.70108025 -20.08039264  16.95140862  24.8602014   12.48793185
 -15.71356783] 
[-20.70076122 -20.08042789  16.9513924   24.86022679  12.48776736
 -15.71387805] 
[-20.70044421 -20.08046311  16.95137585  24.86025373  12.48760479
 -15.71418217] 
[-20.70013121 -20.08049675  16.95136049  24.86028116  12.48744377
 -15.71448045] 
[-20.69982274 -20.08052852  16.95134589  24.86030849  12.48728398
 -15.71477329] 
[-20.69951916 -20.08055797  16.95133211  24.86033538  12.48712487
 -15.71506097] 
[-20.69921973 -20.08058345  16.95131977  24.86035897  12.48697088
 -15.71533957] 
[-20.69892982 -20.08060528  16.95130707  24.86037804  12.48681916
 -15.715615  ] 
[-20.69864417 -20.0806273   16.95129561  24.86039756  12.48666843
 -15.71588561] 
[-20.69836523 -20.08064947  16.95128916  24.86041954  12.48651146
 -15.7161575 ] 
[-20.69809497 -20.08067782  16.95127265  24.86044544  12.48637279
 -15.71641347] 
[-20.69783686 -20.08069459  16.95126153  24.86046762  12.48622446
 -15.7166614 ] 
[-20.69758448 -20.08071333  16.95125243  24.86048864  12.48608208
 -15.7169024 ] 
[-20.6973334  -20.08073054  16.95124148  24.86051112  12.48594333
 -15.71713741] 
[-20.6970869  -20.08074313  16.95123004  24.86053366  12.48580326
 -15.71737137] 
[-20.69684358 -20.08075657  16.95121901  24.86055595  12.48566579
 -15.71760117] 
[-20.69660343 -20.08077071  16.95120838  24.86057804  12.48553084
 -15.71782692] 
[-20.69636873 -20.08078283  16.95119953  24.86059943  12.48539649
 -15.71804734] 
[-20.6961357  -20.08079547  16.95119088  24.8606215   12.48526376
 -15.71826503] 
[-20.69590509 -20.08080967  16.95118227  24.86064386  12.48513465
 -15.71847858] 
[-20.69567962 -20.08082336  16.95117396  24.86066417  12.48500865
 -15.71868874] 
[-20.69545784 -20.08083735  16.95116574  24.86068417  12.48488446
 -15.71889477] 
[-20.69523815 -20.08085252  16.95115797  24.86070483  12.48476359
 -15.7190968 ] 
[-20.69502378 -20.08086724  16.95114874  24.86072387  12.48464452
 -15.71929385] 
[-20.69481214 -20.0808824   16.95113983  24.86074316  12.48452781
 -15.71948755] 
[-20.69460117 -20.0808984   16.95113206  24.86076478  12.48441259
 -15.71967773] 
[-20.69438991 -20.08091599  16.95112394  24.86078762  12.48430109
 -15.71986675] 
[-20.69418264 -20.08093573  16.95111596  24.8608102   12.48419393
 -15.72005109] 
[-20.69398216 -20.08095706  16.95111013  24.86082941  12.48408825
 -15.72023026] 
[-20.69378473 -20.08097849  16.95110379  24.86084947  12.48398506
 -15.72040681] 
[-20.69358961 -20.08099947  16.95109769  24.86087002  12.48388375
 -15.72058027] 
[-20.69340299 -20.08100936  16.95108733  24.86089139  12.48377428
 -15.72074668] 
[-20.69321948 -20.08101944  16.95107703  24.86091214  12.483668
 -15.72091059] 
[-20.69304162 -20.08103115  16.95106713  24.86092984  12.4835628
 -15.72107035] 
[-20.69286617 -20.08104238  16.95105793  24.86094753  12.48345795
 -15.7212279 ] 
[-20.69269354 -20.08105243  16.9510486   24.86096563  12.48335395
 -15.72138547] 
[-20.69252457 -20.08106176  16.95103814  24.86098301  12.48325377
 -15.72154157] 
[-20.69235848 -20.08107211  16.95102856  24.86099975  12.48315668
 -15.72169513] 
[-20.69219448 -20.0810827   16.95101947  24.86101656  12.4830613
 -15.72184615] 
[-20.69203269 -20.08109288  16.9510114   24.86103369  12.48296723
 -15.72199513] 
[-20.69187519 -20.08110205  16.95100343  24.86104971  12.48287728
 -15.72213938] 
[-20.69171994 -20.0811116   16.95099584  24.86106579  12.48278907
 -15.72228088] 
[-20.69156314 -20.08112121  16.95098829  24.86108537  12.48270266
 -15.7224197 ] 
[-20.69140774 -20.0811328   16.95098021  24.86110469  12.48262018
 -15.72255506] 
[-20.69125493 -20.08114436  16.95097296  24.86112367  12.48253928
 -15.72268788] 
[-20.69110414 -20.08115559  16.95096552  24.86114286  12.4824591
 -15.72281878] 
[-20.69095585 -20.08116633  16.95095892  24.8611617   12.48237982
 -15.72294791] 
[-20.69081081 -20.08117791  16.95095127  24.86118004  12.48230439
 -15.72307336] 
[-20.69066725 -20.08118979  16.95094408  24.86119901  12.48223085
 -15.72319663] 
[-20.69052505 -20.08120195  16.95093729  24.86121864  12.48215923
 -15.72331771] 
[-20.6903846  -20.08121411  16.95093114  24.86123851  12.48208922
 -15.72343679] 
[-20.69024573 -20.08122647  16.95092522  24.86125859  12.48202097
 -15.72355368] 
[-20.69010904 -20.08123903  16.95092015  24.86127952  12.48195397
 -15.72366797] 
[-20.68997315 -20.08125121  16.95091592  24.8613014   12.48188896
 -15.72377991] 
[-20.68983886 -20.08126336  16.95091202  24.86132362  12.48182531
 -15.72389005] 
[-20.68970895 -20.08127078  16.95091214  24.86134736  12.48175762
 -15.72399626] 
[-20.6895805  -20.08127851  16.95091223  24.8613716   12.48169152
 -15.72410121] 
[-20.68945335 -20.08128697  16.95091206  24.86139606  12.48162757
 -15.72420433] 
[-20.6893248  -20.08129557  16.95091139  24.86142333  12.48156522
 -15.72430556] 
[-20.68919994 -20.08130287  16.95090906  24.8614489   12.48150419
 -15.72440379] 
[-20.68907664 -20.08131177  16.95090719  24.86147506  12.48144464
 -15.72450142] 
[-20.68895467 -20.08132102  16.95090528  24.86150132  12.48138684
 -15.72459742] 
[-20.68883344 -20.08133036  16.95090367  24.86152831  12.48133112
 -15.72469155] 
[-20.68871351 -20.08134     16.95090203  24.86155544  12.48127698
 -15.72478411] 
[-20.68859473 -20.08134991  16.95090043  24.86158257  12.4812243
 -15.72487507] 
[-20.68847726 -20.0813595   16.95089922  24.86160936  12.48117321
 -15.72496403] 
[-20.68836153 -20.08136943  16.95089821  24.86163589  12.48112316
 -15.72505176] 
[-20.68824683 -20.08138027  16.95089671  24.86166233  12.48107539
 -15.72513743] 
[-20.68813108 -20.08139063  16.95089629  24.86169142  12.48103024
 -15.7252207 ] 
[-20.6880162  -20.08140035  16.95089626  24.8617204   12.48098529
 -15.72530237] 
[-20.68790293 -20.08141063  16.95089574  24.86174969  12.48094213
 -15.72538302] 
[-20.68779081 -20.08142104  16.95089518  24.86177927  12.48090012
 -15.72546234] 
[-20.68768    -20.08143152  16.95089455  24.86180906  12.48085928
 -15.72554045] 
[-20.68756999 -20.08144193  16.95089375  24.86183944  12.48081974
 -15.72561713] 
[-20.68746121 -20.08145242  16.95089296  24.86187     12.48078122
 -15.72569257] 
[-20.68735356 -20.08146292  16.95089225  24.86190085  12.48074365
 -15.72576681] 
[-20.6872466  -20.0814734   16.95089156  24.86193214  12.48070698
 -15.72584016] 
[-20.68714056 -20.08148383  16.95089098  24.86196384  12.48067136
 -15.72591223] 
[-20.68703563 -20.08149425  16.9508904   24.86199573  12.48063662
 -15.72598309] 
[-20.68693215 -20.0815039   16.95088938  24.86202791  12.48060184
 -15.72605345] 
[-20.68683076 -20.08151298  16.95088839  24.8620598   12.48056882
 -15.7261217 ] 
[-20.68673045 -20.08152209  16.95088743  24.86209181  12.48053663
 -15.72618882] 
[-20.68663087 -20.08153071  16.95088622  24.86212374  12.48050484
 -15.7262546 ] 
[-20.68653238 -20.08153937  16.95088506  24.86215582  12.48047388
 -15.7263193 ] 
[-20.68643636 -20.0815489   16.95088458  24.86218675  12.48044372
 -15.72638213] 
[-20.68634147 -20.08155859  16.95088354  24.86221798  12.48041408
 -15.72644454] 
[-20.68624763 -20.0815678   16.95088233  24.86224941  12.48038488
 -15.72650621] 
[-20.68615506 -20.08157742  16.95088159  24.86228101  12.48035643
 -15.72656644] 
[-20.68606362 -20.08158643  16.95088045  24.86231283  12.48032819
 -15.72662618] 
[-20.68597299 -20.08159527  16.95087961  24.8623447   12.48030045
 -15.72668482] 
[-20.68588304 -20.08160414  16.95087883  24.86237687  12.48027365
 -15.72674231] 
[-20.68579396 -20.08161314  16.95087817  24.86240926  12.48024774
 -15.7267988 ] 
[-20.68570596 -20.08162204  16.95087726  24.86244174  12.48022288
 -15.72685448] 
[-20.68561913 -20.08163129  16.95087609  24.8624741   12.48019917
 -15.7269091 ] 
[-20.68553306 -20.0816401   16.95087534  24.86250625  12.48017643
 -15.72696248] 
[-20.68544766 -20.08164889  16.95087459  24.86253846  12.48015426
 -15.72701483] 
[-20.685362   -20.08165758  16.950874    24.86257142  12.48013269
 -15.72706619] 
[-20.68527712 -20.08166613  16.9508734   24.86260451  12.48011164
 -15.72711665] 
[-20.68519206 -20.08167511  16.95087306  24.86263879  12.48009198
 -15.72716592] 
[-20.68510794 -20.08168419  16.95087278  24.86267316  12.48007297
 -15.72721413] 
[-20.68502466 -20.08169341  16.95087269  24.86270782  12.48005476
 -15.72726159] 
[-20.68494162 -20.08170236  16.95087277  24.86274311  12.48003728
 -15.72730805] 
[-20.68485944 -20.08171129  16.95087258  24.86277858  12.48001996
 -15.72735399] 
[-20.68477815 -20.08171981  16.95087277  24.8628144   12.48000327
 -15.72739924] 
[-20.68469738 -20.08172812  16.95087298  24.86285032  12.47998713
 -15.72744374] 
[-20.6846175  -20.08173595  16.95087285  24.86288637  12.47997104
 -15.72748779] 
[-20.68453793 -20.08174302  16.95087168  24.86292178  12.47995644
 -15.72753005] 
[-20.68445903 -20.0817501   16.95087068  24.86295731  12.47994235
 -15.72757147] 
[-20.68438083 -20.08175727  16.95086982  24.86299301  12.47992875
 -15.72761213] 
[-20.68430278 -20.08176453  16.95086902  24.86302919  12.47991571
 -15.72765198] 
[-20.68422534 -20.08177172  16.95086838  24.86306546  12.47990302
 -15.72769104] 
[-20.68414819 -20.08177825  16.95086692  24.86310128  12.47989155
 -15.72772858] 
[-20.68407212 -20.08178487  16.95086528  24.86313721  12.4798809
 -15.72776507] 
[-20.68399677 -20.08179163  16.95086394  24.86317343  12.47987072
 -15.72780097] 
[-20.68392213 -20.08179854  16.95086266  24.86320993  12.47986102
 -15.72783629] 
[-20.68384637 -20.08180523  16.9508614   24.86324825  12.47985161
 -15.72787082] 
[-20.68377123 -20.08181198  16.95086034  24.86328669  12.4798426
 -15.72790468] 
[-20.68369675 -20.08181867  16.95085947  24.86332527  12.47983385
 -15.72793798] 
[-20.683623   -20.08182551  16.95085877  24.86336396  12.47982553
 -15.72797053] 
[-20.68354989 -20.08183231  16.95085822  24.86340282  12.47981764
 -15.72800253] 
[-20.68347776 -20.08183912  16.9508579   24.863442    12.47980962
 -15.72803346] 
[-20.68340619 -20.0818459   16.95085765  24.86348125  12.47980197
 -15.72806384] 
[-20.68333599 -20.08185318  16.95085699  24.86351977  12.4797952
 -15.72809367] 
[-20.68326629 -20.08186028  16.9508564   24.86355831  12.47978866
 -15.72812292] 
[-20.68319706 -20.08186737  16.95085596  24.86359691  12.47978251
 -15.72815157] 
[-20.68312776 -20.08187491  16.95085572  24.86363584  12.47977694
 -15.72817972] 
[-20.68305865 -20.08188225  16.95085552  24.86367493  12.47977161
 -15.72820742] 
[-20.68298966 -20.08188952  16.95085541  24.86371448  12.47976665
 -15.72823443] 
[-20.68292108 -20.08189659  16.95085541  24.86375407  12.47976184
 -15.72826108] 
[-20.68285377 -20.08190423  16.95085622  24.86379365  12.47975675
 -15.72828656] 
[-20.68278695 -20.08191171  16.95085703  24.86383326  12.47975202
 -15.7283116 ] 
[-20.68272041 -20.08191922  16.95085762  24.86387276  12.4797474
 -15.72833603] 
[-20.68265438 -20.08192651  16.95085822  24.86391229  12.47974305
 -15.72836011] 
[-20.68258915 -20.08193334  16.95085883  24.86395225  12.47973966
 -15.7283832 ] 
[-20.68252518 -20.0819402   16.9508598   24.86399149  12.479737
 -15.72840543] 
[-20.68246203 -20.08194732  16.95086098  24.86403076  12.47973429
 -15.72842691] 
[-20.68239943 -20.0819541   16.95086226  24.86407009  12.47973163
 -15.7284482 ] 
[-20.68233762 -20.08196095  16.95086312  24.86410937  12.47972895
 -15.7284688 ] 
[-20.68227627 -20.08196786  16.95086409  24.86414879  12.47972678
 -15.72848915] 
[-20.68221549 -20.08197439  16.95086471  24.86418833  12.47972517
 -15.72850937] 
[-20.68215506 -20.08198082  16.95086531  24.86422784  12.47972382
 -15.72852921] 
[-20.6820949  -20.08198716  16.95086592  24.86426732  12.47972264
 -15.72854876] 
[-20.68203523 -20.08199359  16.9508668   24.86430707  12.47972212
 -15.72856761] 
[-20.68197594 -20.08199992  16.95086764  24.86434674  12.47972181
 -15.72858611] 
[-20.68191733 -20.08200633  16.95086811  24.86438635  12.47972145
 -15.72860395] 
[-20.68185939 -20.08201242  16.95086858  24.86442558  12.47972143
 -15.7286215 ] 
[-20.68180161 -20.08201836  16.95086911  24.86446493  12.47972163
 -15.72863871] 
[-20.68174387 -20.08202433  16.95086972  24.86450431  12.47972217
 -15.72865581] 
[-20.68168662 -20.08203001  16.9508703   24.8645439   12.47972329
 -15.72867226] 
[-20.68162984 -20.08203575  16.95087063  24.86458362  12.47972473
 -15.72868816] 
[-20.68157329 -20.08204133  16.95087098  24.86462329  12.47972628
 -15.72870378] 
[-20.68151687 -20.0820469   16.95087141  24.8646631   12.47972814
 -15.72871909] 
[-20.68146086 -20.08205221  16.95087174  24.86470292  12.47972996
 -15.72873424] 
[-20.68140669 -20.08205674  16.95087114  24.86474107  12.47973259
 -15.72874833] 
[-20.68135305 -20.08206102  16.95087033  24.86477927  12.47973554
 -15.72876189] 
[-20.68129963 -20.08206533  16.95086959  24.86481752  12.47973863
 -15.72877517] 
[-20.68124727 -20.08206998  16.95086895  24.86485499  12.4797414
 -15.72878784] 
[-20.68119514 -20.08207456  16.95086837  24.86489244  12.47974436
 -15.72880025] 
[-20.68114445 -20.08207845  16.95086712  24.86492868  12.47974779
 -15.72881313] 
[-20.68109404 -20.08208244  16.95086606  24.86496501  12.47975138
 -15.72882582] 
[-20.6810438  -20.0820865   16.95086515  24.86500137  12.47975509
 -15.72883829] 
[-20.68099407 -20.08209032  16.95086469  24.86503785  12.47975921
 -15.72885015] 
[-20.68094466 -20.08209404  16.95086428  24.86507444  12.47976344
 -15.72886161] 
[-20.6808953  -20.08209803  16.95086377  24.86511101  12.47976798
 -15.72887267] 
[-20.68084607 -20.08210193  16.95086343  24.86514754  12.47977268
 -15.72888339] 
[-20.68079706 -20.08210585  16.95086312  24.86518408  12.47977743
 -15.72889388] 
[-20.68074815 -20.08210963  16.95086276  24.86522056  12.47978209
 -15.7289043 ] 
[-20.68069953 -20.08211353  16.95086232  24.86525716  12.479787
 -15.72891439] 
[-20.68065108 -20.08211745  16.95086192  24.86529381  12.47979199
 -15.72892426] 
[-20.68060291 -20.0821214   16.95086148  24.86533053  12.47979707
 -15.72893385] 
[-20.6805554  -20.08212563  16.95086135  24.86536683  12.47980222
 -15.72894299] 
[-20.68050789 -20.08212992  16.95086107  24.86540317  12.47980755
 -15.72895203] 
[-20.68046033 -20.08213424  16.95086084  24.86543978  12.47981314
 -15.72896075] 
[-20.68041342 -20.0821386   16.95086039  24.86547593  12.47981906
 -15.72896905] 
[-20.68036678 -20.08214292  16.95086011  24.86551216  12.47982503
 -15.72897712] 
[-20.68032069 -20.08214758  16.95086031  24.86554847  12.47983071
 -15.72898469] 
[-20.68027476 -20.0821522   16.95086051  24.86558474  12.47983643
 -15.72899211] 
[-20.68022897 -20.08215681  16.95086075  24.86562101  12.47984226
 -15.72899937] 
[-20.68018345 -20.08216142  16.95086111  24.86565732  12.47984807
 -15.7290066 ] 
[-20.68013812 -20.08216608  16.95086136  24.86569371  12.47985407
 -15.72901377] 
[-20.68009295 -20.08217067  16.95086162  24.86573008  12.47986014
 -15.72902081] 
[-20.68004792 -20.0821752   16.95086193  24.86576641  12.47986623
 -15.72902775] 
[-20.68000305 -20.08217966  16.95086224  24.86580272  12.47987239
 -15.72903457] 
[-20.67995831 -20.08218411  16.95086253  24.865839    12.47987866
 -15.72904121] 
[-20.67991384 -20.08218836  16.95086302  24.86587535  12.47988513
 -15.72904756] 
[-20.67986961 -20.08219244  16.95086351  24.86591171  12.47989154
 -15.72905388] 
[-20.67982557 -20.08219662  16.95086389  24.86594811  12.47989812
 -15.72906   ] 
[-20.67978171 -20.08220086  16.95086434  24.86598454  12.47990487
 -15.72906591] 
[-20.67973719 -20.08220509  16.95086478  24.86602175  12.47991184
 -15.72907165] 
[-20.6796928  -20.08220927  16.95086518  24.8660589   12.47991894
 -15.72907725] 
[-20.67964836 -20.08221327  16.95086534  24.86609598  12.47992623
 -15.72908287] 
[-20.67960366 -20.08221722  16.95086574  24.86613343  12.47993357
 -15.72908831] 
[-20.67955884 -20.08222101  16.95086615  24.86617112  12.47994098
 -15.72909364] 
[-20.67951408 -20.08222475  16.95086648  24.86620886  12.47994844
 -15.72909886] 
[-20.67946932 -20.08222871  16.95086708  24.86624638  12.47995573
 -15.72910372] 
[-20.67942475 -20.0822327   16.95086767  24.86628388  12.47996312
 -15.72910846] 
[-20.67938059 -20.0822365   16.9508681   24.86632108  12.47997037
 -15.72911317] 
[-20.6793366  -20.08224029  16.95086852  24.86635824  12.4799777
 -15.72911779] 
[-20.67929276 -20.08224407  16.95086893  24.86639537  12.4799851
 -15.72912233] 
[-20.67924909 -20.08224785  16.95086931  24.86643246  12.47999256
 -15.72912679] 
[-20.67920561 -20.08225158  16.95086972  24.86646951  12.48000003
 -15.72913113] 
[-20.67916234 -20.08225535  16.95087018  24.86650656  12.48000749
 -15.72913543] 
[-20.67911949 -20.0822594   16.95087095  24.86654367  12.48001476
 -15.72913937] 
[-20.67907673 -20.08226337  16.95087173  24.8665807   12.48002215
 -15.72914327] 
[-20.67903401 -20.08226703  16.9508727   24.86661746  12.48002932
 -15.72914692] 
[-20.67899144 -20.08227065  16.95087362  24.86665416  12.48003656
 -15.72915054] 
[-20.67894897 -20.08227423  16.95087441  24.86669079  12.48004392
 -15.72915413] 
[-20.67890661 -20.08227786  16.95087513  24.86672738  12.4800514
 -15.72915762] 
[-20.67886429 -20.08228156  16.95087586  24.86676392  12.48005903
 -15.72916115] 
[-20.67882211 -20.08228525  16.95087654  24.86680043  12.48006674
 -15.72916461] 
[-20.67878008 -20.08228894  16.95087719  24.86683689  12.48007451
 -15.72916801] 
[-20.67873807 -20.08229272  16.95087786  24.86687331  12.4800825
 -15.72917124] 
[-20.67869596 -20.08229649  16.9508785   24.86690993  12.48009056
 -15.72917428] 
[-20.67865396 -20.08230007  16.95087898  24.8669464   12.48009852
 -15.7291774 ] 
[-20.67861214 -20.08230372  16.95087948  24.8669829   12.4801066
 -15.72918053] 
[-20.67857048 -20.08230744  16.95088001  24.86701942  12.48011482
 -15.72918353] 
[-20.67852886 -20.08231119  16.95088057  24.86705599  12.4801231
 -15.72918646] 
[-20.67848739 -20.08231493  16.95088109  24.86709252  12.48013143
 -15.72918932] 
[-20.67844606 -20.08231868  16.95088162  24.86712903  12.48013985
 -15.72919214] 
[-20.67840488 -20.08232238  16.95088215  24.86716552  12.48014834
 -15.72919492] 
[-20.67836383 -20.08232608  16.95088266  24.86720195  12.48015685
 -15.72919765] 
[-20.67832278 -20.0823299   16.95088306  24.86723832  12.48016553
 -15.72920023] 
[-20.67828216 -20.08233388  16.95088359  24.86727438  12.4801744
 -15.72920273] 
[-20.6782416  -20.08233793  16.95088398  24.8673103   12.48018318
 -15.72920505] 
[-20.67820116 -20.08234193  16.95088436  24.86734618  12.48019199
 -15.72920734] 
[-20.67816074 -20.08234595  16.95088466  24.86738203  12.48020095
 -15.72920962] 
[-20.67812041 -20.0823498   16.95088485  24.86741772  12.48020978
 -15.72921175] 
[-20.67808027 -20.08235375  16.95088516  24.86745356  12.48021879
 -15.72921393] 
[-20.67804055 -20.08235779  16.9508853   24.86748908  12.48022781
 -15.72921622] 
[-20.67800106 -20.0823618   16.95088535  24.86752463  12.48023672
 -15.72921835] 
[-20.67796167 -20.08236574  16.95088543  24.86756012  12.48024562
 -15.72922043] 
[-20.6779224  -20.08236962  16.95088554  24.86759556  12.48025455
 -15.72922245] 
[-20.67788333 -20.08237343  16.95088571  24.86763088  12.48026353
 -15.72922441] 
[-20.67784444 -20.08237709  16.95088599  24.86766624  12.48027261
 -15.72922641] 
[-20.67780569 -20.08238085  16.95088616  24.86770171  12.48028184
 -15.72922844] 
[-20.67776621 -20.08238467  16.95088632  24.86773793  12.48029117
 -15.72923033] 
[-20.6777269  -20.08238844  16.95088653  24.86777403  12.48030052
 -15.72923211] 
[-20.67768772 -20.08239221  16.95088679  24.86781014  12.48030993
 -15.72923388] 
[-20.67764867 -20.0823959   16.95088703  24.86784619  12.48031931
 -15.72923555] 
[-20.6776097  -20.08239956  16.95088729  24.86788215  12.48032868
 -15.72923718] 
[-20.67757084 -20.08240317  16.95088755  24.86791806  12.48033807
 -15.72923874] 
[-20.6775321  -20.08240671  16.95088783  24.86795393  12.48034752
 -15.72924019] 
[-20.67749348 -20.08241023  16.95088813  24.86798976  12.48035694
 -15.72924159] 
[-20.67745497 -20.08241375  16.95088845  24.86802556  12.48036641
 -15.72924295] 
[-20.67741653 -20.08241721  16.95088873  24.86806128  12.48037592
 -15.72924421] 
[-20.6773782  -20.08242065  16.95088901  24.86809691  12.48038544
 -15.7292454 ] 
[-20.67733998 -20.08242404  16.95088929  24.8681325   12.480395
 -15.72924652] 
[-20.67730188 -20.08242739  16.95088959  24.86816804  12.48040453
 -15.72924756] 
[-20.67726387 -20.08243073  16.95088987  24.86820351  12.48041409
 -15.72924855] 
[-20.67722598 -20.08243406  16.95089015  24.86823894  12.48042364
 -15.72924951] 
[-20.67718801 -20.08243735  16.95089043  24.86827448  12.48043311
 -15.7292504 ] 
[-20.67715011 -20.08244053  16.95089078  24.86830987  12.4804425
 -15.72925117] 
[-20.67711239 -20.08244381  16.95089104  24.86834525  12.48045183
 -15.72925181] 
[-20.67707483 -20.08244708  16.95089138  24.86838063  12.48046111
 -15.72925234] 
[-20.677037   -20.08245038  16.95089171  24.86841628  12.48047049
 -15.72925265] 
[-20.6769993  -20.08245358  16.95089211  24.86845195  12.48047999
 -15.72925283] 
[-20.6769617  -20.08245674  16.95089251  24.86848753  12.4804895
 -15.729253  ] 
[-20.67692414 -20.08245994  16.95089295  24.86852305  12.48049909
 -15.7292531 ] 
[-20.67688647 -20.08246316  16.95089337  24.86855871  12.48050885
 -15.72925305] 
[-20.67684952 -20.08246594  16.95089406  24.86859366  12.48051819
 -15.72925276] 
[-20.67681284 -20.0824685   16.9508949   24.8686286   12.48052735
 -15.72925231] 
[-20.6767762  -20.08247122  16.95089577  24.8686634   12.48053647
 -15.72925175] 
[-20.67673982 -20.08247378  16.95089643  24.86869814  12.48054546
 -15.72925137] 
[-20.67670372 -20.08247636  16.95089712  24.86873264  12.48055439
 -15.72925109] 
[-20.67666776 -20.08247889  16.95089785  24.86876717  12.48056345
 -15.72925088] 
[-20.67663172 -20.08248159  16.95089863  24.86880163  12.48057269
 -15.72925072] 
[-20.67659577 -20.08248438  16.95089934  24.86883603  12.48058203
 -15.72925049] 
[-20.67655985 -20.08248726  16.9508999   24.86887028  12.48059132
 -15.72925015] 
[-20.67652404 -20.08249018  16.95090045  24.86890449  12.48060066
 -15.72924982] 
[-20.67648832 -20.08249311  16.95090096  24.86893864  12.48061005
 -15.72924947] 
[-20.67645269 -20.08249602  16.95090144  24.86897272  12.48061944
 -15.72924911] 
[-20.6764174  -20.08249905  16.95090175  24.8690065   12.48062886
 -15.72924888] 
[-20.67638222 -20.08250202  16.95090211  24.86904031  12.48063838
 -15.72924854] 
[-20.67634713 -20.08250502  16.95090248  24.86907406  12.48064797
 -15.72924817] 
[-20.67631159 -20.08250797  16.95090281  24.86910828  12.48065758
 -15.72924771] 
[-20.67627616 -20.08251086  16.95090306  24.86914251  12.48066731
 -15.72924715] 
[-20.67624073 -20.08251367  16.95090321  24.86917664  12.48067716
 -15.72924649] 
[-20.67620541 -20.0825165   16.95090335  24.8692107   12.48068701
 -15.72924581] 
[-20.67617017 -20.08251931  16.95090347  24.86924468  12.48069687
 -15.72924509] 
[-20.67613494 -20.08252202  16.95090351  24.86927857  12.48070679
 -15.72924443] 
[-20.67609978 -20.08252464  16.95090347  24.86931233  12.48071665
 -15.7292437 ] 
[-20.67606471 -20.0825273   16.95090345  24.86934605  12.48072654
 -15.72924293] 
[-20.67603    -20.0825298   16.9509033   24.86937946  12.48073639
 -15.72924231] 
[-20.67599538 -20.08253231  16.95090316  24.86941281  12.48074622
 -15.72924169] 
[-20.67596073 -20.08253473  16.95090315  24.86944608  12.48075613
 -15.72924113] 
[-20.67592641 -20.08253702  16.95090314  24.86947906  12.48076586
 -15.72924046] 

 Time 
2466.168459892273 
