Energy 
 
-7.0006462659114765 
-9.522996147046875 
-11.285605210336703 
-12.527237135335998 
-13.431984435788753 
-14.112808520324624 
-14.637627220111344 
-15.049093096584674 
-15.375604260115633 
-15.637098679968656 
-15.848150365263685 
-16.01970681306176 
-16.160132575659887 
-16.275883917113063 
-16.371974605465827 
-16.45231382833383 
-16.519959333811794 
-16.57731052205794 
-16.626257009976378 
-16.66829329169778 
-16.70460725659334 
-16.736148467372253 
-16.763680774458678 
-16.7878228365194 
-16.809079329778605 
-16.827865006765016 
-16.8445232742966 
-16.859340575408563 
-16.87255755993099 
-16.88437779631638 
-16.894974598758516 
-16.904496406918128 
-16.913071051264353 
-16.920809157637596 
-16.927806884336817 
-16.934148139250723 
-16.93990638983928 
-16.945146152422282 
-16.949924227254307 
-16.954290730660876 
-16.958289963983567 
-16.961961150258354 
-16.965339062843817 
-16.968454565065432 
-16.971335075991178 
-16.974004974403368 
-16.97648595067454 
-16.97879731441877 
-16.980956264353296 
-16.982978125676677 
-16.984876559365418 
-16.986663747087317 
-16.98835055484242 
-16.98994667798585 
-16.99146076989387 
-16.992900556228847 
-16.994272936487988 
-16.995584074311772 
-16.996839477827383 
-16.99804407116191 
-16.999202258101942 
-17.00031797878914 
-17.00139476020473 
-17.002435761143108 
-17.003443812266624 
-17.00442145178665 
-17.005370957249117 
-17.00629437384433 
-17.00719353962748 
-17.008070107978398 
-17.008925567609943 
-17.009761260383982 
-17.010578397180776 
-17.011378072029444 
-17.012161274691888 
-17.01292890186783 
-17.013681767172287 
-17.014420610020046 
-17.015146103534743 
-17.01585886159258 
-17.01655944509421 
-17.017248367546046 
-17.01792610003471 
-17.018593075651744 
-17.01924969343744 
-17.019896321891817 
-17.020533302099814 
-17.021160950518283 
-17.02177956145587 
-17.022389409284635 
-17.02299075040849 
-17.023583825021127 
-17.024168858668197 
-17.02474606364571 
-17.025315640243104 
-17.025877777854113 
-17.026432655968684 
-17.02698044505786 
-17.027521307362655 
-17.028055397602742 
-17.02858286360697 
-17.02910384687828 
-17.02961848309964 
-17.03012690258765 
-17.030629230697638 
-17.031125588189536 
-17.031616091552884 
-17.032100853303646 
-17.032579982246936 
-17.033053583715535 
-17.033521759785977 
-17.033984609471496 
-17.034442228898474 
-17.03489471146497 
-17.035342147985133 
-17.035784626820238 
-17.036222233998657 
-17.036655053323667 
-17.03708316647407 
-17.03750665309437 
-17.03792559087981 
-17.03834005565165 
-17.03875012142984 
-17.03915586049748 
-17.03955734346281 
-17.039954639314878 
-17.04034781547659 
-17.040736937854362 
-17.0411220708834 
-17.041503277572282 
-17.041880619542717 
-17.042254157068406 
-17.04262394911165 
-17.04299005335794 
-17.04335252624866 
-17.043711423012738 
-17.044066797696438 
-17.04441870319242 
-17.04476719126722 
-17.045112312586877 
-17.045454116743468 
-17.04579265227962 
-17.046127966712007 
-17.04646010655435 
-17.04678911734032 
-17.04711504364443 
-17.047437929103562 
-17.0477578164373 
-17.048074747467684 
-17.048388763139865 
-17.04869990353903 
-17.049008207910852 
-17.049313714678767 
-17.049616461461316 
-17.049916485090368 
-17.05021382162738 
-17.05050850638069 
-17.050800573920906 
-17.05109005809744 
-17.051376992054788 
-17.051661408245888 
-17.051943338449696 
-17.052222813784248 
-17.05249986472186 
-17.052774521102908 
-17.053046812150413 
-17.053316766483267 
-17.05358441212986 
-17.053849776541345 
-17.05411288660534 
-17.05437376865695 
-17.054632448493503 
-17.054888951384633 
-17.055143302086798 
-17.055395524853218 
-17.055645643445892 
-17.055893681148202 
-17.05613966077522 
-17.056383604684136 
-17.05662553478708 
-17.056865472560066 
-17.057103439054117 
-17.057339454905026 
-17.057573540344755 
-17.05780571520966 
-17.058035998951294 
-17.05826441064559 
-17.0584909690021 
-17.05871569237358 
-17.058938598764275 
-17.05915970583972 
-17.05937903093441 
-17.05959659106088 
-17.059812402917363 
-17.060026482897065 
-17.060238847095214 
-17.06044951131676 
-17.060658491084563 
-17.06086580164693 
-17.061071457984355 
-17.061275474817087 
-17.061477866612275 
-17.061678647590533 
-17.061877831732662 
-17.0620754327866 
-17.062271464273493 
-17.062465939493638 
-17.062658871533653 
-17.062850273271536 
-17.063040157382968 
-17.06322853634716 
-17.06341542245116 
-17.063600827797746 
-17.06378476430806 
-17.063967243729042 
-17.06414827763669 
-17.064327877442096 
-17.06450605439636 
-17.0646828195941 
-17.064858183979624 
-17.06503215834984 
-17.065204753359392 
-17.065375979524948 
-17.065545847229114 
-17.065714366723906 
-17.065881548136048 
-17.06604740146841 
-17.066211936606393 
-17.066375163319595 
-17.066537091265456 
-17.066697729993628 
-17.06685708894794 
-17.06701517747045 
-17.067172004804192 
-17.067327580096126 
-17.067481912399696 
-17.06763501067859 
-17.067786883808466 
-17.067937540579397 
-17.06808698969929 
-17.068235239796145 
-17.068382299419564 
-17.068528177043625 
-17.068672881069627 
-17.068816419826874 
-17.06895880157607 
-17.06910003451003 
-17.069240126756707 
-17.06937908638011 
-17.069516921383023 
-17.06965363970764 
-17.069789249237672 
-17.069923757800304 
-17.07005717316686 
-17.070189503054856 
-17.070320755129494 
-17.070450937003987 
-17.070580056242118 
-17.07070812035873 
-17.07083513682084 
-17.070961113048845 
-17.07108605641796 
-17.071209974258817 
-17.071332873858257 
-17.071454762460625 
-17.071575647268713 
-17.07169553544445 
-17.071814434109278 
-17.071932350344852 
-17.072049291195206 
-17.072165263665696 
-17.07228027472469 
-17.07239433130298 
-17.072507440295734 
-17.0726196085628 
-17.072730842927996 
-17.072841150180814 
-17.07295053707642 
-17.07305901033624 
-17.073166576647896 
-17.07327324266604 
-17.073379015012826 
-17.0734839002772 
-17.07358790501679 
-17.07369103575616 
-17.07379329898922 
-17.073894701178197 
-17.073995248753516 
-17.074094948114908 
-17.074193805631275 
-17.07429182764044 
-17.07438902044936 
-17.074485390335603 
-17.074580943545108 
-17.074675686293872 
-17.07476962476826 
-17.074862765123704 
-17.07495511348524 
-17.075046675949256 
-17.0751374585807 
-17.075227467415118 
-17.07531670845831 
-17.07540518768534 
-17.0754929110424 
-17.075579884444515 
-17.075666113777345 
-17.075751604896894 
-17.075836363628248 
-17.075920395767316 
-17.0760037070795 
-17.076086303300237 
-17.076168190134382 
-17.076249373257205 
-17.076329858313276 
-17.076409650917455 
-17.076488756653358 
-17.076567181075436 
-17.07664492970632 
-17.076722008039113 
-17.076798421536267 
-17.076874175629335 
-17.076949275719464 
-17.077023727177025 
-17.077097535341302 
-17.07717070552163 
-17.077243242995415 
-17.077315153010368 
-17.077386440781797 
-17.077457111495175 
-17.07752717030456 
-17.077596622332894 
-17.077665472671796 
-17.07773372638203 
-17.077801388493196 
-17.077868464003267 
-17.07793495787908 
-17.07800087505654 
-17.07806622043966 
-17.07813099890162 
-17.078195215283852 
-17.078258874396894 
-17.07832198101854 
-17.07838453989754 
-17.078446555748975 
-17.078508033257748 
-17.07856897707649 
-17.078629391827384 
-17.078689282100775 
-17.078748652455744 
-17.07880750741871 
-17.078865851487187 
-17.078923689125325 
-17.078981024766513 
-17.07903786281332 
-17.079094207636512 
-17.0791500635759 
-17.079205434939983 
-17.079260326006047 
-17.079314741020386 
-17.079368684198563 
-17.079422159724583 
-17.07947517175188 
-17.079527724402904 
-17.079579821769276 
-17.079631467911618 
-17.07968266686088 
-17.07973342261618 
-17.07978373914653 
-17.079833620390794 
-17.079883070257406 
-17.079932092624205 
-17.07998069133926 
-17.080028870219902 
-17.080076633054034 
-17.080123983600032 
-17.08017092558547 
-17.080217462708724 
-17.080263598638574 
-17.080309337014555 
-17.08035468144641 
-17.08039963551484 
-17.080444202771552 
-17.08048838673892 
-17.08053219091047 
-17.080575618751137 
-17.080618673697323 
-17.080661359156505 
-17.08070367850802 
-17.080745635103156 
-17.080787232264285 
-17.080828473286992 
-17.080869361438126 
-17.080909899956765 
-17.080950092054877 
-17.080989940917302 
-17.081029449700463 
-17.081068621534655 
-17.081107459523047 
-17.081145966741456 
-17.0811841462392 
-17.08122200103982 
-17.08125953413922 
-17.081296748508308 
-17.08133364709045 
-17.08137023280483 
-17.081406508543623 
-17.081442477173635 
-17.081478141536664 
-17.081513504448527 
-17.08154856870096 
-17.08158333705945 
-17.081617812265346 
-17.08165199703607 
-17.081685894062907 
-17.08171950601446 
-17.081752835534047 
-17.081785885241946 
-17.081818657733532 
-17.08185115558141 
-17.081883381334343 
-17.081915337517803 
-17.081947026634406 
-17.081978451162993 
-17.08200961356086 
-17.082040516261237 
-17.08207116167593 
-17.08210155219365 
-17.082131690182116 
-17.0821615779854 
-17.082191217926948 
-17.082220612308497 
-17.082249763409703 
-17.082278673489526 
-17.082307344785377 
-17.082335779513716 
-17.082363979870458 
-17.082391948030633 
-17.082419686148604 
-17.082447196358842 
-17.08247448077543 
-17.08250154149243 
-17.082528380583895 
-17.082555000104723 
-17.08258140208975 
-17.08260758855493 
-17.08263356149666 
-17.08265932289249 
-17.082684874700938 
-17.08271021886216 
-17.082735357297462 
-17.08276029190975 
-17.082785024583814 
-17.082809557186533 
-17.082833891566533 
-17.082858029555098 
-17.082881972965453 
-17.08290572359345 
-17.082929283217783 
-17.082952653600113 
-17.082975836484643 
-17.08299883359971 
-17.083021646655556 
-17.083044277346886 
-17.08306672735219 
-17.083088998332485 
-17.08311109193365 
-17.083133009786152 
-17.08315475350314 
-17.08317632468296 
-17.083197724908956 
-17.083218955747668 
-17.08324001875149 
-17.083260915457544 
-17.08328164738831 
-17.083302216050424 
-17.083322622936574 
-17.083342869524728 
-17.083362957278784 
-17.083382887648206 
-17.08340266206765 
-17.083422281958967 
-17.083441748728738 
-17.083461063771097 
-17.08348022846623 
-17.083499244179876 
-17.08351811226609 
-17.083536834064134 
-17.083555410901084 
-17.083573844090694 
-17.08359213493384 
-17.083610284719416 
-17.083628294722708 
-17.08364616620659 
-17.083663900422337 
-17.083681498608563 
-17.083698961991644 
-17.08371629178626 
-17.083733489194685 
-17.08375055540821 
-17.083767491605663 

 Time 
48604.913395643234 
