Energy 
 
-6.44766629155356 
-7.32972289490551 
-9.275980414365943 
-10.073978370128254 
-11.457839820092236 
-11.743367424454824 
-11.769820872679922 
-12.059279081559696 
-12.847030296320115 
-13.826193518666388 
-13.942090448548786 
-14.03712221257343 
-14.704261518339923 
-14.72425460292061 
-14.743822520632268 
-14.903434131717528 
-14.905694709449492 
-15.058291627540328 
-15.16014576437222 
-15.280367886713224 
-15.326199181083958 
-15.385115109992672 
-15.525943844944267 
-16.770987660945043 
-16.810431772840598 
-16.817078596861787 
-16.918960537191317 
-17.417813879189993 
-17.418581733506738 
-17.499260778993474 
-17.527988065531424 
-17.567499802429275 
-17.59742520545643 
-17.624561914512473 
-17.692055634731478 
-17.803090778750537 
-17.803159424328914 
-18.17199275612674 
-18.63486924900379 
-18.875562893565505 
-19.017728524383266 
-19.18347995284172 
-19.18731399019242 
-19.190315290228952 
-19.19048619648786 
-19.293250153923925 
-19.860107441828333 
-20.042135946366095 
-20.043052087253987 
-20.342992076523494 
-20.38869629351136 
-20.391713302180456 
-20.403364834895847 
-20.416675329424045 
-20.41668580783332 
-20.437758569091798 
-20.511180779968615 
-20.590039755611908 
-20.727004075867008 
-20.757711079897994 
-20.760539766320946 
-20.813327149345458 
-21.19169483108574 
-21.19304322118704 
-21.19638161519003 
-21.480335870207814 
-21.4822678766637 
-21.540478145304416 
-21.54493034981646 
-21.555848254099764 
-21.567540531501677 
-21.63658899703225 
-21.644291682765378 
-21.682302597715545 
-21.700002777831678 
-21.75567634929324 
-21.75758755237271 
-21.771413554992606 
-21.79724606358989 
-21.859442304519177 
-21.889976685905886 
-21.905936908132762 
-21.987020383219086 
-21.999567605991565 
-22.010620308739387 
-22.019614635342887 
-22.019708580661046 
-22.02214077677302 
-22.078681178738982 
-22.07873452060766 
-22.080183002895364 
-22.08022897627742 
-22.08114866417484 
-22.092363899200706 
-22.10217458987607 
-22.104580575053365 
-22.107003070147698 
-22.11827660523162 
-22.12037145216055 
-22.128352623202456 
-22.12847571135429 
-22.131182968912924 
-22.13214118102453 
-22.14140230825418 
-22.141602368807646 
-22.149907491779288 
-22.155984525542163 
-22.156022322497584 
-22.156031502829162 
-22.15752534675925 
-22.170067301889834 
-22.170241572081395 
-22.19425660897545 
-22.19740188719527 
-22.2208044345209 
-22.228838965522293 
-22.231528111991786 
-22.233701608297554 
-22.233984750767966 
-22.23472877762312 
-22.23577924344896 
-22.238383650028045 
-22.23838476381868 
-22.238787966925656 
-22.24062228236836 
-22.241676530356695 
-22.24365859034101 
-22.247802731818197 
-22.249063628938867 
-22.24931154583526 
-22.249385706671152 
-22.25037546568239 
-22.251375432460684 
-22.251467961108535 
-22.264896420365822 
-22.26493681624566 
-22.275847103856147 
-22.275906565888217 
-22.276284184582746 
-22.276361593739956 
-22.276385249581555 
-22.27683465876561 
-22.2779253640574 
-22.27792742057177 
-22.279595149051506 
-22.2798735541088 
-22.280692125301112 
-22.280697589482678 
-22.28074796648432 
-22.280803388482877 
-22.28145935016955 
-22.29408389806385 
-22.299977740620797 
-22.302352801854173 
-22.30570643239194 
-22.30580745801109 
-22.30859333802362 
-22.30892980200535 
-22.310975381038908 
-22.311142503877903 
-22.31114259582145 
-22.311624421068665 
-22.311708174425224 
-22.31170896531689 
-22.311750536696742 
-22.311753366772635 
-22.31175864808249 
-22.3150882597423 
-22.31509413817698 
-22.317011703567754 
-22.318325853512995 
-22.318411210688577 
-22.318644769777826 
-22.319794123638836 
-22.31986879874931 
-22.32001762129869 
-22.320254941190132 
-22.320326246633186 
-22.3203633944941 
-22.320575607746328 
-22.321025084857077 
-22.321280490591764 
-22.322324414776336 
-22.322756648271703 
-22.32568673507195 
-22.325868321568553 
-22.32587038940239 
-22.327457251827127 
-22.327864092308413 
-22.328971458988047 
-22.32942841025651 
-22.329438853233352 
-22.331192021342954 
-22.33119491100736 
-22.331614422269034 
-22.33200629203193 
-22.33335215279686 
-22.333829222101098 
-22.3360217952291 
-22.336024821678002 
-22.336030833019173 
-22.33658884416323 
-22.33666467082789 
-22.336746104860538 
-22.339851548120855 
-22.339868643316958 
-22.34012854949559 
-22.342220966683616 
-22.342224133872005 
-22.342611740062033 
-22.343040807490155 
-22.343815267771785 
-22.344016912772407 
-22.344900381101652 
-22.345026834855638 
-22.346006932784178 
-22.34622211018505 
-22.34692125056131 
-22.34710289568069 
-22.347141898335934 
-22.34722298171392 
-22.34812969718843 
-22.348493035375466 
-22.34849928342136 
-22.34866100349956 
-22.34966803398118 
-22.34983322931623 
-22.349952585436615 
-22.35045730586408 
-22.351180301402202 
-22.352186361383463 
-22.35220621760258 
-22.35293771262318 
-22.35338337081007 
-22.353929948301115 
-22.353964306558453 
-22.354112631915005 
-22.35411279780345 
-22.35411291219993 
-22.355317869423313 
-22.35568365684672 
-22.35569067024402 
-22.356254837966567 
-22.356303331660964 
-22.356750286302518 
-22.356826285089014 
-22.35699070481416 
-22.357001440263296 
-22.35700311587164 
-22.357853624040686 
-22.35812963233916 
-22.359435946188523 
-22.360451045881245 
-22.36049205404627 
-22.360626393789325 
-22.36092871464344 
-22.361226625323877 
-22.361246312133066 
-22.361326254000513 
-22.361452805816498 
-22.361465876334933 
-22.361987919637272 
-22.362031936534866 
-22.362435106312887 
-22.362436926754032 
-22.362771200296546 
-22.362930076207405 
-22.363234378653903 
-22.36324030199511 
-22.363243833100885 
-22.363753155454376 
-22.36522696289865 
-22.365533746996714 
-22.365924759259013 
-22.365928709231664 
-22.366157525881892 
-22.36632952511485 
-22.366559551947013 
-22.366933009392195 
-22.367040375866544 
-22.368014632684446 
-22.368304029504138 
-22.368657818251542 
-22.36902249829089 
-22.36902672523023 
-22.36972097145701 
-22.369766580672042 
-22.370596152445742 
-22.370610603152183 
-22.37064001196907 
-22.371947576610125 
-22.372166783873865 
-22.372601743307577 
-22.37305345757018 
-22.373531229846947 
-22.37354084341927 
-22.373543761922278 
-22.373547403371393 
-22.373547566599655 
-22.37364491631193 
-22.373875615247112 
-22.37392965079818 
-22.37393526160566 
-22.3743304668866 
-22.37451548927585 
-22.374628848650296 
-22.3748705925384 
-22.37496388799623 
-22.37511604992961 
-22.375302655073273 
-22.375325906705392 
-22.375447712559925 
-22.375527085709578 
-22.37619621896141 
-22.376237402801987 
-22.376273263834573 
-22.376416792482033 
-22.37651500855916 
-22.37654111981836 
-22.376651466696472 
-22.376804059362872 
-22.376810196379637 
-22.377015206380495 
-22.377128869828347 
-22.37723177544421 
-22.377290979470086 
-22.37731352221783 
-22.378716657177353 
-22.379050605897614 
-22.37907431875865 
-22.379075945900926 
-22.379110225812962 
-22.37911727953309 
-22.37913903190888 
-22.379450647080766 
-22.379580248109463 
-22.379587938525365 
-22.379648539255612 
-22.379889619047393 
-22.37991642648357 
-22.379920964879226 
-22.379926416436362 
-22.379992126734372 
-22.38029961073068 
-22.380847884614287 
-22.380848084403624 
-22.3808654804889 
-22.38086558875463 
-22.381017978234375 
-22.381018371939454 
-22.381027312873112 
-22.38133016253264 
-22.381640299641038 
-22.381677416456675 
-22.381968741382483 
-22.382747168906384 
-22.38274902459273 
-22.382756089740237 
-22.382756159907434 
-22.382756492231426 
-22.383149715815712 
-22.38315898575855 
-22.383245020022674 
-22.383245376958342 
-22.383356485876224 
-22.38337041553999 
-22.383609675299258 
-22.383671869780525 
-22.38376533866726 
-22.383772833811285 
-22.383789523622113 
-22.383815248683778 
-22.384153583695994 
-22.384153869210685 
-22.384567425297003 
-22.384812045322757 
-22.385007627437606 
-22.385388610210143 
-22.385388615539238 
-22.385408928580418 
-22.38543577800775 
-22.385528172581378 
-22.38556527745792 
-22.385571043684205 
-22.385576578265415 
-22.386162291886386 
-22.386304449858972 
-22.3863228099572 
-22.386559981047988 
-22.386700205289984 
-22.386784965817963 
-22.38699720885746 
-22.387220352381366 
-22.387245213828763 
-22.387273358004677 
-22.387273357831297 
-22.387273975031523 
-22.387381286495117 
-22.387413214672918 
-22.387528497068427 
-22.388091259522803 
-22.3882823147511 
-22.388283698910584 
-22.388482746300383 
-22.388729521602237 
-22.389111844359864 
-22.3895300074109 
-22.389838096095108 
-22.389866807803713 
-22.389945587190585 
-22.390179033579237 
-22.39049356013765 
-22.39049984058917 
-22.390706266533392 
-22.390711569809103 
-22.390968814830952 
-22.39099849237027 
-22.391949740227854 
-22.391955012674686 
-22.391965652093774 
-22.39202113139969 
-22.39202374893454 
-22.392027104625935 
-22.392028797425453 
-22.392342563392344 
-22.3924140340106 
-22.392460433839396 
-22.39247438111189 
-22.39247972138623 
-22.392520875553846 
-22.39277149862653 
-22.392774196310192 
-22.39292077487573 
-22.392939070393663 
-22.39295741216803 
-22.392957419594815 
-22.392972918280982 
-22.39313241478396 
-22.39313241706845 
-22.39313817654737 
-22.39319011517273 
-22.39338297908186 
-22.3933831585162 
-22.393701488412752 
-22.393764920575244 
-22.393850860697913 
-22.39419270800346 
-22.39423545357809 
-22.394236486358658 
-22.3942448937538 
-22.394548987229275 
-22.39496533987529 
-22.39496875090896 
-22.39503656767892 
-22.39513344787686 
-22.395142273830178 
-22.395320366577984 
-22.39540770730653 
-22.395545478107024 
-22.395594370108057 
-22.39625708056136 
-22.396375869411443 
-22.396453245509683 
-22.396587686196092 
-22.397838654942532 
-22.397883479673784 
-22.397907646049017 
-22.397907692875098 
-22.397952264577846 
-22.397973903950064 
-22.397988468343204 
-22.39801635488527 
-22.3981370454486 
-22.39813797607207 
-22.398233169503097 
-22.398643720225266 
-22.39864798068725 
-22.39892379530496 
-22.399012372160268 
-22.399021262054344 
-22.399045760831907 
-22.39906093459757 
-22.399061609791246 
-22.39939763255351 
-22.399632909236324 
-22.39993507002201 
-22.399996697856427 
-22.400069010827277 
-22.40024250241593 
-22.40024352020278 
-22.400363424583475 
-22.400464672124553 
-22.40050413892135 
-22.40061353504152 
-22.400618296296592 
-22.40081631867693 
-22.401117441231282 
-22.401130156011355 
-22.401151899051186 
-22.401168156460635 

 Time 
15602.556679487228 
