Energy 
 
-8.29093287274659 
-8.544789436358935 
-8.783875173090335 
-9.008292596714421 
-9.218668881705833 
-9.415953698275343 
-9.601239593382882 
-9.77562393375634 
-9.940116406710656 
-10.095586952042405 
-10.242745114723581 
-10.38214139868507 
-10.514182549057097 
-10.639154591797714 
-10.7572492571517 
-10.868590843727114 
-10.973261609074537 
-11.071324471271167 
-11.16284227415957 
-11.247893197136294 
-11.32658214402087 
-11.399048161974653 
-11.46546813442979 
-11.52605715918462 
-11.581066154073428 
-11.630777317291413 
-11.675498101418935 
-11.715554340315304 
-11.751283103877919 
-11.783025759652928 
-11.811121606906076 
-11.835902331968086 
-11.857687424874698 
-11.876780604370278 
-11.893467225343914 
-11.90801259068758 
-11.920661056862803 
-11.931635806241626 
-11.941139155912023 
-11.949353278476906 
-11.956441222136807 
-11.962548132361011 
-11.967802593610035 
-11.972318025473973 
-11.976194082267208 
-11.979518018064125 
-11.982365990169146 
-11.9848042830503 
-11.986890441998383 
-11.988674311358324 
-11.99019897639186 
-11.991501610863562 
-11.992614234550377 
-11.993564386237585 
-11.994375718555052 
-11.995068521370394 
-11.99566018050829 
-11.996165578393871 
-11.996597442904475 
-11.996966650297919 
-11.997282487630754 
-11.9975528795956 
-11.997784584225267 
-11.997983361446945 
-11.998154118029534 
-11.998301032058029 
-11.998427659692865 
-11.998537026634127 
-11.998631706400369 
-11.998713887263602 
-11.998785429435836 
-11.998847913889904 
-11.998902684011176 
-11.998950881109886 
-11.998993474682623 
-11.9990312881858 
-11.999065020976964 
-11.99909526698512 
-11.999122530592794 
-11.999147240140179 
-11.999169759404438 
-11.999190397355004 
-11.999209416441134 
-11.999227039631554 
-11.999243456391763 
-11.999258827759379 
-11.999273290652381 
-11.999286961524882 
-11.999299939470355 
-11.999312308854105 
-11.999324141546527 
-11.999335498818333 
-11.99934643294654 
-11.999356988578144 
-11.999367203885678 
-11.999377111547766 
-11.99938673957951 
-11.999396112038303 
-11.99940524962027 
-11.999414170168059 
-11.999422889099572 
-11.999431419772757 
-11.999439773794041 
-11.999447961280278 
-11.999455991081136 
-11.999463870966874 
-11.999471607788301 
-11.999479207612104 
-11.999486675835765 
-11.999494017284785 
-11.999501236295595 
-11.999508336785556 
-11.999515322312421 
-11.999522196125033 
-11.999528961206098 
-11.999535620308688 
-11.999542175987129 
-11.999548630623497 
-11.999554986449816 
-11.999561245567232 
-11.999567409962202 
-11.999573481520258 
-11.999579462037891 
-11.999585353232609 
-11.999591156751384 
-11.999596874178238 
-11.999602507040365 
-11.999608056813614 
-11.999613524927122 
-11.999618912767406 
-11.99962422168159 
-11.999629452980665 
-11.999634607941836 
-11.999639687811078 
-11.999644693804735 
-11.999649627111571 
-11.999654488894082 
-11.999659280289979 
-11.999664002413235 
-11.99966865635517 
-11.999673243185637 
-11.99967776395341 
-11.999682219687381 
-11.99968661139708 
-11.999690940073211 
-11.999695206688513 
-11.999699412198039 
-11.999703557539762 
-11.99970764363505 
-11.999711671389036 
-11.999715641691148 
-11.999719555415359 
-11.999723413420636 
-11.999727216551237 
-11.999730965637116 
-11.999734661494111 
-11.999738304924387 
-11.99974189671667 
-11.999745437646428 
-11.999748928476356 
-11.999752369956425 
-11.99975576282423 
-11.999759107805275 
-11.99976240561311 
-11.999765656949648 
-11.999768862505269 
-11.999772022959277 
-11.999775138979798 
-11.999778211224282 
-11.999781240339448 
-11.999784226961685 
-11.999787171717093 
-11.99979007522184 
-11.999792938082098 
-11.999795760894543 
-11.999798544246199 
-11.999801288714819 
-11.999803994869069 
-11.999806663268558 
-11.99980929446398 
-11.999811888997526 
-11.999814447402763 
-11.999816970204897 
-11.999819457920907 
-11.999821911059687 
-11.999824330122289 
-11.999826715601818 
-11.999829067983791 
-11.999831387746216 
-11.999833675359685 
-11.999835931287457 
-11.999838155985664 
-11.999840349903515 
-11.999842513483237 
-11.999844647160222 
-11.999846751363222 
-11.99984882651454 
-11.999850873029887 
-11.99985289131865 
-11.999854881784085 
-11.999856844823261 
-11.99985878082719 
-11.999860690180956 
-11.999862573263927 
-11.999864430449644 
-11.999866262106027 
-11.999868068595488 
-11.999869850275003 
-11.999871607496129 
-11.999873340605149 
-11.999875049943295 
-11.999876735846533 
-11.999878398645912 
-11.999880038667508 
-11.999881656232596 
-11.999883251657607 
-11.999884825254304 
-11.999886377329846 
-11.999887908186837 
-11.99988941812339 
-11.999890907433228 
-11.999892376405759 
-11.999893825326097 
-11.999895254475195 
-11.999896664129867 
-11.999898054562834 
-11.99989942604288 
-11.999900778834816 
-11.99990211319959 
-11.999903429394328 
-11.999904727672437 
-11.999906008283608 
-11.999907271473893 
-11.999908517485794 
-11.999909746558258 
-11.999910958926812 
-11.999912154823527 
-11.999913334477135 
-11.999914498113059 
-11.999915645953457 
-11.99991677821732 
-11.999917895120428 
-11.999918996875483 
-11.999920083692139 
-11.99992115577703 
-11.999922213333798 
-11.999923256563203 
-11.999924285663102 
-11.999925300828531 
-11.99992630225173 
-11.999927290122216 
-11.999928264626762 
-11.999929225949515 
-11.999930174271974 
-11.999931109773058 
-11.999932032629147 
-11.999932943014121 
-11.999933841099377 
-11.99993472705389 
-11.999935601044223 
-11.999936463234604 
-11.999937313786928 
-11.999938152860786 
-11.999938980613548 
-11.99993979720033 
-11.999940602774059 
-11.999941397485529 
-11.999942181483407 
-11.999942954914243 
-11.999943717922546 
-11.999944470650798 
-11.999945213239466 
-11.999945945827042 
-11.999946668550107 
-11.999947381543281 
-11.999948084939355 
-11.999948778869202 
-11.9999494634619 
-11.999950138844723 
-11.999950805143145 
-11.999951462480915 
-11.99995211098004 
-11.999952750760832 
-11.999953381941923 
-11.99995400464028 
-11.999954618971275 
-11.999955225048648 
-11.99995582298458 
-11.999956412889667 
-11.999956994872981 
-11.999957569042097 
-11.999958135503066 
-11.999958694360506 
-11.999959245717557 
-11.999959789675938 
-11.999960326335973 
-11.99996085579658 
-11.99996137815533 
-11.999961893508429 
-11.999962401950745 
-11.999962903575875 
-11.9999633984761 
-11.999963886742405 
-11.99996436846459 
-11.99996484373113 
-11.999965312629348 
-11.999965775245348 
-11.999966231664041 
-11.999966681969163 
-11.99996712624333 
-11.999967564567996 
-11.999967997023504 
-11.999968423689092 
-11.999968844642922 
-11.999969259962072 
-11.999969669722567 
-11.999970073999382 
-11.9999704728665 
-11.999970866396847 
-11.999971254662375 
-11.999971637734035 
-11.999972015681834 
-11.999972388574786 
-11.999972756481009 
-11.999973119467647 
-11.999973477600957 
-11.999973830946265 
-11.999974179568026 
-11.999974523529813 
-11.999974862894332 
-11.999975197723423 
-11.999975528078089 
-11.999975854018524 
-11.999976175604061 
-11.999976492893262 
-11.999976805943868 
-11.99997711481286 
-11.999977419556403 
-11.999977720229943 
-11.999978016888148 
-11.99997830958496 
-11.999978598373565 
-11.999978883306435 
-11.999979164435343 
-11.999979441811348 
-11.999979715484821 
-11.99997998550544 
-11.999980251922219 
-11.999980514783502 
-11.99998077413699 
-11.999981030029732 
-11.999981282508122 
-11.99998153161795 
-11.999981777404383 
-11.999982019911952 
-11.99998225918462 
-11.999982495265737 
-11.999982728198066 
-11.99998295802379 
-11.99998318478453 
-11.99998340852135 
-11.999983629274737 
-11.999983847084659 
-11.99998406199051 
-11.999984274031181 
-11.999984483245042 
-11.999984689669922 
-11.999984893343145 
-11.999985094301547 
-11.999985292581444 
-11.999985488218678 
-11.999985681248612 
-11.999985871706112 
-11.999986059625607 
-11.999986245041015 
-11.999986427985847 
-11.99998660849313 
-11.999986786595455 
-11.999986962324979 
-11.999987135713424 
-11.999987306792079 
-11.999987475591812 
-11.999987642143106 
-11.999987806475964 
-11.999987968620069 
-11.999988128604645 
-11.999988286458548 
-11.99998844221025 
-11.99998859588782 
-11.999988747518962 
-11.999988897131022 
-11.999989044750953 
-11.99998919040536 
-11.999989334120482 
-11.999989475922222 
-11.999989615836116 
-11.999989753887364 
-11.999989890100833 
-11.999990024501068 
-11.999990157112252 
-11.999990287958267 
-11.99999041706267 
-11.999990544448698 
-11.999990670139283 
-11.999990794157041 
-11.999990916524297 
-11.999991037263065 
-11.999991156395065 
-11.999991273941736 
-11.999991389924219 
-11.999991504363372 
-11.999991617279797 
-11.999991728693779 
-11.999991838625357 
-11.999991947094303 
-11.99999205412011 
-11.99999215972203 
-11.999992263919035 
-11.99999236672986 
-11.999992468172985 
-11.999992568266629 
-11.999992667028796 
-11.999992764477227 
-11.999992860629408 
-11.999992955502655 
-11.99999304911398 
-11.99999314148022 
-11.999993232617935 
-11.999993322543524 
-11.999993411273124 
-11.999993498822668 
-11.999993585207884 
-11.999993670444272 
-11.999993754547138 
-11.9999938375316 
-11.999993919412525 
-11.999994000204639 
-11.99999407992243 
-11.999994158580193 
-11.999994236192073 
-11.999994312771973 
-11.999994388333652 
-11.99999446289066 
-11.99999453645638 
-11.999994609044007 
-11.999994680666566 
-11.999994751336908 
-11.999994821067704 
-11.999994889871461 
-11.999994957760522 
-11.999995024747072 
-11.999995090843122 
-11.999995156060516 
-11.999995220410959 
-11.999995283905987 
-11.999995346556979 
-11.999995408375177 
-11.999995469371667 
-11.999995529557376 
-11.999995588943095 
-11.999995647539471 
-11.999995705357009 
-11.999995762406073 
-11.999995818696895 
-11.999995874239538 
-11.999995929043996 
-11.999995983120067 
-11.999996036477432 
-11.999996089125679 
-11.999996141074234 
-11.999996192332393 
-11.999996242909344 
-11.999996292814163 
-11.999996342055777 
-11.999996390643012 
-11.999996438584565 
-11.999996485889042 
-11.999996532564918 
-11.999996578620525 
-11.999996624064137 
-11.99999666890389 
-11.999996713147809 
-11.99999675680383 
-11.999996799879753 
-11.99999684238331 
-11.999996884322108 
-11.999996925703648 
-11.999996966535356 
-11.99999700682453 
-11.999997046578391 
-11.999997085804056 
-11.999997124508551 
-11.9999971626988 
-11.99999720038165 
-11.999997237563841 
-11.999997274252019 
-11.99999731045277 
-11.999997346172568 
-11.999997381417806 
-11.9999974161948 

 Time 
55153.69394111633 
