Parameters 
 
[-0.5 -0.5 -0.5 -0.5 -0.5 -0.5 -0.5 -0.5 -0.5 -0.5] 
[-20.40536486 -11.47695612 -10.64359973 -10.69733419  21.09101196
  15.90699958  32.48439108  24.39171674   5.7398325    5.17877679] 
[ -9.67003752  -5.33275084 -10.95170793 -13.95090222  12.41812036
  18.80592105  24.07208668  28.49646077   4.47041753   3.90376631] 
[ -9.98417084  -7.021247   -14.85141151 -13.06105406   9.96006245
  18.58986933  25.65576554  30.09253702   5.7207361   -1.32682634] 
[ -9.71491081  -7.77595476 -11.74295363 -15.32174301  10.97277058
  18.29367473  23.31719454  30.90125939   3.70511333   0.73864436] 
[ -8.79052006  -6.11877181 -12.96102375 -15.09409143  10.20281609
  16.95634826  23.49767388  29.28483024   4.79153213   0.30571363] 
[ -9.05119206  -6.32080513 -12.76473469 -14.9527145   10.16443651
  17.03057529  23.58076896  29.51374663   4.72358678   0.47892806] 
[ -9.10334562  -6.36394449 -12.88202201 -14.79555454  10.13449916
  17.0080909   23.51387339  29.59426179   4.8117485    0.49704655] 
[ -9.30186853  -6.61759321 -12.91935828 -14.67900993  10.0932505
  17.06374178  23.51281689  29.6704446    4.90967931   0.54156882] 
[ -9.37618662  -6.64159839 -12.88009439 -14.50439306  10.08867279
  17.07148329  23.49921219  29.78717324   4.9051758    0.61727534] 
[ -9.41334067  -6.64355842 -12.84350179 -14.3214915   10.09658497
  17.10188586  23.49632352  29.90886596   4.93335683   0.66938754] 
[ -9.64752391  -6.8476925  -12.59943322 -14.07197826  10.27334477
  17.33734447  23.44248577  30.04953279   5.34791988   1.04864639] 
[ -9.72786639  -6.94826673 -12.23765986 -13.70077566  10.31969323
  17.59068582  23.48336486  30.09364966   5.53505367   1.37329621] 
[ -9.62294901  -6.79367628 -12.19825067 -13.67870147  10.32338263
  17.54609317  23.54401091  30.02451026   5.43960691   1.38149151] 
[ -9.52394183  -6.45819535 -12.20304283 -13.69121174  10.35352997
  17.48798941  23.47034519  29.80046994   5.19076113   1.28890868] 
[ -9.56046489  -6.48488542 -12.29476206 -13.66475126  10.29534531
  17.40906874  23.53756649  29.88533786   5.17196427   1.32032021] 
[ -9.58259353  -6.46342261 -12.36997401 -13.60871217  10.23739833
  17.34855622  23.58987059  29.94789228   5.1209242    1.3324419 ] 
[ -9.61747575  -6.40245245 -12.44297022 -13.49387572  10.16532863
  17.32430834  23.66171322  29.9922928    5.03159138   1.34416043] 
[ -9.64301916  -6.3916497  -12.46315806 -13.36078757  10.08565115
  17.34869894  23.74487708  29.99997846   4.96774108   1.37460237] 
[ -9.61518703  -5.98686794 -12.77608926 -13.18281683  10.05308737
  17.14242383  23.83858272  30.40980887   4.84663005   1.27302922] 
[ -9.61433466  -6.33947833 -12.36629125 -12.98619681  10.01559828
  17.51834491  23.87850083  30.17717575   5.08830965   1.52101384] 
[ -9.62043213  -6.30589843 -12.49258603 -13.024771     9.96002134
  17.42176928  23.89783834  30.1867797    4.98198977   1.46815317] 
[ -9.57293224  -6.32071704 -12.52602293 -13.00612153   9.89350766
  17.42141503  23.94215158  30.16113864   4.94718468   1.43478148] 
[ -9.62167159  -6.38035138 -12.56026455 -12.97112545   9.70943765
  17.46962882  23.962908    29.95252205   4.73540194   1.35522037] 
[ -9.49746085  -6.32216349 -12.56652206 -12.96093684   9.76191206
  17.44198217  23.9967063   30.07627463   4.84952819   1.36723318] 
[ -9.54829917  -6.33899737 -12.58340086 -12.94108695   9.7046031
  17.43660578  24.00972428  30.02677389   4.78248887   1.38515544] 
[ -9.50634283  -6.31348351 -12.56950689 -12.91450641   9.71309774
  17.4370997   24.03226677  30.05780203   4.81515659   1.40900461] 
[ -9.54212131  -6.30985352 -12.57423892 -12.88659004   9.68077926
  17.42815853  24.04615525  30.03919006   4.76940401   1.44004766] 
[ -9.50126703  -6.3138953  -12.57534034 -12.88974866   9.66278789
  17.44097918  24.06202832  30.02815772   4.78816546   1.43916493] 
[ -9.51092269  -6.30863991 -12.59159991 -12.89314767   9.64774495
  17.42605079  24.0549828   30.0252858    4.77482526   1.45102375] 
[ -9.44242293  -6.3035052  -12.5590352  -12.85991261   9.6423511
  17.47796468  24.08990609  30.01748812   4.81678495   1.45317415] 
[ -9.56738586  -6.320092   -12.64757279 -12.92869396   9.60313944
  17.36836096  24.01941953  30.01557022   4.72901224   1.46680252] 
[ -9.37524802  -6.27900905 -12.50762424 -12.79873963   9.6486784
  17.53955499  24.11946518  30.01180707   4.85804231   1.48162608] 
[ -9.58339872  -6.32183606 -12.68199259 -13.04600504   9.56299207
  17.32020694  23.91322634  29.93632744   4.699564     1.4390594 ] 
[ -9.36708753  -6.25378436 -12.46513403 -12.7510529    9.65630726
  17.55292809  24.10339353  29.98449462   4.83371313   1.50454588] 
[ -9.59314966  -6.32494546 -12.60843629 -12.90439286   9.64609642
  17.3252687   24.00168053  30.10299282   4.79972004   1.56866318] 
[ -9.39311359  -6.2883663  -12.5606667  -12.84964896   9.58741952
  17.48023399  24.06190118  29.98174234   4.8242019    1.48799264] 
[ -9.53529533  -6.27614512 -12.63231035 -12.90828025   9.63672944
  17.34359404  23.96598129  30.08135914   4.77512559   1.54089877] 
[ -9.3884926   -6.29106686 -12.54430874 -12.84823871   9.57211039
  17.49328643  24.04266287  29.94631108   4.82468253   1.50766573] 
[ -9.46647539  -6.3302148  -12.63998077 -12.92524176   9.54567489
  17.37442966  24.01590288  30.01953101   4.80796918   1.51402976] 
[ -9.42963436  -6.27449516 -12.52806223 -12.85683043   9.5800004
  17.47859762  23.98780762  29.94329666   4.8127001    1.53997184] 
[ -9.48155953  -6.32464894 -12.62678133 -12.92164775   9.54532173
  17.37274705  23.98414439  30.01124084   4.80090469   1.53783744] 
[ -9.43906837  -6.27630466 -12.51871142 -12.85477972   9.59151153
  17.47961461  23.96073882  29.9502234    4.81956095   1.5730733 ] 
[ -9.51289109  -6.35669763 -12.62428446 -12.92367268   9.56035869
  17.35940004  23.96444812  30.04431276   4.83449975   1.58629629] 
[ -9.39820986  -6.24066302 -12.50960007 -12.82515708   9.57889418
  17.50298955  23.95130821  29.91351072   4.8002358    1.56943072] 
[ -9.49366215  -6.32989185 -12.63799745 -12.91237657   9.48515341
  17.3453407   23.95637013  29.94008748   4.74670422   1.54297821] 
[ -9.47112538  -6.28658828 -12.57378327 -12.87002424   9.55108308
  17.40596547  23.93319775  29.95870277   4.77633868   1.58819296] 
[ -9.46198717  -6.28653583 -12.57663382 -12.8631337    9.55137889
  17.40823692  23.92863288  29.96366862   4.78025252   1.59232916] 
[ -9.45908117  -6.28951581 -12.57949462 -12.86013546   9.55195759
  17.40802027  23.92187951  29.96998432   4.78579142   1.59893245] 
[ -9.45629107  -6.29004414 -12.58186428 -12.85620194   9.55367986
  17.40846952  23.91396231  29.9772975    4.79109292   1.60555967] 
[ -9.46181746  -6.29266031 -12.57866573 -12.85633004   9.55827403
  17.4085964   23.90130952  29.98314665   4.79979006   1.61747572] 
[ -9.41314398  -6.28327661 -12.6045444  -12.83404235   9.53457189
  17.41070963  23.92287267  29.97724857   4.77266851   1.59013076] 
[ -9.48154857  -6.31273077 -12.58898488 -12.8632328    9.56546722
  17.39914029  23.8717969   30.01192661   4.82881461   1.63343282] 
[ -9.43870634  -6.29986753 -12.60997228 -12.83845523   9.55422246
  17.40167253  23.88993034  30.01955205   4.81499033   1.61789315] 
[ -9.46069353  -6.29958916 -12.58978216 -12.85152956   9.56789812
  17.40536428  23.86281044  30.01726907   4.83183471   1.64362124] 
[ -9.42194356  -6.29316522 -12.61985131 -12.83154207   9.52508287
  17.39439896  23.8947783   30.00688735   4.7929769    1.60219673] 
[ -9.44035037  -6.30313046 -12.61063187 -12.83966697   9.53144572
  17.3926265   23.87508044  30.00479181   4.80415363   1.61935161] 
[ -9.4440832   -6.30192617 -12.60376541 -12.84115067   9.53683763
  17.39466595  23.8620877   30.00579219   4.81112027   1.6308126 ] 
[ -9.44968712  -6.30624175 -12.59964967 -12.84501859   9.54303003
  17.39468536  23.85028306  30.00525051   4.82161163   1.6465756 ] 
[ -9.45104099  -6.30841527 -12.59867867 -12.8474763    9.54789025
  17.39397725  23.84163758  30.00535049   4.8284665    1.66002352] 
[ -9.45039644  -6.31013393 -12.59888049 -12.84903402   9.5531136
  17.39351879  23.83465147  30.00617058   4.83500332   1.67323222] 
[ -9.44693704  -6.3092775  -12.60019745 -12.84882069   9.55400679
  17.39221594  23.83036916  30.00673535   4.83571425   1.6799787 ] 
[ -9.4444268   -6.30885858 -12.60114067 -12.84856391   9.55486987
  17.39096736  23.82578294  30.00716992   4.83655238   1.68659536] 
[ -9.44236692  -6.30876308 -12.60193381 -12.84803422   9.55577549
  17.38983574  23.82130189  30.00727113   4.83733473   1.69318377] 
[ -9.44002997  -6.30901279 -12.60202596 -12.8474249    9.55653874
  17.38935149  23.8175959   30.00774376   4.83830332   1.69877015] 
[ -9.43840829  -6.30901143 -12.60240909 -12.84685031   9.55680024
  17.3886131   23.81376767  30.00850644   4.83951563   1.70363907] 
[ -9.43708297  -6.3090848  -12.60257881 -12.84625625   9.55707712
  17.38796114  23.80991531  30.00907453   4.84068698   1.70838443] 
[ -9.4358552   -6.30943813 -12.60272078 -12.84554924   9.55758418
  17.38746885  23.80630713  30.00981804   4.84220714   1.71307239] 
[ -9.43480078  -6.30976615 -12.60279684 -12.84485317   9.55810491
  17.3870339   23.8027176   30.01045047   4.84367665   1.71765728] 
[ -9.43386033  -6.3101118  -12.60284671 -12.84415934   9.55859832
  17.38662437  23.79919237  30.01099647   4.84504678   1.72209654] 
[ -9.43292651  -6.31029001 -12.60293376 -12.84349876   9.55905541
  17.38630531  23.79577109  30.01146254   4.8462296    1.72640255] 
[ -9.4321237   -6.31056679 -12.6028511  -12.84274243   9.55935466
  17.38610256  23.7925079   30.01183847   4.84735822   1.73036236] 
[ -9.43137773  -6.31082871 -12.60270998 -12.84196668   9.55968808
  17.38600602  23.78934605  30.0120734    4.84846275   1.73426269] 
[ -9.43074099  -6.3110746  -12.60252355 -12.84120617   9.56003068
  17.3859591   23.78621947  30.01217302   4.84948848   1.73802784] 
[ -9.43018555  -6.31130521 -12.60230711 -12.84046313   9.56039092
  17.38595538  23.78313672  30.01215057   4.85044493   1.7416713 ] 
[ -9.42974405  -6.31160219 -12.60223827 -12.83973039   9.56081237
  17.38590262  23.77998902  30.01222795   4.85149561   1.74522589] 
[ -9.42930912  -6.31198866 -12.60197999 -12.838792     9.56142877
  17.38609187  23.77716912  30.01189778   4.85238907   1.74885062] 
[ -9.42881037  -6.31237782 -12.60177371 -12.83806443   9.56214465
  17.38634873  23.77424502  30.01125702   4.85301806   1.7521832 ] 
[ -9.42810672  -6.31254676 -12.60165314 -12.83740123   9.56323153
  17.38677139  23.771518    30.01045245   4.85368083   1.7558581 ] 
[ -9.42738495  -6.31269049 -12.60170207 -12.83652204   9.56472962
  17.38741764  23.76902636  30.00954114   4.85439684   1.75993351] 
[ -9.42673647  -6.31286498 -12.60185864 -12.83568665   9.56629304
  17.38803801  23.76660485  30.00865605   4.85514865   1.76407695] 
[ -9.42602491  -6.31323628 -12.60212266 -12.83483857   9.56806791
  17.38876029  23.76447672  30.00771159   4.856041     1.7685212 ] 
[ -9.4261811   -6.31297069 -12.60195122 -12.83467049   9.56905326
  17.38898039  23.76097104  30.00677906   4.85633512   1.77162223] 
[ -9.42587711  -6.3130865  -12.60201831 -12.83418225   9.57050941
  17.3894281   23.75818841  30.00581804   4.8569653    1.77533452] 
[ -9.42609524  -6.3132547  -12.6017713  -12.8340327    9.57140472
  17.38957207  23.75508994  30.0046251    4.85725756   1.77811143] 
[ -9.42631256  -6.31334992 -12.6015742  -12.83399675   9.5721652
  17.38957459  23.75188603  30.00346967   4.85751376   1.78063119] 
[ -9.42588328  -6.31370193 -12.60205936 -12.8338684    9.57285482
  17.38943394  23.74942039  30.00292465   4.85824381   1.78310292] 
[ -9.42582092  -6.31375748 -12.60232928 -12.83397958   9.57325478
  17.38909613  23.746462    30.00242542   4.85871545   1.78510523] 
[ -9.42539194  -6.31411041 -12.60266498 -12.83372389   9.57403834
  17.3890174   23.74420217  30.00181213   4.85934269   1.78750376] 
[ -9.42542739  -6.31403968 -12.60270966 -12.83387032   9.57438871
  17.38867058  23.74123021  30.00118455   4.85968882   1.78922627] 
[ -9.4250356   -6.31428416 -12.60276653 -12.83357036   9.57501348
  17.38861782  23.7390926   30.00041081   4.86015715   1.79123254] 
[ -9.42469617  -6.31445794 -12.60281878 -12.83329008   9.5756375
  17.38854388  23.73696126  29.99965238   4.86055442   1.79317173] 
[ -9.42457395  -6.314408   -12.60276334 -12.83329478   9.57614418
  17.38822722  23.7343304   29.99880031   4.86095796   1.79486887] 
[ -9.42434133  -6.31447269 -12.60273284 -12.83315241   9.57675307
  17.38799398  23.73199418  29.9979042    4.86134828   1.79662891] 
[ -9.42408852  -6.31460189 -12.60271784 -12.83311235   9.57742713
  17.38773487  23.72960724  29.99700213   4.8617575    1.79836336] 
[ -9.42385038  -6.31470293 -12.60271144 -12.8329991    9.57808824
  17.38747582  23.7273159   29.99612185   4.86205281   1.80000866] 
[ -9.42365033  -6.31482633 -12.6027572  -12.83289342   9.57867044
  17.38722675  23.72500743  29.9953422    4.86219649   1.80142174] 
[ -9.42337434  -6.31499677 -12.60283099 -12.83266189   9.57933764
  17.38704411  23.72296166  29.99455027   4.8623108    1.80289762] 
[ -9.42309721  -6.31517365 -12.60298831 -12.83242135   9.58009978
  17.38685203  23.72092051  29.99383744   4.86243029   1.80437767] 
[ -9.42281916  -6.31532341 -12.60319002 -12.8322029    9.58086785
  17.38661401  23.71884999  29.9931114    4.86253985   1.80581358] 
[ -9.42247618  -6.31556493 -12.60343163 -12.83185934   9.58175522
  17.38640111  23.71705727  29.99237457   4.86262062   1.80737939] 
[ -9.42232579  -6.31559388 -12.60342677 -12.83153544   9.5824501
  17.3862391   23.71535969  29.99177011   4.86264817   1.8086305 ] 
[ -9.42217311  -6.31563208 -12.60342143 -12.83121468   9.58316801
  17.38608216  23.71374491  29.99113278   4.8626582    1.80988547] 
[ -9.4219917   -6.31567521 -12.60338931 -12.83088165   9.58390196
  17.38592558  23.71225224  29.99042513   4.86268479   1.81117544] 
[ -9.42185244  -6.31570229 -12.6033887  -12.83059559   9.58468856
  17.38572497  23.71079164  29.98966915   4.86269766   1.81252398] 
[ -9.42172005  -6.31573509 -12.60338254 -12.8302996    9.58549549
  17.38553202  23.70935571  29.98893344   4.86267432   1.81382873] 
[ -9.42163056  -6.31576185 -12.60334675 -12.83004182   9.58627558
  17.3853379   23.70792075  29.98816569   4.8626066    1.81506532] 
[ -9.4214877   -6.31581435 -12.60331142 -12.82977014   9.58703091
  17.3851325   23.70661483  29.98733731   4.86255654   1.81626394] 
[ -9.42133537  -6.31603487 -12.60340538 -12.82942943   9.587964
  17.38491671  23.70547489  29.98656854   4.86266744   1.81769559] 
[ -9.42121272  -6.31619345 -12.60351175 -12.82915884   9.58888373
  17.384668    23.70430609  29.98581928   4.86274316   1.81907891] 
[ -9.42111536  -6.31629959 -12.6035971  -12.8289178    9.58979581
  17.38441135  23.70312493  29.98506863   4.86276439   1.82039741] 
[ -9.42101936  -6.31653385 -12.60357266 -12.82875971   9.59080123
  17.3842627   23.70211536  29.98421037   4.86289507   1.82175443] 
[ -9.4207807   -6.31677915 -12.60363034 -12.8287383    9.59215677
  17.38406201  23.70097985  29.98333473   4.86321763   1.82342733] 
[ -9.42057981  -6.31695921 -12.60368292 -12.82866661   9.5934496
  17.38388069  23.69989806  29.98249588   4.86344738   1.82501917] 
[ -9.42049215  -6.31700752 -12.60376671 -12.82865251   9.5946133
  17.38366166  23.69868762  29.98169677   4.86360901   1.82644725] 
[ -9.42041112  -6.31705522 -12.60386691 -12.82862273   9.59578761
  17.38343662  23.69751938  29.98091132   4.86374428   1.82786313] 
[ -9.42032984  -6.31713169 -12.60398996 -12.82859049   9.59699301
  17.38319171  23.69639336  29.98012674   4.86389484   1.8293018 ] 
[ -9.42025599  -6.31718844 -12.60412565 -12.82856606   9.59820926
  17.38295819  23.6953147   29.97933479   4.86404532   1.83075672] 
[ -9.42018165  -6.3173004  -12.60421268 -12.82856653   9.59948374
  17.38275788  23.69431959  29.97849647   4.86422521   1.83221964] 
[ -9.42010861  -6.31739669 -12.60432574 -12.8285511    9.60076486
  17.38255523  23.69335333  29.97768175   4.86437891   1.8336709 ] 
[ -9.42013107  -6.31743353 -12.60444647 -12.82860832   9.6020477
  17.382295    23.69224675  29.97688803   4.86451613   1.83514219] 
[ -9.42012274  -6.31747317 -12.60459084 -12.82863112   9.60334981
  17.38204147  23.6911921   29.97611733   4.86461483   1.8365845 ] 
[ -9.4201001   -6.31748571 -12.60472243 -12.82863892   9.60465218
  17.38179861  23.6901966   29.97537419   4.86467456   1.83797898] 
[ -9.42009219  -6.31749425 -12.60483558 -12.82868457   9.60597389
  17.38154245  23.68917896  29.97461301   4.86473214   1.83936821] 
[ -9.41998542  -6.31752359 -12.60495316 -12.82878209   9.60742105
  17.38129898  23.68823756  29.97382931   4.8648725    1.84088662] 
[ -9.41986731  -6.31753222 -12.60510896 -12.82887542   9.60885455
  17.38107346  23.68735376  29.97308584   4.86502033   1.84240849] 
[ -9.41977821  -6.31754677 -12.60528927 -12.82893583   9.61028253
  17.38084277  23.68648879  29.97237739   4.8651287    1.84389933] 
[ -9.41967185  -6.31758519 -12.6054626  -12.82900549   9.6117486
  17.38060136  23.68565957  29.97165249   4.8652486    1.84539918] 
[ -9.41962115  -6.31764687 -12.60570013 -12.82904004   9.6132041
  17.38035828  23.68480719  29.97100399   4.86538354   1.84691644] 
[ -9.4195456   -6.31771231 -12.60594265 -12.82908508   9.61469201
  17.38011536  23.68398491  29.97035226   4.86552435   1.84843867] 
[ -9.41945609  -6.3177745  -12.60618645 -12.82919374   9.61623802
  17.37986407  23.68311896  29.96967741   4.8656735    1.84996741] 
[ -9.41939263  -6.31777996 -12.60638638 -12.82924368   9.61770212
  17.37960464  23.68226983  29.96899226   4.86575866   1.85138149] 
[ -9.41941484  -6.31772086 -12.60647575 -12.82925742   9.61908341
  17.37941807  23.68154916  29.96823857   4.86567783   1.85275364] 
[ -9.41941629  -6.31767412 -12.60658413 -12.82927842   9.62048475
  17.37921729  23.68084196  29.9674981    4.86560973   1.85412683] 
[ -9.41945583  -6.31761009 -12.60672546 -12.82929543   9.6219069
  17.37901761  23.68007436  29.96670628   4.86553543   1.85556419] 
[ -9.41939114  -6.31755983 -12.60695822 -12.82932381   9.62343823
  17.37881819  23.67936225  29.96597445   4.86550988   1.85710625] 
[ -9.41931776  -6.31751806 -12.60719579 -12.82932084   9.62498426
  17.37863231  23.67869386  29.96524212   4.86545731   1.85863018] 
[ -9.4192357   -6.31745827 -12.60743683 -12.82936415   9.62653684
  17.37845142  23.67800462  29.96457044   4.86542759   1.86010834] 
[ -9.41916867  -6.31742004 -12.6076824  -12.82939547   9.62809105
  17.3782573   23.67732801  29.96392267   4.86538828   1.86157957] 
[ -9.41908138  -6.31739878 -12.60794792 -12.82944808   9.62966398
  17.37806069  23.67665747  29.96329688   4.86537518   1.86304776] 
[ -9.41900873  -6.31738895 -12.60821555 -12.82949648   9.63124343
  17.37785326  23.67599773  29.96268669   4.86535663   1.86451181] 
[ -9.41898203  -6.3173888  -12.60846839 -12.82948919   9.63279899
  17.37767452  23.67540065  29.96215213   4.86532439   1.8659162 ] 
[ -9.41890508  -6.31736443 -12.60867443 -12.82952751   9.63437168
  17.3774687   23.67485764  29.96154436   4.86529118   1.86736404] 
[ -9.41883941  -6.31734938 -12.60889447 -12.82956864   9.63595021
  17.3772517   23.67431392  29.96095642   4.86525812   1.86880909] 
[ -9.41875839  -6.3173313  -12.60914097 -12.82960347   9.63754113
  17.37700882  23.67378856  29.9604175    4.86522519   1.87023852] 
[ -9.41868289  -6.31729914 -12.60941309 -12.82964595   9.63912967
  17.37673589  23.6732314   29.95991036   4.86518686   1.87165986] 
[ -9.41861636  -6.31728197 -12.60968595 -12.82969038   9.64072939
  17.37645764  23.67268013  29.95940928   4.86515252   1.87308355] 
[ -9.41856043  -6.3172836  -12.6099925  -12.82972581   9.64235033
  17.37616041  23.6721155   29.95890975   4.86514676   1.87454916] 
[ -9.41847346  -6.31731288 -12.61032091 -12.82978835   9.64400739
  17.37584379  23.67156753  29.95843538   4.86517863   1.87603002] 
[ -9.41834593  -6.3173424  -12.61064842 -12.82984833   9.64575414
  17.37550134  23.67106135  29.95795665   4.86521475   1.87760128] 
[ -9.41827224  -6.31735698 -12.61094534 -12.82989543   9.64749672
  17.37517475  23.67054075  29.95748751   4.86522006   1.87912766] 
[ -9.41823734  -6.31737469 -12.61123613 -12.82997272   9.64922939
  17.37482312  23.66997977  29.95704909   4.86520955   1.88063807] 
[ -9.41818092  -6.31738826 -12.61154171 -12.83007063   9.65098799
  17.3744562   23.66942008  29.95662317   4.86522364   1.88215906] 
[ -9.41811244  -6.3174443  -12.61182373 -12.8301174    9.65274991
  17.37408586  23.66893044  29.9562231    4.86519518   1.88364335] 
[ -9.4180342   -6.31750446 -12.61210385 -12.8301646    9.65452784
  17.37371274  23.66846023  29.95580402   4.86519076   1.88515584] 
[ -9.41795995  -6.31755124 -12.61240197 -12.83021244   9.65631261
  17.37332803  23.66798663  29.95540095   4.86518111   1.8866637 ] 
[ -9.41788092  -6.3176086  -12.61268617 -12.83026429   9.65811783
  17.37295229  23.66752501  29.954982     4.86518801   1.88817833] 
[ -9.41780864  -6.3176616  -12.61297333 -12.83032582   9.6599308
  17.37257511  23.66704886  29.95457279   4.86519666   1.889689  ] 
[ -9.41776527  -6.31772031 -12.61327781 -12.83037953   9.66183991
  17.37223695  23.66660488  29.95416008   4.86522058   1.89131399] 
[ -9.41772919  -6.31778807 -12.61356017 -12.83040021   9.66389738
  17.37197921  23.66624635  29.95372398   4.86520967   1.89309886] 
[ -9.4177265   -6.31784509 -12.61383376 -12.83046583   9.66592356
  17.37172662  23.66582864  29.95333505   4.86518731   1.89486207] 
[ -9.41771063  -6.31790104 -12.61411762 -12.83055629   9.66798105
  17.37147141  23.66540713  29.95294613   4.86519113   1.89665684] 
[ -9.41764884  -6.31796943 -12.61440952 -12.83066143   9.67007314
  17.37117956  23.66493442  29.95259486   4.86525814   1.89844883] 
[ -9.41752258  -6.31809517 -12.61478164 -12.83072517   9.67222185
  17.37084147  23.66450982  29.95230951   4.86538752   1.90027226] 
[ -9.41741364  -6.31819944 -12.61515764 -12.83081182   9.67437497
  17.37049427  23.66406905  29.95202583   4.86552385   1.90209904] 
[ -9.41730236  -6.31827394 -12.61551067 -12.83093204   9.67652753
  17.37013081  23.66363839  29.95170839   4.86565372   1.9039364 ] 
[ -9.41722013  -6.31832448 -12.61587352 -12.83110363   9.67872234
  17.36974173  23.66319652  29.95135598   4.86581181   1.90579815] 
[ -9.417148    -6.31837079 -12.61624976 -12.8312825    9.68092365
  17.36934519  23.66274172  29.95101429   4.86597206   1.90766472] 
[ -9.41706197  -6.31842255 -12.61662755 -12.83152285   9.68326235
  17.36894731  23.66229476  29.95064662   4.86614001   1.90966714] 
[ -9.41699244  -6.31847096 -12.61700263 -12.83177939   9.6856187
  17.3685331   23.66184366  29.95026326   4.8663285    1.91168179] 
[ -9.41697498  -6.3184717  -12.61737728 -12.83204489   9.68788332
  17.36806924  23.66134138  29.94986677   4.86652577   1.91359945] 
[ -9.41691743  -6.31852807 -12.6178049  -12.83224985   9.69015565
  17.36758961  23.66090336  29.94951445   4.86676869   1.91557843] 
[ -9.41685964  -6.31858432 -12.61822999 -12.83245771   9.69244339
  17.36711272  23.66046132  29.94916312   4.8670159    1.91756404] 
[ -9.41680129  -6.31863097 -12.61864905 -12.83266158   9.69473184
  17.36664593  23.66001091  29.94882343   4.86725937   1.91954747] 
[ -9.41673982  -6.31864454 -12.61904282 -12.83290578   9.69696536
  17.36618129  23.65957291  29.94844543   4.86752779   1.92146919] 
[ -9.4166799   -6.31865985 -12.61942277 -12.83312342   9.69919785
  17.36573637  23.65914065  29.94805284   4.86777579   1.92339046] 
[ -9.41662229  -6.31867543 -12.61981061 -12.83333789   9.70143912
  17.36530892  23.65872723  29.94766706   4.86804356   1.92534235] 
[ -9.41658599  -6.31868384 -12.62022064 -12.83354897   9.70373136
  17.36488492  23.65831491  29.94731083   4.86831429   1.9273522 ] 
[ -9.41655054  -6.31869464 -12.62064142 -12.83376868   9.70603599
  17.36445374  23.65789876  29.94696763   4.86859657   1.92937644] 
[ -9.41649742  -6.31872568 -12.62108044 -12.8339953    9.70835117
  17.36401147  23.65750091  29.94664475   4.8688755    1.93142253] 
[ -9.41644737  -6.31876089 -12.62151728 -12.83421871   9.71068775
  17.36357079  23.65709603  29.94631635   4.86916024   1.93347757] 
[ -9.41638695  -6.3188117  -12.62196353 -12.83442292   9.713036
  17.36314582  23.65670515  29.94600289   4.86943207   1.9355254 ] 
[ -9.41627547  -6.31893321 -12.62238716 -12.83455712   9.71537213
  17.36278747  23.65638708  29.94572466   4.86975805   1.93760077] 
[ -9.41618393  -6.31903603 -12.62281768 -12.83472023   9.71771132
  17.36241764  23.65603938  29.9454651    4.87009341   1.93968191] 
[ -9.41602021  -6.31917006 -12.62322619 -12.83490029   9.72016163
  17.36199369  23.65561178  29.94525565   4.87051479   1.94178263] 
[ -9.41582096  -6.31931953 -12.62358669 -12.83508016   9.72268535
  17.36161076  23.65516601  29.94496636   4.87097589   1.94390542] 
[ -9.41575186  -6.31947701 -12.62394193 -12.83520538   9.72506972
  17.36118782  23.65472077  29.94470991   4.87135284   1.94590393] 
[ -9.41569389  -6.31957132 -12.62434921 -12.83540544   9.72745591
  17.36072346  23.65420374  29.94450129   4.87178151   1.94794229] 
[ -9.41564881  -6.31966317 -12.62474732 -12.83562067   9.72984165
  17.36026631  23.65368211  29.94427959   4.87219903   1.94998671] 
[ -9.41561392  -6.31966461 -12.62507319 -12.83591625   9.73212244
  17.3598464   23.65306624  29.94400053   4.87259996   1.95189204] 
[ -9.41558449  -6.31969303 -12.62540282 -12.83619337   9.73442434
  17.35943043  23.65248203  29.94371029   4.87299518   1.95382591] 
[ -9.41556557  -6.31971369 -12.6257683  -12.83647432   9.73673054
  17.35901097  23.65188576  29.9434447    4.87336989   1.95575339] 
[ -9.41556417  -6.3197315  -12.6261633  -12.8366847    9.73901851
  17.35862552  23.6513578   29.94313824   4.87376332   1.9577236 ] 
[ -9.4155349   -6.31973889 -12.62657965 -12.83682063   9.74128227
  17.35827343  23.65089573  29.9427972    4.87409663   1.95969592] 
[ -9.41555497  -6.31974055 -12.62690178 -12.83697501   9.74353347
  17.35797108  23.65051954  29.94238383   4.87438415   1.9617024 ] 
[ -9.41555651  -6.31973402 -12.62724856 -12.83713776   9.74578609
  17.357657    23.65012956  29.94199183   4.87466966   1.9637151 ] 
[ -9.41553876  -6.31970984 -12.62762848 -12.83731845   9.74804552
  17.35732135  23.64971794  29.94162025   4.87497931   1.96574536] 
[ -9.41547531  -6.31972051 -12.62800493 -12.83753864   9.75038784
  17.3569916   23.64931618  29.94123239   4.87532552   1.96785669] 
[ -9.41539711  -6.31973456 -12.62852665 -12.83780233   9.75294493
  17.356658    23.64890102  29.94095883   4.87575093   1.97023537] 
[ -9.41530006  -6.31978908 -12.6290165  -12.83807871   9.75552285
  17.35634705  23.6485281   29.94068538   4.87621001   1.97264944] 
[ -9.41524923  -6.31981753 -12.62954091 -12.83832426   9.75809166
  17.35604977  23.64812171  29.94046297   4.87662064   1.97501694] 
[ -9.4152089   -6.31987945 -12.6300217  -12.83857151   9.76067944
  17.3557681   23.64774805  29.9402068    4.87701235   1.9773696 ] 
[ -9.41518113  -6.31990604 -12.63050436 -12.83886851   9.76327062
  17.35545536  23.64732552  29.93997714   4.87744522   1.97975078] 
[ -9.41514985  -6.31992606 -12.6309793  -12.83917836   9.76586689
  17.35512651  23.64689933  29.93974929   4.87787612   1.98214265] 
[ -9.41513156  -6.31998614 -12.63145877 -12.83944566   9.76847987
  17.35478873  23.64652203  29.93949567   4.87827241   1.98452688] 
[ -9.41512912  -6.32005811 -12.6319346  -12.83976923   9.77110652
  17.35442045  23.6461071   29.93926736   4.87872259   1.98695667] 
[ -9.41510639  -6.32012119 -12.63243787 -12.84012271   9.77375345
  17.35404466  23.64568334  29.93904644   4.87919165   1.98940421] 
[ -9.41504308  -6.32026788 -12.63286459 -12.84046636   9.7765751
  17.35370817  23.64531966  29.93878245   4.87970398   1.99203056] 
[ -9.41498036  -6.32038169 -12.63332907 -12.84081341   9.77936972
  17.35336205  23.64494612  29.93853622   4.88021933   1.99462584] 
[ -9.41487116  -6.32048634 -12.63380865 -12.84124135   9.78238949
  17.35307374  23.64449296  29.93827363   4.88089986   1.99747121] 
[ -9.41478556  -6.32058166 -12.63427707 -12.84169328   9.78542413
  17.35275511  23.644058    29.93798141   4.88161629   2.00036501] 
[ -9.4146952   -6.3206966  -12.63474639 -12.84212127   9.78847144
  17.35243141  23.64365663  29.93767562   4.88233701   2.00328199] 
[ -9.41459017  -6.32080682 -12.63524549 -12.84255079   9.79157777
  17.35210695  23.64325673  29.93740345   4.88304684   2.00625549] 
[ -9.4144928   -6.32091341 -12.63575844 -12.84297125   9.79469147
  17.35178273  23.64286114  29.93714059   4.88375076   2.00923245] 
[ -9.41435156  -6.32098764 -12.63632332 -12.84343034   9.79784973
  17.35147136  23.6424741   29.93686433   4.88451594   2.01229641] 
[ -9.41417756  -6.32103758 -12.63690756 -12.843859     9.8010876
  17.35114521  23.6421464   29.93655531   4.88529851   2.01540082] 
[ -9.41399118  -6.32107006 -12.63750284 -12.84432244   9.80449469
  17.35086411  23.64180964  29.93624109   4.88618618   2.01869546] 
[ -9.41388414  -6.32111432 -12.63808798 -12.84473255   9.80786912
  17.35056462  23.64151749  29.93597152   4.88707072   2.02200176] 
[ -9.4137509   -6.32118521 -12.63865464 -12.84514311   9.81133604
  17.35027889  23.64126966  29.93569059   4.88797285   2.02539692] 
[ -9.41365313  -6.32127749 -12.63922328 -12.84554707   9.81480674
  17.35000546  23.64100584  29.93541298   4.88888275   2.02880668] 
[ -9.41355598  -6.32138813 -12.63982954 -12.84596411   9.81828416
  17.34971948  23.64074583  29.93513929   4.88978104   2.03222713] 
[ -9.41345729  -6.32148768 -12.64044733 -12.84639789   9.82177482
  17.34943488  23.64047351  29.93489071   4.89067873   2.03564554] 
[ -9.4134519   -6.3216576  -12.64102822 -12.84678956   9.82524559
  17.34922152  23.64016216  29.93471986   4.89164222   2.03913572] 
[ -9.41343063  -6.32182264 -12.64161434 -12.847186     9.82873253
  17.34900192  23.63985826  29.93454889   4.89261563   2.04264161] 
[ -9.41330705  -6.32187215 -12.64208542 -12.84749998   9.83220893
  17.34884224  23.63948914  29.93427841   4.89345023   2.04597378] 
[ -9.41319817  -6.32193752 -12.64258746 -12.84784056   9.83569145
  17.34866796  23.63909431  29.93400431   4.89430366   2.04931777] 
[ -9.41310244  -6.32200226 -12.64312316 -12.8481946    9.83916828
  17.34847758  23.63869318  29.93375029   4.89514632   2.05265757] 
[ -9.41298877  -6.32203942 -12.64371201 -12.84857642   9.8426388
  17.34828999  23.63830674  29.93355488   4.89594546   2.05595749] 
[ -9.41288689  -6.32208816 -12.64431616 -12.84896604   9.84611285
  17.34809287  23.63792416  29.93336638   4.89674016   2.05926051] 
[ -9.41274619  -6.32212249 -12.64497646 -12.84933094   9.84960015
  17.34793037  23.63758704  29.93322333   4.89757598   2.06263714] 
[ -9.41257329  -6.32212304 -12.64567831 -12.84974868   9.85311931
  17.3476975   23.637265    29.93305583   4.89836352   2.06597551] 
[ -9.41243066  -6.32214894 -12.64638588 -12.85016609   9.85664185
  17.34745589  23.63694527  29.93289749   4.8991395    2.069308  ] 
[ -9.41226906  -6.32222894 -12.64715165 -12.85061137   9.86015346
  17.34717989  23.63667317  29.93279779   4.89988302   2.07267202] 
[ -9.41206225  -6.32226896 -12.64799455 -12.8511301    9.86378284
  17.34686732  23.6363858   29.93274318   4.90069528   2.07610818] 
[ -9.41185469  -6.32229063 -12.64885335 -12.85170388   9.86747264
  17.34650229  23.63601946  29.93266959   4.90157226   2.07964016] 
[ -9.41167809  -6.32234326 -12.6497209  -12.85227725   9.87117837
  17.34614082  23.63565788  29.93259077   4.90244537   2.08317209] 
[ -9.41152325  -6.32242084 -12.65057785 -12.85284779   9.87490243
  17.34577815  23.63530048  29.93251297   4.90333001   2.08672214] 
[ -9.41138981  -6.32251197 -12.65140743 -12.85340362   9.87860227
  17.34540579  23.63495051  29.93244282   4.90420167   2.0902318 ] 
[ -9.41128804  -6.32257979 -12.65221425 -12.85397911   9.88230155
  17.34504019  23.63457224  29.93240496   4.90504754   2.09370162] 
[ -9.41117803  -6.32266018 -12.65300263 -12.85455358   9.88602687
  17.34467314  23.63420294  29.93234863   4.90590899   2.09718772] 
[ -9.41097917  -6.32273849 -12.65379912 -12.85521133   9.89015986
  17.34442702  23.63373255  29.9322606    4.9069631    2.10113221] 
[ -9.41084103  -6.32290343 -12.65461691 -12.85577163   9.89427416
  17.34420673  23.63338205  29.93213516   4.90793404   2.10501613] 
[ -9.41064517  -6.32302121 -12.65526894 -12.85642643   9.89803819
  17.34400497  23.63289846  29.93192508   4.90875239   2.10846532] 
[ -9.41050105  -6.323134   -12.65594833 -12.85703846   9.90178636
  17.34377176  23.63244682  29.9317123    4.90952329   2.11187838] 
[ -9.41035663  -6.32322149 -12.65670568 -12.85770543   9.90543026
  17.34346613  23.63193894  29.93156894   4.91030709   2.11518806] 
[ -9.41022165  -6.32332636 -12.65745914 -12.85836484   9.90908405
  17.34315374  23.63144863  29.93141464   4.91109689   2.11851016] 
[ -9.41008817  -6.32344499 -12.65821088 -12.85900277   9.91275036
  17.34284493  23.63099034  29.93124795   4.91187815   2.12183554] 
[ -9.40998449  -6.32360047 -12.6589412  -12.85966217   9.91646252
  17.34251499  23.63052897  29.93105203   4.91269003   2.12518596] 
[ -9.40988779  -6.32374587 -12.65967395 -12.86032011   9.92017793
  17.34217032  23.63005974  29.93085992   4.91351029   2.1285496 ] 
[ -9.40979089  -6.32389364 -12.66041302 -12.86098089   9.92390508
  17.34181919  23.6295926   29.93066825   4.91433481   2.13192536] 
[ -9.40974797  -6.32408627 -12.66120203 -12.86159052   9.92757293
  17.3414392   23.62918077  29.93052391   4.91509582   2.13528005] 
[ -9.40968131  -6.32426166 -12.66198475 -12.86221231   9.93126237
  17.34105316  23.62876082  29.93037296   4.91587029   2.13865062] 
[ -9.40962365  -6.32444497 -12.66276394 -12.86282368   9.93496459
  17.34068344  23.62837245  29.93024179   4.91662492   2.14200756] 
[ -9.40955586  -6.32461236 -12.66353652 -12.86345289   9.93868221
  17.34031395  23.62797329  29.93011131   4.91740094   2.14538525] 
[ -9.40940274  -6.32478415 -12.66428457 -12.86415129   9.94251636
  17.33992566  23.6275361   29.92999083   4.91824156   2.14882298] 
[ -9.40928285  -6.32487776 -12.66506762 -12.86482048   9.94622986
  17.33946662  23.62701395  29.92988062   4.91908028   2.15214174] 
[ -9.40917561  -6.32498423 -12.66585913 -12.86549516   9.94994009
  17.3390159   23.6265209   29.9297485    4.91991998   2.15547684] 
[ -9.40905959  -6.32511573 -12.66665035 -12.86616656   9.95360768
  17.33857594  23.62602488  29.92961376   4.92073884   2.15876504] 
[ -9.40892163  -6.32522858 -12.66741946 -12.86685968   9.95730145
  17.33814591  23.62552272  29.92948424   4.92155287   2.16205233] 
[ -9.40879377  -6.3254376  -12.66810606 -12.8675267    9.9609123
  17.33777153  23.62513632  29.92931043   4.92239849   2.16525916] 
[ -9.40867375  -6.32562594 -12.66880303 -12.86821013   9.96452737
  17.33738358  23.62473977  29.92913891   4.92325142   2.16847964] 
[ -9.40854195  -6.32578683 -12.66951471 -12.86889094   9.96821287
  17.33699829  23.62430397  29.92899921   4.92411534   2.17177949] 
[ -9.40829443  -6.32590449 -12.67011958 -12.86947047   9.97187043
  17.3367568   23.62402213  29.92891537   4.92507201   2.17516415] 
[ -9.408166    -6.32607639 -12.67079496 -12.87007848   9.97536398
  17.33645026  23.62377694  29.9288726    4.92598004   2.17838864] 
[ -9.40802167  -6.32627889 -12.67144974 -12.87067595   9.97888525
  17.33616471  23.62356991  29.92879725   4.92691022   2.18162475] 
[ -9.4079018   -6.32647356 -12.67211889 -12.87127773   9.98240629
  17.33588121  23.62336471  29.92873768   4.92782531   2.18485288] 
[ -9.40779238  -6.32667504 -12.67276684 -12.87194427   9.98598472
  17.33557529  23.62312398  29.9286333    4.92880302   2.18810742] 
[ -9.40767893  -6.32686922 -12.67343907 -12.87262013   9.98956852
  17.33526046  23.62286845  29.92853399   4.92978905   2.19138062] 
[ -9.40757068  -6.32705048 -12.67413025 -12.87330612   9.9931579
  17.33495179  23.62259686  29.92844025   4.93079133   2.19467164] 
[ -9.40747257  -6.32724301 -12.67484214 -12.8740088    9.99675696
  17.33464673  23.62233603  29.92833929   4.93178718   2.19796526] 
[ -9.4073804   -6.32739219 -12.67558239 -12.87475898  10.00039103
  17.33434018  23.62203194  29.92828563   4.93280123   2.20127895] 
[ -9.40724739  -6.32755058 -12.67626502 -12.87554786  10.00419606
  17.33404367  23.62169017  29.92814039   4.93388818   2.20476741] 
[ -9.40711811  -6.32772217 -12.67695245 -12.87632352  10.00798406
  17.33372964  23.62134276  29.92799271   4.93495486   2.20825687] 
[ -9.40696877  -6.32784951 -12.67766105 -12.87713631  10.01189909
  17.33345723  23.62098094  29.92790429   4.93605289   2.21188526] 
[ -9.40685702  -6.32800603 -12.67837175 -12.87791984  10.01577106
  17.33318586  23.62062132  29.92785121   4.93711428   2.21549744] 
[ -9.40675093  -6.32815998 -12.679103   -12.87870256  10.0196373
  17.33290808  23.62025868  29.92779658   4.93817224   2.21911333] 
[ -9.40663091  -6.32831937 -12.67986875 -12.87951145  10.02350528
  17.33261111  23.61987601  29.92776339   4.9392283    2.22274939] 
[ -9.40647633  -6.32841259 -12.68070602 -12.88035137  10.02727963
  17.33233691  23.61941464  29.92776721   4.94031719   2.22628654] 
[ -9.40633386  -6.32851968 -12.68152838 -12.88118303  10.03106713
  17.33206472  23.6189602   29.92775032   4.94141967   2.2298278 ] 
[ -9.40619773  -6.32864354 -12.6823516  -12.88201485  10.03485932
  17.33178551  23.61852025  29.92772419   4.94252948   2.23338009] 
[ -9.40601341  -6.32880651 -12.68310325 -12.88288091  10.03884145
  17.33153269  23.61810576  29.92757397   4.94377518   2.23713406] 
[ -9.405808    -6.32894906 -12.68389082 -12.883769    10.04284511
  17.33124035  23.61770714  29.92741292   4.94498765   2.24087732] 
[ -9.40556914  -6.32918684 -12.6846064  -12.88468183  10.04703762
  17.33097473  23.6173589   29.92712525   4.94628115   2.24482365] 
[ -9.40536672  -6.32941198 -12.68536104 -12.88559247  10.05118809
  17.33068589  23.61699777  29.9268686    4.94754827   2.24873234] 
[ -9.40529546  -6.329591   -12.68611248 -12.88648522  10.05512324
  17.33031173  23.61659832  29.92675334   4.94866282   2.25241288] 
[ -9.40521259  -6.32977106 -12.68687789 -12.88738432  10.05906539
  17.32993068  23.61619831  29.92663806   4.94978127   2.25609802] 
[ -9.40517637  -6.32999354 -12.68761406 -12.88826211  10.06303503
  17.32959279  23.61576492  29.92656854   4.95094311   2.25976415] 
[ -9.40512089  -6.33021256 -12.68835999 -12.88915163  10.06701989
  17.32925175  23.6153343   29.92649264   4.95211159   2.26345037] 
[ -9.40500416  -6.33051288 -12.6890885  -12.89003264  10.07116805
  17.32898027  23.61496902  29.92639863   4.95332225   2.26731826] 
[ -9.40487653  -6.330808   -12.68983088 -12.8909251   10.07532034
  17.3287095   23.61461229  29.92632114   4.9545388    2.27118542] 
[ -9.4047605   -6.33109627 -12.6906083  -12.89182148  10.07946033
  17.32842106  23.61425839  29.92627099   4.95575727   2.27505975] 
[ -9.4046439   -6.33136122 -12.69140663 -12.89272955  10.08358235
  17.32812028  23.61389485  29.92623491   4.95697665   2.27891881] 
[ -9.40452727  -6.33161444 -12.69222211 -12.89365111  10.08769782
  17.32780883  23.61352662  29.92620742   4.9581963    2.28277449] 
[ -9.4044115   -6.33184799 -12.69306226 -12.89460083  10.09181569
  17.32749386  23.61314227  29.92620064   4.9594305    2.28664352] 
[ -9.40425798  -6.33207539 -12.693861   -12.89559565  10.09608601
  17.3271948   23.61271633  29.92615259   4.9607703    2.29067085] 
[ -9.4041123   -6.33230401 -12.69466854 -12.89659078  10.10034564
  17.32690342  23.61229491  29.92612296   4.96212404   2.29471253] 
[ -9.40396572  -6.3325197  -12.69549919 -12.89759595  10.10459943
  17.32659422  23.61186846  29.92610786   4.96346787   2.29874271] 
[ -9.40382383  -6.33273503 -12.69634261 -12.89861465  10.10884575
  17.32628208  23.61143759  29.92610522   4.96481446   2.30277665] 
[ -9.40368309  -6.33295227 -12.69720133 -12.89965139  10.11310251
  17.32596355  23.61100759  29.92611238   4.96616436   2.30682493] 
[ -9.40353563  -6.33318029 -12.69809605 -12.90073145  10.11737135
  17.32564336  23.61060502  29.92611479   4.96755922   2.31089539] 
[ -9.4034264   -6.33350755 -12.69897899 -12.90184332  10.12185057
  17.32533961  23.61022602  29.92607527   4.96902654   2.31519245] 
[ -9.4032719   -6.3338653  -12.69982238 -12.90295642  10.12638577
  17.32501248  23.60984024  29.92596333   4.97054618   2.31950875] 
[ -9.40311061  -6.33416954 -12.70070618 -12.90411332  10.13092948
  17.32465884  23.60941647  29.92589219   4.97208898   2.32385213] 
[ -9.40295532  -6.33445953 -12.70160909 -12.90528828  10.13546417
  17.32429799  23.60898564  29.92583667   4.97362819   2.32818818] 
[ -9.40280851  -6.33475079 -12.70251988 -12.90647328  10.13999936
  17.32393609  23.60855028  29.92578081   4.97517588   2.33251962] 
[ -9.40267527  -6.33502281 -12.70345821 -12.90767696  10.14452683
  17.32357382  23.60811585  29.92573761   4.97671027   2.33683194] 
[ -9.40253062  -6.33528398 -12.70440222 -12.90890565  10.14906466
  17.32320793  23.60766839  29.9257058    4.97825729   2.34114877] 
[ -9.40238267  -6.33553815 -12.7053549  -12.91014239  10.15358998
  17.32283505  23.60721705  29.9256923    4.97979463   2.3454489 ] 
[ -9.40234367  -6.33568494 -12.70625479 -12.91143512  10.15806302
  17.32235774  23.60679402  29.92581829   4.9812029    2.34959995] 
[ -9.40228318  -6.33586016 -12.70716728 -12.91272956  10.16254066
  17.32188033  23.60639042  29.92592093   4.98263035   2.35375871] 
[ -9.40221005  -6.33605754 -12.70809557 -12.91403389  10.1670179
  17.32140771  23.60600223  29.92601064   4.98407983   2.35792319] 
[ -9.40212954  -6.33626285 -12.70903673 -12.91534268  10.17148272
  17.32093154  23.60561267  29.92610084   4.98553776   2.3620826 ] 
[ -9.40201466  -6.33644252 -12.71002167 -12.91666988  10.1758744
  17.32042454  23.60520354  29.92619019   4.98701669   2.36616873] 
[ -9.40193867  -6.33658622 -12.71099076 -12.91798059  10.18023922
  17.31988446  23.60474237  29.92632327   4.98852135   2.37026722] 
[ -9.40185517  -6.33677469 -12.71197271 -12.91927894  10.18459217
  17.3193555   23.604317    29.92643431   4.99002232   2.37434905] 
[ -9.40174926  -6.3369703  -12.71296133 -12.92058879  10.18896658
  17.31882944  23.60389339  29.9265453    4.99153917   2.37845385] 
[ -9.40161265  -6.33720838 -12.71399021 -12.92189179  10.19335835
  17.31832602  23.6035042   29.92666276   4.99309968   2.38256284] 
[ -9.40147567  -6.33745502 -12.71502375 -12.92320804  10.19773878
  17.31781925  23.60311751  29.92677841   4.99466965   2.38666424] 
[ -9.40131514  -6.33770976 -12.71605554 -12.92453716  10.20212836
  17.31730167  23.6027408   29.92686494   4.99626876   2.39077139] 
[ -9.40120053  -6.3379184  -12.71707121 -12.92591355  10.20646737
  17.31679765  23.60231552  29.92701071   4.99783166   2.39486078] 
[ -9.40109108  -6.33817325 -12.71813374 -12.92731021  10.21068782
  17.3162532   23.6018984   29.92716912   4.99933955   2.39883382] 
[ -9.4009947   -6.33846141 -12.71915164 -12.92873889  10.21488333
  17.31573541  23.60146719  29.92728578   5.00084404   2.40281123] 
[ -9.40089984  -6.33872519 -12.72015487 -12.93016132  10.2190471
  17.31523054  23.60101464  29.92741305   5.00233438   2.40676765] 
[ -9.40077746  -6.33897927 -12.72118063 -12.93160737  10.22320029
  17.31471215  23.6005792   29.92756192   5.00382345   2.41073195] 
[ -9.40063055  -6.33925882 -12.7222224  -12.93305133  10.22735697
  17.31420851  23.60013502  29.92771213   5.00534539   2.41471809] 
[ -9.40047722  -6.33954598 -12.72326372 -12.9345049   10.23150702
  17.31370335  23.599694    29.92785323   5.0068846    2.41869306] 
[ -9.400323    -6.33983633 -12.72430981 -12.93594006  10.23570763
  17.31319894  23.59925512  29.92801986   5.00841544   2.42271855] 
[ -9.40016561  -6.34011402 -12.72535427 -12.93739342  10.23994273
  17.31269384  23.59879913  29.92819242   5.00998294   2.42677378] 
[ -9.40000359  -6.34040166 -12.72639891 -12.93885756  10.24416609
  17.31218601  23.59835268  29.92835155   5.01156655   2.43081479] 
[ -9.39986839  -6.3406547  -12.72742897 -12.94031374  10.24839446
  17.31169873  23.5978734   29.92854055   5.01318194   2.43482667] 
[ -9.39980963  -6.34096678 -12.72848412 -12.94168685  10.25244681
  17.31123856  23.59743127  29.92879223   5.01469643   2.43867664] 
[ -9.39971723  -6.34126473 -12.72956118 -12.94306576  10.25650278
  17.31078772  23.59700421  29.92905992   5.01623533   2.4425183 ] 
[ -9.39961052  -6.34157101 -12.73063781 -12.94446464  10.26056685
  17.31033402  23.5965951   29.92932043   5.01780224   2.44636441] 
[ -9.39949584  -6.34189628 -12.73170431 -12.94585858  10.26463837
  17.30986646  23.59621843  29.92954733   5.01938994   2.45020867] 
[ -9.39935316  -6.34235849 -12.73273831 -12.94729013  10.26901929
  17.30943186  23.59586116  29.92973499   5.02108778   2.45438105] 
[ -9.39916108  -6.34281124 -12.73373643 -12.94876693  10.27348825
  17.30900015  23.59550365  29.92989973   5.02285868   2.45864467] 
[ -9.39898117  -6.34325143 -12.73474992 -12.95024785  10.27799984
  17.30858846  23.59513127  29.93010529   5.02463525   2.46296057] 
[ -9.39878792  -6.34365454 -12.73580591 -12.95176945  10.28247289
  17.30815713  23.59475919  29.93035534   5.02640194   2.46725968] 
[ -9.39860139  -6.34405334 -12.73686308 -12.95328876  10.2869762
  17.30772811  23.59436898  29.93059848   5.02816804   2.47159184] 
[ -9.39838198  -6.3444876  -12.73792987 -12.95482202  10.29164566
  17.30736614  23.59401051  29.93080339   5.02998179   2.47610927] 
[ -9.39816678  -6.34491522 -12.73901581 -12.95638009  10.29625308
  17.30700713  23.59366057  29.93099949   5.03180638   2.48057046] 
[ -9.39791575  -6.34535752 -12.74006998 -12.95794425  10.30058043
  17.30662305  23.59323798  29.93130842   5.03349219   2.48473908] 
[ -9.39768317  -6.3458073  -12.74115887 -12.95951957  10.30493414
  17.30624321  23.59281181  29.93164299   5.03519297   2.48894178] 
[ -9.39745761  -6.34624573 -12.74224535 -12.96111135  10.3092631
  17.30585723  23.59239607  29.93196151   5.03691301   2.4931199 ] 
[ -9.39724965  -6.34666589 -12.74334004 -12.96272451  10.31356267
  17.30547153  23.59199594  29.93226536   5.03864117   2.49726014] 
[ -9.3970348   -6.34709096 -12.74441678 -12.96434577  10.31784612
  17.30508836  23.59160117  29.93253507   5.04039854   2.50137622] 
[ -9.39682606  -6.34750559 -12.74549693 -12.9659832   10.32210094
  17.30470023  23.59121042  29.93279977   5.04216743   2.50546845] 
[ -9.39660561  -6.34793904 -12.74661346 -12.96764508  10.32625878
  17.30431675  23.59085714  29.9330923    5.04394762   2.50947591] 
[ -9.39639075  -6.34836734 -12.7477346  -12.96931699  10.33039067
  17.30393313  23.59050092  29.93338565   5.04573602   2.51345509] 
[ -9.39618131  -6.34878883 -12.74884983 -12.9710024   10.33449866
  17.30354533  23.59015037  29.93367135   5.04753744   2.51741292] 
[ -9.39597945  -6.34921633 -12.74996588 -12.97269721  10.3385827
  17.30316185  23.58981681  29.93394708   5.04935428   2.52135078] 
[ -9.39576944  -6.34964951 -12.75106468 -12.97442673  10.34265333
  17.30277069  23.58947515  29.93420309   5.05120828   2.52528962] 
[ -9.39554278  -6.35013308 -12.752141   -12.976146    10.34680625
  17.30240152  23.58917213  29.9344656    5.05305116   2.52932104] 
[ -9.39532788  -6.35061425 -12.75318514 -12.97790119  10.35097275
  17.3020237   23.58887785  29.93472427   5.05494187   2.53334709] 
[ -9.39507641  -6.35102797 -12.75417675 -12.97971965  10.3549319
  17.30156114  23.58850498  29.93498738   5.05675652   2.53714008] 
[ -9.39484289  -6.35144009 -12.75516716 -12.98155699  10.35887126
  17.30109681  23.58813156  29.93525872   5.05859045   2.54092494] 
[ -9.39461457  -6.351862   -12.7561539  -12.98340742  10.36280757
  17.30065398  23.58776833  29.93549272   5.06047088   2.54472648] 
[ -9.39438102  -6.35226918 -12.75715666 -12.985247    10.36670541
  17.30019455  23.58742585  29.93569977   5.06237665   2.54851686] 
[ -9.39415652  -6.35268456 -12.75815509 -12.98709025  10.37058876
  17.29973962  23.58710151  29.9358902    5.06429369   2.55230248] 
[ -9.39395193  -6.35309644 -12.75916443 -12.98893425  10.37444133
  17.29927939  23.58676963  29.93609706   5.06620852   2.55605617] 
[ -9.39377503  -6.35352198 -12.76015054 -12.99079686  10.37825289
  17.2988031   23.58642851  29.93628043   5.06811905   2.55979087] 
[ -9.39361734  -6.35390631 -12.76116872 -12.99263199  10.38199553
  17.29830051  23.58605395  29.93645866   5.07001318   2.56347181] 
[ -9.39348738  -6.3542587  -12.76215955 -12.99449845  10.38565376
  17.29781712  23.58567091  29.93663211   5.07191889   2.56706214] 
[ -9.39335004  -6.35462065 -12.76314297 -12.99637517  10.38929189
  17.29732983  23.58529747  29.93680712   5.07382906   2.57062493] 
[ -9.39321272  -6.35498648 -12.76412464 -12.99825704  10.39290503
  17.29684286  23.58492564  29.93698288   5.07574853   2.57416385] 
[ -9.39307066  -6.35540494 -12.76507395 -13.00016269  10.39666771
  17.29642671  23.58457929  29.93715174   5.0777777    2.57787109] 
[ -9.39293908  -6.35582228 -12.76601933 -13.00207392  10.40042457
  17.29601258  23.5842293   29.93733459   5.07980214   2.58157526] 
[ -9.39280816  -6.35623928 -12.76697033 -13.0039865   10.4041322
  17.29559582  23.58387809  29.93751808   5.08182736   2.58523235] 
[ -9.39267465  -6.35670365 -12.76785695 -13.00584043  10.40767851
  17.29521654  23.5835193   29.93760668   5.08385166   2.58872936] 
[ -9.39253313  -6.35716121 -12.7687441  -13.00777262  10.41130289
  17.29485342  23.58318052  29.93774943   5.08594422   2.59231671] 
[ -9.39241657  -6.35759005 -12.7697088  -13.00972727  10.41476207
  17.29444286  23.58287049  29.93799144   5.08795581   2.59574049] 
[ -9.39229421  -6.35801152 -12.7706721  -13.01168884  10.41819501
  17.29403151  23.58255929  29.93823893   5.08997279   2.59913713] 
[ -9.39217105  -6.35843498 -12.7716364  -13.01365176  10.42160314
  17.29362274  23.58225462  29.93848362   5.09199929   2.60250706] 
[ -9.39204461  -6.35884354 -12.77260711 -13.01560381  10.42498788
  17.2932208   23.58193192  29.93874518   5.0940093    2.60583535] 
[ -9.39186287  -6.35928405 -12.77358205 -13.01755009  10.42845291
  17.2928119   23.58163462  29.93897952   5.09603306   2.60925343] 
[ -9.39170727  -6.35970098 -12.77458002 -13.01948847  10.43189042
  17.29241675  23.58134863  29.93925111   5.09806581   2.61262712] 
[ -9.39157943  -6.36011342 -12.77560621 -13.02141243  10.43528128
  17.29203144  23.58103825  29.93956759   5.10007624   2.61594216] 
[ -9.39144164  -6.36058344 -12.77656796 -13.02335458  10.43874389
  17.29166186  23.58075713  29.93981171   5.10212498   2.61933789] 
[ -9.39128785  -6.36106684 -12.77750238 -13.02531597  10.44217543
  17.29130779  23.58050423  29.94002814   5.10416941   2.62268961] 
[ -9.39114981  -6.36154666 -12.77843761 -13.02727833  10.44554402
  17.29094001  23.58025284  29.9402452    5.10620083   2.62599145] 
[ -9.39100315  -6.36199924 -12.77936183 -13.02925951  10.44886324
  17.29055781  23.57998593  29.94046584   5.10822591   2.62925718] 
[ -9.39087351  -6.36242679 -12.78030388 -13.03125383  10.45213258
  17.2901616   23.57971992  29.94072199   5.11023837   2.63249164] 
[ -9.39074553  -6.3628503  -12.78124611 -13.03325604  10.45535919
  17.2897621   23.57945084  29.94098217   5.11225865   2.63568579] 
[ -9.39061568  -6.36326877 -12.78218659 -13.03526322  10.45855228
  17.2893616   23.57917742  29.94124609   5.11428188   2.63885104] 
[ -9.39052009  -6.36364125 -12.78315981 -13.03728668  10.46162695
  17.2889505   23.57888863  29.9415412    5.11626435   2.64189411] 
[ -9.39042039  -6.36402129 -12.78411912 -13.0393089   10.46467313
  17.28853609  23.57860086  29.94182947   5.11825968   2.64490591] 
[ -9.3902964   -6.36438305 -12.78508067 -13.0413474   10.46763732
  17.28810363  23.5783345   29.94209314   5.12027836   2.64783585] 
[ -9.39015039  -6.36472869 -12.78605291 -13.04338754  10.4705982
  17.28765936  23.57803368  29.94239584   5.12230826   2.65074114] 
[ -9.39002141  -6.36505967 -12.78703013 -13.04541674  10.47354834
  17.28719154  23.57770307  29.94268571   5.12435999   2.65360809] 
[ -9.38988889  -6.36539733 -12.78800322 -13.04745146  10.47646469
  17.28672866  23.57737863  29.94298472   5.12641223   2.65645119] 
[ -9.38979648  -6.36572978 -12.78896033 -13.04949873  10.47947839
  17.28627504  23.57699171  29.94331019   5.12849451   2.65939207] 
[ -9.38969238  -6.36606527 -12.78991487 -13.05154643  10.4824617
  17.28581645  23.57660751  29.94362898   5.13058525   2.66230212] 
[ -9.38959135  -6.3664056  -12.79085898 -13.05360232  10.48540305
  17.28535695  23.57622323  29.94395935   5.13267298   2.66518411] 
[ -9.38949263  -6.36676319 -12.79180475 -13.05566422  10.48831088
  17.28490598  23.57585363  29.94429833   5.13475968   2.66803349] 
[ -9.38937756  -6.36712722 -12.79284056 -13.0577564   10.49136169
  17.28445966  23.57546003  29.94475333   5.13686523   2.67103445] 
[ -9.38925794  -6.36750061 -12.79386328 -13.05985066  10.49436789
  17.28401466  23.57507983  29.94519906   5.13897973   2.67399825] 
[ -9.38909925  -6.36792541 -12.79488025 -13.06197915  10.49754407
  17.28360057  23.57472312  29.94560526   5.14122007   2.67715085] 
[ -9.38891955  -6.36839136 -12.79585267 -13.06408618  10.50073206
  17.28321374  23.57441718  29.94596162   5.14345358   2.68033151] 
[ -9.38874485  -6.36885059 -12.79682741 -13.06621411  10.5038782
  17.28281788  23.57411115  29.94634308   5.1456912    2.68348477] 
[ -9.38857395  -6.36930033 -12.79778977 -13.06841451  10.50699536
  17.2824655   23.573796    29.94673506   5.14799261   2.68660469] 
[ -9.38841655  -6.36976211 -12.79875975 -13.0706222   10.51005241
  17.28212335  23.57350116  29.94714681   5.15028722   2.68968724] 
[ -9.38826486  -6.37022513 -12.79972482 -13.07283453  10.5130467
  17.28177907  23.57321692  29.94755822   5.15258485   2.69271506] 
[ -9.38813238  -6.370717   -12.8007111  -13.07505757  10.51599085
  17.2814263   23.57295602  29.94801762   5.15486952   2.69573098] 
[ -9.3879862   -6.37122222 -12.80166466 -13.07728745  10.51887197
  17.28106305  23.57272226  29.94844942   5.15714926   2.69870848] 
[ -9.38783824  -6.37170035 -12.80262038 -13.07950415  10.52168821
  17.28068406  23.57250111  29.94890848   5.1594036    2.70160889] 
[ -9.38768811  -6.37217653 -12.80357091 -13.08172109  10.52445965
  17.28030609  23.57228627  29.94937322   5.16166383   2.70446468] 
[ -9.38750671  -6.37261324 -12.80448183 -13.08391517  10.52720067
  17.27995583  23.57209437  29.94986709   5.1639366    2.70725213] 
[ -9.38733032  -6.37304801 -12.80539367 -13.08611319  10.52988378
  17.27960596  23.57190788  29.95036976   5.16621131   2.70998741] 
[ -9.38716749  -6.37348992 -12.80630328 -13.08830603  10.532513
  17.27926307  23.57172926  29.95087812   5.16847856   2.71267154] 
[ -9.38701093  -6.3739334  -12.8072127  -13.09049429  10.53508163
  17.27892865  23.57155734  29.95138299   5.17073824   2.71530657] 
[ -9.38688511  -6.37440681 -12.8080794  -13.09265451  10.53758316
  17.27862319  23.57143544  29.95185385   5.17301538   2.7179192 ] 
[ -9.38676658  -6.37486915 -12.80894969 -13.09480583  10.54003417
  17.27832487  23.57132028  29.95233704   5.17527889   2.72048781] 
[ -9.38661329  -6.37528057 -12.80983862 -13.09690404  10.54244526
  17.27805578  23.57123952  29.95288957   5.17746656   2.72297071] 
[ -9.38646174  -6.37569776 -12.81071892 -13.09899999  10.54481729
  17.27779107  23.57116423  29.95344682   5.17965388   2.72542193] 
[ -9.38628707  -6.37607172 -12.81157699 -13.10112215  10.54716141
  17.27749521  23.57104382  29.954043     5.18181359   2.72780728] 
[ -9.38611437  -6.37644169 -12.81242926 -13.10324619  10.54945407
  17.27720647  23.57091745  29.95465029   5.18396766   2.73015984] 
[ -9.38596418  -6.37682045 -12.8132577  -13.10534981  10.55170522
  17.27692128  23.57081456  29.95524177   5.18612445   2.73246332] 
[ -9.38581508  -6.37721319 -12.81407789 -13.10745606  10.5539258
  17.27664288  23.5707231   29.95582729   5.188286     2.73474501] 
[ -9.38566793  -6.37760926 -12.81489592 -13.10956055  10.55610067
  17.27636949  23.57063787  29.95641024   5.19044784   2.73699153] 
[ -9.38552769  -6.37803609 -12.81571082 -13.11166701  10.55826546
  17.27610703  23.57056485  29.95701562   5.19263727   2.73925   ] 
[ -9.38538188  -6.37846497 -12.81652362 -13.11379275  10.56047209
  17.27585007  23.57046216  29.95762253   5.19487169   2.74155566] 
[ -9.38523969  -6.37889282 -12.81733006 -13.11591591  10.56263363
  17.27559722  23.57036535  29.95822598   5.19710386   2.74382523] 
[ -9.38511903  -6.37933746 -12.81812485 -13.11805195  10.56473999
  17.27536397  23.5702598   29.95885404   5.19932195   2.74606869] 
[ -9.3849809   -6.37979098 -12.81892762 -13.12020389  10.5668142
  17.27514767  23.57014717  29.95946894   5.20153687   2.74826852] 
[ -9.38483404  -6.38025732 -12.81973    -13.12234354  10.56885846
  17.274923    23.57005461  29.96006124   5.2037681    2.75043037] 
[ -9.38469083  -6.38071433 -12.82051598 -13.12447264  10.57085779
  17.27469136  23.56997522  29.96064064   5.20600424   2.75255338] 
[ -9.38455129  -6.38116847 -12.82129069 -13.12660764  10.57282736
  17.27446708  23.56990148  29.96121431   5.20824133   2.75464982] 
[ -9.3844037   -6.38163183 -12.82207555 -13.12874267  10.57475586
  17.27424366  23.56982968  29.96179286   5.21047584   2.75671528] 
[ -9.38425302  -6.38209853 -12.82284105 -13.13089335  10.57665627
  17.27401452  23.56976649  29.96236523   5.21273015   2.75876738] 
[ -9.38410682  -6.38256078 -12.82360523 -13.13304026  10.57851722
  17.27378559  23.56970614  29.96294179   5.21498189   2.76078364] 
[ -9.38394989  -6.38300568 -12.82437797 -13.13517424  10.58033525
  17.27354521  23.56963202  29.96351126   5.21724325   2.76277813] 
[ -9.38379678  -6.38344682 -12.82514903 -13.1373036   10.58211771
  17.27330418  23.56956273  29.96408311   5.21950253   2.76473694] 
[ -9.38365747  -6.38389667 -12.82590473 -13.1394245   10.58385952
  17.27306017  23.56950558  29.96466457   5.22176814   2.76666914] 
[ -9.38353146  -6.38434701 -12.82666779 -13.14155367  10.58557064
  17.27282288  23.56943772  29.96526974   5.22402439   2.76856591] 
[ -9.38340007  -6.38480256 -12.82743545 -13.14368846  10.58725352
  17.27259431  23.56936386  29.96587475   5.22627415   2.77042864] 
[ -9.38324574  -6.38521647 -12.82818234 -13.1458535   10.58890869
  17.27238484  23.56925431  29.96651981   5.22849696   2.77223236] 
[ -9.38309664  -6.38563211 -12.82892594 -13.14801328  10.59052822
  17.27217454  23.56914951  29.96716644   5.23071726   2.77400746] 
[ -9.38295368  -6.38605057 -12.82966802 -13.15016722  10.59211501
  17.27196502  23.56905018  29.96781441   5.23293532   2.77575385] 
[ -9.38282372  -6.38648572 -12.83041553 -13.15232213  10.59366072
  17.27176887  23.568972    29.96845358   5.23514569   2.7774785 ] 
[ -9.38270043  -6.38691805 -12.83115428 -13.15447454  10.59516543
  17.27157639  23.56889557  29.9690885    5.23735835   2.77916502] 
[ -9.38256702  -6.3873566  -12.83187067 -13.15661369  10.5966519
  17.27137716  23.56881397  29.96970207   5.23958302   2.78082007] 
[ -9.38240926  -6.38779629 -12.83258964 -13.15878775  10.5981244
  17.27116063  23.56872867  29.97034831   5.2418407    2.78246247] 
[ -9.3822654   -6.38823571 -12.83329414 -13.16095537  10.59959209
  17.27095419  23.56865425  29.97098677   5.24410457   2.78410439] 
[ -9.38212448  -6.38867126 -12.83400457 -13.16311722  10.6010333
  17.27074797  23.56858879  29.97163137   5.24636612   2.78572902] 
[ -9.38198371  -6.38911369 -12.83471142 -13.16526431  10.602426
  17.27053575  23.56852835  29.97227502   5.2486207    2.78730891] 
[ -9.38184353  -6.38956019 -12.83541116 -13.16741187  10.60378393
  17.27032854  23.56847684  29.97291574   5.25087724   2.7888581 ] 
[ -9.38175692  -6.38995889 -12.8360895  -13.16949888  10.6050813
  17.27009655  23.56838736  29.97359999   5.25306322   2.79031576] 
[ -9.38166636  -6.39036324 -12.83676566 -13.17157983  10.60635336
  17.26986794  23.56830575  29.97428568   5.2552502    2.79175474] 
[ -9.38157548  -6.39078449 -12.83744433 -13.17363564  10.60758828
  17.26965356  23.5682189   29.97497308   5.25741636   2.79318135] 
[ -9.38146954  -6.39117992 -12.83810731 -13.17565853  10.60878151
  17.26942737  23.56813103  29.97567956   5.25954535   2.7945515 ] 
[ -9.381364    -6.39157928 -12.8387683  -13.17767633  10.60995134
  17.2692027   23.56805044  29.9763831    5.26167226   2.79590168] 
[ -9.38128385  -6.39195938 -12.83944422 -13.17966077  10.61105884
  17.26899738  23.56798432  29.97705891   5.26378732   2.79718372] 
[ -9.38120976  -6.39233783 -12.84009985 -13.18164251  10.61221795
  17.26881047  23.56794732  29.9777462    5.26593465   2.79852403] 
[ -9.38113147  -6.39272018 -12.84075357 -13.18362275  10.61335394
  17.26862454  23.56791539  29.97843321   5.26807807   2.79984505] 
[ -9.3810646   -6.39312664 -12.84137987 -13.18558895  10.614476
  17.26845466  23.56791215  29.97909203   5.27023297   2.8011399 ] 
[ -9.38099647  -6.39353521 -12.84200128 -13.18755679  10.61557551
  17.26828731  23.56791096  29.9797493    5.27238038   2.8024135 ] 
[ -9.38092531  -6.39394626 -12.84262088 -13.18952473  10.61665309
  17.26811977  23.56791524  29.98041212   5.27452225   2.803672  ] 
[ -9.38085021  -6.39435762 -12.84324086 -13.19149086  10.61771031
  17.26795338  23.56792279  29.98107782   5.27666028   2.80491535] 
[ -9.38077087  -6.3947693  -12.84386065 -13.1934558   10.61874942
  17.26778861  23.56793289  29.9817473    5.27879446   2.80614482] 
[ -9.38068977  -6.39517911 -12.84448549 -13.19542688  10.61978865
  17.26762366  23.56793635  29.98243019   5.28092604   2.80737642] 
[ -9.38060754  -6.39558782 -12.84510732 -13.19739614  10.62080594
  17.26745884  23.5679449   29.9831124    5.28305207   2.80859188] 
[ -9.38051908  -6.39599726 -12.84572775 -13.19936316  10.62181093
  17.26729307  23.56795934  29.98379553   5.28517622   2.80979707] 
[ -9.38042742  -6.39641006 -12.84634706 -13.20133009  10.62279984
  17.26713019  23.56797892  29.98447883   5.2872975    2.81098965] 
[ -9.3803289   -6.39682963 -12.84696359 -13.20329991  10.62377313
  17.26697937  23.56800733  29.98516936   5.28941486   2.81217993] 
[ -9.38021748  -6.39724955 -12.84759293 -13.20527479  10.62469313
  17.26684297  23.56803826  29.98584828   5.29151611   2.81331978] 
[ -9.38010827  -6.39767287 -12.84822074 -13.20724402  10.62560007
  17.26670601  23.56806965  29.98653219   5.29361725   2.81445131] 
[ -9.37998059  -6.39812491 -12.84882694 -13.20917186  10.62650501
  17.26656248  23.56813748  29.98724208   5.29567505   2.81554774] 
[ -9.37985838  -6.3985772  -12.84943673 -13.211094    10.62739446
  17.26641752  23.56820198  29.98795034   5.29773434   2.81663633] 
[ -9.37973832  -6.39902597 -12.85004738 -13.21301394  10.62826992
  17.26627383  23.56826749  29.98866137   5.29979113   2.81771307] 
[ -9.37962115  -6.39947069 -12.85065725 -13.21493328  10.62911861
  17.26613091  23.56834024  29.9893688    5.30184021   2.8187648 ] 
[ -9.37950202  -6.39990993 -12.85126977 -13.21684741  10.62995268
  17.26598708  23.56841676  29.99007543   5.30388966   2.81980795] 
[ -9.37938198  -6.40033949 -12.85189302 -13.21876172  10.63077891
  17.26584273  23.56848382  29.99079736   5.3059345    2.82084952] 
[ -9.37925169  -6.40076053 -12.85250359 -13.22068508  10.63161729
  17.26570995  23.56856188  29.99150773   5.30797664   2.82190475] 
[ -9.37912609  -6.40118257 -12.85311756 -13.22260826  10.63244548
  17.26557567  23.56863595  29.9922244    5.31001623   2.82295341] 
[ -9.37900202  -6.40160543 -12.85373137 -13.22452951  10.63326332
  17.26544401  23.56870921  29.99294524   5.3120534    2.82399078] 
[ -9.37887969  -6.40202704 -12.85434702 -13.22644956  10.63406896
  17.26531562  23.56878253  29.99366965   5.31408863   2.82501513] 
[ -9.37875704  -6.40245327 -12.85496279 -13.22840047  10.63490444
  17.26517106  23.56885645  29.99439365   5.31615574   2.8260498 ] 
[ -9.37862495  -6.40286952 -12.8555893  -13.23033949  10.63571947
  17.26503823  23.56892143  29.99510982   5.31822935   2.82708278] 
[ -9.37848974  -6.40327775 -12.85623092 -13.23227186  10.63652994
  17.26489561  23.56897212  29.99584548   5.32030711   2.82810201] 
[ -9.37833876  -6.40370818 -12.8568455  -13.23421252  10.63733979
  17.26477318  23.56905169  29.99655067   5.32237061   2.82909934] 
[ -9.37818693  -6.40414491 -12.85746811 -13.23615077  10.63813602
  17.26464652  23.56913499  29.99725853   5.32442879   2.83008905] 
[ -9.37803952  -6.40457959 -12.85809244 -13.23808455  10.63891914
  17.26451994  23.56921965  29.99796977   5.32648444   2.83106933] 
[ -9.37788766  -6.40500566 -12.85872487 -13.24000879  10.63969489
  17.26440002  23.56931346  29.99867797   5.3285415    2.83203489] 
[ -9.37774427  -6.40543344 -12.85936056 -13.2419302   10.64045376
  17.26427886  23.56940955  29.9993948    5.33059129   2.83298557] 
[ -9.37760524  -6.40586096 -12.85999639 -13.24384836  10.64120241
  17.26415855  23.56950543  30.00011622   5.33263775   2.83392811] 
[ -9.37747177  -6.40628611 -12.86063433 -13.24576275  10.64194289
  17.26404036  23.56959906  30.00084452   5.33468222   2.83486235] 
[ -9.37735528  -6.40672368 -12.86130578 -13.24769704  10.64268971
  17.26393638  23.56967369  30.00161537   5.33671244   2.835784  ] 
[ -9.37723013  -6.40715307 -12.86196478 -13.24963611  10.64344531
  17.26382517  23.56975765  30.00237633   5.33873893   2.83671545] 
[ -9.37710611  -6.40758235 -12.86262308 -13.25157098  10.64418927
  17.26371428  23.56984326  30.0031387    5.34076406   2.83763839] 
[ -9.37698323  -6.40801541 -12.86327702 -13.25350221  10.64492482
  17.26360383  23.56993446  30.0039022    5.34278854   2.83855863] 
[ -9.37685761  -6.40844981 -12.86393467 -13.25543012  10.64565418
  17.2634969   23.57002465  30.00467017   5.34481534   2.83947304] 
[ -9.37672837  -6.40888104 -12.86458298 -13.25736667  10.64638853
  17.26339519  23.57011949  30.00544283   5.34684348   2.84039863] 
[ -9.37660378  -6.40931092 -12.86522974 -13.2592984   10.64711813
  17.26329625  23.5702192   30.00622072   5.34887402   2.84132371] 
[ -9.37647552  -6.40974508 -12.86587735 -13.26125682  10.64788048
  17.26321868  23.57033599  30.00699939   5.35093426   2.84228681] 
[ -9.37634703  -6.41017748 -12.86652757 -13.26321146  10.64862788
  17.26314194  23.57045433  30.00777987   5.35299128   2.84323976] 
[ -9.37621975  -6.4106103  -12.86717813 -13.26516121  10.64936378
  17.26306545  23.57057378  30.00856215   5.35504695   2.84418426] 
[ -9.3760919   -6.41104202 -12.86782635 -13.26710338  10.6500844
  17.26298771  23.57069181  30.00934299   5.35710031   2.84511504] 
[ -9.37598047  -6.41145719 -12.86845905 -13.26902788  10.65079925
  17.26290917  23.57079478  30.01011728   5.35915003   2.84602338] 
[ -9.37586608  -6.41187658 -12.86908623 -13.27094702  10.65150508
  17.26282397  23.57090259  30.01089478   5.36120338   2.84692259] 
[ -9.37574923  -6.41229472 -12.86971439 -13.2728725   10.65217964
  17.26274239  23.57102212  30.01167082   5.36326467   2.84779459] 

 Time 
126947.85129404068 
