Energy 
 
-1.297903060621635 
-5.319696036405684 
-2.5145694105342002 
-2.981071815289522 
-6.440662560102554 
-3.3597986132773596 
-3.165404980560731 
-5.637503379078899 
-6.563574662188936 
-7.016994362535458 
-7.504115920032612 
-7.858362266207351 
-8.186469371950864 
-8.516228122629608 
-8.843763834986179 
-9.124923418120574 
-9.385172509753348 
-9.467304770536673 
-9.77090986678336 
-10.064522096675091 
-10.314239370693167 
-10.540740001207686 
-10.733835003738571 
-10.943555638184035 
-11.072041603045344 
-11.189218364619355 
-11.287830941560497 
-11.373215658667137 
-11.446710073136416 
-11.506819731790449 
-11.563660337320446 
-11.612539899239966 
-11.65876584030133 
-11.702018580472476 
-11.69534234791439 
-11.671083104948593 
-11.804487682767599 
-11.863371764643187 
-11.834665546808209 
-11.713319138797974 
-11.917476134052713 
-11.954174082932509 
-11.981840637610095 
-12.003612403522583 
-12.023900697909292 
-12.043198691387241 
-12.062018481436922 
-12.08004871167774 
-12.105207956764666 
-12.128978111436485 
-12.15304728042528 
-12.175126533187616 
-12.191009246839032 
-12.205123981609468 
-12.187523560939052 
-12.232795058344959 
-12.246648401433276 
-12.257323932265964 
-12.266386966662862 
-12.274984144684156 
-12.282000180351583 
-12.288730745516958 
-12.295089594577327 
-12.301095975175372 
-12.305645002842379 
-12.31005183864587 
-12.31451305713179 
-12.31870446170323 
-12.3227083197492 
-12.326654367476593 
-12.330424626034883 
-12.334068767122073 
-12.337670953893022 
-12.341204711563721 
-12.344594870562675 
-12.347892663254102 
-12.351059358596004 
-12.354040193478651 
-12.357061022476115 
-12.360087360232692 
-12.35822783850524 
-12.362744856987865 
-12.366808140770825 
-12.36864270004959 
-12.370222385093092 
-12.36985447374435 
-12.376338270073349 
-12.381850533224389 
-12.384038278330333 
-12.386306331555785 
-12.387830218059745 
-12.388880645261326 
-12.38888972325302 
-12.392681717377911 
-12.394914815675705 
-12.397287129112293 
-12.399949489031023 
-12.403174899896566 
-12.40617418409544 
-12.40893120876731 
-12.411144319616271 
-12.41345768315566 
-12.41576667248985 
-12.418183854861825 
-12.420729018906528 
-12.423225760477699 
-12.425731031407713 
-12.42934211645253 
-12.432712165011967 
-12.43590086960322 
-12.439029535793365 
-12.44211195884749 
-12.445168672673454 
-12.448229831043971 
-12.451265772274578 
-12.454265128377765 
-12.45739368562012 
-12.460182763661097 
-12.462857692850898 
-12.465501614972206 
-12.468451308697446 
-12.471328565987744 
-12.474149785769885 
-12.47690066187216 
-12.479599945038133 
-12.482223193280019 
-12.484923343987216 
-12.487663089716497 
-12.490325997385128 
-12.492860631937782 
-12.495308550219244 
-12.497692381280464 
-12.499872225828637 
-12.501964783136835 
-12.503968821657855 
-12.505950008759982 
-12.508030289565674 
-12.510034177909608 
-12.511798679706283 
-12.513365027096725 
-12.514817884459115 
-12.516062779763708 
-12.517233018647943 
-12.518339267862531 
-12.51941207640284 
-12.520444801566716 
-12.521400061223321 
-12.522322463885077 
-12.523194853508038 
-12.524035917515654 
-12.524872634007618 
-12.525672165084503 
-12.526451343694276 
-12.527208967469287 
-12.527951336289009 
-12.528693713574995 
-12.52942348309957 
-12.530142070528616 
-12.53084015888744 
-12.531525554748118 
-12.53220119441303 
-12.532876367280627 
-12.53354419470221 
-12.53420051085575 
-12.534851727791775 
-12.535484379614706 
-12.536110930324144 
-12.536726682093285 
-12.537328082981375 
-12.537928314759705 
-12.538511098102086 
-12.539082561263646 
-12.539652004888712 
-12.54021310339651 
-12.540762668444753 
-12.541307060815726 
-12.541846167606511 
-12.542381046637903 
-12.542911135579127 
-12.543432251271183 
-12.543944184954745 
-12.544450161308095 
-12.544981869990162 
-12.545512224051784 
-12.546040574264293 
-12.546553070599447 
-12.547062730751776 
-12.547569204594533 
-12.548058755857866 
-12.5485476302559 
-12.549052108246318 
-12.549552372780502 
-12.550030222029983 
-12.550498508534258 
-12.550964806527663 
-12.551432305449065 
-12.551899264260571 
-12.552354124643731 
-12.55280384288561 
-12.553249584959438 
-12.553706260415442 
-12.554157861905264 
-12.554612629114338 
-12.555069057509199 
-12.555521466877895 
-12.55596741406234 
-12.556408272085632 
-12.556844887962805 
-12.557289529902004 
-12.557760520519876 
-12.558229739334653 
-12.558679142481042 
-12.559121223079755 
-12.55956102179357 
-12.559995283979376 
-12.56042471582085 
-12.560849532319263 
-12.561280381512942 
-12.561707026795082 
-12.562130031216324 
-12.562544904560532 
-12.562955833501135 
-12.563370555631579 
-12.563785671860423 
-12.564196429667792 
-12.564606791154441 
-12.565015142920512 
-12.565419403576403 
-12.565824898285701 
-12.566229411572643 
-12.566630328077517 
-12.567022959635691 
-12.56740928198077 
-12.56778965655175 
-12.568175964008159 
-12.568557582753664 
-12.568940869329051 
-12.569322950676888 
-12.569699765542403 
-12.570074019540769 
-12.570441378431989 
-12.570829300272111 
-12.571208548233498 
-12.571587194545927 
-12.57195935138519 
-12.572325441024411 
-12.572686096974556 
-12.57304084425183 
-12.573392024456426 
-12.573738226272699 
-12.574079881699094 
-12.574426418641123 
-12.574768370445579 
-12.575105769964184 
-12.57543364195167 
-12.575756893528922 
-12.576076152121232 
-12.576387692303916 
-12.576696403556324 
-12.577001117534701 
-12.577301852705874 
-12.577598266791014 
-12.577892574841217 
-12.57815625364087 
-12.578416304761216 
-12.578673617712704 
-12.578928508392435 
-12.579180254267708 
-12.579428824577269 
-12.579675403095388 
-12.579919361378417 
-12.580158279947357 
-12.580394251081318 
-12.580627687752923 
-12.580855222801127 
-12.58107661439071 
-12.581297522725176 
-12.58151471988124 
-12.581731230077693 
-12.581946487655003 
-12.582157262914672 
-12.58236793143219 
-12.582576437184667 
-12.582780643562142 
-12.582982691221172 
-12.583179011852135 
-12.583373519862057 
-12.583566196683913 
-12.583755390284104 
-12.58394142522437 
-12.58412572995169 
-12.584307899590506 
-12.584488287572661 
-12.584665525664915 
-12.584842542751998 
-12.585020406102068 
-12.585197831643956 
-12.585373483960153 
-12.585547010653352 
-12.585719794819061 
-12.585892906703583 
-12.58606432242599 
-12.586234753688327 
-12.586404107073932 
-12.586571275246735 
-12.586736347105274 
-12.586900266127028 
-12.58706432394075 
-12.58722690054073 
-12.58738788951268 
-12.58754770108861 
-12.587702274110196 
-12.587855490988945 
-12.58800385149876 
-12.588149377385175 
-12.58829196121254 
-12.588433279010763 
-12.588573797661772 
-12.588712203506919 
-12.588849539959751 
-12.588985727841303 
-12.58912030111692 
-12.589253061367595 
-12.589384775600394 
-12.589515628044367 
-12.58964584720772 
-12.589775055422553 
-12.58990329416994 
-12.590030547798941 
-12.59015696983151 
-12.590282342626477 
-12.59040687800422 
-12.590530733457793 
-12.590653557397843 
-12.590775276452174 
-12.590895781928456 
-12.591015440389903 
-12.59113421480607 
-12.591252175801335 
-12.591368342853158 
-12.591484789623465 
-12.591600442374183 
-12.591715309338447 
-12.591829426934641 
-12.59194298779161 
-12.592056405664986 
-12.592169082490056 
-12.592281919982646 
-12.592393553320099 
-12.592504431399187 
-12.592614548407552 
-12.592724105089715 
-12.592833127560304 
-12.592941912633961 
-12.59305035865184 
-12.593158903048668 
-12.593266408152717 
-12.59337312008908 
-12.593479090624628 
-12.593584295427448 
-12.593688632257933 
-12.593793592671757 
-12.593898002308178 
-12.594001572908205 
-12.594104381499463 
-12.594206427860602 
-12.594308268699594 
-12.594408157812838 
-12.59450584136779 
-12.594603406893434 
-12.594700564278916 
-12.594796972575942 
-12.594892252649217 
-12.594986691906747 
-12.595080049634703 
-12.595173317605322 
-12.595265931509584 
-12.595358018469055 
-12.595449719802739 
-12.595541049244384 
-12.595632869433649 
-12.595723857564028 
-12.59581422503093 
-12.595904082200956 
-12.59599329183339 
-12.596081779882633 
-12.59616963368839 
-12.59625694192963 
-12.596343868460826 
-12.596430844386916 
-12.59651736396615 
-12.596603402873184 
-12.596688592190338 
-12.596774168881593 
-12.596859133580779 
-12.596943438810356 
-12.597024221701293 
-12.597104723893736 
-12.597184710965998 
-12.59726406473597 
-12.597343036042417 
-12.597421901379727 
-12.597500714267376 
-12.597579600342051 
-12.597657943193997 
-12.597735847164643 
-12.597813413252743 
-12.597890572161276 
-12.597968344174346 
-12.59804575019166 
-12.59812357169616 
-12.598200892164563 
-12.598277685395683 
-12.59835397577191 
-12.598429672953646 
-12.59850487752939 
-12.598579914887457 
-12.598654328360176 
-12.598728295312187 
-12.598801806519743 
-12.598874880864054 
-12.598947454273958 
-12.599019428757265 
-12.59909110253671 
-12.599162360885552 
-12.599233005085937 
-12.599303207825553 
-12.599372871840528 
-12.599442147581598 
-12.599510586649815 
-12.599578256973157 
-12.599645347907021 
-12.599711973457376 
-12.599777041987457 
-12.59984199345141 
-12.59990557560136 
-12.599968788129592 
-12.600031770407284 
-12.600094600171811 
-12.600157108566727 
-12.600219273924072 
-12.600281082695618 
-12.600342588892783 
-12.600404247403185 
-12.600465635375523 
-12.600526161593686 
-12.600586360008856 
-12.600646597332144 
-12.60070653158321 
-12.600766180326353 
-12.600825523998367 
-12.600884739580891 
-12.600943662102495 
-12.601002521043144 
-12.601061553834647 
-12.60112029460406 
-12.601178824125864 
-12.601236830474686 
-12.601294545559991 
-12.601352321099522 
-12.601409714057194 
-12.601466797802757 
-12.60152365144369 
-12.60158019311525 
-12.601636565340323 
-12.601692566444955 
-12.601748383232623 
-12.601802897498898 
-12.601857809531094 
-12.601912393325698 
-12.60196653557902 
-12.602020400285431 
-12.602073949389247 
-12.60212723073912 
-12.602180220553368 
-12.60223282205698 
-12.602285160325255 
-12.60233728226704 
-12.602389077209732 
-12.602440563193886 
-12.602491631344208 
-12.60254243965976 
-12.60259301794203 
-12.602643468323178 
-12.602693996488394 
-12.602744347084421 
-12.602794451099227 
-12.602844144238366 
-12.602893617838468 
-12.60294307292141 
-12.602992230408402 
-12.60304147830795 
-12.603090614057367 
-12.603139613272566 
-12.603188369339009 
-12.603236893984855 
-12.603285163620884 
-12.603333226176629 
-12.60338088472815 
-12.603428322966437 

 Time 
489054.9492497444 
