Energy 
 
-2.0597577698762626 
-5.0698092557780345 
-2.3515835613006817 
-2.1189941996879194 
-4.497278832872894 
-2.4980875569350536 
-0.37082939254648206 
-2.7781169047773484 
-3.3768893009208156 
-3.733073266269728 
-4.215039845466502 
-4.685483765833238 
-5.233359021243926 
-5.955339956555923 
-6.630704565365853 
-7.242630141972769 
-7.8432848856411805 
-8.358336737769843 
-9.217074537799464 
-10.035822550531302 
-10.710900696518202 
-11.175047559058742 
-11.73494124529252 
-12.149751632441083 
-12.510817205590193 
-12.820722992173962 
-13.081772059771893 
-12.41202385864295 
-13.053145781981257 
-13.370337963439008 
-13.524923473383716 
-13.610012816451714 
-13.681037444179907 
-13.740742266192013 
-13.819149311069584 
-13.875064428379218 
-13.921598753835251 
-13.960221962361475 
-13.993763251902193 
-14.022000406499552 
-14.046557966941403 
-14.06752418272185 
-14.05144904359038 
-14.072586755667974 
-14.107642344590555 
-14.12794829920275 
-14.125165051960794 
-14.11478208289527 
-14.114226328058821 
-14.161707052049712 
-14.189203748630009 
-14.205324829745177 
-14.216849763902156 
-14.226626875649524 
-14.235906551351517 
-14.244693417957293 
-14.253223005848087 
-14.261458082864435 
-14.269378428069192 
-14.274909575114638 
-14.281387263515596 
-14.288919296614232 
-14.296078966430048 
-14.3016369045711 
-14.305620679744909 
-14.31784202663193 
-14.324058539043481 
-14.33010211927564 
-14.320872705570633 
-14.330037014834158 
-14.32319734325202 
-14.349371298715932 
-14.357023634412098 
-14.362200318934597 
-14.361306996175188 
-14.370074235615565 
-14.37866481637909 
-14.384578130358197 
-14.389976255366165 
-14.39510277212253 
-14.400149952012011 
-14.404971422093828 
-14.409767886565216 
-14.414268054232664 
-14.418666522648365 
-14.422963989709816 
-14.427160895678687 
-14.431280817770507 
-14.435310464739446 
-14.439256032021708 
-14.443125795974337 
-14.447024020241557 
-14.450786703742791 
-14.454492192042663 
-14.458130101526447 
-14.461395235851809 
-14.465584034400688 
-14.469027769464692 
-14.47235706064515 
-14.47560842122974 
-14.478792784199825 
-14.481924424904612 
-14.484931549664624 
-14.487821466693525 
-14.49065430749123 
-14.493434039847441 
-14.496241611240036 
-14.498969213265319 
-14.501593455931006 
-14.50417473031184 
-14.506701954770262 
-14.509153606507343 
-14.505743711106376 
-14.513822318375452 
-14.516881384609487 
-14.518605297637894 
-14.514082172997334 
-14.520796791944674 
-14.52547804510597 
-14.528026547012793 
-14.530276379334595 
-14.532406438747584 
-14.53449880403044 
-14.536549783811317 
-14.538518605669104 
-14.540445467561987 
-14.54235738001784 
-14.544232313682945 
-14.546072742308228 
-14.547879004993506 
-14.549579175730845 
-14.551221048814055 
-14.552861391049138 
-14.554475170912934 
-14.55606546613918 
-14.557674503035004 
-14.559264660535897 
-14.560796663720957 
-14.562302902986515 
-14.563789736253991 
-14.565258441076683 
-14.566711329601027 
-14.568196604447179 
-14.569665268553054 
-14.571109268061527 
-14.572531865637357 
-14.573943313254066 
-14.575358330014113 
-14.576754826457998 
-14.578135644198705 
-14.57950315100274 
-14.580848245844239 
-14.582181284884633 
-14.583488272524146 
-14.58489109104521 
-14.586274539720241 
-14.587641586208305 
-14.589016616568378 
-14.590365860945692 
-14.591699617310715 
-14.59301565436305 
-14.594323297649389 
-14.595618084204787 
-14.596918838426337 
-14.598210456297442 
-14.599499635197692 
-14.60081962009059 
-14.60215544535502 
-14.60343381926268 
-14.60467669236722 
-14.605905504575635 
-14.607134394519203 
-14.608352009035034 
-14.60955080665355 
-14.610709330802848 
-14.61189812022284 
-14.613065709333776 
-14.614219919023304 
-14.615361463421229 
-14.616483959539952 
-14.617594767032905 
-14.618661267496913 
-14.619726643960439 
-14.620776149184257 
-14.62181985061445 
-14.622853851133359 
-14.623879460169231 
-14.62489412157651 
-14.625903000327169 
-14.626962889255568 
-14.628008645016074 
-14.62903048988903 
-14.630100008554857 
-14.631163511232334 
-14.632213253538879 
-14.633247318326866 
-14.634249689987074 
-14.635294543973233 
-14.636327354006129 
-14.637347789595998 
-14.63836041728956 
-14.639363449182966 
-14.64035547049783 
-14.641315941863622 
-14.64226461105143 
-14.643202390597123 
-14.644135160523868 
-14.645058195640143 
-14.645995107900024 
-14.646899783559828 
-14.647797686248019 
-14.648686486944893 
-14.649559446127874 
-14.650431630402181 
-14.651286353576953 
-14.65209769962791 
-14.652894528326879 
-14.653682257690201 
-14.654474122151257 
-14.655291026271682 
-14.656039838445828 
-14.656788684288903 
-14.657522364227512 
-14.658254935346408 
-14.65898239784629 
-14.659701903871156 
-14.660413662539625 
-14.661109888840219 
-14.661817193875974 
-14.662514777624642 
-14.663195827221072 
-14.663870036715569 
-14.664537554723083 
-14.665214854795387 
-14.665889053137926 
-14.66653938117014 
-14.667183446648698 
-14.66782628603814 
-14.668427596137237 
-14.669003106486825 
-14.669568234007055 
-14.670121145929249 
-14.670676273601842 
-14.671220429942684 
-14.671757523634703 
-14.672293023630537 
-14.672815435141622 
-14.673335326357952 
-14.673856567774646 
-14.674373061649968 
-14.674888678352493 
-14.67540457507875 
-14.675915376396876 
-14.676417747321986 
-14.676926912116091 
-14.677430555954569 
-14.677929251551259 
-14.67842307107984 
-14.678912988502427 
-14.679406448519583 
-14.679894804867914 
-14.680390179417692 
-14.680881848912126 
-14.681368961302674 
-14.681872565123726 
-14.682369311866314 
-14.682876335467297 
-14.683374227873532 
-14.683862808666888 
-14.68436542445709 
-14.684862013940513 
-14.68535340072149 
-14.685820262496406 
-14.68626566111725 
-14.686704687696118 
-14.687138819456072 
-14.687574382869187 
-14.688005076686206 
-14.68842646457615 
-14.688840978365523 
-14.689249434723049 
-14.689662922963315 
-14.690071241316776 
-14.690513895761388 
-14.690939510648068 
-14.69136326363935 
-14.691783080552145 
-14.69219735526197 
-14.692615256440359 
-14.693010537177605 
-14.693382730087052 
-14.693750310858658 
-14.694113167869249 
-14.694471539468326 
-14.694826123048236 
-14.695177850459103 
-14.69552296881535 
-14.695859712482239 
-14.696200328538872 
-14.696537381369017 
-14.696879929136712 
-14.697226785248288 
-14.697568500078727 
-14.697911098334352 
-14.698248793468181 
-14.69857526480139 
-14.698899054109514 
-14.699221052238343 
-14.699539362824922 
-14.699854566209732 
-14.700164838374363 
-14.700473950631114 
-14.700776938734911 
-14.701074682938138 
-14.701367741438707 
-14.701657942956118 
-14.70193677487483 
-14.702213364854321 
-14.702486366422255 
-14.702752629336407 
-14.703015092267187 
-14.703275097109923 
-14.70353092839308 
-14.703784728105628 
-14.704036171640885 
-14.704287526358987 
-14.704536618421796 
-14.70478281733129 
-14.705026369288932 
-14.705270233115389 
-14.705511555861154 
-14.705748669881515 
-14.70598327670221 
-14.706215698908169 
-14.706448388448312 
-14.706678292487396 
-14.706905626584177 
-14.707131484557024 
-14.707353464830629 
-14.707573158734357 
-14.707791154972357 
-14.708006736658227 
-14.708222980398203 
-14.708436862427165 
-14.708656325744215 
-14.70887262291318 
-14.709087024002145 
-14.70929907042717 
-14.709509641560675 
-14.709718270373388 
-14.709921596197756 
-14.71012277149324 
-14.710321927436995 
-14.710522422030007 
-14.710721258150302 
-14.710918339903385 
-14.71111019947357 
-14.711300196604999 
-14.711488488457027 
-14.711675103194347 
-14.71186153593921 
-14.712046636996654 
-14.712226744215624 
-14.712405173711229 
-14.71258161770823 
-14.71275842830649 
-14.712937591758436 
-14.713113212544254 
-14.713287163688953 
-14.713460941313553 
-14.713632694704255 
-14.713803786256173 
-14.71397303773836 
-14.714142813674306 
-14.7143108645968 
-14.714477380366667 
-14.714640149638072 
-14.71480078647693 
-14.714959074278703 
-14.715116218342391 
-14.715267751666762 
-14.715418747432903 
-14.715567325690074 
-14.715713779058134 
-14.715860352467336 
-14.716005649038824 
-14.716149903577545 
-14.71629249585058 
-14.716434237911303 
-14.716575065175768 
-14.716714481440913 
-14.716852287616351 
-14.716987900042184 
-14.717122218316087 
-14.71725539106326 
-14.71738728748463 
-14.717517298074329 
-14.717647812183408 
-14.717777208259006 
-14.717905592971784 
-14.7180328529869 
-14.718158749222143 
-14.718283485959235 
-14.718405868022241 
-14.718527230715145 
-14.718647138209153 
-14.718766030485538 
-14.718879938749929 
-14.718992722332798 
-14.719104196478927 
-14.719214346600253 
-14.719323674768948 
-14.719433723488715 
-14.719543660269277 
-14.719651746563223 
-14.719759040817072 
-14.719864075327838 
-14.719968705488217 
-14.720072739276757 
-14.7201809606517 
-14.720287648888009 
-14.720393429553036 
-14.720498409814551 
-14.720603021043281 
-14.720706809277512 
-14.720809581134358 
-14.720911644456654 
-14.721012856844776 
-14.721113901584772 
-14.721211710407278 
-14.721309473976936 
-14.721406841643518 
-14.721503914873495 
-14.721600077075562 
-14.721695972903948 
-14.72179114395808 
-14.721885734117897 
-14.721979765603564 
-14.722073098663891 
-14.722165677255182 
-14.722257559680735 
-14.722348734134387 
-14.72243944518041 
-14.722531522969788 
-14.722622919566676 
-14.722712964813407 
-14.722801899675854 
-14.722889955534846 
-14.722977238433913 
-14.723063870118615 
-14.723148983456266 
-14.7232334362197 
-14.723317314472192 
-14.723401058450317 
-14.723484111621215 
-14.723566353111911 
-14.72364733025442 
-14.723727903515915 
-14.723807824608707 
-14.723887165922669 
-14.723965820387573 
-14.724043877411424 
-14.724121311312357 
-14.72419879305963 
-14.724276164739592 
-14.724352852106165 
-14.724428981014619 
-14.724503883779764 
-14.724578236131451 
-14.724652420994367 
-14.724726233101116 
-14.724799836412334 
-14.724873056313738 
-14.724945479471915 
-14.725017858635809 
-14.725089723760274 
-14.725161154522638 
-14.725232845533498 
-14.72530460742389 
-14.725376802883368 
-14.72544998606745 
-14.725522600967107 
-14.72559467276761 
-14.725666721439605 
-14.725738296397559 
-14.725809401042802 
-14.72587922359303 
-14.725947717625049 
-14.726015782627014 
-14.726083468999104 
-14.726150671525172 
-14.726217400514024 
-14.726283505490333 
-14.726348803484271 
-14.72641372896035 
-14.726478238096707 
-14.72654180985791 
-14.72660518924153 
-14.726668052198626 
-14.72673045081391 

 Time 
92835.15850019455 
