Energy 
 
-2.0597577698762626 
-5.643878953701554 
-3.2555679331106906 
-3.4601924327369047 
-1.944953812989162 
-1.9061562189962022 
-3.1215947575458327 
-4.904736192698679 
-3.663216861424491 
-6.598302702664395 
-7.213865572370485 
-6.974559714276033 
-8.947679247775707 
-9.35913664906094 
-9.943030359284615 
-10.35270378173122 
-10.91430237761358 
-11.192337970752849 
-11.523348896502663 
-11.775184267545162 
-12.053948813338803 
-12.2325217403662 
-12.418689388055675 
-12.549475561281492 
-12.666634564920322 
-12.780572795318943 
-12.854789069995945 
-12.90801685764299 
-12.98144258109738 
-13.02678543524014 
-12.967978339663205 
-12.969258443941548 
-12.940844372530972 
-13.154303449058252 
-13.122400193059008 
-13.269922839403424 
-13.339558051305785 
-13.39274398057515 
-13.435332655354935 
-13.474470810357651 
-13.50956660598272 
-13.544223638299872 
-13.575018864340613 
-13.604564064860602 
-13.635538184665336 
-13.663227317635803 
-13.689540332576488 
-13.715748299638516 
-13.740086085970376 
-13.764182216724715 
-13.787223147091867 
-13.810546594202481 
-13.832347683018131 
-13.851539869152532 
-13.870430355008626 
-13.876876043728096 
-13.834234389969954 
-13.919335713670076 
-13.936690006175533 
-13.952463396408493 
-13.96750236721198 
-13.981795392428499 
-13.99542267394138 
-14.008561467388558 
-14.021817956124814 
-14.033990286924768 
-14.045774928921764 
-14.05688494029047 
-14.066634410540608 
-14.075832527587593 
-14.084796074730551 
-14.092740964781623 
-14.10011933402496 
-14.096835527147332 
-14.10598322990772 
-14.098068278805837 
-14.115264928023196 
-14.128526517565861 
-14.141127884427256 
-14.148590717755733 
-14.15532266436451 
-14.161499970024948 
-14.167389920143593 
-14.173116308513022 
-14.178652822845695 
-14.184023468029546 
-14.189024054044987 
-14.193764766533537 
-14.19842815718264 
-14.202976489947527 
-14.207386152049502 
-14.211716565796923 
-14.215881661922007 
-14.219912089148087 
-14.223811674430845 
-14.227594387032806 
-14.231273805650725 
-14.234915235516402 
-14.23845028956204 
-14.241908209363393 
-14.24524937223036 
-14.24843286140358 
-14.251508221493982 
-14.254500699864014 
-14.25739891607539 
-14.260229571686843 
-14.263023199926796 
-14.265743647639068 
-14.268412673632842 
-14.270539204648642 
-14.270850174034367 
-14.270557739763198 
-14.267789933943734 
-14.270133008990069 
-14.283488396377301 
-14.286117647911507 
-14.28850146120731 
-14.290833003019142 
-14.29311935527496 
-14.295368553109462 
-14.297576064291864 
-14.299760452961536 
-14.30191174762792 
-14.303985548871093 
-14.306059401232524 
-14.308009965304656 
-14.310123171815693 
-14.31211772840526 
-14.314485796049645 
-14.316696132003258 
-14.318866314229421 
-14.320990208926482 
-14.323104145370273 
-14.325558221110443 
-14.327939748179105 
-14.330250626996724 
-14.332510303742561 
-14.334741521859701 
-14.336912445134205 
-14.339048007531108 
-14.341135753186718 
-14.343197150180847 
-14.345124966601752 
-14.347009080288036 
-14.348857876318874 
-14.350668520202477 
-14.352433218630452 
-14.354161107409588 
-14.355840560426019 
-14.357493620989532 
-14.359081813386076 
-14.360622652840089 
-14.362239147798538 
-14.363697775102917 
-14.365153842561302 
-14.366580555001779 
-14.36793682211365 
-14.369249391079148 
-14.370597208409036 
-14.371920486351211 
-14.373218802102137 
-14.374506760415347 
-14.375934888173406 
-14.377325720508786 
-14.378690661349124 
-14.38002723893187 
-14.381336519551475 
-14.382626069616073 
-14.383884168376728 
-14.385197874999037 
-14.386311096167265 
-14.38738661324111 
-14.388492561079422 
-14.389589653826421 
-14.390721827463711 
-14.39182681909129 
-14.39291236439692 
-14.39397962881069 
-14.395019291710128 
-14.396044402918294 
-14.397061806178565 
-14.398064852617795 
-14.399048905299702 
-14.400035508984264 
-14.401010277905176 
-14.40203887524274 
-14.403009919583402 
-14.403967395764608 
-14.404956714955919 
-14.405941338121309 
-14.406920340376743 
-14.407868805935008 
-14.408804075645877 
-14.409659638292773 
-14.410500310791338 
-14.411332586600212 
-14.4121468229396 
-14.412951187740033 
-14.413755132353021 
-14.414556008557527 
-14.415351953871772 
-14.416124816112951 
-14.416891009421642 
-14.417658516278658 
-14.418422403578578 
-14.419169305326143 
-14.419901451734182 
-14.420688300199453 
-14.421464771927239 
-14.422235202189588 
-14.42299733365224 
-14.423747190906786 
-14.42448255376326 
-14.425228801400767 
-14.425973372543577 
-14.426739327170807 
-14.427496841543 
-14.428268564954559 
-14.42903119460888 
-14.429803552162113 
-14.43056927314439 
-14.431324546713173 
-14.432073096722563 
-14.432806151081582 
-14.433544369187555 
-14.434278183339986 
-14.434994577179026 
-14.435707389630451 
-14.436418422301365 
-14.4371222247679 
-14.437819842332758 
-14.438499199036327 
-14.439174280082256 
-14.439843230067916 
-14.440492358250667 
-14.44112496536588 
-14.441752333351822 
-14.442371070809438 
-14.442986032632264 
-14.443616547202774 
-14.44424432417749 
-14.444865422337244 
-14.44548106317153 
-14.446089034160329 
-14.44669698575771 
-14.447302387408977 
-14.447904286306956 
-14.448505947698312 
-14.449104218700008 
-14.449698535536722 
-14.45029509577894 
-14.450888338617482 
-14.451478637651086 
-14.452138669793735 
-14.452780923474888 
-14.453409898446953 
-14.454035335457759 
-14.454651728417245 
-14.455262348436351 
-14.455868650765039 
-14.456477823364388 
-14.45708259262402 
-14.457683491255228 
-14.458284888063947 
-14.458851875591485 
-14.45941037564652 
-14.459962876270575 
-14.460512426212851 
-14.46105820491743 
-14.461597998578286 
-14.462129794910723 
-14.462656407533643 
-14.463186785147663 
-14.463721856290157 
-14.464259169145615 
-14.464794957989811 
-14.465304564077531 
-14.465807000208878 
-14.466306923739715 
-14.466795945660378 
-14.467280410848478 
-14.467762854189308 
-14.46824352950696 
-14.468721792415337 
-14.469196383904832 
-14.469668283480296 
-14.47013775597091 
-14.470605304829585 
-14.471070904364591 
-14.471539283473518 
-14.472005186298563 
-14.472472462668 
-14.472924917364178 
-14.473375969896097 
-14.47382468644851 
-14.474270449867555 
-14.474724537059272 
-14.475176782689159 
-14.475628956933503 
-14.476078050527445 
-14.476521894247208 
-14.476962033959046 
-14.477398991846618 
-14.477834133617424 
-14.478268652898715 
-14.478699582760472 
-14.479129038714328 
-14.479557695673469 
-14.479987978762738 
-14.480412995320604 
-14.480835576237139 
-14.481258778609195 
-14.481680830010694 
-14.482102845647841 
-14.482529607812948 
-14.482950408684468 
-14.483369225189044 
-14.483787863388857 
-14.484205386286302 
-14.4846220836458 
-14.485037394953864 
-14.485451250111733 
-14.485863753061862 
-14.486276175165509 
-14.486687443996216 
-14.487097530925631 
-14.487513828918672 
-14.487928821329339 
-14.488345487324198 
-14.488761295676865 
-14.489176015465373 
-14.489588730384678 
-14.489998946510429 
-14.490410541052409 
-14.490820750081713 
-14.491230455446853 
-14.491638969627175 
-14.49204641869595 
-14.492452757238286 
-14.492858475393847 
-14.493264210241424 
-14.493668847751083 
-14.494071054931192 
-14.494473174878957 
-14.494874243939398 
-14.495274451243978 
-14.49567351733148 
-14.496071570033218 
-14.496468948371154 
-14.496864745079062 
-14.497260676767178 
-14.497655706476436 
-14.498047136145752 
-14.498437144732035 
-14.498820823835286 
-14.49920396997364 
-14.499586923054116 
-14.499968855730334 
-14.500350361208364 
-14.500731030130574 
-14.501108722438161 
-14.501488602684404 
-14.501867098134458 
-14.502244633749635 
-14.502621549944177 
-14.50299554216749 
-14.503367974953818 
-14.503739580134857 
-14.504109874921395 
-14.504478480545984 
-14.504845598422113 
-14.505208828879985 
-14.50557188355531 
-14.505933035361638 
-14.506293468693464 
-14.506651144900884 
-14.507003452364758 
-14.507354884695944 
-14.507705758981956 
-14.50805731825252 
-14.50840918786517 
-14.508760513986772 
-14.509110311645504 
-14.509459377204438 
-14.509808259934868 
-14.51015440175849 
-14.510500523687877 
-14.51084653527022 
-14.51119202498245 
-14.51153713288835 
-14.51188192562224 
-14.512226295427816 
-14.512569798821973 
-14.512912733236945 
-14.513255769742646 
-14.513598910048232 
-14.513941831472057 
-14.514284155700704 
-14.514627682650804 
-14.514973302561108 
-14.515315521005594 
-14.51565734470463 
-14.515998735760782 
-14.516341234981882 
-14.516683245108121 
-14.517024009093936 
-14.517365302289852 
-14.51770614784863 
-14.518046546591542 
-14.518385793275286 
-14.518724609594164 
-14.51906564441955 
-14.51940932837572 
-14.519752512468413 
-14.52010209163378 
-14.52045283363442 
-14.520802296186812 
-14.521152450970366 
-14.521502594551613 
-14.521852185733803 
-14.522200948006198 
-14.522551363508299 
-14.522903360063799 
-14.52325285534722 
-14.523603325265903 
-14.523952982835551 
-14.524303249237489 
-14.524647527662303 
-14.524991038369555 
-14.525333995457375 
-14.525676112673615 
-14.526018054029775 
-14.526360245627064 
-14.52670199005418 
-14.527043247086402 
-14.52738395510285 
-14.527722278227916 
-14.528060513181877 
-14.528398377016575 
-14.528739490168633 
-14.529079553683678 
-14.529418886645185 
-14.52975804869219 
-14.530096189705192 
-14.530436172421293 
-14.530775699012723 
-14.53111409351532 
-14.531452440800752 
-14.531789216713351 
-14.53212251227309 
-14.53245587219099 
-14.532791101927765 
-14.533124887660541 
-14.533459127774158 
-14.533792808106927 
-14.534123542502027 
-14.534453879958255 
-14.534784008247772 
-14.535114329379105 
-14.535442723406511 
-14.535770550734586 
-14.536096686730291 
-14.53642182098556 
-14.536746853465939 
-14.537070388160934 
-14.537394991567291 
-14.53771811455468 
-14.538038989001263 
-14.538359478055723 
-14.538679463419967 
-14.539001611569661 
-14.539322207944359 
-14.539641858656278 
-14.539960181423506 
-14.540278221603536 
-14.540597946563775 
-14.54091761149835 
-14.541237026518866 
-14.541555521948501 
-14.541874332783197 
-14.54219287696547 
-14.542511894945303 
-14.542830551329423 
-14.543148845692834 
-14.543467245564532 
-14.543784213489834 
-14.544100057944467 
-14.544414714998515 
-14.54472917617761 
-14.545042945780722 
-14.545356457639643 
-14.54567003847691 
-14.545984747447324 
-14.546296981223279 
-14.546608752393988 
-14.546919999826471 
-14.547230767853636 
-14.547541185578474 
-14.547851664365561 
-14.548163947515143 

 Time 
1760.4793286323547 
