Energy 
 
-6.8163196077921775 
-6.990241423369795 
-7.082017114629878 
-7.90888720348952 
-7.44633773376224 
-7.680668653081479 
-7.898352095434133 
-7.368230183826324 
-7.7308829117794975 
-7.480688423118442 
-8.912941245716285 
-9.429548291226448 
-9.02267809263521 
-9.289496460384592 
-9.31708087628344 
-9.498442273547898 
-9.798238994647033 
-10.079548324468465 
-10.237900693650229 
-10.393769997973333 
-10.534807287877122 
-10.577573445567854 
-10.620794441853729 
-10.698350087578143 
-10.79130094754479 
-10.925174899923206 
-11.015325972119836 
-11.154739810253101 
-11.300250886605507 
-11.431629660500477 
-11.577444865484695 
-11.709188630131491 
-11.875498117864534 
-12.00359221573413 
-12.09606622078559 
-12.163203982915558 
-12.380148215652458 
-12.510058599658052 
-12.752820042138142 
-12.906899863321199 
-13.043054055270852 
-13.214968978275419 
-13.394330983888931 
-13.567041328713298 
-13.727379169605546 
-13.886989349433659 
-14.048571193807959 
-14.20595583729314 
-14.371982512375657 
-14.515125790067911 
-14.546008314670132 
-14.80382540065675 
-14.75734353458368 
-15.06720990278583 
-15.282110891237535 
-15.342503638646084 
-15.451137482169738 
-15.565418572941903 
-15.68148084608538 
-15.793837343367786 
-15.898712632045507 
-15.996814123734346 
-16.07242636296935 
-16.094514611069926 
-16.260550510068633 
-16.359437424963666 
-16.434206479222347 
-16.50262663330772 
-16.56328283398129 
-16.622853970105886 
-16.678763742532755 
-16.74233613249499 
-16.84084593554789 
-16.912985363120633 
-16.99649906029528 
-17.026599030929827 
-17.087539482714014 
-17.11710842880224 
-17.172967556054946 
-17.203107304920096 
-17.25281666298829 
-17.273053381120835 
-17.324993461771545 
-17.359698957594023 
-17.389493222934334 
-17.419747623897436 
-17.448610075427823 
-17.476794810158616 
-17.50319230840656 
-17.52343170436359 
-17.544750778165124 
-17.558368261332298 
-17.570296096418026 
-17.606638275177637 
-17.63535842439257 
-17.653432152141725 
-17.668988958581657 
-17.692432586938924 
-17.708769154028822 
-17.72697859054133 
-17.74180784410134 
-17.756286865610107 
-17.783061086037414 
-17.801731459968206 
-17.82320649969792 
-17.832895215921987 
-17.80766367696956 
-17.86522590318447 
-17.897449227906577 
-17.9151297405941 
-17.928839775746862 
-17.94842270633646 
-17.95652663869075 
-17.98399043254367 
-17.99782486234128 
-18.011980735444855 
-18.02682292619666 
-18.043041311594557 
-18.04921106977616 
-18.069025594229657 
-18.080273946178544 
-18.09414198850689 
-18.107027874160906 
-18.120019746928648 
-18.1330828490399 
-18.146358933045107 
-18.159870517050376 
-18.173145700467526 
-18.18738355578339 
-18.199527197590253 
-18.21540834431386 
-18.230071637593376 
-18.248077707896716 
-18.26700689148648 
-18.28534568591285 
-18.30373199432482 
-18.32237547391929 
-18.34099707495302 
-18.362375625030467 
-18.38380780788058 
-18.40791111180206 
-18.430514728560983 
-18.444974053910244 
-18.451340312994436 
-18.483748755606605 
-18.48976987332648 
-18.543806356925572 
-18.56841703095355 
-18.593998451940692 
-18.619223440463806 
-18.64555628452357 
-18.672972318931794 
-18.703034350592358 
-18.73317779449753 
-18.763248398991106 
-18.795215608097525 
-18.82879243178681 
-18.863237016677843 
-18.897545149842617 
-18.932737837761227 
-18.968678524040293 
-19.005616643403854 
-19.040716891822257 
-19.07842839142709 
-19.11944513540334 
-19.159807831752804 
-19.199449671093696 
-19.239564508534816 
-19.28030607811199 
-19.32106682108375 
-19.362248695680314 
-19.40113990677968 
-19.439318359167135 
-19.476917644810953 
-19.513262512480207 
-19.549880215085103 
-19.581044498544063 
-19.61414338992471 
-19.631138153331577 
-19.663646316790402 
-19.699617857063814 
-19.723507875445037 
-19.775095987289177 
-19.687777011333537 
-19.80828902945967 
-19.796308788320705 
-19.821255554018155 
-19.825397897746573 
-19.840090473332495 
-19.87648500161125 
-19.919606295757536 
-19.940954373250698 
-19.97217777177189 
-19.996163390568253 
-20.01925756901606 
-20.041559538810876 
-20.06216591960546 
-20.081760529914515 
-20.10036883904975 
-20.11813222916632 
-20.134970581059264 
-20.151160082276277 
-20.166744081534638 
-20.18340706622673 
-20.199096599818347 
-20.214243005924523 
-20.228380743168398 
-20.242092276003735 
-20.255444375562604 
-20.268420109934137 
-20.28115354431215 
-20.293507969342215 
-20.3054924103667 
-20.317104968884195 
-20.328540032129368 
-20.33969995496306 
-20.350569836190356 
-20.361403277314547 
-20.37194860903352 
-20.382218361357133 
-20.39226604611788 
-20.402087996544427 
-20.41168021640358 
-20.421271202655674 
-20.430667132000067 
-20.43982345150345 
-20.44872902883109 
-20.457401947492983 
-20.465837065711497 
-20.474090283004475 
-20.482111463051375 
-20.49006776898958 
-20.497858948860884 
-20.50547164926406 
-20.51294645551735 
-20.520275667853703 
-20.527450171890052 
-20.53451388527466 
-20.54138312349524 
-20.54798820834358 
-20.55437141047451 
-20.560631662349913 
-20.56686869113748 
-20.572955090656496 
-20.57892911626862 
-20.584773228625814 
-20.590507741530345 
-20.596135403799497 
-20.60169841612003 
-20.60713592115549 
-20.61246927410957 
-20.617721713817236 
-20.622892184462433 
-20.627936961829647 
-20.63289407020745 
-20.63779502206123 
-20.642583490901323 
-20.647279114603233 
-20.651883650810852 
-20.656389579097148 
-20.660801246825695 
-20.665144047270186 
-20.66941151537184 
-20.673606477036213 
-20.677684250228694 
-20.68170723261237 
-20.685660433941116 
-20.689533953696095 
-20.69330891971924 
-20.697025505207947 
-20.70054666579411 
-20.703978831692606 
-20.70734467054382 
-20.710644987499965 
-20.713884480448925 
-20.717065242551314 
-20.720197464850514 
-20.72329809339065 
-20.726337249395662 
-20.729315894877626 
-20.73224481000399 
-20.735132174055497 
-20.737971877917794 
-20.7407656703103 
-20.74351511535129 
-20.746212978152055 
-20.748873230060713 
-20.751490264129824 
-20.754065910275898 
-20.756634367652904 
-20.759149114316003 
-20.761617551787673 
-20.76404819691715 
-20.766422572346695 
-20.768775879999346 
-20.77109147326145 
-20.77337249162099 
-20.775619334041377 
-20.777832137797056 
-20.78000691880667 
-20.782144306556237 
-20.78422928592478 
-20.786286589877186 
-20.788315595096932 
-20.790282966620023 
-20.79221802648235 
-20.79411454143152 
-20.795957509316278 
-20.797768264029855 
-20.799549157337626 
-20.801302465307092 
-20.80302914493401 
-20.804729109482118 
-20.806401451076415 
-20.808043752692647 
-20.809650881708517 
-20.811226434886223 
-20.812780919366183 
-20.8143142486268 
-20.815821797796872 
-20.817307678254547 
-20.818772242589407 
-20.82021266398261 
-20.821631814202703 
-20.823031570102096 
-20.824411753915474 
-20.825771659804893 
-20.827112374118457 
-20.828425815308968 
-20.829720740146783 
-20.830997704141325 
-20.832257643002823 
-20.83349532476931 
-20.8347147181097 
-20.83591667979257 
-20.837101230159714 
-20.838266753058605 
-20.83941568897403 
-20.840547563348192 
-20.841662456932372 
-20.842758128396028 
-20.843845285699274 
-20.84491639851993 
-20.845971139122817 
-20.847008281287373 
-20.847974029085215 
-20.848815049824424 
-20.849555532765635 
-20.850201288787595 
-20.850734283249224 
-20.851212452146143 
-20.851620322760542 
-20.85176394675662 
-20.851789380068183 
-20.851731914302633 
-20.85169745907244 
-20.851616715207044 
-20.8515092273145 
-20.851318244475962 
-20.853047691828095 
-20.854611888578603 
-20.854265544499277 
-20.853875990640958 
-20.853261602533415 
-20.852660977380665 
-20.851859575667177 
-20.85072875010569 
-20.848801446964742 
-20.846589792166988 
-20.84257448693804 
-20.83792899188275 
-20.83153064276483 
-20.825288910720573 
-20.81936560562382 
-20.81249520645237 
-20.805554695276168 
-20.800710223237026 
-20.79484558846246 
-20.788437304302484 
-20.782222456376527 
-20.776143721276934 
-20.770708271215398 
-20.76521362715914 
-20.75815747252745 
-20.751288218143518 
-20.742695645086183 
-20.73333295125919 
-20.725631263313385 
-20.716830967884853 
-20.70692301672556 
-20.696379580953305 
-20.687438968832915 
-20.676982231285578 
-20.66594389773724 
-20.653654721569872 
-20.63929353187533 
-20.622247697377553 
-20.607332770110776 
-20.59509834039908 
-20.579959310759712 
-20.563641943791335 
-20.54838037233564 
-20.530783061468398 
-20.51104410366202 
-20.48861304230174 
-20.468968742345915 
-20.446615941016702 
-20.413777636812448 
-20.37522120870871 
-20.33582129998223 
-20.290953603999746 
-20.23908966656933 
-20.180227257065688 
-20.102988910917716 
-20.01926604429927 
-19.933697789800036 
-19.838359684894076 
-19.72829966506916 
-19.62329519759765 
-19.516477110164182 
-19.40093418066135 
-19.275011330477867 
-19.142171233552425 
-19.27660352386691 
-19.40211492249983 
-19.52069580926987 
-19.422256174080292 
-19.307721088941406 
-19.172255726919424 
-19.0149980753867 
-18.832148817953755 
-18.60058498671558 
-18.357444940628994 
-18.091340484446878 
-17.82190094696893 
-17.551766739823798 
-17.280733149959826 
-17.040894093317196 
-16.871897125741675 
-16.75300031116973 
-16.87703039652786 
-16.99335194553374 
-17.10535854925702 
-17.21789163195814 
-16.972925033847368 
-16.784899175365865 
-16.683063838946648 
-16.68835256854822 
-16.753755760825857 
-16.86286816133635 
-16.99535246423046 
-17.149055025605545 
-17.310743110758334 
-17.474514508397917 
-17.6388264788335 
-17.79929395035463 
-17.953249477785388 
-18.101790195982502 
-18.243999652308112 
-18.378432538356886 
-18.508106719313467 
-18.628562374684858 
-18.741342718588246 
-18.844857601629705 
-18.94217710988509 
-19.031309788197618 
-19.11461081133011 
-19.19294388526947 
-19.26595586111978 
-19.329100138694287 
-19.387563019466853 
-19.449032348086103 
-19.5069098631479 
-19.560049099200487 
-19.60121687498754 
-19.637520461092272 
-19.66706834921772 
-19.69217028162698 
-19.71361699517158 
-19.729991974717983 
-19.741372947748136 
-19.74898299547525 
-19.744761659108747 
-19.739500350943526 
-19.728726940831056 
-19.721521899860313 
-19.711211597152353 
-19.695861703957693 
-19.674804375622077 
-19.64593705092402 
-19.61175741738329 
-19.57224731106593 
-19.540383721283483 
-19.504610774590773 
-19.464244170498993 
-19.420111314088643 
-19.377121484717236 
-19.330220297187914 
-19.28011141351022 
-19.217500162978066 

 Time 
31957.666344881058 
