Energy 
 
-5.5082757847241295 
-5.859624543195267 
-5.801807144416351 
-6.067937620247906 
-6.0758278566144135 
-7.002961244537935 
-7.86187817220806 
-6.567965717292838 
-6.7091739482551205 
-5.879671209548192 
-5.439063024775429 
-7.634622269362145 
-8.39195072467294 
-9.437076174340177 
-10.150311769231005 
-10.761708613634912 
-11.291214559557872 
-11.872038828091954 
-12.307696367010038 
-12.710016269028738 
-13.127810358474761 
-13.523172479911864 
-14.00681951077457 
-14.55039134448463 
-14.98697192465092 
-15.384552360618327 
-15.9084168151207 
-16.292415269820758 
-16.75079416970948 
-17.102982841460594 
-17.43237694751594 
-17.721282396212196 
-17.962225275356264 
-18.276484249405474 
-18.539418402000667 
-18.7795051476786 
-19.039195755581368 
-19.350442161424965 
-19.62467404118835 
-19.863653048213163 
-20.03691594945301 
-20.285174374784866 
-20.476210292522033 
-20.625514043437423 
-20.789748011205134 
-20.922172424552976 
-21.03432268768848 
-21.134936510334416 
-21.22933839760703 
-21.314025264351685 
-21.39145157582629 
-21.46351747411584 
-21.530921013763354 
-21.594337292716695 
-21.653657968687593 
-21.60326297465083 
-21.689702501854253 
-21.787455966473974 
-21.833370792090918 
-21.900589356143776 
-21.95770661467373 
-21.96467816458247 
-21.899679582483383 
-21.982440209131337 
-22.09363214641432 
-22.1404950263979 
-22.175121755741483 
-22.20694317172303 
-22.23742951868236 
-22.267098947380756 
-22.297046112720402 
-22.318133524724722 
-22.331947740057917 
-22.271957961697066 
-22.392756868688846 
-22.433882055278307 
-22.457640026064517 
-22.47978049011618 
-22.49932594700568 
-22.521964220929505 
-22.54231802251509 
-22.56205071319308 
-22.580386883093396 
-22.600472189718822 
-22.61446410435457 
-22.62806415739137 
-22.642375735679867 
-22.666362217011372 
-22.687298258443818 
-22.704086760858193 
-22.720500964312254 
-22.736316268329965 
-22.752852673421902 
-22.768530315188833 
-22.783717296681424 
-22.79859311376678 
-22.81226065808699 
-22.825375738619414 
-22.838056746054118 
-22.85037922662348 
-22.862328684018554 
-22.873869920730815 
-22.885561611750102 
-22.896526450748986 
-22.90709740972769 
-22.91734666999735 
-22.927284870854468 
-22.936932331670153 
-22.946304907145308 
-22.955397806008897 
-22.96423002563749 
-22.97272858934822 
-22.98074908002279 
-22.982195795054302 
-22.978307367086092 
-22.9893908424508 
-23.012162365338238 
-23.019658927014152 
-23.026561794395 
-23.033065456084838 
-23.0396027239276 
-23.046164711698594 
-23.0518042934178 
-23.05686766615148 
-23.062715254104805 
-23.07058037828678 
-23.07856591954696 
-23.084384250071572 
-23.089915342498212 
-23.095240677937817 
-23.10057607756078 
-23.105673446770705 
-23.110021805513753 
-23.109790368960795 
-23.118384390259845 
-23.122904838263256 
-23.127091029035004 
-23.131081697369005 
-23.13494658104444 
-23.138679204934576 
-23.142352123716506 
-23.14591405112838 
-23.149398167158015 
-23.15274569041118 
-23.15596225052087 
-23.15906943496015 
-23.16206055250403 
-23.16494814878018 
-23.167737519213627 
-23.170433332506605 
-23.17304466728876 
-23.175580950216307 
-23.178037346892665 
-23.18039457656231 
-23.182697719598877 
-23.18492339115026 
-23.187072056738685 
-23.189136752064243 
-23.191138091003634 
-23.193076323660172 
-23.194988927143157 
-23.196866718304005 
-23.198797710886534 
-23.200708466160016 
-23.202534388379288 
-23.20425585726848 
-23.20595687211438 
-23.2075828050742 
-23.209138389665224 
-23.21062999445324 
-23.21209587930368 
-23.213496778419547 
-23.21485781748094 
-23.216168579447768 
-23.217423862660628 
-23.218628033455975 
-23.219779495374283 
-23.220885521688942 
-23.221949546071876 
-23.222975026855593 
-23.22396029401228 
-23.22490704543078 
-23.225817117060043 
-23.226691222749334 
-23.2275286087344 
-23.22833294915221 
-23.229105345177736 
-23.22984605879422 
-23.23055805534886 
-23.231235171975616 
-23.231886209359864 
-23.23251074496413 
-23.2331121869379 
-23.233689244954682 
-23.23424514877919 
-23.23477897151247 
-23.23529184684792 
-23.23579515729875 
-23.236274753942553 
-23.23673529798273 
-23.237177512662583 
-23.237602313138865 
-23.238030187565588 
-23.238435364115794 
-23.238822355703444 
-23.239204099813154 
-23.239567534966202 
-23.239914284097676 
-23.24024933976728 
-23.24057419600934 
-23.240878092381585 
-23.241167934786134 
-23.241440255295487 
-23.241701667011693 
-23.241953147392596 
-23.242192877106675 
-23.242421202432034 
-23.242640881357733 
-23.242850165172 
-23.243051467667616 
-23.243245163905733 
-23.243430201974093 
-23.243607277615922 
-23.243776848470954 
-23.24394131458082 
-23.24409299031219 
-23.24423597554987 
-23.244372442719303 
-23.24450323325872 
-23.244622956862298 
-23.244736795659023 
-23.244845382718026 
-23.244949266189156 
-23.245048829093093 
-23.245144326076016 
-23.24523630357897 
-23.245325243745206 
-23.2454097827316 
-23.245490589935223 
-23.24556842568139 
-23.24564364479256 
-23.245713298271614 
-23.245780269664852 
-23.245844012177532 
-23.245905524895676 
-23.245965102494466 
-23.24602229963427 
-23.24607766538942 
-23.246131182299898 
-23.246182978610975 
-23.246233180275777 
-23.246281798611843 
-23.24632906213535 
-23.246374862293735 
-23.246419246493485 
-23.246462539662677 
-23.24650506813324 
-23.24654701395742 
-23.246587544997375 
-23.246626237570414 
-23.246663980527693 
-23.24670052601952 
-23.246735778877216 
-23.246769908705865 
-23.24680305189732 
-23.246835181449498 
-23.246866701305102 
-23.24689723612994 
-23.24692660259682 
-23.246955086404732 
-23.24698280613998 
-23.247009684509884 
-23.247035799704904 
-23.24706109571316 
-23.24708561339791 
-23.247109296228707 
-23.24713226428021 
-23.24715458057892 
-23.247176322401952 
-23.24719735271012 
-23.2472176901942 
-23.247237502685515 
-23.247256664039543 
-23.24727527140716 
-23.247293312215717 
-23.247310845444236 
-23.24732782835961 
-23.247344388605846 
-23.247360684122746 
-23.247376584458532 
-23.24739202622605 
-23.24740702156863 
-23.247421208799334 
-23.247435004765897 
-23.247448456856866 
-23.247461580295944 
-23.24747425472647 
-23.24748657570787 
-23.247498559226333 
-23.24751042768147 
-23.247522010641514 
-23.247533313464263 
-23.247544183752265 
-23.247554733797763 
-23.247564996916232 
-23.247575092091843 
-23.247584910007742 
-23.247594559894083 
-23.24760393004806 
-23.247613032763248 
-23.247621885481717 
-23.247630492787586 
-23.24763886245601 
-23.247646978918347 
-23.247654891839595 
-23.247662573335308 
-23.24767005406493 
-23.24767733964376 
-23.24768436992983 
-23.247691240032687 
-23.247697930380408 
-23.24770444568482 
-23.247710790247776 
-23.24771709906666 
-23.247723200744396 
-23.247729148407192 
-23.24773486482502 
-23.247740439739147 
-23.247745883077556 
-23.247751135974998 
-23.2477561797696 
-23.247761097172486 
-23.247765867282382 
-23.247770464256757 
-23.247774942696545 
-23.247779307072584 
-23.24778357136607 
-23.247787722601682 
-23.247791768669664 
-23.24779572437996 
-23.247799583917203 
-23.24780334919365 
-23.24780702207615 
-23.247810612256913 
-23.247814115380965 
-23.24781753954145 
-23.247820881329698 
-23.247824137600613 
-23.247827317283132 
-23.247830403045825 
-23.247833412672783 
-23.24783635169601 
-23.247839229913932 
-23.247842020582695 
-23.247844742338785 
-23.247847398922172 
-23.24785003430651 
-23.24785261019883 
-23.24785512324839 
-23.247857575148423 
-23.24785996093958 
-23.247862291654933 
-23.247864567018024 
-23.247866788879186 
-23.24786895527116 
-23.247871062610187 
-23.2478731241856 
-23.247875136897715 
-23.24787712939256 
-23.247879073126974 
-23.24788097147789 
-23.24788281871064 
-23.247884622838125 
-23.247886397804937 
-23.24788813469387 
-23.24788982391999 
-23.247891469697596 
-23.247893076040462 
-23.24789464009643 
-23.24789616658837 
-23.247897655886653 
-23.247899140122847 
-23.24790057296503 
-23.24790196315484 
-23.247903325270475 
-23.247904655372487 
-23.247905953121652 
-23.24790722653602 
-23.2479084737882 
-23.24790969307696 
-23.24791087720506 
-23.247912034478468 
-23.24791316390308 
-23.247914266203047 
-23.247915341446912 
-23.247916391328154 
-23.24791741054765 
-23.247918390145294 
-23.24791934697152 
-23.247920278173794 
-23.247921179041672 
-23.247922059984994 
-23.247922915250605 
-23.247923748578774 
-23.247924563468843 
-23.247925358252115 
-23.24792613666911 
-23.247926900078276 
-23.2479276461715 
-23.247928374839763 
-23.247929080605218 
-23.247929772784747 
-23.247930448686645 
-23.247931109592365 
-23.24793175662724 
-23.24793238818946 
-23.247933006729294 
-23.24793360525811 
-23.24793419100811 
-23.247934763888733 
-23.24793532926576 
-23.24793588291141 
-23.247936426042656 
-23.247936957067814 
-23.247937476411458 
-23.247937979637484 
-23.247938477346644 
-23.247938965236195 
-23.247939442944997 
-23.247939909762163 
-23.247940365751024 
-23.24794081313549 
-23.24794124996174 
-23.247941676872593 
-23.24794209358013 
-23.247942490663064 
-23.24794288205678 
-23.24794325906179 
-23.24794362777178 
-23.24794398824062 
-23.247944340791914 
-23.247944685691643 
-23.247945017469704 
-23.24794534339474 
-23.247945662390237 
-23.24794597538146 
-23.247946280567376 
-23.247946579193005 
-23.247946871489923 
-23.24794715788175 
-23.247947438647532 
-23.247947711196375 
-23.247947977841587 
-23.24794823866302 
-23.247948494246906 
-23.247948742181755 
-23.247948986402587 
-23.247949226425625 
-23.247949461572148 
-23.247949691611424 
-23.247949916914468 
-23.247950137669097 
-23.24795035386431 
-23.2479505655412 
-23.247950774046554 
-23.247950978241576 
-23.247951178246723 
-23.24795137424855 
-23.24795156623428 
-23.24795175443284 
-23.24795193851572 
-23.247952118537462 
-23.24795229492998 
-23.247952467807476 
-23.24795263624786 
-23.24795280205815 
-23.247952964489333 
-23.24795312355944 
-23.247953278563276 
-23.247953429646014 
-23.247953577191304 
-23.247953721833635 
-23.247953863501785 
-23.247954002444366 
-23.24795413936791 
-23.247954273521774 
-23.2479544048748 
-23.247954533668004 
-23.24795465987982 
-23.247954784235183 
-23.247954906139707 
-23.24795502551511 
-23.247955141862246 
-23.24795525585456 
-23.24795536767341 
-23.247955477350203 
-23.247955585162984 
-23.24795569043041 
-23.24795579376562 
-23.247955895052225 

 Time 
578628.7665514946 
