Parameters 
 
[-0.5 -0.5 -0.5 -0.5 -0.5 -0.5 -0.5 -0.5 -0.5 -0.5] 
[-13.71442087 -29.72748654 -17.98902564 -30.15859985   9.38118769
   9.20754223   6.44485479  12.68189247  12.80042965  24.03652923] 
[-17.80762896 -22.3197047  -10.06592679 -33.55262012  -1.54745334
   8.51086246   6.42756337  16.06996826  11.65048839  15.08869837] 
[-23.20289719 -18.66722299 -16.59351547 -32.28165761  -4.15787633
   7.58799681   0.93373008   9.32008142  16.36611968  20.80923402] 
[-33.33145545 -17.94900161 -15.99047047 -34.91568574  -5.89375926
  -1.28911363   0.74944847  11.37217004  15.91279816  19.46858353] 
[-31.45645106 -17.72946617 -17.99503502 -33.79091794  -4.91810384
   0.48688579  -0.0518734    9.41505236  15.76458258  20.22672566] 
[-29.86793888 -17.09367761 -17.53869439 -31.83651719  -4.84204604
   0.40837278   0.4212394    8.68318077  15.53389479  20.84870523] 
[-30.47457871 -17.34215292 -17.76901869 -32.57661431  -4.80384888
   0.40714161   0.23671773   8.95116658  15.53772856  20.47498987] 
[-30.3328868  -17.37347397 -17.44473456 -32.41506374  -4.7895518
   0.27013773   0.21119534   9.07663673  15.69788163  20.20510106] 
[-30.17716774 -17.42669133 -17.35016404 -32.44532709  -4.76795949
   0.36189533   0.12923364   9.16563906  15.74288236  20.15237859] 
[-30.12135013 -17.45980841 -17.25962178 -32.53228751  -4.79108387
   0.38506766   0.03360554   9.21748295  15.77295128  20.06618511] 
[-30.2996646  -16.83628092 -16.41007533 -32.45998898  -5.08152999
   0.59943161  -0.16025249   9.7798372   16.11816333  20.00560612] 
[-30.16189111 -17.84911433 -17.53543737 -32.63432284  -4.77794143
   0.43063429  -0.09153281   9.05304515  15.97186324  19.67679596] 
[-30.12548584 -17.60816764 -17.31901305 -32.55690945  -4.718272
   0.51730325  -0.19176919   9.26805044  16.1209435   19.52236235] 
[-30.11467421 -17.50963892 -17.21958562 -32.55447045  -4.68352048
   0.5280408   -0.22937037   9.3596042   16.18039166  19.45947037] 
[-30.11679355 -17.48189349 -17.18175767 -32.58276294  -4.66146226
   0.50797416  -0.23548668   9.38859066  16.19726353  19.43716969] 
[-30.08740482 -17.49278329 -17.16827479 -32.6086258   -4.62370625
   0.41331701  -0.24410713   9.43481443  16.23347308  19.31894636] 
[-30.083708   -17.49832323 -17.15016992 -32.63165489  -4.61321805
   0.35706137  -0.22579556   9.43371248  16.23017098  19.29665653] 
[-30.07141367 -17.49763998 -17.13273473 -32.64421891  -4.59988853
   0.31015667  -0.21419154   9.43842655  16.22584286  19.26929699] 
[-30.06378765 -17.49529044 -17.12012435 -32.65454708  -4.59223745
   0.28006177  -0.20502353   9.44042699  16.2163889   19.25881242] 
[-30.05513984 -17.4934848  -17.10928784 -32.66240632  -4.58489291
   0.25265669  -0.19545783   9.44189355  16.20688767  19.2474297 ] 
[-30.05967023 -17.50397564 -17.10877262 -32.69243115  -4.5934242
   0.22887157  -0.17660524   9.4323306   16.19501448  19.23183353] 
[-30.04520651 -17.49815838 -17.09686802 -32.68841661  -4.58323995
   0.20883818  -0.16895599   9.43543035  16.18571745  19.22110071] 
[-30.05249879 -17.49714675 -17.0952424  -32.72927379  -4.59962676
   0.19043259  -0.16140756   9.4437549   16.17887907  19.18602188] 
[-30.02070374 -17.49158811 -17.08349106 -32.68420267  -4.56274701
   0.17068578  -0.14857701   9.43709447  16.1679426   19.19550846] 
[-30.03753803 -17.49436278 -17.09822955 -32.75698372  -4.59890327
   0.15853849  -0.14698809   9.46474713  16.16344746  19.14549475] 
[-30.01945224 -17.48984699 -17.08737179 -32.72964453  -4.56767337
   0.14440299  -0.1364939    9.45651013  16.15539762  19.15097508] 
[-30.00961402 -17.48752446 -17.0834597  -32.72224408  -4.55678892
   0.13742238  -0.12869      9.4554455   16.14558542  19.14314769] 
[-30.00280855 -17.48606822 -17.07984075 -32.71944607  -4.55079321
   0.13443712  -0.12128922   9.45295136  16.13383106  19.13682635] 
[-29.97982947 -17.50316518 -17.08673807 -32.68931919  -4.53880453
   0.11891815  -0.1005556    9.44292303  16.12083718  19.13647453] 
[-29.97745336 -17.49361518 -17.07977021 -32.70340168  -4.54029502
   0.11814991  -0.10086424   9.45074743  16.10897214  19.12185031] 
[-29.97169742 -17.48982406 -17.07652727 -32.70924796  -4.54086755
   0.11490517  -0.09772673   9.45534969  16.09733228  19.10795333] 
[-29.96449809 -17.4887849  -17.07387071 -32.71137043  -4.53968123
   0.10987642  -0.09287554   9.45797633  16.08587377  19.09659412] 
[-29.95434604 -17.49033185 -17.07223603 -32.70732185  -4.53580243
   0.10345703  -0.08462083   9.45640326  16.0738203   19.09018915] 
[-29.94364521 -17.49114221 -17.06845948 -32.70690099  -4.53319407
   0.09286336  -0.0790465    9.45891138  16.06191219  19.08165203] 
[-29.93253879 -17.4940021  -17.06459501 -32.70796223  -4.53321376
   0.08160116  -0.07280595   9.45953256  16.04860105  19.07410316] 
[-29.91843929 -17.49313291 -17.05528721 -32.70967585  -4.53275221
   0.06721789  -0.0701249    9.46202147  16.03495527  19.06875908] 
[-29.90168055 -17.49021243 -17.04350866 -32.70828266  -4.53020487
   0.05069581  -0.06893683   9.46533132  16.02132685  19.06469677] 
[-29.89382626 -17.4982042  -17.04657153 -32.71161012  -4.53122575
   0.04247918  -0.06077757   9.46352085  16.00996663  19.05726884] 
[-2.98805303e+01 -1.74979831e+01 -1.70396739e+01 -3.27087279e+01
 -4.52729783e+00  3.12254069e-02 -5.76356872e-02  9.46398741e+00
  1.59979933e+01  1.90537733e+01] 
[-29.88614829 -17.5173022  -17.06120003 -32.72247173  -4.53365811
   0.03491984  -0.04634229   9.46246366  15.99059416  19.03887563] 
[-2.98079405e+01 -1.74458180e+01 -1.69634580e+01 -3.26614857e+01
 -4.49171907e+00 -1.79329140e-02 -7.92873462e-02  9.48148886e+00
  1.59683361e+01  1.90723284e+01] 
[-2.98497626e+01 -1.75397748e+01 -1.70692033e+01 -3.27270536e+01
 -4.51961236e+00 -2.41834922e-03 -4.79260020e-02  9.47862974e+00
  1.59693842e+01  1.90207171e+01] 
[-2.98305041e+01 -1.75113473e+01 -1.70337516e+01 -3.27097212e+01
 -4.51032225e+00 -1.08059040e-02 -5.22363092e-02  9.47609315e+00
  1.59564124e+01  1.90283794e+01] 
[-2.98285578e+01 -1.75210336e+01 -1.70410450e+01 -3.27163898e+01
 -4.51201523e+00 -1.37573033e-02 -4.52983082e-02  9.47335410e+00
  1.59479440e+01  1.90189588e+01] 
[-2.98214718e+01 -1.75197674e+01 -1.70368784e+01 -3.27163861e+01
 -4.50910445e+00 -1.90081500e-02 -4.23595796e-02  9.47237948e+00
  1.59393092e+01  1.90143042e+01] 
[-2.98198506e+01 -1.75219685e+01 -1.70396800e+01 -3.27207236e+01
 -4.50860638e+00 -1.88238078e-02 -3.74046710e-02  9.47035094e+00
  1.59310603e+01  1.90049868e+01] 
[-2.98144646e+01 -1.75214362e+01 -1.70380000e+01 -3.27216260e+01
 -4.50626028e+00 -2.21958951e-02 -3.42987817e-02  9.46977308e+00
  1.59230976e+01  1.89997922e+01] 
[-2.98034552e+01 -1.75172826e+01 -1.70289959e+01 -3.27171221e+01
 -4.50271411e+00 -2.91871667e-02 -3.27059166e-02  9.46669271e+00
  1.59134825e+01  1.89994938e+01] 
[-2.98019652e+01 -1.75277968e+01 -1.70389918e+01 -3.27213541e+01
 -4.50346116e+00 -3.13945493e-02 -2.63594151e-02  9.46717169e+00
  1.59065538e+01  1.89900689e+01] 
[-2.97884963e+01 -1.75240877e+01 -1.70285134e+01 -3.27134545e+01
 -4.49887671e+00 -4.16299429e-02 -2.46094100e-02  9.46348892e+00
  1.58972839e+01  1.89912525e+01] 
[-2.97928188e+01 -1.75275218e+01 -1.70378447e+01 -3.27244345e+01
 -4.50130775e+00 -3.36365426e-02 -2.17565280e-02  9.46484640e+00
  1.58914779e+01  1.89816763e+01] 
[-2.97775016e+01 -1.75275520e+01 -1.70283596e+01 -3.27147326e+01
 -4.49662983e+00 -4.87153281e-02 -1.89714902e-02  9.46174282e+00
  1.58822758e+01  1.89820821e+01] 
[-2.97815723e+01 -1.75251402e+01 -1.70324820e+01 -3.27249063e+01
 -4.49819662e+00 -3.87536391e-02 -1.84188909e-02  9.46117497e+00
  1.58762605e+01  1.89740384e+01] 
[-2.97783520e+01 -1.75244855e+01 -1.70317868e+01 -3.27261638e+01
 -4.49638507e+00 -3.93501756e-02 -1.66856540e-02  9.45938398e+00
  1.58698764e+01  1.89697207e+01] 
[-2.97693279e+01 -1.75231720e+01 -1.70241221e+01 -3.27198425e+01
 -4.49200262e+00 -4.75595452e-02 -1.34451112e-02  9.45456063e+00
  1.58619652e+01  1.89693476e+01] 
[-2.97875617e+01 -1.75246799e+01 -1.70531116e+01 -3.27444113e+01
 -4.49742189e+00 -1.67780839e-02 -1.59841819e-02  9.46672189e+00
  1.58635532e+01  1.89502749e+01] 
[-2.97742701e+01 -1.75146230e+01 -1.70309186e+01 -3.27286520e+01
 -4.49246396e+00 -2.91631973e-02 -1.60637773e-02  9.46109779e+00
  1.58528208e+01  1.89631915e+01] 
[-2.97752310e+01 -1.75191626e+01 -1.70357427e+01 -3.27312571e+01
 -4.49306479e+00 -2.84536341e-02 -1.10657124e-02  9.45868608e+00
  1.58473206e+01  1.89573661e+01] 
[-2.97723656e+01 -1.75189883e+01 -1.70317638e+01 -3.27323582e+01
 -4.49347557e+00 -3.16749029e-02 -8.84483929e-03  9.45406574e+00
  1.58386237e+01  1.89550210e+01] 
[-2.97691950e+01 -1.75195973e+01 -1.70298738e+01 -3.27319586e+01
 -4.49279965e+00 -3.47605889e-02 -6.92989019e-03  9.45102184e+00
  1.58317352e+01  1.89530227e+01] 
[-2.97431452e+01 -1.75087620e+01 -1.69989714e+01 -3.27191198e+01
 -4.49157096e+00 -6.24494459e-02 -1.92524413e-02  9.44918736e+00
  1.58151140e+01  1.89631247e+01] 
[-2.97667124e+01 -1.75310442e+01 -1.70383943e+01 -3.27377596e+01
 -4.49157945e+00 -3.88096773e-02 -3.39785950e-03  9.45132842e+00
  1.58250799e+01  1.89468474e+01] 
[-2.97279739e+01 -1.75021005e+01 -1.69832029e+01 -3.27158503e+01
 -4.49073811e+00 -7.93865235e-02 -1.94503072e-02  9.44282177e+00
  1.57944761e+01  1.89562859e+01] 
[-2.97742138e+01 -1.75463350e+01 -1.70713727e+01 -3.27379808e+01
 -4.47704248e+00 -1.51885089e-02 -1.21477852e-03  9.45732224e+00
  1.58356890e+01  1.89321314e+01] 
[-2.97288287e+01 -1.75063516e+01 -1.69953937e+01 -3.27176003e+01
 -4.48492403e+00 -7.77507433e-02 -1.30794770e-02  9.44489106e+00
  1.57923578e+01  1.89456139e+01] 
[-2.97499910e+01 -1.75301513e+01 -1.70347536e+01 -3.27295791e+01
 -4.48113943e+00 -4.87726015e-02 -3.69275676e-03  9.44620846e+00
  1.58056055e+01  1.89341821e+01] 
[-2.97262959e+01 -1.75168619e+01 -1.70105819e+01 -3.27251353e+01
 -4.48247924e+00 -7.37024846e-02 -1.23019444e-02  9.44884980e+00
  1.57882001e+01  1.89383932e+01] 
[-2.97529243e+01 -1.75348694e+01 -1.70436372e+01 -3.27322784e+01
 -4.47784971e+00 -4.17861372e-02 -6.90908963e-04  9.44670553e+00
  1.58052850e+01  1.89278797e+01] 
[-2.97150553e+01 -1.75122581e+01 -1.69961373e+01 -3.27200410e+01
 -4.48324683e+00 -8.95212434e-02 -1.77202635e-02  9.44845991e+00
  1.57767443e+01  1.89403429e+01] 
[-2.97327834e+01 -1.75319767e+01 -1.70288258e+01 -3.27302971e+01
 -4.47990302e+00 -6.36607851e-02 -5.63126702e-03  9.44103028e+00
  1.57825958e+01  1.89255398e+01] 
[-2.97266903e+01 -1.75296888e+01 -1.70220648e+01 -3.27305512e+01
 -4.48159533e+00 -7.33856468e-02 -6.60285387e-03  9.44143118e+00
  1.57757338e+01  1.89257499e+01] 
[-2.97259001e+01 -1.75310447e+01 -1.70235511e+01 -3.27316601e+01
 -4.48062324e+00 -7.45785947e-02 -6.16208169e-03  9.44153164e+00
  1.57734712e+01  1.89236954e+01] 
[-2.97250949e+01 -1.75316037e+01 -1.70241076e+01 -3.27324269e+01
 -4.47959755e+00 -7.58930047e-02 -6.07739777e-03  9.44165262e+00
  1.57713651e+01  1.89219516e+01] 
[-2.97243509e+01 -1.75317416e+01 -1.70242708e+01 -3.27330334e+01
 -4.47869162e+00 -7.71834138e-02 -6.01582847e-03  9.44156971e+00
  1.57691798e+01  1.89202292e+01] 
[-2.97241961e+01 -1.75315720e+01 -1.70246195e+01 -3.27331713e+01
 -4.47759960e+00 -7.75527394e-02 -5.79004895e-03  9.44140453e+00
  1.57676216e+01  1.89186815e+01] 
[-2.97237072e+01 -1.75312181e+01 -1.70243870e+01 -3.27332719e+01
 -4.47677166e+00 -7.85398486e-02 -5.70285921e-03  9.44132595e+00
  1.57658498e+01  1.89173061e+01] 
[-2.97232943e+01 -1.75308563e+01 -1.70242246e+01 -3.27333463e+01
 -4.47591417e+00 -7.94239390e-02 -5.60767709e-03  9.44118868e+00
  1.57641107e+01  1.89159158e+01] 
[-2.97226338e+01 -1.75301332e+01 -1.70231810e+01 -3.27334854e+01
 -4.47564155e+00 -8.08970245e-02 -5.14591188e-03  9.44050877e+00
  1.57615237e+01  1.89144181e+01] 
[-2.97223241e+01 -1.75300141e+01 -1.70231962e+01 -3.27336516e+01
 -4.47491790e+00 -8.17759804e-02 -4.93141834e-03  9.44033223e+00
  1.57598544e+01  1.89130402e+01] 
[-2.97220623e+01 -1.75299542e+01 -1.70232811e+01 -3.27337780e+01
 -4.47418061e+00 -8.26035378e-02 -4.77742772e-03  9.44023532e+00
  1.57583407e+01  1.89116999e+01] 
[-2.97219275e+01 -1.75299766e+01 -1.70234716e+01 -3.27339116e+01
 -4.47332647e+00 -8.32483716e-02 -4.76407216e-03  9.44028542e+00
  1.57570675e+01  1.89104748e+01] 
[-2.97216995e+01 -1.75299076e+01 -1.70233903e+01 -3.27339425e+01
 -4.47257003e+00 -8.41205626e-02 -4.79268421e-03  9.44039428e+00
  1.57557605e+01  1.89093104e+01] 
[-2.97214685e+01 -1.75299097e+01 -1.70234225e+01 -3.27339589e+01
 -4.47177754e+00 -8.49684230e-02 -4.90730505e-03  9.44060404e+00
  1.57546183e+01  1.89082075e+01] 
[-2.97213157e+01 -1.75298944e+01 -1.70234628e+01 -3.27339798e+01
 -4.47102348e+00 -8.57088317e-02 -5.02180961e-03  9.44076631e+00
  1.57535454e+01  1.89070754e+01] 
[-2.97211486e+01 -1.75298774e+01 -1.70234301e+01 -3.27339935e+01
 -4.47038193e+00 -8.64862125e-02 -5.11010765e-03  9.44087801e+00
  1.57524347e+01  1.89059360e+01] 
[-2.97210199e+01 -1.75299747e+01 -1.70235497e+01 -3.27340973e+01
 -4.46978020e+00 -8.71114676e-02 -5.09856536e-03  9.44085499e+00
  1.57512950e+01  1.89047777e+01] 
[-2.97209153e+01 -1.75300021e+01 -1.70235623e+01 -3.27341471e+01
 -4.46924841e+00 -8.77429665e-02 -5.07850091e-03  9.44076815e+00
  1.57501572e+01  1.89036329e+01] 
[-2.97208464e+01 -1.75300123e+01 -1.70235548e+01 -3.27341760e+01
 -4.46875656e+00 -8.83430133e-02 -5.06811401e-03  9.44065479e+00
  1.57490616e+01  1.89024913e+01] 
[-2.97208148e+01 -1.75301392e+01 -1.70236659e+01 -3.27342209e+01
 -4.46827862e+00 -8.89353577e-02 -5.09368696e-03  9.44059452e+00
  1.57480674e+01  1.89013261e+01] 
[-2.97207869e+01 -1.75302144e+01 -1.70237096e+01 -3.27342207e+01
 -4.46783037e+00 -8.95234846e-02 -5.13737553e-03  9.44050590e+00
  1.57470890e+01  1.89001981e+01] 
[-2.97206504e+01 -1.75302231e+01 -1.70236433e+01 -3.27341603e+01
 -4.46741956e+00 -9.02490100e-02 -5.25006370e-03  9.44044976e+00
  1.57460988e+01  1.88991257e+01] 
[-2.97205681e+01 -1.75302445e+01 -1.70236081e+01 -3.27340962e+01
 -4.46702185e+00 -9.09013602e-02 -5.36265799e-03  9.44037153e+00
  1.57451629e+01  1.88980614e+01] 
[-2.97206277e+01 -1.75303388e+01 -1.70236020e+01 -3.27341113e+01
 -4.46673602e+00 -9.13947334e-02 -5.37108466e-03  9.44027010e+00
  1.57442704e+01  1.88969930e+01] 
[-2.97207074e+01 -1.75303711e+01 -1.70235611e+01 -3.27340726e+01
 -4.46643003e+00 -9.18464493e-02 -5.41331725e-03  9.44016179e+00
  1.57434351e+01  1.88959622e+01] 
[-2.97208167e+01 -1.75303827e+01 -1.70235544e+01 -3.27339728e+01
 -4.46604954e+00 -9.22017742e-02 -5.53969031e-03  9.44009828e+00
  1.57427517e+01  1.88950292e+01] 
[-2.97209176e+01 -1.75304016e+01 -1.70235208e+01 -3.27338815e+01
 -4.46572096e+00 -9.25753360e-02 -5.65840598e-03  9.44001098e+00
  1.57420530e+01  1.88941088e+01] 
[-2.97210004e+01 -1.75304126e+01 -1.70234513e+01 -3.27337816e+01
 -4.46544660e+00 -9.29547697e-02 -5.76406093e-03  9.43989689e+00
  1.57413362e+01  1.88932139e+01] 
[-2.97210576e+01 -1.75303573e+01 -1.70233130e+01 -3.27336418e+01
 -4.46523045e+00 -9.33239999e-02 -5.86440084e-03  9.43970023e+00
  1.57405650e+01  1.88923463e+01] 
[-2.97211558e+01 -1.75303541e+01 -1.70232428e+01 -3.27335260e+01
 -4.46502114e+00 -9.36403710e-02 -5.96766488e-03  9.43949619e+00
  1.57398376e+01  1.88914762e+01] 
[-2.97212755e+01 -1.75303699e+01 -1.70231961e+01 -3.27334140e+01
 -4.46481690e+00 -9.39348772e-02 -6.07732081e-03  9.43929079e+00
  1.57391419e+01  1.88906211e+01] 
[-2.97214398e+01 -1.75304047e+01 -1.70231811e+01 -3.27333134e+01
 -4.46460989e+00 -9.41763977e-02 -6.18597928e-03  9.43908570e+00
  1.57384950e+01  1.88897710e+01] 
[-2.97216186e+01 -1.75304917e+01 -1.70231924e+01 -3.27332494e+01
 -4.46445910e+00 -9.44302582e-02 -6.26691225e-03  9.43885378e+00
  1.57378252e+01  1.88889233e+01] 
[-2.97218144e+01 -1.75305726e+01 -1.70231977e+01 -3.27331973e+01
 -4.46430113e+00 -9.46440730e-02 -6.35020844e-03  9.43860094e+00
  1.57371872e+01  1.88880746e+01] 
[-2.97220141e+01 -1.75306372e+01 -1.70231884e+01 -3.27331325e+01
 -4.46413735e+00 -9.48615534e-02 -6.45117678e-03  9.43835901e+00
  1.57365762e+01  1.88872550e+01] 
[-2.97222791e+01 -1.75307150e+01 -1.70232409e+01 -3.27330192e+01
 -4.46391657e+00 -9.50446719e-02 -6.55071870e-03  9.43812305e+00
  1.57360540e+01  1.88865099e+01] 
[-2.97224904e+01 -1.75308035e+01 -1.70232712e+01 -3.27329147e+01
 -4.46369758e+00 -9.52926790e-02 -6.68562718e-03  9.43792414e+00
  1.57355251e+01  1.88858157e+01] 
[-2.97227008e+01 -1.75308772e+01 -1.70232820e+01 -3.27328173e+01
 -4.46349335e+00 -9.55412558e-02 -6.82925455e-03  9.43771953e+00
  1.57350035e+01  1.88851322e+01] 
[-2.97228677e+01 -1.75309228e+01 -1.70232179e+01 -3.27327139e+01
 -4.46330524e+00 -9.58655448e-02 -6.99758194e-03  9.43752535e+00
  1.57344669e+01  1.88844902e+01] 
[-2.97230104e+01 -1.75310460e+01 -1.70232047e+01 -3.27325950e+01
 -4.46316307e+00 -9.61930274e-02 -7.14490110e-03  9.43734742e+00
  1.57339367e+01  1.88838785e+01] 
[-2.97232645e+01 -1.75311715e+01 -1.70232449e+01 -3.27325200e+01
 -4.46309256e+00 -9.64083486e-02 -7.25337093e-03  9.43710972e+00
  1.57334249e+01  1.88831755e+01] 
[-2.97234477e+01 -1.75312620e+01 -1.70232843e+01 -3.27323514e+01
 -4.46287348e+00 -9.66109427e-02 -7.45393645e-03  9.43699154e+00
  1.57330504e+01  1.88826286e+01] 
[-2.97236332e+01 -1.75313458e+01 -1.70232959e+01 -3.27322068e+01
 -4.46268855e+00 -9.68138647e-02 -7.64844332e-03  9.43685137e+00
  1.57326674e+01  1.88820846e+01] 
[-2.97238074e+01 -1.75314587e+01 -1.70233114e+01 -3.27320889e+01
 -4.46253326e+00 -9.70233783e-02 -7.82853353e-03  9.43670645e+00
  1.57322521e+01  1.88815334e+01] 
[-2.97240098e+01 -1.75315323e+01 -1.70233106e+01 -3.27319911e+01
 -4.46239459e+00 -9.71964218e-02 -8.00705144e-03  9.43653451e+00
  1.57318541e+01  1.88809660e+01] 
[-2.97242172e+01 -1.75315923e+01 -1.70232996e+01 -3.27318936e+01
 -4.46227355e+00 -9.73628792e-02 -8.17469644e-03  9.43633056e+00
  1.57314351e+01  1.88803813e+01] 
[-2.97244183e+01 -1.75316452e+01 -1.70232774e+01 -3.27318038e+01
 -4.46215835e+00 -9.75367484e-02 -8.34504293e-03  9.43612961e+00
  1.57310192e+01  1.88798094e+01] 
[-2.97246181e+01 -1.75316920e+01 -1.70232510e+01 -3.27317228e+01
 -4.46204872e+00 -9.77100341e-02 -8.52029527e-03  9.43592973e+00
  1.57306109e+01  1.88792473e+01] 
[-2.97248213e+01 -1.75317344e+01 -1.70232255e+01 -3.27316465e+01
 -4.46194158e+00 -9.78765355e-02 -8.70080621e-03  9.43572841e+00
  1.57302116e+01  1.88786946e+01] 
[-2.97250482e+01 -1.75317743e+01 -1.70232384e+01 -3.27315849e+01
 -4.46183815e+00 -9.79963316e-02 -8.88169121e-03  9.43551527e+00
  1.57298082e+01  1.88781197e+01] 
[-2.97252037e+01 -1.75317867e+01 -1.70231732e+01 -3.27315420e+01
 -4.46172706e+00 -9.82102882e-02 -9.06169105e-03  9.43533518e+00
  1.57293847e+01  1.88776051e+01] 
[-2.97253683e+01 -1.75318055e+01 -1.70231214e+01 -3.27315011e+01
 -4.46162203e+00 -9.84083968e-02 -9.24471211e-03  9.43515462e+00
  1.57289761e+01  1.88770956e+01] 
[-2.97255390e+01 -1.75318278e+01 -1.70230784e+01 -3.27314621e+01
 -4.46152263e+00 -9.85953006e-02 -9.43033108e-03  9.43497366e+00
  1.57285802e+01  1.88765921e+01] 
[-2.97257173e+01 -1.75318469e+01 -1.70230314e+01 -3.27314229e+01
 -4.46143976e+00 -9.87808463e-02 -9.61002148e-03  9.43479942e+00
  1.57281993e+01  1.88760862e+01] 
[-2.97259009e+01 -1.75318691e+01 -1.70229930e+01 -3.27313854e+01
 -4.46136068e+00 -9.89549091e-02 -9.79305137e-03  9.43462428e+00
  1.57278306e+01  1.88755874e+01] 
[-2.97260675e+01 -1.75319037e+01 -1.70229455e+01 -3.27313477e+01
 -4.46128079e+00 -9.91467072e-02 -9.99010923e-03  9.43446941e+00
  1.57274821e+01  1.88751194e+01] 
[-2.97262083e+01 -1.75319092e+01 -1.70228511e+01 -3.27313189e+01
 -4.46118978e+00 -9.93670524e-02 -1.01842641e-02  9.43429153e+00
  1.57270867e+01  1.88746326e+01] 
[-2.97263795e+01 -1.75319066e+01 -1.70227931e+01 -3.27312904e+01
 -4.46107895e+00 -9.95555377e-02 -1.03985585e-02  9.43411034e+00
  1.57267343e+01  1.88741666e+01] 
[-2.97265497e+01 -1.75319171e+01 -1.70227389e+01 -3.27312672e+01
 -4.46098423e+00 -9.97447876e-02 -1.06118093e-02  9.43392839e+00
  1.57263881e+01  1.88737102e+01] 
[-2.97267296e+01 -1.75319357e+01 -1.70226979e+01 -3.27312442e+01
 -4.46089758e+00 -9.99174886e-02 -1.08237526e-02  9.43374628e+00
  1.57260550e+01  1.88732593e+01] 
[-2.97269150e+01 -1.75319620e+01 -1.70226665e+01 -3.27312307e+01
 -4.46082789e+00 -1.00074611e-01 -1.10297295e-02  9.43356947e+00
  1.57257250e+01  1.88728185e+01] 
[-2.97271131e+01 -1.75319789e+01 -1.70226342e+01 -3.27312099e+01
 -4.46075730e+00 -1.00210547e-01 -1.12264245e-02  9.43337990e+00
  1.57253985e+01  1.88723847e+01] 
[-2.97273119e+01 -1.75319986e+01 -1.70226062e+01 -3.27311888e+01
 -4.46069201e+00 -1.00341998e-01 -1.14231516e-02  9.43319176e+00
  1.57250795e+01  1.88719586e+01] 
[-2.97275305e+01 -1.75320268e+01 -1.70225981e+01 -3.27311656e+01
 -4.46063098e+00 -1.00446028e-01 -1.16192911e-02  9.43300008e+00
  1.57247708e+01  1.88715348e+01] 
[-2.97279440e+01 -1.75320637e+01 -1.70226698e+01 -3.27311367e+01
 -4.46059466e+00 -1.00321343e-01 -1.17566430e-02  9.43275016e+00
  1.57245226e+01  1.88710143e+01] 
[-2.97282549e+01 -1.75320633e+01 -1.70226581e+01 -3.27311125e+01
 -4.46053248e+00 -1.00319573e-01 -1.19206262e-02  9.43250717e+00
  1.57242189e+01  1.88705519e+01] 
[-2.97285460e+01 -1.75320570e+01 -1.70226433e+01 -3.27310881e+01
 -4.46046643e+00 -1.00339602e-01 -1.20986235e-02  9.43227647e+00
  1.57239175e+01  1.88701119e+01] 
[-2.97288594e+01 -1.75320346e+01 -1.70226261e+01 -3.27310721e+01
 -4.46038643e+00 -1.00327372e-01 -1.22983381e-02  9.43206927e+00
  1.57236652e+01  1.88696996e+01] 
[-2.97291654e+01 -1.75320179e+01 -1.70226124e+01 -3.27310571e+01
 -4.46031277e+00 -1.00319176e-01 -1.24967623e-02  9.43186895e+00
  1.57234162e+01  1.88692974e+01] 
[-2.97294735e+01 -1.75320122e+01 -1.70226043e+01 -3.27310418e+01
 -4.46024978e+00 -1.00307434e-01 -1.26861827e-02  9.43167077e+00
  1.57231680e+01  1.88689028e+01] 
[-2.97296245e+01 -1.75319610e+01 -1.70224955e+01 -3.27310148e+01
 -4.46017938e+00 -1.00463047e-01 -1.29208912e-02  9.43149122e+00
  1.57228863e+01  1.88685830e+01] 
[-2.97298015e+01 -1.75319365e+01 -1.70224224e+01 -3.27309816e+01
 -4.46012162e+00 -1.00586820e-01 -1.31399202e-02  9.43131353e+00
  1.57226223e+01  1.88682642e+01] 
[-2.97300216e+01 -1.75319376e+01 -1.70223867e+01 -3.27309408e+01
 -4.46007624e+00 -1.00656366e-01 -1.33368069e-02  9.43112441e+00
  1.57223724e+01  1.88679409e+01] 
[-2.97302470e+01 -1.75319432e+01 -1.70223507e+01 -3.27309096e+01
 -4.46004090e+00 -1.00723970e-01 -1.35430114e-02  9.43095223e+00
  1.57221478e+01  1.88676317e+01] 
[-2.97304716e+01 -1.75319512e+01 -1.70223206e+01 -3.27308829e+01
 -4.46001035e+00 -1.00782863e-01 -1.37487661e-02  9.43078274e+00
  1.57219316e+01  1.88673248e+01] 
[-2.97306972e+01 -1.75319639e+01 -1.70222933e+01 -3.27308595e+01
 -4.45998514e+00 -1.00838677e-01 -1.39463234e-02  9.43061458e+00
  1.57217170e+01  1.88670191e+01] 
[-2.97309021e+01 -1.75319701e+01 -1.70222628e+01 -3.27308436e+01
 -4.45996093e+00 -1.00920157e-01 -1.41499048e-02  9.43045416e+00
  1.57214927e+01  1.88667252e+01] 
[-2.97311076e+01 -1.75319804e+01 -1.70222377e+01 -3.27308269e+01
 -4.45994007e+00 -1.00995769e-01 -1.43489735e-02  9.43029368e+00
  1.57212716e+01  1.88664349e+01] 
[-2.97313176e+01 -1.75319868e+01 -1.70222293e+01 -3.27308016e+01
 -4.45991577e+00 -1.01048728e-01 -1.45328671e-02  9.43013664e+00
  1.57210493e+01  1.88661398e+01] 
[-2.97315206e+01 -1.75320086e+01 -1.70222250e+01 -3.27307808e+01
 -4.45990016e+00 -1.01113884e-01 -1.47234467e-02  9.42999595e+00
  1.57208427e+01  1.88658613e+01] 
[-2.97317162e+01 -1.75320284e+01 -1.70222143e+01 -3.27307566e+01
 -4.45987811e+00 -1.01188641e-01 -1.49215736e-02  9.42985463e+00
  1.57206386e+01  1.88655938e+01] 
[-2.97319288e+01 -1.75320559e+01 -1.70222123e+01 -3.27307305e+01
 -4.45986147e+00 -1.01238692e-01 -1.51074595e-02  9.42971106e+00
  1.57204450e+01  1.88653227e+01] 
[-2.97321360e+01 -1.75320777e+01 -1.70222078e+01 -3.27307032e+01
 -4.45984398e+00 -1.01288290e-01 -1.52908416e-02  9.42956974e+00
  1.57202492e+01  1.88650603e+01] 
[-2.97323369e+01 -1.75320963e+01 -1.70222025e+01 -3.27306779e+01
 -4.45982540e+00 -1.01341748e-01 -1.54732346e-02  9.42942772e+00
  1.57200532e+01  1.88648032e+01] 
[-2.97324915e+01 -1.75321054e+01 -1.70221738e+01 -3.27306586e+01
 -4.45979668e+00 -1.01443092e-01 -1.56685626e-02  9.42929639e+00
  1.57198419e+01  1.88645653e+01] 
[-2.97326504e+01 -1.75321188e+01 -1.70221521e+01 -3.27306405e+01
 -4.45977235e+00 -1.01533031e-01 -1.58576843e-02  9.42916331e+00
  1.57196357e+01  1.88643283e+01] 
[-2.97328131e+01 -1.75321450e+01 -1.70221377e+01 -3.27306226e+01
 -4.45975926e+00 -1.01610424e-01 -1.60328773e-02  9.42903082e+00
  1.57194380e+01  1.88640969e+01] 
[-2.97329863e+01 -1.75321706e+01 -1.70221321e+01 -3.27306051e+01
 -4.45974590e+00 -1.01671243e-01 -1.62029235e-02  9.42889687e+00
  1.57192459e+01  1.88638632e+01] 
[-2.97331858e+01 -1.75321988e+01 -1.70221403e+01 -3.27305841e+01
 -4.45973727e+00 -1.01695874e-01 -1.63617044e-02  9.42875523e+00
  1.57190612e+01  1.88636288e+01] 
[-2.97333726e+01 -1.75322226e+01 -1.70221386e+01 -3.27305671e+01
 -4.45973025e+00 -1.01732612e-01 -1.65190076e-02  9.42861335e+00
  1.57188728e+01  1.88633989e+01] 
[-2.97335534e+01 -1.75322469e+01 -1.70221268e+01 -3.27305535e+01
 -4.45972315e+00 -1.01776512e-01 -1.66805665e-02  9.42847292e+00
  1.57186855e+01  1.88631657e+01] 
[-2.97337423e+01 -1.75322725e+01 -1.70221246e+01 -3.27305394e+01
 -4.45971820e+00 -1.01807893e-01 -1.68414419e-02  9.42833237e+00
  1.57185044e+01  1.88629337e+01] 
[-2.97339274e+01 -1.75322930e+01 -1.70221173e+01 -3.27305301e+01
 -4.45971323e+00 -1.01840955e-01 -1.69945896e-02  9.42819437e+00
  1.57183207e+01  1.88627073e+01] 
[-2.97341133e+01 -1.75323113e+01 -1.70221086e+01 -3.27305220e+01
 -4.45970868e+00 -1.01870836e-01 -1.71467676e-02  9.42805469e+00
  1.57181393e+01  1.88624814e+01] 
[-2.97342880e+01 -1.75323310e+01 -1.70220942e+01 -3.27305018e+01
 -4.45969252e+00 -1.01915972e-01 -1.73091060e-02  9.42792630e+00
  1.57179678e+01  1.88622740e+01] 
[-2.97344552e+01 -1.75323379e+01 -1.70220631e+01 -3.27304822e+01
 -4.45967746e+00 -1.01971537e-01 -1.74788260e-02  9.42778953e+00
  1.57177971e+01  1.88620713e+01] 
[-2.97346187e+01 -1.75323446e+01 -1.70220361e+01 -3.27304622e+01
 -4.45966498e+00 -1.02029307e-01 -1.76432579e-02  9.42765355e+00
  1.57176250e+01  1.88618717e+01] 
[-2.97347789e+01 -1.75323517e+01 -1.70220109e+01 -3.27304436e+01
 -4.45965454e+00 -1.02086495e-01 -1.78036608e-02  9.42751818e+00
  1.57174538e+01  1.88616737e+01] 
[-2.97349396e+01 -1.75323612e+01 -1.70219914e+01 -3.27304257e+01
 -4.45964527e+00 -1.02137184e-01 -1.79606930e-02  9.42738430e+00
  1.57172869e+01  1.88614774e+01] 
[-2.97350890e+01 -1.75323653e+01 -1.70219664e+01 -3.27304096e+01
 -4.45963592e+00 -1.02197321e-01 -1.81139090e-02  9.42725077e+00
  1.57171197e+01  1.88612823e+01] 
[-2.97352363e+01 -1.75323705e+01 -1.70219379e+01 -3.27303931e+01
 -4.45963312e+00 -1.02258472e-01 -1.82607934e-02  9.42711818e+00
  1.57169492e+01  1.88610844e+01] 
[-2.97353919e+01 -1.75323760e+01 -1.70219195e+01 -3.27303746e+01
 -4.45962737e+00 -1.02304843e-01 -1.84053664e-02  9.42698606e+00
  1.57167866e+01  1.88608877e+01] 
[-2.97355495e+01 -1.75323821e+01 -1.70219070e+01 -3.27303561e+01
 -4.45962222e+00 -1.02344414e-01 -1.85475962e-02  9.42685656e+00
  1.57166272e+01  1.88606936e+01] 
[-2.97356846e+01 -1.75323673e+01 -1.70218674e+01 -3.27303508e+01
 -4.45961995e+00 -1.02398323e-01 -1.87012687e-02  9.42670914e+00
  1.57164501e+01  1.88605081e+01] 
[-2.97358196e+01 -1.75323593e+01 -1.70218376e+01 -3.27303440e+01
 -4.45961867e+00 -1.02446365e-01 -1.88511538e-02  9.42656573e+00
  1.57162787e+01  1.88603261e+01] 
[-2.97359857e+01 -1.75323515e+01 -1.70218172e+01 -3.27303391e+01
 -4.45961769e+00 -1.02463836e-01 -1.89967816e-02  9.42641187e+00
  1.57161161e+01  1.88601306e+01] 
[-2.97361490e+01 -1.75323485e+01 -1.70218024e+01 -3.27303334e+01
 -4.45961757e+00 -1.02479982e-01 -1.91387431e-02  9.42626246e+00
  1.57159565e+01  1.88599394e+01] 
[-2.97363074e+01 -1.75323464e+01 -1.70217921e+01 -3.27303269e+01
 -4.45961544e+00 -1.02496728e-01 -1.92756783e-02  9.42611957e+00
  1.57157996e+01  1.88597551e+01] 
[-2.97364505e+01 -1.75323529e+01 -1.70217893e+01 -3.27303171e+01
 -4.45961301e+00 -1.02525436e-01 -1.94074088e-02  9.42598655e+00
  1.57156401e+01  1.88595760e+01] 
[-2.97365909e+01 -1.75323599e+01 -1.70217889e+01 -3.27303076e+01
 -4.45960966e+00 -1.02552998e-01 -1.95380301e-02  9.42585505e+00
  1.57154832e+01  1.88594007e+01] 
[-2.97367430e+01 -1.75323735e+01 -1.70217976e+01 -3.27303000e+01
 -4.45960844e+00 -1.02562503e-01 -1.96596791e-02  9.42572864e+00
  1.57153368e+01  1.88592244e+01] 
[-2.97368920e+01 -1.75323847e+01 -1.70218019e+01 -3.27302954e+01
 -4.45960819e+00 -1.02574035e-01 -1.97785606e-02  9.42560347e+00
  1.57151907e+01  1.88590483e+01] 
[-2.97370455e+01 -1.75324011e+01 -1.70218105e+01 -3.27302916e+01
 -4.45961085e+00 -1.02574956e-01 -1.98967356e-02  9.42548346e+00
  1.57150537e+01  1.88588774e+01] 
[-2.97371972e+01 -1.75324158e+01 -1.70218173e+01 -3.27302885e+01
 -4.45961380e+00 -1.02576087e-01 -2.00112729e-02  9.42536397e+00
  1.57149173e+01  1.88587080e+01] 
[-2.97373564e+01 -1.75324253e+01 -1.70218168e+01 -3.27302861e+01
 -4.45961663e+00 -1.02571234e-01 -2.01206793e-02  9.42524385e+00
  1.57147804e+01  1.88585336e+01] 
[-2.97375077e+01 -1.75324361e+01 -1.70218192e+01 -3.27302845e+01
 -4.45962054e+00 -1.02570402e-01 -2.02280974e-02  9.42512712e+00
  1.57146432e+01  1.88583659e+01] 
[-2.97376673e+01 -1.75324459e+01 -1.70218260e+01 -3.27302826e+01
 -4.45962362e+00 -1.02558674e-01 -2.03331458e-02  9.42500750e+00
  1.57145088e+01  1.88581962e+01] 
[-2.97378219e+01 -1.75324539e+01 -1.70218290e+01 -3.27302811e+01
 -4.45962624e+00 -1.02550258e-01 -2.04388264e-02  9.42488940e+00
  1.57143753e+01  1.88580298e+01] 
[-2.97379740e+01 -1.75324613e+01 -1.70218335e+01 -3.27302788e+01
 -4.45962793e+00 -1.02542619e-01 -2.05422588e-02  9.42477443e+00
  1.57142442e+01  1.88578666e+01] 
[-2.97381253e+01 -1.75324707e+01 -1.70218389e+01 -3.27302751e+01
 -4.45962803e+00 -1.02535314e-01 -2.06466344e-02  9.42465838e+00
  1.57141121e+01  1.88577073e+01] 
[-2.97382731e+01 -1.75324797e+01 -1.70218439e+01 -3.27302714e+01
 -4.45962818e+00 -1.02529040e-01 -2.07490219e-02  9.42454460e+00
  1.57139816e+01  1.88575512e+01] 
[-2.97384207e+01 -1.75324840e+01 -1.70218455e+01 -3.27302682e+01
 -4.45962625e+00 -1.02518159e-01 -2.08464550e-02  9.42443471e+00
  1.57138563e+01  1.88573975e+01] 
[-2.97385730e+01 -1.75324927e+01 -1.70218538e+01 -3.27302621e+01
 -4.45962390e+00 -1.02498633e-01 -2.09387918e-02  9.42432860e+00
  1.57137367e+01  1.88572441e+01] 
[-2.97387218e+01 -1.75325009e+01 -1.70218611e+01 -3.27302564e+01
 -4.45962184e+00 -1.02480628e-01 -2.10292505e-02  9.42422455e+00
  1.57136179e+01  1.88570941e+01] 
[-2.97388681e+01 -1.75325086e+01 -1.70218670e+01 -3.27302508e+01
 -4.45962023e+00 -1.02463570e-01 -2.11174242e-02  9.42412225e+00
  1.57135000e+01  1.88569466e+01] 
[-2.97390071e+01 -1.75325100e+01 -1.70218811e+01 -3.27302422e+01
 -4.45960789e+00 -1.02441959e-01 -2.12154685e-02  9.42401799e+00
  1.57133911e+01  1.88568118e+01] 
[-2.97391491e+01 -1.75325076e+01 -1.70218896e+01 -3.27302348e+01
 -4.45959801e+00 -1.02417930e-01 -2.13107512e-02  9.42391417e+00
  1.57132834e+01  1.88566749e+01] 
[-2.97392878e+01 -1.75325061e+01 -1.70218972e+01 -3.27302277e+01
 -4.45958988e+00 -1.02395739e-01 -2.14033333e-02  9.42381258e+00
  1.57131760e+01  1.88565405e+01] 
[-2.97394232e+01 -1.75325058e+01 -1.70219042e+01 -3.27302211e+01
 -4.45958314e+00 -1.02375185e-01 -2.14930566e-02  9.42371326e+00
  1.57130694e+01  1.88564092e+01] 
[-2.97395553e+01 -1.75325065e+01 -1.70219106e+01 -3.27302150e+01
 -4.45957758e+00 -1.02356126e-01 -2.15801264e-02  9.42361614e+00
  1.57129635e+01  1.88562807e+01] 
[-2.97396825e+01 -1.75325077e+01 -1.70219167e+01 -3.27302094e+01
 -4.45957334e+00 -1.02340047e-01 -2.16650398e-02  9.42352227e+00
  1.57128583e+01  1.88561559e+01] 
[-2.97397992e+01 -1.75325200e+01 -1.70219349e+01 -3.27302073e+01
 -4.45956677e+00 -1.02321534e-01 -2.17465713e-02  9.42344024e+00
  1.57127626e+01  1.88560378e+01] 
[-2.97399162e+01 -1.75325388e+01 -1.70219517e+01 -3.27302005e+01
 -4.45956708e+00 -1.02296510e-01 -2.18182186e-02  9.42336360e+00
  1.57126734e+01  1.88559269e+01] 
[-2.97400294e+01 -1.75325540e+01 -1.70219638e+01 -3.27301957e+01
 -4.45956813e+00 -1.02274950e-01 -2.18885622e-02  9.42328881e+00
  1.57125839e+01  1.88558170e+01] 
[-2.97401451e+01 -1.75325667e+01 -1.70219754e+01 -3.27301918e+01
 -4.45956810e+00 -1.02250823e-01 -2.19570720e-02  9.42321364e+00
  1.57124941e+01  1.88557065e+01] 
[-2.97402598e+01 -1.75325770e+01 -1.70219849e+01 -3.27301884e+01
 -4.45956790e+00 -1.02227526e-01 -2.20237718e-02  9.42313913e+00
  1.57124045e+01  1.88555985e+01] 
[-2.97403728e+01 -1.75325854e+01 -1.70219929e+01 -3.27301860e+01
 -4.45956840e+00 -1.02204617e-01 -2.20889270e-02  9.42306579e+00
  1.57123151e+01  1.88554915e+01] 
[-2.97404832e+01 -1.75325927e+01 -1.70219999e+01 -3.27301838e+01
 -4.45956851e+00 -1.02183706e-01 -2.21525037e-02  9.42299402e+00
  1.57122262e+01  1.88553872e+01] 
[-2.97405913e+01 -1.75325994e+01 -1.70220059e+01 -3.27301819e+01
 -4.45956886e+00 -1.02163977e-01 -2.22147090e-02  9.42292344e+00
  1.57121382e+01  1.88552849e+01] 
[-2.97406947e+01 -1.75326064e+01 -1.70220105e+01 -3.27301789e+01
 -4.45957046e+00 -1.02146352e-01 -2.22740136e-02  9.42285324e+00
  1.57120497e+01  1.88551868e+01] 
[-2.97407955e+01 -1.75326128e+01 -1.70220149e+01 -3.27301758e+01
 -4.45957154e+00 -1.02129932e-01 -2.23325351e-02  9.42278475e+00
  1.57119627e+01  1.88550912e+01] 
[-2.97408951e+01 -1.75326186e+01 -1.70220187e+01 -3.27301731e+01
 -4.45957331e+00 -1.02113635e-01 -2.23904875e-02  9.42271722e+00
  1.57118770e+01  1.88549961e+01] 
[-2.97409932e+01 -1.75326235e+01 -1.70220217e+01 -3.27301707e+01
 -4.45957473e+00 -1.02097979e-01 -2.24475711e-02  9.42265048e+00
  1.57117924e+01  1.88549028e+01] 
[-2.97410908e+01 -1.75326274e+01 -1.70220246e+01 -3.27301673e+01
 -4.45957528e+00 -1.02080557e-01 -2.25044875e-02  9.42258311e+00
  1.57117093e+01  1.88548105e+01] 
[-2.97411863e+01 -1.75326308e+01 -1.70220273e+01 -3.27301639e+01
 -4.45957565e+00 -1.02064354e-01 -2.25605976e-02  9.42251711e+00
  1.57116270e+01  1.88547199e+01] 
[-2.97412802e+01 -1.75326341e+01 -1.70220296e+01 -3.27301608e+01
 -4.45957612e+00 -1.02048839e-01 -2.26155362e-02  9.42245220e+00
  1.57115458e+01  1.88546308e+01] 
[-2.97413720e+01 -1.75326397e+01 -1.70220338e+01 -3.27301570e+01
 -4.45957866e+00 -1.02031952e-01 -2.26679501e-02  9.42238795e+00
  1.57114670e+01  1.88545424e+01] 
[-2.97414648e+01 -1.75326452e+01 -1.70220384e+01 -3.27301545e+01
 -4.45958246e+00 -1.02013369e-01 -2.27176205e-02  9.42232506e+00
  1.57113898e+01  1.88544537e+01] 
[-2.97415554e+01 -1.75326503e+01 -1.70220423e+01 -3.27301521e+01
 -4.45958582e+00 -1.01996025e-01 -2.27664709e-02  9.42226341e+00
  1.57113133e+01  1.88543671e+01] 
[-2.97416444e+01 -1.75326546e+01 -1.70220455e+01 -3.27301500e+01
 -4.45958881e+00 -1.01979453e-01 -2.28146047e-02  9.42220274e+00
  1.57112378e+01  1.88542822e+01] 
[-2.97417267e+01 -1.75326582e+01 -1.70220463e+01 -3.27301491e+01
 -4.45959245e+00 -1.01968523e-01 -2.28627693e-02  9.42214565e+00
  1.57111628e+01  1.88542015e+01] 
[-2.97418066e+01 -1.75326621e+01 -1.70220500e+01 -3.27301462e+01
 -4.45959393e+00 -1.01958685e-01 -2.29090307e-02  9.42209165e+00
  1.57110893e+01  1.88541255e+01] 
[-2.97418879e+01 -1.75326642e+01 -1.70220515e+01 -3.27301447e+01
 -4.45959632e+00 -1.01946091e-01 -2.29526790e-02  9.42203713e+00
  1.57110180e+01  1.88540502e+01] 
[-2.97419667e+01 -1.75326671e+01 -1.70220543e+01 -3.27301419e+01
 -4.45959723e+00 -1.01933451e-01 -2.29960530e-02  9.42198324e+00
  1.57109468e+01  1.88539782e+01] 
[-2.97420472e+01 -1.75326680e+01 -1.70220561e+01 -3.27301396e+01
 -4.45959647e+00 -1.01918927e-01 -2.30404719e-02  9.42192947e+00
  1.57108773e+01  1.88539060e+01] 
[-2.97421254e+01 -1.75326694e+01 -1.70220578e+01 -3.27301382e+01
 -4.45959633e+00 -1.01905763e-01 -2.30841032e-02  9.42187699e+00
  1.57108081e+01  1.88538347e+01] 
[-2.97422000e+01 -1.75326754e+01 -1.70220621e+01 -3.27301396e+01
 -4.45959960e+00 -1.01891105e-01 -2.31222277e-02  9.42182371e+00
  1.57107377e+01  1.88537668e+01] 
[-2.97422744e+01 -1.75326813e+01 -1.70220665e+01 -3.27301411e+01
 -4.45960313e+00 -1.01875866e-01 -2.31590966e-02  9.42177149e+00
  1.57106681e+01  1.88536999e+01] 
[-2.97423483e+01 -1.75326842e+01 -1.70220726e+01 -3.27301449e+01
 -4.45960815e+00 -1.01863331e-01 -2.31926895e-02  9.42172245e+00
  1.57105982e+01  1.88536351e+01] 
[-2.97424239e+01 -1.75326844e+01 -1.70220767e+01 -3.27301495e+01
 -4.45961233e+00 -1.01848231e-01 -2.32246998e-02  9.42167429e+00
  1.57105305e+01  1.88535692e+01] 
[-2.97425012e+01 -1.75326835e+01 -1.70220822e+01 -3.27301527e+01
 -4.45961724e+00 -1.01830336e-01 -2.32553131e-02  9.42162705e+00
  1.57104636e+01  1.88535041e+01] 
[-2.97425772e+01 -1.75326824e+01 -1.70220871e+01 -3.27301553e+01
 -4.45962137e+00 -1.01812983e-01 -2.32858717e-02  9.42158079e+00
  1.57103979e+01  1.88534405e+01] 
[-2.97426516e+01 -1.75326814e+01 -1.70220913e+01 -3.27301573e+01
 -4.45962508e+00 -1.01796019e-01 -2.33165005e-02  9.42153527e+00
  1.57103335e+01  1.88533779e+01] 
[-2.97427245e+01 -1.75326805e+01 -1.70220948e+01 -3.27301590e+01
 -4.45962845e+00 -1.01779519e-01 -2.33471750e-02  9.42149052e+00
  1.57102703e+01  1.88533165e+01] 
[-2.97427964e+01 -1.75326794e+01 -1.70220975e+01 -3.27301606e+01
 -4.45963136e+00 -1.01762806e-01 -2.33778724e-02  9.42144600e+00
  1.57102084e+01  1.88532560e+01] 
[-2.97428693e+01 -1.75326787e+01 -1.70221008e+01 -3.27301625e+01
 -4.45963405e+00 -1.01744326e-01 -2.34072637e-02  9.42140212e+00
  1.57101479e+01  1.88531954e+01] 
[-2.97429418e+01 -1.75326791e+01 -1.70221050e+01 -3.27301635e+01
 -4.45963627e+00 -1.01726130e-01 -2.34370598e-02  9.42135926e+00
  1.57100889e+01  1.88531355e+01] 
[-2.97430132e+01 -1.75326799e+01 -1.70221093e+01 -3.27301646e+01
 -4.45963877e+00 -1.01707401e-01 -2.34669816e-02  9.42131647e+00
  1.57100312e+01  1.88530760e+01] 
[-2.97430808e+01 -1.75326798e+01 -1.70221120e+01 -3.27301664e+01
 -4.45964065e+00 -1.01691468e-01 -2.34961365e-02  9.42127405e+00
  1.57099737e+01  1.88530188e+01] 
[-2.97431472e+01 -1.75326798e+01 -1.70221139e+01 -3.27301677e+01
 -4.45964252e+00 -1.01676022e-01 -2.35252844e-02  9.42123256e+00
  1.57099174e+01  1.88529623e+01] 
[-2.97432120e+01 -1.75326794e+01 -1.70221156e+01 -3.27301684e+01
 -4.45964383e+00 -1.01661298e-01 -2.35547936e-02  9.42119173e+00
  1.57098623e+01  1.88529069e+01] 
[-2.97432749e+01 -1.75326796e+01 -1.70221170e+01 -3.27301686e+01
 -4.45964471e+00 -1.01647504e-01 -2.35844680e-02  9.42115150e+00
  1.57098080e+01  1.88528529e+01] 
[-2.97433364e+01 -1.75326798e+01 -1.70221178e+01 -3.27301689e+01
 -4.45964525e+00 -1.01633854e-01 -2.36135859e-02  9.42111172e+00
  1.57097546e+01  1.88527999e+01] 
[-2.97433969e+01 -1.75326799e+01 -1.70221180e+01 -3.27301691e+01
 -4.45964578e+00 -1.01620568e-01 -2.36425812e-02  9.42107245e+00
  1.57097023e+01  1.88527479e+01] 
[-2.97434549e+01 -1.75326792e+01 -1.70221183e+01 -3.27301696e+01
 -4.45964634e+00 -1.01608062e-01 -2.36722727e-02  9.42103480e+00
  1.57096509e+01  1.88526976e+01] 
[-2.97435134e+01 -1.75326782e+01 -1.70221193e+01 -3.27301696e+01
 -4.45964731e+00 -1.01594357e-01 -2.37008929e-02  9.42099712e+00
  1.57096009e+01  1.88526482e+01] 
[-2.97435708e+01 -1.75326775e+01 -1.70221200e+01 -3.27301694e+01
 -4.45964822e+00 -1.01581028e-01 -2.37291373e-02  9.42096003e+00
  1.57095519e+01  1.88525995e+01] 
[-2.97436244e+01 -1.75326801e+01 -1.70221215e+01 -3.27301690e+01
 -4.45965103e+00 -1.01567687e-01 -2.37547159e-02  9.42092587e+00
  1.57095037e+01  1.88525537e+01] 
[-2.97436790e+01 -1.75326828e+01 -1.70221237e+01 -3.27301682e+01
 -4.45965333e+00 -1.01553040e-01 -2.37793478e-02  9.42089224e+00
  1.57094569e+01  1.88525078e+01] 
[-2.97437326e+01 -1.75326850e+01 -1.70221253e+01 -3.27301673e+01
 -4.45965530e+00 -1.01538734e-01 -2.38038117e-02  9.42085902e+00
  1.57094109e+01  1.88524627e+01] 
[-2.97437857e+01 -1.75326875e+01 -1.70221274e+01 -3.27301669e+01
 -4.45965773e+00 -1.01523499e-01 -2.38286773e-02  9.42082554e+00
  1.57093661e+01  1.88524172e+01] 
[-2.97438382e+01 -1.75326899e+01 -1.70221289e+01 -3.27301664e+01
 -4.45965972e+00 -1.01509026e-01 -2.38529051e-02  9.42079290e+00
  1.57093224e+01  1.88523722e+01] 
[-2.97438897e+01 -1.75326919e+01 -1.70221300e+01 -3.27301660e+01
 -4.45966138e+00 -1.01495078e-01 -2.38770076e-02  9.42076080e+00
  1.57092794e+01  1.88523280e+01] 
[-2.97439409e+01 -1.75326933e+01 -1.70221308e+01 -3.27301655e+01
 -4.45966286e+00 -1.01481106e-01 -2.39007591e-02  9.42072880e+00
  1.57092369e+01  1.88522841e+01] 
[-2.97439913e+01 -1.75326954e+01 -1.70221312e+01 -3.27301643e+01
 -4.45966420e+00 -1.01467558e-01 -2.39250125e-02  9.42069713e+00
  1.57091944e+01  1.88522403e+01] 
[-2.97440412e+01 -1.75326967e+01 -1.70221317e+01 -3.27301636e+01
 -4.45966591e+00 -1.01454546e-01 -2.39485323e-02  9.42066634e+00
  1.57091530e+01  1.88521967e+01] 
[-2.97440908e+01 -1.75326971e+01 -1.70221316e+01 -3.27301634e+01
 -4.45966793e+00 -1.01441410e-01 -2.39713630e-02  9.42063564e+00
  1.57091118e+01  1.88521528e+01] 
[-2.97441395e+01 -1.75326965e+01 -1.70221321e+01 -3.27301639e+01
 -4.45966870e+00 -1.01428057e-01 -2.39951957e-02  9.42060566e+00
  1.57090702e+01  1.88521086e+01] 
[-2.97441878e+01 -1.75326961e+01 -1.70221330e+01 -3.27301643e+01
 -4.45966910e+00 -1.01414492e-01 -2.40187434e-02  9.42057596e+00
  1.57090292e+01  1.88520648e+01] 
[-2.97442383e+01 -1.75326949e+01 -1.70221339e+01 -3.27301653e+01
 -4.45967009e+00 -1.01399423e-01 -2.40411175e-02  9.42054605e+00
  1.57089875e+01  1.88520196e+01] 
[-2.97442878e+01 -1.75326939e+01 -1.70221343e+01 -3.27301660e+01
 -4.45967092e+00 -1.01384912e-01 -2.40632117e-02  9.42051658e+00
  1.57089467e+01  1.88519755e+01] 
[-2.97443364e+01 -1.75326933e+01 -1.70221346e+01 -3.27301666e+01
 -4.45967146e+00 -1.01370652e-01 -2.40848834e-02  9.42048740e+00
  1.57089068e+01  1.88519322e+01] 
[-2.97443839e+01 -1.75326922e+01 -1.70221341e+01 -3.27301674e+01
 -4.45967162e+00 -1.01356663e-01 -2.41058693e-02  9.42045889e+00
  1.57088672e+01  1.88518895e+01] 
[-2.97444306e+01 -1.75326913e+01 -1.70221335e+01 -3.27301679e+01
 -4.45967170e+00 -1.01343154e-01 -2.41266270e-02  9.42043082e+00
  1.57088285e+01  1.88518477e+01] 
[-2.97444748e+01 -1.75326910e+01 -1.70221314e+01 -3.27301685e+01
 -4.45967097e+00 -1.01330672e-01 -2.41482118e-02  9.42040410e+00
  1.57087913e+01  1.88518071e+01] 
[-2.97445184e+01 -1.75326909e+01 -1.70221294e+01 -3.27301689e+01
 -4.45967028e+00 -1.01318543e-01 -2.41694692e-02  9.42037774e+00
  1.57087548e+01  1.88517675e+01] 
[-2.97445615e+01 -1.75326909e+01 -1.70221279e+01 -3.27301691e+01
 -4.45966936e+00 -1.01306703e-01 -2.41901110e-02  9.42035198e+00
  1.57087192e+01  1.88517290e+01] 
[-2.97446027e+01 -1.75326934e+01 -1.70221286e+01 -3.27301687e+01
 -4.45966847e+00 -1.01293876e-01 -2.42088476e-02  9.42032550e+00
  1.57086859e+01  1.88516937e+01] 
[-2.97446432e+01 -1.75326956e+01 -1.70221290e+01 -3.27301682e+01
 -4.45966764e+00 -1.01281479e-01 -2.42274046e-02  9.42029954e+00
  1.57086532e+01  1.88516592e+01] 
[-2.97446832e+01 -1.75326976e+01 -1.70221291e+01 -3.27301676e+01
 -4.45966684e+00 -1.01269393e-01 -2.42457126e-02  9.42027401e+00
  1.57086212e+01  1.88516253e+01] 
[-2.97447225e+01 -1.75326992e+01 -1.70221287e+01 -3.27301667e+01
 -4.45966630e+00 -1.01257348e-01 -2.42634699e-02  9.42024868e+00
  1.57085900e+01  1.88515917e+01] 
[-2.97447608e+01 -1.75327003e+01 -1.70221279e+01 -3.27301659e+01
 -4.45966589e+00 -1.01246010e-01 -2.42811796e-02  9.42022377e+00
  1.57085594e+01  1.88515587e+01] 
[-2.97447984e+01 -1.75327012e+01 -1.70221267e+01 -3.27301649e+01
 -4.45966538e+00 -1.01234966e-01 -2.42985543e-02  9.42019940e+00
  1.57085293e+01  1.88515263e+01] 
[-2.97448355e+01 -1.75327020e+01 -1.70221255e+01 -3.27301638e+01
 -4.45966488e+00 -1.01224250e-01 -2.43157194e-02  9.42017544e+00
  1.57084997e+01  1.88514945e+01] 
[-2.97448724e+01 -1.75327028e+01 -1.70221239e+01 -3.27301624e+01
 -4.45966430e+00 -1.01213832e-01 -2.43328192e-02  9.42015195e+00
  1.57084706e+01  1.88514632e+01] 
[-2.97449086e+01 -1.75327034e+01 -1.70221223e+01 -3.27301609e+01
 -4.45966369e+00 -1.01203813e-01 -2.43496848e-02  9.42012891e+00
  1.57084421e+01  1.88514325e+01] 
[-2.97449434e+01 -1.75327036e+01 -1.70221197e+01 -3.27301594e+01
 -4.45966226e+00 -1.01193937e-01 -2.43668921e-02  9.42010605e+00
  1.57084148e+01  1.88514035e+01] 
[-2.97449771e+01 -1.75327035e+01 -1.70221174e+01 -3.27301576e+01
 -4.45966045e+00 -1.01184539e-01 -2.43843830e-02  9.42008404e+00
  1.57083878e+01  1.88513756e+01] 
[-2.97450110e+01 -1.75327036e+01 -1.70221158e+01 -3.27301557e+01
 -4.45965852e+00 -1.01174791e-01 -2.44018506e-02  9.42006234e+00
  1.57083611e+01  1.88513482e+01] 
[-2.97450444e+01 -1.75327038e+01 -1.70221141e+01 -3.27301538e+01
 -4.45965678e+00 -1.01165388e-01 -2.44188956e-02  9.42004100e+00
  1.57083348e+01  1.88513212e+01] 
[-2.97450774e+01 -1.75327040e+01 -1.70221124e+01 -3.27301521e+01
 -4.45965532e+00 -1.01156226e-01 -2.44354674e-02  9.42002006e+00
  1.57083089e+01  1.88512945e+01] 
[-2.97451099e+01 -1.75327041e+01 -1.70221108e+01 -3.27301504e+01
 -4.45965391e+00 -1.01147414e-01 -2.44517888e-02  9.41999940e+00
  1.57082835e+01  1.88512682e+01] 
[-2.97451420e+01 -1.75327043e+01 -1.70221093e+01 -3.27301489e+01
 -4.45965265e+00 -1.01138732e-01 -2.44677452e-02  9.41997902e+00
  1.57082584e+01  1.88512424e+01] 
[-2.97451737e+01 -1.75327044e+01 -1.70221078e+01 -3.27301473e+01
 -4.45965143e+00 -1.01130156e-01 -2.44835143e-02  9.41995891e+00
  1.57082338e+01  1.88512169e+01] 
[-2.97452039e+01 -1.75327042e+01 -1.70221072e+01 -3.27301447e+01
 -4.45965084e+00 -1.01121953e-01 -2.44998846e-02  9.41994014e+00
  1.57082096e+01  1.88511928e+01] 
[-2.97452330e+01 -1.75327045e+01 -1.70221067e+01 -3.27301420e+01
 -4.45965076e+00 -1.01114524e-01 -2.45154528e-02  9.41992206e+00
  1.57081854e+01  1.88511690e+01] 
[-2.97452617e+01 -1.75327046e+01 -1.70221059e+01 -3.27301394e+01
 -4.45965082e+00 -1.01107018e-01 -2.45308420e-02  9.41990403e+00
  1.57081619e+01  1.88511451e+01] 
[-2.97452903e+01 -1.75327047e+01 -1.70221050e+01 -3.27301368e+01
 -4.45965088e+00 -1.01099522e-01 -2.45458143e-02  9.41988622e+00
  1.57081387e+01  1.88511216e+01] 
[-2.97453185e+01 -1.75327048e+01 -1.70221041e+01 -3.27301345e+01
 -4.45965094e+00 -1.01092241e-01 -2.45604609e-02  9.41986862e+00
  1.57081160e+01  1.88510983e+01] 
[-2.97453471e+01 -1.75327047e+01 -1.70221032e+01 -3.27301324e+01
 -4.45965076e+00 -1.01084832e-01 -2.45753749e-02  9.41985088e+00
  1.57080930e+01  1.88510753e+01] 
[-2.97453753e+01 -1.75327046e+01 -1.70221023e+01 -3.27301306e+01
 -4.45965061e+00 -1.01077669e-01 -2.45899850e-02  9.41983339e+00
  1.57080705e+01  1.88510526e+01] 
[-2.97454036e+01 -1.75327043e+01 -1.70221017e+01 -3.27301290e+01
 -4.45965033e+00 -1.01070149e-01 -2.46044901e-02  9.41981582e+00
  1.57080484e+01  1.88510302e+01] 
[-2.97454315e+01 -1.75327040e+01 -1.70221009e+01 -3.27301274e+01
 -4.45965017e+00 -1.01062795e-01 -2.46186392e-02  9.41979846e+00
  1.57080267e+01  1.88510081e+01] 
[-2.97454592e+01 -1.75327038e+01 -1.70221002e+01 -3.27301259e+01
 -4.45964997e+00 -1.01055501e-01 -2.46325033e-02  9.41978122e+00
  1.57080055e+01  1.88509863e+01] 
[-2.97454866e+01 -1.75327036e+01 -1.70220995e+01 -3.27301244e+01
 -4.45964973e+00 -1.01048264e-01 -2.46459960e-02  9.41976429e+00
  1.57079846e+01  1.88509649e+01] 
[-2.97455131e+01 -1.75327038e+01 -1.70220988e+01 -3.27301231e+01
 -4.45964945e+00 -1.01041658e-01 -2.46589960e-02  9.41974784e+00
  1.57079640e+01  1.88509437e+01] 
[-2.97455396e+01 -1.75327037e+01 -1.70220983e+01 -3.27301220e+01
 -4.45964917e+00 -1.01034875e-01 -2.46716241e-02  9.41973162e+00
  1.57079438e+01  1.88509225e+01] 
[-2.97455657e+01 -1.75327037e+01 -1.70220978e+01 -3.27301209e+01
 -4.45964893e+00 -1.01028154e-01 -2.46840444e-02  9.41971558e+00
  1.57079239e+01  1.88509017e+01] 
[-2.97455925e+01 -1.75327036e+01 -1.70220976e+01 -3.27301201e+01
 -4.45964880e+00 -1.01020576e-01 -2.46965523e-02  9.41969923e+00
  1.57079043e+01  1.88508805e+01] 
[-2.97456191e+01 -1.75327036e+01 -1.70220975e+01 -3.27301191e+01
 -4.45964881e+00 -1.01012912e-01 -2.47086994e-02  9.41968301e+00
  1.57078851e+01  1.88508597e+01] 
[-2.97456451e+01 -1.75327038e+01 -1.70220974e+01 -3.27301181e+01
 -4.45964892e+00 -1.01005644e-01 -2.47205102e-02  9.41966707e+00
  1.57078663e+01  1.88508392e+01] 
[-2.97456711e+01 -1.75327040e+01 -1.70220974e+01 -3.27301174e+01
 -4.45964905e+00 -1.00998303e-01 -2.47320527e-02  9.41965127e+00
  1.57078476e+01  1.88508190e+01] 
[-2.97456969e+01 -1.75327040e+01 -1.70220974e+01 -3.27301166e+01
 -4.45964915e+00 -1.00991027e-01 -2.47434904e-02  9.41963577e+00
  1.57078291e+01  1.88507991e+01] 
[-2.97457223e+01 -1.75327041e+01 -1.70220973e+01 -3.27301159e+01
 -4.45964921e+00 -1.00983895e-01 -2.47547248e-02  9.41962049e+00
  1.57078109e+01  1.88507795e+01] 
[-2.97457475e+01 -1.75327043e+01 -1.70220973e+01 -3.27301151e+01
 -4.45964922e+00 -1.00976745e-01 -2.47656987e-02  9.41960549e+00
  1.57077929e+01  1.88507603e+01] 
[-2.97457723e+01 -1.75327044e+01 -1.70220972e+01 -3.27301143e+01
 -4.45964919e+00 -1.00969669e-01 -2.47764231e-02  9.41959077e+00
  1.57077751e+01  1.88507413e+01] 
[-2.97457967e+01 -1.75327044e+01 -1.70220969e+01 -3.27301134e+01
 -4.45964912e+00 -1.00962711e-01 -2.47869087e-02  9.41957623e+00
  1.57077577e+01  1.88507226e+01] 
[-2.97458209e+01 -1.75327042e+01 -1.70220966e+01 -3.27301126e+01
 -4.45964905e+00 -1.00955770e-01 -2.47971671e-02  9.41956193e+00
  1.57077406e+01  1.88507041e+01] 
[-2.97458447e+01 -1.75327042e+01 -1.70220961e+01 -3.27301119e+01
 -4.45964901e+00 -1.00948977e-01 -2.48072824e-02  9.41954785e+00
  1.57077238e+01  1.88506859e+01] 
[-2.97458675e+01 -1.75327046e+01 -1.70220950e+01 -3.27301109e+01
 -4.45964867e+00 -1.00943190e-01 -2.48169093e-02  9.41953450e+00
  1.57077075e+01  1.88506687e+01] 
[-2.97458897e+01 -1.75327052e+01 -1.70220938e+01 -3.27301098e+01
 -4.45964844e+00 -1.00937366e-01 -2.48265484e-02  9.41952132e+00
  1.57076916e+01  1.88506521e+01] 
[-2.97459117e+01 -1.75327055e+01 -1.70220928e+01 -3.27301088e+01
 -4.45964813e+00 -1.00931438e-01 -2.48361545e-02  9.41950822e+00
  1.57076761e+01  1.88506355e+01] 
[-2.97459331e+01 -1.75327057e+01 -1.70220920e+01 -3.27301078e+01
 -4.45964769e+00 -1.00925814e-01 -2.48454397e-02  9.41949509e+00
  1.57076605e+01  1.88506189e+01] 
[-2.97459544e+01 -1.75327060e+01 -1.70220915e+01 -3.27301066e+01
 -4.45964740e+00 -1.00920265e-01 -2.48547626e-02  9.41948226e+00
  1.57076452e+01  1.88506023e+01] 
[-2.97459755e+01 -1.75327063e+01 -1.70220908e+01 -3.27301056e+01
 -4.45964712e+00 -1.00914731e-01 -2.48640376e-02  9.41946950e+00
  1.57076301e+01  1.88505860e+01] 
[-2.97459970e+01 -1.75327070e+01 -1.70220909e+01 -3.27301048e+01
 -4.45964639e+00 -1.00908612e-01 -2.48736765e-02  9.41945720e+00
  1.57076157e+01  1.88505704e+01] 
[-2.97460181e+01 -1.75327076e+01 -1.70220910e+01 -3.27301042e+01
 -4.45964577e+00 -1.00902640e-01 -2.48830654e-02  9.41944507e+00
  1.57076015e+01  1.88505550e+01] 
[-2.97460390e+01 -1.75327084e+01 -1.70220912e+01 -3.27301038e+01
 -4.45964544e+00 -1.00897064e-01 -2.48919121e-02  9.41943338e+00
  1.57075873e+01  1.88505401e+01] 
[-2.97460594e+01 -1.75327092e+01 -1.70220913e+01 -3.27301033e+01
 -4.45964515e+00 -1.00891601e-01 -2.49005546e-02  9.41942183e+00
  1.57075734e+01  1.88505253e+01] 
[-2.97460799e+01 -1.75327096e+01 -1.70220914e+01 -3.27301032e+01
 -4.45964499e+00 -1.00886039e-01 -2.49089358e-02  9.41941026e+00
  1.57075597e+01  1.88505105e+01] 
[-2.97460997e+01 -1.75327098e+01 -1.70220914e+01 -3.27301028e+01
 -4.45964463e+00 -1.00880385e-01 -2.49169617e-02  9.41939888e+00
  1.57075466e+01  1.88504963e+01] 
[-2.97461194e+01 -1.75327101e+01 -1.70220913e+01 -3.27301025e+01
 -4.45964433e+00 -1.00874731e-01 -2.49248542e-02  9.41938771e+00
  1.57075337e+01  1.88504822e+01] 
[-2.97461385e+01 -1.75327103e+01 -1.70220910e+01 -3.27301022e+01
 -4.45964396e+00 -1.00869085e-01 -2.49327854e-02  9.41937677e+00
  1.57075208e+01  1.88504681e+01] 
[-2.97461575e+01 -1.75327108e+01 -1.70220906e+01 -3.27301019e+01
 -4.45964347e+00 -1.00863493e-01 -2.49405612e-02  9.41936597e+00
  1.57075078e+01  1.88504539e+01] 
[-2.97461756e+01 -1.75327114e+01 -1.70220900e+01 -3.27301016e+01
 -4.45964330e+00 -1.00858592e-01 -2.49479450e-02  9.41935531e+00
  1.57074953e+01  1.88504404e+01] 
[-2.97461934e+01 -1.75327118e+01 -1.70220895e+01 -3.27301013e+01
 -4.45964314e+00 -1.00853777e-01 -2.49551746e-02  9.41934486e+00
  1.57074830e+01  1.88504270e+01] 
[-2.97462113e+01 -1.75327123e+01 -1.70220892e+01 -3.27301012e+01
 -4.45964294e+00 -1.00848909e-01 -2.49622304e-02  9.41933437e+00
  1.57074707e+01  1.88504138e+01] 
[-2.97462289e+01 -1.75327125e+01 -1.70220887e+01 -3.27301010e+01
 -4.45964269e+00 -1.00843913e-01 -2.49692966e-02  9.41932398e+00
  1.57074587e+01  1.88504007e+01] 
[-2.97462462e+01 -1.75327127e+01 -1.70220883e+01 -3.27301007e+01
 -4.45964247e+00 -1.00838915e-01 -2.49762325e-02  9.41931378e+00
  1.57074468e+01  1.88503877e+01] 
[-2.97462635e+01 -1.75327128e+01 -1.70220878e+01 -3.27301005e+01
 -4.45964229e+00 -1.00833805e-01 -2.49830355e-02  9.41930373e+00
  1.57074352e+01  1.88503748e+01] 
[-2.97462804e+01 -1.75327130e+01 -1.70220874e+01 -3.27301004e+01
 -4.45964214e+00 -1.00828800e-01 -2.49897397e-02  9.41929391e+00
  1.57074238e+01  1.88503621e+01] 
[-2.97462968e+01 -1.75327133e+01 -1.70220870e+01 -3.27301003e+01
 -4.45964218e+00 -1.00824139e-01 -2.49963931e-02  9.41928445e+00
  1.57074126e+01  1.88503495e+01] 
[-2.97463130e+01 -1.75327135e+01 -1.70220867e+01 -3.27301002e+01
 -4.45964221e+00 -1.00819558e-01 -2.50029619e-02  9.41927512e+00
  1.57074016e+01  1.88503372e+01] 
[-2.97463289e+01 -1.75327136e+01 -1.70220863e+01 -3.27301000e+01
 -4.45964224e+00 -1.00815027e-01 -2.50094473e-02  9.41926593e+00
  1.57073907e+01  1.88503251e+01] 
[-2.97463446e+01 -1.75327138e+01 -1.70220860e+01 -3.27300999e+01
 -4.45964221e+00 -1.00810469e-01 -2.50159202e-02  9.41925682e+00
  1.57073799e+01  1.88503132e+01] 
[-2.97463605e+01 -1.75327138e+01 -1.70220855e+01 -3.27300998e+01
 -4.45964215e+00 -1.00805639e-01 -2.50222453e-02  9.41924767e+00
  1.57073693e+01  1.88503014e+01] 
[-2.97463761e+01 -1.75327138e+01 -1.70220851e+01 -3.27300997e+01
 -4.45964207e+00 -1.00800803e-01 -2.50285175e-02  9.41923868e+00
  1.57073588e+01  1.88502898e+01] 
[-2.97463919e+01 -1.75327137e+01 -1.70220848e+01 -3.27300994e+01
 -4.45964194e+00 -1.00795780e-01 -2.50345875e-02  9.41922992e+00
  1.57073487e+01  1.88502785e+01] 
[-2.97464074e+01 -1.75327138e+01 -1.70220845e+01 -3.27300990e+01
 -4.45964181e+00 -1.00790867e-01 -2.50405877e-02  9.41922131e+00
  1.57073386e+01  1.88502674e+01] 
[-2.97464226e+01 -1.75327142e+01 -1.70220839e+01 -3.27300983e+01
 -4.45964201e+00 -1.00786415e-01 -2.50462048e-02  9.41921316e+00
  1.57073286e+01  1.88502568e+01] 
[-2.97464377e+01 -1.75327145e+01 -1.70220833e+01 -3.27300978e+01
 -4.45964225e+00 -1.00781917e-01 -2.50517363e-02  9.41920509e+00
  1.57073186e+01  1.88502463e+01] 
[-2.97464526e+01 -1.75327148e+01 -1.70220827e+01 -3.27300972e+01
 -4.45964249e+00 -1.00777452e-01 -2.50572006e-02  9.41919716e+00
  1.57073088e+01  1.88502359e+01] 
[-2.97464671e+01 -1.75327151e+01 -1.70220822e+01 -3.27300968e+01
 -4.45964263e+00 -1.00773132e-01 -2.50627193e-02  9.41918926e+00
  1.57072992e+01  1.88502256e+01] 
[-2.97464815e+01 -1.75327155e+01 -1.70220817e+01 -3.27300964e+01
 -4.45964276e+00 -1.00768765e-01 -2.50681394e-02  9.41918150e+00
  1.57072898e+01  1.88502155e+01] 
[-2.97464956e+01 -1.75327157e+01 -1.70220812e+01 -3.27300960e+01
 -4.45964286e+00 -1.00764390e-01 -2.50735092e-02  9.41917384e+00
  1.57072806e+01  1.88502055e+01] 
[-2.97465098e+01 -1.75327160e+01 -1.70220807e+01 -3.27300956e+01
 -4.45964300e+00 -1.00759788e-01 -2.50787531e-02  9.41916618e+00
  1.57072713e+01  1.88501956e+01] 
[-2.97465238e+01 -1.75327164e+01 -1.70220800e+01 -3.27300952e+01
 -4.45964306e+00 -1.00755189e-01 -2.50839767e-02  9.41915860e+00
  1.57072621e+01  1.88501858e+01] 
[-2.97465375e+01 -1.75327166e+01 -1.70220794e+01 -3.27300949e+01
 -4.45964310e+00 -1.00750572e-01 -2.50891504e-02  9.41915112e+00
  1.57072532e+01  1.88501763e+01] 
[-2.97465512e+01 -1.75327168e+01 -1.70220787e+01 -3.27300946e+01
 -4.45964323e+00 -1.00745833e-01 -2.50941588e-02  9.41914376e+00
  1.57072443e+01  1.88501669e+01] 
[-2.97465647e+01 -1.75327170e+01 -1.70220780e+01 -3.27300943e+01
 -4.45964336e+00 -1.00741115e-01 -2.50990867e-02  9.41913652e+00
  1.57072356e+01  1.88501576e+01] 
[-2.97465781e+01 -1.75327172e+01 -1.70220773e+01 -3.27300940e+01
 -4.45964347e+00 -1.00736403e-01 -2.51039289e-02  9.41912937e+00
  1.57072271e+01  1.88501484e+01] 
[-2.97465917e+01 -1.75327174e+01 -1.70220769e+01 -3.27300938e+01
 -4.45964347e+00 -1.00731329e-01 -2.51088524e-02  9.41912209e+00
  1.57072186e+01  1.88501394e+01] 
[-2.97466052e+01 -1.75327176e+01 -1.70220766e+01 -3.27300935e+01
 -4.45964346e+00 -1.00726264e-01 -2.51137998e-02  9.41911484e+00
  1.57072103e+01  1.88501304e+01] 
[-2.97466186e+01 -1.75327178e+01 -1.70220762e+01 -3.27300931e+01
 -4.45964347e+00 -1.00721246e-01 -2.51186509e-02  9.41910770e+00
  1.57072020e+01  1.88501216e+01] 
[-2.97466318e+01 -1.75327179e+01 -1.70220759e+01 -3.27300928e+01
 -4.45964350e+00 -1.00716243e-01 -2.51233945e-02  9.41910068e+00
  1.57071939e+01  1.88501129e+01] 
[-2.97466449e+01 -1.75327180e+01 -1.70220756e+01 -3.27300926e+01
 -4.45964362e+00 -1.00711302e-01 -2.51280973e-02  9.41909383e+00
  1.57071859e+01  1.88501042e+01] 
[-2.97466578e+01 -1.75327181e+01 -1.70220753e+01 -3.27300923e+01
 -4.45964377e+00 -1.00706391e-01 -2.51327132e-02  9.41908707e+00
  1.57071781e+01  1.88500956e+01] 
[-2.97466708e+01 -1.75327181e+01 -1.70220750e+01 -3.27300922e+01
 -4.45964392e+00 -1.00701316e-01 -2.51371420e-02  9.41908030e+00
  1.57071703e+01  1.88500871e+01] 
[-2.97466837e+01 -1.75327181e+01 -1.70220748e+01 -3.27300921e+01
 -4.45964405e+00 -1.00696230e-01 -2.51415223e-02  9.41907366e+00
  1.57071627e+01  1.88500787e+01] 
[-2.97466966e+01 -1.75327179e+01 -1.70220746e+01 -3.27300921e+01
 -4.45964413e+00 -1.00691255e-01 -2.51457061e-02  9.41906709e+00
  1.57071553e+01  1.88500706e+01] 
[-2.97467093e+01 -1.75327177e+01 -1.70220743e+01 -3.27300920e+01
 -4.45964423e+00 -1.00686327e-01 -2.51498502e-02  9.41906065e+00
  1.57071481e+01  1.88500625e+01] 
[-2.97467218e+01 -1.75327175e+01 -1.70220741e+01 -3.27300920e+01
 -4.45964435e+00 -1.00681418e-01 -2.51539311e-02  9.41905433e+00
  1.57071409e+01  1.88500545e+01] 
[-2.97467342e+01 -1.75327172e+01 -1.70220739e+01 -3.27300919e+01
 -4.45964438e+00 -1.00676632e-01 -2.51578857e-02  9.41904820e+00
  1.57071338e+01  1.88500467e+01] 
[-2.97467463e+01 -1.75327169e+01 -1.70220738e+01 -3.27300918e+01
 -4.45964449e+00 -1.00671916e-01 -2.51618750e-02  9.41904220e+00
  1.57071268e+01  1.88500391e+01] 
[-2.97467583e+01 -1.75327164e+01 -1.70220736e+01 -3.27300916e+01
 -4.45964459e+00 -1.00667147e-01 -2.51657727e-02  9.41903631e+00
  1.57071200e+01  1.88500317e+01] 
[-2.97467703e+01 -1.75327160e+01 -1.70220735e+01 -3.27300914e+01
 -4.45964466e+00 -1.00662327e-01 -2.51696407e-02  9.41903050e+00
  1.57071132e+01  1.88500243e+01] 
[-2.97467821e+01 -1.75327157e+01 -1.70220733e+01 -3.27300912e+01
 -4.45964474e+00 -1.00657536e-01 -2.51734326e-02  9.41902479e+00
  1.57071065e+01  1.88500170e+01] 
[-2.97467939e+01 -1.75327152e+01 -1.70220732e+01 -3.27300911e+01
 -4.45964486e+00 -1.00652716e-01 -2.51770976e-02  9.41901907e+00
  1.57071000e+01  1.88500098e+01] 
[-2.97468056e+01 -1.75327147e+01 -1.70220730e+01 -3.27300909e+01
 -4.45964503e+00 -1.00647854e-01 -2.51807322e-02  9.41901349e+00
  1.57070935e+01  1.88500026e+01] 
[-2.97468172e+01 -1.75327143e+01 -1.70220728e+01 -3.27300907e+01
 -4.45964520e+00 -1.00643033e-01 -2.51842898e-02  9.41900799e+00
  1.57070872e+01  1.88499956e+01] 
[-2.97468286e+01 -1.75327139e+01 -1.70220726e+01 -3.27300904e+01
 -4.45964533e+00 -1.00638401e-01 -2.51878935e-02  9.41900269e+00
  1.57070811e+01  1.88499888e+01] 
[-2.97468398e+01 -1.75327136e+01 -1.70220723e+01 -3.27300901e+01
 -4.45964546e+00 -1.00633806e-01 -2.51914088e-02  9.41899748e+00
  1.57070750e+01  1.88499820e+01] 
[-2.97468508e+01 -1.75327133e+01 -1.70220720e+01 -3.27300898e+01
 -4.45964560e+00 -1.00629239e-01 -2.51948527e-02  9.41899235e+00
  1.57070690e+01  1.88499754e+01] 
[-2.97468619e+01 -1.75327130e+01 -1.70220718e+01 -3.27300895e+01
 -4.45964579e+00 -1.00624568e-01 -2.51981336e-02  9.41898731e+00
  1.57070631e+01  1.88499687e+01] 
[-2.97468729e+01 -1.75327128e+01 -1.70220715e+01 -3.27300893e+01
 -4.45964609e+00 -1.00620038e-01 -2.52012123e-02  9.41898227e+00
  1.57070575e+01  1.88499622e+01] 
[-2.97468838e+01 -1.75327125e+01 -1.70220712e+01 -3.27300891e+01
 -4.45964648e+00 -1.00615554e-01 -2.52041507e-02  9.41897741e+00
  1.57070519e+01  1.88499557e+01] 
[-2.97468946e+01 -1.75327122e+01 -1.70220709e+01 -3.27300888e+01
 -4.45964687e+00 -1.00611140e-01 -2.52070333e-02  9.41897268e+00
  1.57070465e+01  1.88499494e+01] 
[-2.97469049e+01 -1.75327121e+01 -1.70220706e+01 -3.27300885e+01
 -4.45964728e+00 -1.00606698e-01 -2.52097102e-02  9.41896823e+00
  1.57070414e+01  1.88499433e+01] 
[-2.97469152e+01 -1.75327120e+01 -1.70220702e+01 -3.27300883e+01
 -4.45964776e+00 -1.00602318e-01 -2.52124078e-02  9.41896389e+00
  1.57070362e+01  1.88499373e+01] 
[-2.97469253e+01 -1.75327120e+01 -1.70220699e+01 -3.27300881e+01
 -4.45964826e+00 -1.00597971e-01 -2.52151275e-02  9.41895957e+00
  1.57070312e+01  1.88499315e+01] 
[-2.97469354e+01 -1.75327119e+01 -1.70220695e+01 -3.27300879e+01
 -4.45964871e+00 -1.00593569e-01 -2.52178363e-02  9.41895529e+00
  1.57070262e+01  1.88499258e+01] 
[-2.97469453e+01 -1.75327118e+01 -1.70220691e+01 -3.27300877e+01
 -4.45964914e+00 -1.00589189e-01 -2.52205191e-02  9.41895107e+00
  1.57070213e+01  1.88499201e+01] 
[-2.97469551e+01 -1.75327118e+01 -1.70220687e+01 -3.27300875e+01
 -4.45964953e+00 -1.00584817e-01 -2.52231423e-02  9.41894690e+00
  1.57070165e+01  1.88499145e+01] 
[-2.97469648e+01 -1.75327117e+01 -1.70220683e+01 -3.27300874e+01
 -4.45964989e+00 -1.00580469e-01 -2.52257183e-02  9.41894280e+00
  1.57070117e+01  1.88499090e+01] 
[-2.97469743e+01 -1.75327115e+01 -1.70220679e+01 -3.27300872e+01
 -4.45965024e+00 -1.00576166e-01 -2.52282402e-02  9.41893878e+00
  1.57070069e+01  1.88499036e+01] 
[-2.97469837e+01 -1.75327115e+01 -1.70220676e+01 -3.27300870e+01
 -4.45965053e+00 -1.00571865e-01 -2.52307603e-02  9.41893486e+00
  1.57070023e+01  1.88498982e+01] 
[-2.97469929e+01 -1.75327114e+01 -1.70220672e+01 -3.27300869e+01
 -4.45965076e+00 -1.00567632e-01 -2.52331804e-02  9.41893105e+00
  1.57069976e+01  1.88498929e+01] 
[-2.97470021e+01 -1.75327113e+01 -1.70220669e+01 -3.27300868e+01
 -4.45965098e+00 -1.00563300e-01 -2.52354975e-02  9.41892721e+00
  1.57069931e+01  1.88498877e+01] 
[-2.97470114e+01 -1.75327112e+01 -1.70220666e+01 -3.27300866e+01
 -4.45965124e+00 -1.00558815e-01 -2.52378306e-02  9.41892334e+00
  1.57069885e+01  1.88498825e+01] 
[-2.97470206e+01 -1.75327112e+01 -1.70220663e+01 -3.27300865e+01
 -4.45965147e+00 -1.00554357e-01 -2.52401256e-02  9.41891952e+00
  1.57069840e+01  1.88498774e+01] 
[-2.97470297e+01 -1.75327111e+01 -1.70220660e+01 -3.27300863e+01
 -4.45965166e+00 -1.00549932e-01 -2.52423920e-02  9.41891577e+00
  1.57069796e+01  1.88498723e+01] 
[-2.97470388e+01 -1.75327110e+01 -1.70220657e+01 -3.27300862e+01
 -4.45965184e+00 -1.00545518e-01 -2.52446101e-02  9.41891206e+00
  1.57069752e+01  1.88498674e+01] 
[-2.97470477e+01 -1.75327109e+01 -1.70220655e+01 -3.27300861e+01
 -4.45965201e+00 -1.00541132e-01 -2.52467740e-02  9.41890842e+00
  1.57069709e+01  1.88498624e+01] 
[-2.97470567e+01 -1.75327107e+01 -1.70220653e+01 -3.27300859e+01
 -4.45965221e+00 -1.00536726e-01 -2.52488100e-02  9.41890483e+00
  1.57069666e+01  1.88498575e+01] 
[-2.97470654e+01 -1.75327107e+01 -1.70220650e+01 -3.27300858e+01
 -4.45965234e+00 -1.00532468e-01 -2.52507570e-02  9.41890126e+00
  1.57069622e+01  1.88498525e+01] 
[-2.97470738e+01 -1.75327106e+01 -1.70220646e+01 -3.27300855e+01
 -4.45965239e+00 -1.00528298e-01 -2.52526071e-02  9.41889785e+00
  1.57069581e+01  1.88498478e+01] 
[-2.97470821e+01 -1.75327105e+01 -1.70220643e+01 -3.27300852e+01
 -4.45965245e+00 -1.00524170e-01 -2.52544135e-02  9.41889450e+00
  1.57069540e+01  1.88498431e+01] 
[-2.97470904e+01 -1.75327105e+01 -1.70220639e+01 -3.27300849e+01
 -4.45965256e+00 -1.00520099e-01 -2.52562477e-02  9.41889124e+00
  1.57069498e+01  1.88498385e+01] 
[-2.97470987e+01 -1.75327105e+01 -1.70220635e+01 -3.27300847e+01
 -4.45965263e+00 -1.00516024e-01 -2.52581097e-02  9.41888795e+00
  1.57069458e+01  1.88498339e+01] 
[-2.97471069e+01 -1.75327105e+01 -1.70220631e+01 -3.27300844e+01
 -4.45965267e+00 -1.00512034e-01 -2.52599684e-02  9.41888475e+00
  1.57069418e+01  1.88498293e+01] 
[-2.97471149e+01 -1.75327104e+01 -1.70220627e+01 -3.27300842e+01
 -4.45965271e+00 -1.00508052e-01 -2.52617784e-02  9.41888159e+00
  1.57069379e+01  1.88498248e+01] 
[-2.97471225e+01 -1.75327102e+01 -1.70220621e+01 -3.27300842e+01
 -4.45965291e+00 -1.00504375e-01 -2.52633867e-02  9.41887871e+00
  1.57069341e+01  1.88498204e+01] 
[-2.97471301e+01 -1.75327099e+01 -1.70220615e+01 -3.27300841e+01
 -4.45965311e+00 -1.00500686e-01 -2.52649563e-02  9.41887586e+00
  1.57069305e+01  1.88498160e+01] 
[-2.97471376e+01 -1.75327097e+01 -1.70220610e+01 -3.27300840e+01
 -4.45965331e+00 -1.00497014e-01 -2.52664763e-02  9.41887307e+00
  1.57069268e+01  1.88498116e+01] 
[-2.97471451e+01 -1.75327094e+01 -1.70220606e+01 -3.27300840e+01
 -4.45965352e+00 -1.00493375e-01 -2.52679252e-02  9.41887028e+00
  1.57069233e+01  1.88498073e+01] 
[-2.97471525e+01 -1.75327092e+01 -1.70220603e+01 -3.27300839e+01
 -4.45965368e+00 -1.00489751e-01 -2.52693879e-02  9.41886753e+00
  1.57069198e+01  1.88498031e+01] 
[-2.97471598e+01 -1.75327089e+01 -1.70220600e+01 -3.27300838e+01
 -4.45965382e+00 -1.00486150e-01 -2.52708405e-02  9.41886480e+00
  1.57069164e+01  1.88497990e+01] 
[-2.97471670e+01 -1.75327087e+01 -1.70220597e+01 -3.27300838e+01
 -4.45965396e+00 -1.00482527e-01 -2.52722600e-02  9.41886210e+00
  1.57069129e+01  1.88497949e+01] 
[-2.97471741e+01 -1.75327084e+01 -1.70220594e+01 -3.27300837e+01
 -4.45965410e+00 -1.00478959e-01 -2.52736259e-02  9.41885942e+00
  1.57069095e+01  1.88497908e+01] 
[-2.97471812e+01 -1.75327082e+01 -1.70220592e+01 -3.27300835e+01
 -4.45965423e+00 -1.00475349e-01 -2.52750048e-02  9.41885677e+00
  1.57069061e+01  1.88497868e+01] 
[-2.97471882e+01 -1.75327080e+01 -1.70220590e+01 -3.27300834e+01
 -4.45965436e+00 -1.00471752e-01 -2.52763617e-02  9.41885415e+00
  1.57069028e+01  1.88497828e+01] 
[-2.97471952e+01 -1.75327078e+01 -1.70220588e+01 -3.27300833e+01
 -4.45965446e+00 -1.00468168e-01 -2.52777084e-02  9.41885157e+00
  1.57068994e+01  1.88497788e+01] 
[-2.97472021e+01 -1.75327076e+01 -1.70220586e+01 -3.27300833e+01
 -4.45965456e+00 -1.00464574e-01 -2.52790265e-02  9.41884902e+00
  1.57068962e+01  1.88497749e+01] 
[-2.97472091e+01 -1.75327075e+01 -1.70220583e+01 -3.27300832e+01
 -4.45965467e+00 -1.00460977e-01 -2.52803677e-02  9.41884645e+00
  1.57068929e+01  1.88497710e+01] 
[-2.97472160e+01 -1.75327073e+01 -1.70220581e+01 -3.27300831e+01
 -4.45965477e+00 -1.00457347e-01 -2.52817033e-02  9.41884390e+00
  1.57068897e+01  1.88497672e+01] 
[-2.97472229e+01 -1.75327071e+01 -1.70220579e+01 -3.27300831e+01
 -4.45965485e+00 -1.00453735e-01 -2.52830223e-02  9.41884139e+00
  1.57068866e+01  1.88497634e+01] 
[-2.97472297e+01 -1.75327070e+01 -1.70220576e+01 -3.27300830e+01
 -4.45965492e+00 -1.00450157e-01 -2.52843210e-02  9.41883891e+00
  1.57068834e+01  1.88497597e+01] 
[-2.97472365e+01 -1.75327069e+01 -1.70220574e+01 -3.27300828e+01
 -4.45965499e+00 -1.00446539e-01 -2.52856018e-02  9.41883644e+00
  1.57068803e+01  1.88497561e+01] 
[-2.97472433e+01 -1.75327068e+01 -1.70220572e+01 -3.27300827e+01
 -4.45965505e+00 -1.00442949e-01 -2.52868433e-02  9.41883402e+00
  1.57068771e+01  1.88497525e+01] 
[-2.97472499e+01 -1.75327066e+01 -1.70220570e+01 -3.27300825e+01
 -4.45965512e+00 -1.00439365e-01 -2.52880571e-02  9.41883163e+00
  1.57068740e+01  1.88497489e+01] 
[-2.97472566e+01 -1.75327065e+01 -1.70220568e+01 -3.27300823e+01
 -4.45965518e+00 -1.00435783e-01 -2.52892398e-02  9.41882928e+00
  1.57068710e+01  1.88497454e+01] 
[-2.97472632e+01 -1.75327064e+01 -1.70220567e+01 -3.27300822e+01
 -4.45965523e+00 -1.00432199e-01 -2.52904049e-02  9.41882697e+00
  1.57068680e+01  1.88497420e+01] 
[-2.97472697e+01 -1.75327063e+01 -1.70220565e+01 -3.27300821e+01
 -4.45965526e+00 -1.00428615e-01 -2.52915547e-02  9.41882470e+00
  1.57068650e+01  1.88497386e+01] 
[-2.97472761e+01 -1.75327062e+01 -1.70220564e+01 -3.27300819e+01
 -4.45965531e+00 -1.00425040e-01 -2.52926658e-02  9.41882246e+00
  1.57068620e+01  1.88497353e+01] 
[-2.97472825e+01 -1.75327060e+01 -1.70220562e+01 -3.27300818e+01
 -4.45965534e+00 -1.00421477e-01 -2.52937514e-02  9.41882025e+00
  1.57068591e+01  1.88497320e+01] 
[-2.97472888e+01 -1.75327059e+01 -1.70220561e+01 -3.27300816e+01
 -4.45965539e+00 -1.00417921e-01 -2.52948020e-02  9.41881807e+00
  1.57068563e+01  1.88497287e+01] 
[-2.97472952e+01 -1.75327058e+01 -1.70220559e+01 -3.27300815e+01
 -4.45965547e+00 -1.00414288e-01 -2.52958534e-02  9.41881595e+00
  1.57068535e+01  1.88497255e+01] 
[-2.97473016e+01 -1.75327057e+01 -1.70220558e+01 -3.27300813e+01
 -4.45965554e+00 -1.00410620e-01 -2.52968527e-02  9.41881383e+00
  1.57068507e+01  1.88497223e+01] 
[-2.97473079e+01 -1.75327056e+01 -1.70220557e+01 -3.27300812e+01
 -4.45965562e+00 -1.00406948e-01 -2.52978157e-02  9.41881174e+00
  1.57068480e+01  1.88497192e+01] 
[-2.97473142e+01 -1.75327055e+01 -1.70220555e+01 -3.27300811e+01
 -4.45965569e+00 -1.00403284e-01 -2.52987542e-02  9.41880968e+00
  1.57068453e+01  1.88497161e+01] 
[-2.97473204e+01 -1.75327054e+01 -1.70220554e+01 -3.27300809e+01
 -4.45965577e+00 -1.00399631e-01 -2.52996563e-02  9.41880766e+00
  1.57068426e+01  1.88497130e+01] 
[-2.97473267e+01 -1.75327052e+01 -1.70220553e+01 -3.27300808e+01
 -4.45965590e+00 -1.00395868e-01 -2.53005265e-02  9.41880566e+00
  1.57068400e+01  1.88497100e+01] 
[-2.97473329e+01 -1.75327050e+01 -1.70220551e+01 -3.27300807e+01
 -4.45965604e+00 -1.00392170e-01 -2.53013970e-02  9.41880372e+00
  1.57068374e+01  1.88497070e+01] 
[-2.97473390e+01 -1.75327049e+01 -1.70220551e+01 -3.27300806e+01
 -4.45965618e+00 -1.00388500e-01 -2.53022210e-02  9.41880179e+00
  1.57068349e+01  1.88497040e+01] 
[-2.97473451e+01 -1.75327048e+01 -1.70220550e+01 -3.27300806e+01
 -4.45965634e+00 -1.00384886e-01 -2.53029935e-02  9.41879988e+00
  1.57068324e+01  1.88497011e+01] 
[-2.97473510e+01 -1.75327047e+01 -1.70220550e+01 -3.27300805e+01
 -4.45965649e+00 -1.00381289e-01 -2.53037657e-02  9.41879799e+00
  1.57068299e+01  1.88496982e+01] 
[-2.97473569e+01 -1.75327046e+01 -1.70220549e+01 -3.27300804e+01
 -4.45965662e+00 -1.00377694e-01 -2.53045041e-02  9.41879611e+00
  1.57068274e+01  1.88496953e+01] 
[-2.97473628e+01 -1.75327045e+01 -1.70220549e+01 -3.27300802e+01
 -4.45965676e+00 -1.00374092e-01 -2.53052418e-02  9.41879424e+00
  1.57068250e+01  1.88496925e+01] 
[-2.97473686e+01 -1.75327044e+01 -1.70220549e+01 -3.27300801e+01
 -4.45965689e+00 -1.00370508e-01 -2.53059459e-02  9.41879242e+00
  1.57068226e+01  1.88496897e+01] 
[-2.97473743e+01 -1.75327043e+01 -1.70220548e+01 -3.27300800e+01
 -4.45965699e+00 -1.00366944e-01 -2.53066237e-02  9.41879065e+00
  1.57068202e+01  1.88496870e+01] 
[-2.97473799e+01 -1.75327042e+01 -1.70220548e+01 -3.27300799e+01
 -4.45965709e+00 -1.00363416e-01 -2.53072698e-02  9.41878890e+00
  1.57068179e+01  1.88496842e+01] 
[-2.97473855e+01 -1.75327041e+01 -1.70220547e+01 -3.27300798e+01
 -4.45965721e+00 -1.00359941e-01 -2.53079220e-02  9.41878715e+00
  1.57068156e+01  1.88496815e+01] 
[-2.97473910e+01 -1.75327041e+01 -1.70220546e+01 -3.27300797e+01
 -4.45965731e+00 -1.00356463e-01 -2.53085567e-02  9.41878543e+00
  1.57068133e+01  1.88496789e+01] 
[-2.97473965e+01 -1.75327040e+01 -1.70220546e+01 -3.27300797e+01
 -4.45965740e+00 -1.00352999e-01 -2.53091762e-02  9.41878373e+00
  1.57068110e+01  1.88496762e+01] 
[-2.97474020e+01 -1.75327039e+01 -1.70220545e+01 -3.27300796e+01
 -4.45965747e+00 -1.00349544e-01 -2.53097909e-02  9.41878205e+00
  1.57068088e+01  1.88496737e+01] 
[-2.97474074e+01 -1.75327039e+01 -1.70220544e+01 -3.27300795e+01
 -4.45965753e+00 -1.00346103e-01 -2.53103876e-02  9.41878039e+00
  1.57068066e+01  1.88496711e+01] 
[-2.97474128e+01 -1.75327038e+01 -1.70220543e+01 -3.27300795e+01
 -4.45965760e+00 -1.00342663e-01 -2.53109778e-02  9.41877874e+00
  1.57068044e+01  1.88496686e+01] 
[-2.97474182e+01 -1.75327036e+01 -1.70220542e+01 -3.27300794e+01
 -4.45965768e+00 -1.00339243e-01 -2.53115296e-02  9.41877708e+00
  1.57068022e+01  1.88496661e+01] 
[-2.97474236e+01 -1.75327035e+01 -1.70220541e+01 -3.27300793e+01
 -4.45965777e+00 -1.00335815e-01 -2.53120519e-02  9.41877546e+00
  1.57068001e+01  1.88496637e+01] 
[-2.97474289e+01 -1.75327034e+01 -1.70220541e+01 -3.27300793e+01
 -4.45965787e+00 -1.00332385e-01 -2.53125424e-02  9.41877384e+00
  1.57067980e+01  1.88496613e+01] 
[-2.97474343e+01 -1.75327033e+01 -1.70220540e+01 -3.27300792e+01
 -4.45965794e+00 -1.00328977e-01 -2.53130015e-02  9.41877226e+00
  1.57067959e+01  1.88496589e+01] 
[-2.97474396e+01 -1.75327032e+01 -1.70220539e+01 -3.27300792e+01
 -4.45965801e+00 -1.00325577e-01 -2.53134505e-02  9.41877071e+00
  1.57067939e+01  1.88496566e+01] 
[-2.97474449e+01 -1.75327031e+01 -1.70220540e+01 -3.27300792e+01
 -4.45965814e+00 -1.00322159e-01 -2.53138160e-02  9.41876924e+00
  1.57067919e+01  1.88496542e+01] 
[-2.97474501e+01 -1.75327030e+01 -1.70220539e+01 -3.27300792e+01
 -4.45965826e+00 -1.00318752e-01 -2.53141737e-02  9.41876780e+00
  1.57067900e+01  1.88496519e+01] 
[-2.97474552e+01 -1.75327030e+01 -1.70220539e+01 -3.27300792e+01
 -4.45965835e+00 -1.00315382e-01 -2.53145319e-02  9.41876637e+00
  1.57067881e+01  1.88496496e+01] 
[-2.97474603e+01 -1.75327029e+01 -1.70220539e+01 -3.27300792e+01
 -4.45965842e+00 -1.00312023e-01 -2.53148793e-02  9.41876496e+00
  1.57067862e+01  1.88496474e+01] 
[-2.97474654e+01 -1.75327029e+01 -1.70220539e+01 -3.27300792e+01
 -4.45965850e+00 -1.00308661e-01 -2.53152134e-02  9.41876358e+00
  1.57067843e+01  1.88496451e+01] 
[-2.97474704e+01 -1.75327028e+01 -1.70220539e+01 -3.27300791e+01
 -4.45965857e+00 -1.00305286e-01 -2.53155435e-02  9.41876219e+00
  1.57067824e+01  1.88496430e+01] 
[-2.97474755e+01 -1.75327028e+01 -1.70220539e+01 -3.27300791e+01
 -4.45965868e+00 -1.00301913e-01 -2.53158404e-02  9.41876084e+00
  1.57067806e+01  1.88496408e+01] 
[-2.97474805e+01 -1.75327027e+01 -1.70220538e+01 -3.27300790e+01
 -4.45965878e+00 -1.00298550e-01 -2.53161264e-02  9.41875950e+00
  1.57067787e+01  1.88496386e+01] 
[-2.97474856e+01 -1.75327026e+01 -1.70220538e+01 -3.27300790e+01
 -4.45965888e+00 -1.00295196e-01 -2.53163987e-02  9.41875819e+00
  1.57067769e+01  1.88496364e+01] 
[-2.97474905e+01 -1.75327026e+01 -1.70220537e+01 -3.27300790e+01
 -4.45965899e+00 -1.00291916e-01 -2.53166277e-02  9.41875689e+00
  1.57067751e+01  1.88496344e+01] 
[-2.97474953e+01 -1.75327025e+01 -1.70220536e+01 -3.27300789e+01
 -4.45965909e+00 -1.00288641e-01 -2.53168437e-02  9.41875561e+00
  1.57067734e+01  1.88496323e+01] 
[-2.97475002e+01 -1.75327025e+01 -1.70220535e+01 -3.27300789e+01
 -4.45965919e+00 -1.00285390e-01 -2.53170315e-02  9.41875433e+00
  1.57067716e+01  1.88496304e+01] 
[-2.97475051e+01 -1.75327025e+01 -1.70220535e+01 -3.27300789e+01
 -4.45965930e+00 -1.00282113e-01 -2.53172054e-02  9.41875305e+00
  1.57067699e+01  1.88496284e+01] 
[-2.97475099e+01 -1.75327024e+01 -1.70220534e+01 -3.27300789e+01
 -4.45965939e+00 -1.00278843e-01 -2.53173827e-02  9.41875180e+00
  1.57067682e+01  1.88496265e+01] 
[-2.97475147e+01 -1.75327024e+01 -1.70220533e+01 -3.27300789e+01
 -4.45965947e+00 -1.00275579e-01 -2.53175544e-02  9.41875056e+00
  1.57067666e+01  1.88496246e+01] 
[-2.97475195e+01 -1.75327024e+01 -1.70220531e+01 -3.27300789e+01
 -4.45965954e+00 -1.00272334e-01 -2.53177268e-02  9.41874936e+00
  1.57067649e+01  1.88496227e+01] 
[-2.97475243e+01 -1.75327023e+01 -1.70220531e+01 -3.27300789e+01
 -4.45965959e+00 -1.00269091e-01 -2.53178937e-02  9.41874817e+00
  1.57067633e+01  1.88496208e+01] 
[-2.97475290e+01 -1.75327022e+01 -1.70220530e+01 -3.27300788e+01
 -4.45965964e+00 -1.00265873e-01 -2.53180386e-02  9.41874702e+00
  1.57067617e+01  1.88496190e+01] 
[-2.97475337e+01 -1.75327022e+01 -1.70220529e+01 -3.27300788e+01
 -4.45965970e+00 -1.00262656e-01 -2.53181690e-02  9.41874591e+00
  1.57067602e+01  1.88496173e+01] 
[-2.97475383e+01 -1.75327021e+01 -1.70220528e+01 -3.27300787e+01
 -4.45965975e+00 -1.00259443e-01 -2.53182891e-02  9.41874480e+00
  1.57067587e+01  1.88496155e+01] 
[-2.97475429e+01 -1.75327020e+01 -1.70220527e+01 -3.27300787e+01
 -4.45965981e+00 -1.00256221e-01 -2.53183874e-02  9.41874371e+00
  1.57067572e+01  1.88496137e+01] 
[-2.97475475e+01 -1.75327019e+01 -1.70220526e+01 -3.27300786e+01
 -4.45965986e+00 -1.00253005e-01 -2.53184838e-02  9.41874264e+00
  1.57067557e+01  1.88496120e+01] 
[-2.97475521e+01 -1.75327018e+01 -1.70220526e+01 -3.27300785e+01
 -4.45965991e+00 -1.00249795e-01 -2.53185740e-02  9.41874158e+00
  1.57067542e+01  1.88496103e+01] 
[-2.97475566e+01 -1.75327017e+01 -1.70220525e+01 -3.27300785e+01
 -4.45965993e+00 -1.00246583e-01 -2.53186500e-02  9.41874054e+00
  1.57067528e+01  1.88496085e+01] 
[-2.97475611e+01 -1.75327016e+01 -1.70220524e+01 -3.27300784e+01
 -4.45965996e+00 -1.00243379e-01 -2.53187213e-02  9.41873951e+00
  1.57067514e+01  1.88496069e+01] 
[-2.97475656e+01 -1.75327015e+01 -1.70220524e+01 -3.27300784e+01
 -4.45965998e+00 -1.00240184e-01 -2.53187856e-02  9.41873850e+00
  1.57067499e+01  1.88496052e+01] 
[-2.97475700e+01 -1.75327014e+01 -1.70220523e+01 -3.27300783e+01
 -4.45965999e+00 -1.00236992e-01 -2.53188436e-02  9.41873751e+00
  1.57067486e+01  1.88496036e+01] 
[-2.97475745e+01 -1.75327013e+01 -1.70220522e+01 -3.27300783e+01
 -4.45966000e+00 -1.00233809e-01 -2.53188956e-02  9.41873654e+00
  1.57067472e+01  1.88496020e+01] 
[-2.97475788e+01 -1.75327012e+01 -1.70220522e+01 -3.27300782e+01
 -4.45966003e+00 -1.00230623e-01 -2.53189248e-02  9.41873561e+00
  1.57067459e+01  1.88496004e+01] 
[-2.97475832e+01 -1.75327011e+01 -1.70220522e+01 -3.27300781e+01
 -4.45966006e+00 -1.00227446e-01 -2.53189447e-02  9.41873470e+00
  1.57067445e+01  1.88495988e+01] 
[-2.97475875e+01 -1.75327010e+01 -1.70220521e+01 -3.27300780e+01
 -4.45966008e+00 -1.00224259e-01 -2.53189553e-02  9.41873379e+00
  1.57067433e+01  1.88495972e+01] 
[-2.97475919e+01 -1.75327010e+01 -1.70220521e+01 -3.27300780e+01
 -4.45966009e+00 -1.00221081e-01 -2.53189549e-02  9.41873291e+00
  1.57067420e+01  1.88495957e+01] 
[-2.97475962e+01 -1.75327009e+01 -1.70220521e+01 -3.27300779e+01
 -4.45966010e+00 -1.00217910e-01 -2.53189577e-02  9.41873205e+00
  1.57067407e+01  1.88495942e+01] 
[-2.97476005e+01 -1.75327008e+01 -1.70220521e+01 -3.27300779e+01
 -4.45966016e+00 -1.00214668e-01 -2.53189399e-02  9.41873119e+00
  1.57067394e+01  1.88495927e+01] 
[-2.97476049e+01 -1.75327007e+01 -1.70220521e+01 -3.27300778e+01
 -4.45966021e+00 -1.00211435e-01 -2.53189137e-02  9.41873035e+00
  1.57067382e+01  1.88495912e+01] 
[-2.97476092e+01 -1.75327006e+01 -1.70220520e+01 -3.27300778e+01
 -4.45966026e+00 -1.00208212e-01 -2.53188817e-02  9.41872952e+00
  1.57067369e+01  1.88495897e+01] 
[-2.97476134e+01 -1.75327005e+01 -1.70220520e+01 -3.27300777e+01
 -4.45966029e+00 -1.00204995e-01 -2.53188504e-02  9.41872869e+00
  1.57067357e+01  1.88495883e+01] 
[-2.97476177e+01 -1.75327004e+01 -1.70220520e+01 -3.27300776e+01
 -4.45966031e+00 -1.00201786e-01 -2.53188141e-02  9.41872789e+00
  1.57067345e+01  1.88495869e+01] 
[-2.97476219e+01 -1.75327003e+01 -1.70220519e+01 -3.27300776e+01
 -4.45966032e+00 -1.00198611e-01 -2.53187749e-02  9.41872710e+00
  1.57067333e+01  1.88495855e+01] 
[-2.97476261e+01 -1.75327002e+01 -1.70220519e+01 -3.27300775e+01
 -4.45966032e+00 -1.00195444e-01 -2.53187283e-02  9.41872634e+00
  1.57067321e+01  1.88495841e+01] 
[-2.97476302e+01 -1.75327001e+01 -1.70220519e+01 -3.27300775e+01
 -4.45966033e+00 -1.00192283e-01 -2.53186946e-02  9.41872556e+00
  1.57067310e+01  1.88495828e+01] 
[-2.97476343e+01 -1.75327001e+01 -1.70220519e+01 -3.27300774e+01
 -4.45966034e+00 -1.00189130e-01 -2.53186555e-02  9.41872481e+00
  1.57067299e+01  1.88495815e+01] 
[-2.97476384e+01 -1.75327000e+01 -1.70220518e+01 -3.27300774e+01
 -4.45966034e+00 -1.00185994e-01 -2.53186091e-02  9.41872405e+00
  1.57067288e+01  1.88495803e+01] 
[-2.97476425e+01 -1.75326999e+01 -1.70220518e+01 -3.27300774e+01
 -4.45966034e+00 -1.00182866e-01 -2.53185591e-02  9.41872331e+00
  1.57067277e+01  1.88495790e+01] 
[-2.97476466e+01 -1.75326998e+01 -1.70220518e+01 -3.27300773e+01
 -4.45966034e+00 -1.00179751e-01 -2.53185075e-02  9.41872258e+00
  1.57067266e+01  1.88495778e+01] 
[-2.97476506e+01 -1.75326997e+01 -1.70220518e+01 -3.27300773e+01
 -4.45966033e+00 -1.00176650e-01 -2.53184483e-02  9.41872187e+00
  1.57067255e+01  1.88495765e+01] 
[-2.97476546e+01 -1.75326996e+01 -1.70220518e+01 -3.27300773e+01
 -4.45966031e+00 -1.00173542e-01 -2.53183633e-02  9.41872114e+00
  1.57067244e+01  1.88495754e+01] 
[-2.97476586e+01 -1.75326995e+01 -1.70220518e+01 -3.27300773e+01
 -4.45966028e+00 -1.00170437e-01 -2.53182548e-02  9.41872043e+00
  1.57067234e+01  1.88495742e+01] 

 Time 
1222.6675109863281 
