Energy 
 
-4.5957704848067085 
-9.108133820505401 
-11.937919409274322 
-13.7341771673584 
-14.93770218659466 
-15.77596216402231 
-16.372378723188838 
-16.80154830118896 
-17.112620102058248 
-17.33958398166973 
-17.5064365790551 
-17.630224344998112 
-17.723062406611422 
-17.79355500968878 
-17.847813301397625 
-17.890184421237297 
-17.92377058003362 
-17.9507961860957 
-17.97286618162441 
-17.99114726676578 
-18.0064948847266 
-18.019542254129483 
-18.03076292226387 
-18.040514863167164 
-18.049071705880426 
-18.056644971081173 
-18.063400006867294 
-18.06946749173688 
-18.074951803892514 
-18.07993716277901 
-18.084492176792544 
-18.088673242667284 
-18.09252711118308 
-18.096092842654617 
-18.0994033118999 
-18.10248637758492 
-18.105365799227435 
-18.108061962690147 
-18.11059245897222 
-18.1129725495825 
-18.11521554344141 
-18.11733310417758 
-18.11933550221409 
-18.12123182272903 
-18.12303013809609 
-18.124737651550614 
-18.126360817399046 
-18.127905442010704 
-18.12937676897929 
-18.13077955119161 
-18.132118112022237 
-18.133396397460604 
-18.134618020655964 
-18.135786300100282 
-18.13690429245583 
-18.13797482086743 
-18.139000499452955 
-18.139983754554546 
-18.140926843236937 
-18.141831869439176 
-18.1427007981256 
-18.14353546772089 
-18.144337601077048 
-18.145108815175405 
-18.145850629740313 
-18.146564474910576 
-18.147251698097428 
-18.147913570132776 
-18.148551290803447 
-18.149165993844615 
-18.149758751463235 
-18.150330578447267 
-18.150882435909974 
-18.1514152347115 
-18.151929838595056 
-18.15242706706858 
-18.15290769805936 
-18.1533724703659 
-18.15382208592793 
-18.154257211930613 
-18.154678482761636 
-18.15508650183361 
-18.155481843283106 
-18.155865053559346 
-18.156236652910223 
-18.15659713677453 
-18.156946977089042 
-18.157286623515706 
-18.157616504594934 
-18.157937028833555 
-18.15824858572691 
-18.158551546725043 
-18.158846266142326 
-18.159133082018542 
-18.15941231693132 
-18.159684278763315 
-18.159949261430935 
-18.16020754557058 
-18.160459399190636 
-18.160705078288803 
-18.16094482743579 
-18.161178880330667 
-18.16140746032512 
-18.16163078092309 
-18.161849046253273 
-18.162062451517517 
-18.162271183417616 
-18.162475420559744 
-18.162675333838 
-18.162871086799953 
-18.163062835993234 
-18.163250731294738 
-18.16343491622399 
-18.163615528240204 
-18.163792699025525 
-18.163966554753955 
-18.16413721634708 
-18.164304799717144 
-18.16446941599849 
-18.16463117176738 
-18.164790169251805 
-18.164946506530484 
-18.165100277721987 
-18.165251573165918 
-18.165400479593988 
-18.165547080293944 
-18.16569145526455 
-18.1658336813645 
-18.165973832453155 
-18.166111979524736 
-18.16624819083646 
-18.16638253203074 
-18.16651506625083 
-18.16664585425158 
-18.166774954505 
-18.166902423300925 
-18.167028314842284 
-18.16715268133668 
-18.167275573083316 
-18.167397038555986 
-18.16751712448215 
-18.16763587591841 
-18.167753336322402 
-18.167869547621194 
-18.167984550277307 
-18.168098383350785 
-18.168211084558727 
-18.16832269033224 
-18.16843323587079 
-18.168542755194295 
-18.168651281191735 
-18.168758845669462 
-18.168865479395492 
-18.168971212142985 
-18.169076072731443 
-18.16918008906563 
-18.169283288173474 
-18.169385696242127 
-18.169487338651724 
-18.169588240008597 
-18.169688424176943 
-18.169787914307648 
-18.169886732868235 
-18.16998490166968 
-18.17008244189303 
-18.170179374113477 
-18.170275718326053 
-18.170371493967245 
-18.170466719937394 
-18.170561414622142 
-18.170655595912223 
-18.17074928122291 
-18.170842487512626 
-18.170935231300447 
-18.171027528683485 
-18.1711193953528 
-18.171210846609082 
-18.171301897378086 
-18.171392562224256 
-18.171482855365095 
-18.171572790684305 
-18.171662381743865 
-18.171751641797382 
-18.171840583800368 
-18.17192922042264 
-18.17201756405828 
-18.172105626836718 
-18.172193420631984 
-18.172280957072235 
-18.172368247549898 
-18.17245530322924 
-18.17254213505573 
-18.172628753763757 
-18.172715169884604 
-18.1728013937539 
-18.172887435519247 
-18.172973305146428 
-18.173059012427007 
-18.173144566984284 
-18.17322997827943 
-18.173315255617958 
-18.173400408155146 
-18.17348544490173 
-18.173570374728943 
-18.17365520637446 
-18.173739948446325 
-18.17382460942886 
-18.17390919768628 
-18.17399372146789 
-18.174078188912357 
-18.174162608051027 
-18.174246986813067 
-18.17433133302874 
-18.174415654433016 
-18.174499958669607 
-18.17458425329423 
-18.174668545777735 
-18.174752843509687 
-18.17483715380167 
-18.17492148388956 
-18.175005840937267 
-18.175090232039317 
-18.175174664223118 
-18.17525914445214 
-18.175343679628526 
-18.175428276594857 
-18.175512942137328 
-18.17559768298775 
-18.175682505825325 
-18.175767417279697 
-18.17585242393223 
-18.175937532318194 
-18.176022748929107 
-18.176108080214213 
-18.176193532582193 
-18.17627911240323 
-18.176364826010474 
-18.176450679701883 
-18.176536679741293 
-18.17662283236075 
-18.176709143760917 
-18.17679562011342 
-18.176882267561737 
-18.176969092222514 
-18.17705610018678 
-18.17714329752144 
-18.17723069026995 
-18.177318284454 
-18.17740608607403 
-18.177494101110447 
-18.177582335524882 
-18.177670795260738 
-18.177759486244145 
-18.177848414384634 
-18.177937585576828 
-18.17802700570003 
-18.178116680619738 
-18.178206616187776 
-18.178296818243393 
-18.17838729261377 
-18.178478045114332 
-18.17856908154969 
-18.1786604077136 
-18.178752029389948 
-18.178843952353052 
-18.178936182367536 
-18.179028725189497 
-18.179121586565923 
-18.179214772235873 
-18.179308287929974 
-18.179402139370804 
-18.179496332273562 
-18.179590872345244 
-18.179685765285615 
-18.179781016786606 
-18.17987663253283 
-18.179972618201358 
-18.180068979461414 
-18.180165721974355 
-18.18026285139417 
-18.180360373366284 
-18.18045829352809 
-18.180556617508415 
-18.18065535092704 
-18.180754499394858 
-18.18085406851309 
-18.18095406387286 
-18.18105449105517 
-18.18115535563007 
-18.181256663155885 
-18.181358419179194 
-18.18146062923366 
-18.18156329884021 
-18.18166643350506 
-18.18177003872013 
-18.181874119961783 
-18.181978682690115 
-18.182083732347664 
-18.182189274359015 
-18.182295314129657 
-18.182401857045093 
-18.18250890846932 
-18.182616473744396 
-18.182724558188823 
-18.182833167096422 
-18.18294230573543 
-18.183051979346608 
-18.18316219314262 
-18.183272952306186 
-18.18338426198848 
-18.18349612730823 
-18.183608553349988 
-18.183721545161962 
-18.183835107755442 
-18.183949246102245 
-18.184063965133298 
-18.184179269737154 
-18.1842951647575 
-18.184411654991894 
-18.18452874518946 
-18.184646440049367 
-18.184764744217887 
-18.184883662287486 
-18.1850031987939 
-18.185123358213936 
-18.18524414496379 
-18.18536556339613 
-18.185487617798284 
-18.185610312389418 
-18.185733651318507 
-18.185857638661282 
-18.185982278418283 
-18.18610757451215 
-18.186233530784513 
-18.186360150993572 
-18.186487438811955 
-18.186615397823054 
-18.18674403151822 
-18.18687334329475 
-18.187003336452293 
-18.187134014189862 
-18.187265379602863 
-18.18739743568026 
-18.187530185301632 
-18.18766363123342 
-18.187797776126125 
-18.187932622511042 
-18.188068172797347 
-18.188204429268243 
-18.18834139407786 
-18.188479069248082 
-18.188617456665078 
-18.18875655807575 
-18.188896375084312 
-18.189036909149262 
-18.189178161579395 
-18.18932013353047 
-18.189462826001765 
-18.189606239832564 
-18.189750375698477 
-18.189895234108064 
-18.190040815399414 
-18.190187119736027 
-18.19033414710376 
-18.190481897307407 
-18.190630369966513 
-18.190779564512717 
-18.190929480185176 
-18.191080116028058 
-18.191231470886375 
-18.191383543403038 
-18.191536332014962 
-18.191689834950143 
-18.19184405022355 
-18.191998975635 
-18.192154608764405 
-18.19231094696996 
-18.192467987384095 
-18.19262572691026 
-18.192784162220818 
-18.192943289752833 
-18.193103105706204 
-18.19326360604012 
-18.193424786470555 
-18.193586642467963 
-18.19374916925371 
-18.193912361798898 
-18.194076214820697 
-18.194240722780965 
-18.19440587988367 
-18.194571680073263 
-18.194738117031626 
-18.19490518417814 
-18.195072874666057 
-18.195241181382144 
-18.195410096945178 
-18.195579613704158 
-18.195749723737663 
-18.195920418853042 
-18.19609169058489 
-18.196263530195232 
-18.19643592867273 
-18.196608876732274 
-18.196782364815153 
-18.196956383089 
-18.197130921448043 
-18.197305969513668 
-18.19748151663504 
-18.197657551889762 
-18.197834064085427 
-18.1980110417602 
-18.19818847318505 
-18.198366346364665 
-18.198544649040073 
-18.198723368690196 
-18.19890249253426 
-18.19908200753495 
-18.199261900400366 
-18.199442157587605 
-18.199622765305477 
-18.199803709518658 
-18.199984975950457 
-18.200166550088163 
-18.200348417184998 
-18.20053056226676 
-18.200712970134894 
-18.20089562537208 
-18.201078512346697 
-18.201261615218698 
-18.201444917944553 
-18.201628404283458 
-18.201812057802357 
-18.201995861883443 
-18.202179799729286 
-18.202363854370034 
-18.20254800866968 
-18.20273224533355 
-18.202916546914896 
-18.203100895822956 
-18.20328527432936 
-18.203469664576776 
-18.20365404858633 
-18.203838408265618 
-18.204022725417094 
-18.204206981746214 
-18.204391158869743 
-18.204575238324598 
-18.204759201576483 
-18.204943030028645 
-18.205126705031187 
-18.205310207889323 
-18.20549351987337 
-18.205676622227433 
-18.205859496179073 
-18.206042122947885 
-18.206224483756124 
-18.20640655983711 
-18.206588332445172 
-18.206769782865187 
-18.206950892421546 
-18.207131642488967 
-18.207312014500108 
-18.207491989956775 
-18.207671550438548 
-18.20785067761259 
-18.20802935324239 
-18.208207559197817 
-18.20838527746388 
-18.20856249015034 
-18.208739179500057 
-18.208915327898914 
-18.20909091788368 
-18.209265932151887 
-18.20944035356925 
-18.20961416517891 
-18.209787350209552 
-18.209959892083514 
-18.210131774425 
-18.21030298106761 
-18.210473496062086 
-18.210643303683696 
-18.210812388439894 
-18.210980735076742 
-18.211148328586408 
-18.211315154212805 
-18.211481197459257 
-18.211646444093542 
-18.21181088015446 
-18.211974491957243 
-18.212137266099308 
-18.212299189464648 
-18.21246024922968 
-18.212620432867407 
-18.212779728152057 
-18.212938123163088 
-18.21309560628869 
-18.213252166230323 
-18.21340779200517 
-18.213562472949672 
-18.213716198722178 

 Time 
16935.392345428467 
