Energy 
 
-4.59577048480671 
-9.1081338205054 
-11.937919409274325 
-13.734177167358403 
-14.937702186594663 
-15.7759621640223 
-16.372378723188838 
-16.80154830118895 
-17.11262010205824 
-17.339583981669733 
-17.506436579055094 
-17.630224344998105 
-17.72306240661143 
-17.793555009688777 
-17.84781330139765 
-17.89018442123729 
-17.92377058003361 
-17.950796186095694 
-17.972866181624415 
-17.991147266765765 
-18.006494884726614 
-18.019542254129487 
-18.03076292226387 
-18.040514863167157 
-18.04907170588043 
-18.056644971081173 
-18.0634000068673 
-18.069467491736884 
-18.07495180389251 
-18.07993716277901 
-18.08449217679256 
-18.088673242667298 
-18.09252711118306 
-18.096092842654617 
-18.0994033118999 
-18.102486377584913 
-18.10536579922742 
-18.108061962690137 
-18.110592458972214 
-18.1129725495825 
-18.115215543441405 
-18.117333104177575 
-18.11933550221409 
-18.121231822729023 
-18.123030138096098 
-18.124737651550593 
-18.126360817399057 
-18.127905442010707 
-18.129376768979288 
-18.13077955119162 
-18.13211811202225 
-18.133396397460594 
-18.134618020655964 
-18.1357863001003 
-18.136904292455842 
-18.137974820867445 
-18.13900049945295 
-18.13998375455455 
-18.140926843236926 
-18.14183186943916 
-18.142700798125603 
-18.143535467720884 
-18.144337601077055 
-18.145108815175398 
-18.145850629740302 
-18.146564474910576 
-18.147251698097442 
-18.147913570132783 
-18.148551290803447 
-18.149165993844605 
-18.149758751463228 
-18.15033057844726 
-18.15088243590998 
-18.1514152347115 
-18.15192983859507 
-18.152427067068572 
-18.15290769805935 
-18.153372470365905 
-18.153822085927946 
-18.15425721193059 
-18.15467848276164 
-18.155086501833626 
-18.155481843283095 
-18.15586505355934 
-18.15623665291023 
-18.156597136774543 
-18.156946977089053 
-18.157286623515713 
-18.15761650459494 
-18.157937028833555 
-18.15824858572691 
-18.15855154672505 
-18.158846266142337 
-18.159133082018545 
-18.159412316931324 
-18.15968427876332 
-18.159949261430942 
-18.16020754557058 
-18.16045939919063 
-18.160705078288803 
-18.160944827435788 
-18.161178880330667 
-18.161407460325123 
-18.161630780923105 
-18.16184904625325 
-18.162062451517514 
-18.162271183417623 
-18.16247542055974 
-18.162675333838 
-18.162871086799953 
-18.163062835993227 
-18.16325073129474 
-18.163434916224002 
-18.1636155282402 
-18.16379269902552 
-18.163966554753944 
-18.164137216347083 
-18.16430479971715 
-18.164469415998486 
-18.164631171767372 
-18.16479016925181 
-18.164946506530484 
-18.165100277722 
-18.165251573165925 
-18.165400479593977 
-18.16554708029395 
-18.165691455264533 
-18.165833681364514 
-18.165973832453144 
-18.16611197952472 
-18.166248190836463 
-18.16638253203074 
-18.16651506625082 
-18.166645854251588 
-18.166774954505005 
-18.166902423300932 
-18.167028314842266 
-18.167152681336674 
-18.167275573083295 
-18.167397038555983 
-18.16751712448215 
-18.167635875918435 
-18.167753336322402 
-18.167869547621194 
-18.167984550277314 
-18.16809838335078 
-18.168211084558713 
-18.168322690332232 
-18.168433235870793 
-18.168542755194302 
-18.168651281191742 
-18.168758845669462 
-18.168865479395485 
-18.168971212142978 
-18.16907607273145 
-18.169180089065627 
-18.169283288173478 
-18.169385696242113 
-18.169487338651738 
-18.1695882400086 
-18.169688424176936 
-18.169787914307634 
-18.169886732868235 
-18.169984901669686 
-18.170082441893026 
-18.17017937411348 
-18.170275718326042 
-18.17037149396724 
-18.17046671993741 
-18.170561414622128 
-18.170655595912233 
-18.17074928122291 
-18.17084248751262 
-18.17093523130045 
-18.17102752868351 
-18.17111939535281 
-18.17121084660907 
-18.17130189737808 
-18.171392562224238 
-18.17148285536509 
-18.171572790684305 
-18.17166238174387 
-18.17175164179737 
-18.171840583800375 
-18.171929220422633 
-18.172017564058276 
-18.172105626836732 
-18.17219342063199 
-18.172280957072232 
-18.172368247549898 
-18.172455303229242 
-18.172542135055725 
-18.17262875376376 
-18.17271516988459 
-18.172801393753918 
-18.172887435519225 
-18.172973305146435 
-18.173059012427004 
-18.17314456698428 
-18.173229978279434 
-18.173315255617954 
-18.173400408155146 
-18.17348544490171 
-18.17357037472894 
-18.17365520637446 
-18.173739948446308 
-18.173824609428866 
-18.17390919768627 
-18.173993721467895 
-18.17407818891236 
-18.174162608051027 
-18.17424698681308 
-18.174331333028753 
-18.17441565443302 
-18.174499958669607 
-18.174584253294213 
-18.17466854577773 
-18.17475284350968 
-18.174837153801647 
-18.174921483889577 
-18.175005840937267 
-18.175090232039313 
-18.175174664223135 
-18.175259144452134 
-18.175343679628526 
-18.17542827659485 
-18.175512942137317 
-18.175597682987732 
-18.17568250582533 
-18.175767417279676 
-18.175852423932227 
-18.175937532318198 
-18.17602274892911 
-18.17610808021423 
-18.176193532582182 
-18.176279112403233 
-18.176364826010477 
-18.17645067970189 
-18.176536679741304 
-18.176622832360756 
-18.176709143760906 
-18.17679562011341 
-18.17688226756172 
-18.17696909222251 
-18.177056100186764 
-18.177143297521447 
-18.177230690269944 
-18.177318284453992 
-18.177406086074054 
-18.177494101110444 
-18.17758233552488 
-18.17767079526073 
-18.177759486244128 
-18.177848414384624 
-18.177937585576814 
-18.178027005700038 
-18.17811668061973 
-18.178206616187794 
-18.17829681824339 
-18.178387292613785 
-18.17847804511433 
-18.17856908154969 
-18.178660407713583 
-18.17875202938996 
-18.178843952353066 
-18.17893618236754 
-18.179028725189497 
-18.179121586565927 
-18.179214772235856 
-18.179308287929967 
-18.17940213937082 
-18.179496332273537 
-18.179590872345265 
-18.179685765285626 
-18.179781016786603 
-18.179876632532835 
-18.179972618201347 
-18.180068979461414 
-18.180165721974358 
-18.18026285139418 
-18.180360373366288 
-18.18045829352809 
-18.180556617508397 
-18.180655350927037 
-18.180754499394855 
-18.18085406851309 
-18.180954063872868 
-18.181054491055185 
-18.18115535563009 
-18.18125666315587 
-18.18135841917919 
-18.181460629233644 
-18.181563298840203 
-18.181666433505058 
-18.18177003872013 
-18.18187411996179 
-18.181978682690108 
-18.182083732347678 
-18.18218927435902 
-18.182295314129647 
-18.182401857045093 
-18.18250890846931 
-18.182616473744407 
-18.182724558188827 
-18.182833167096426 
-18.182942305735423 
-18.1830519793466 
-18.183162193142614 
-18.183272952306194 
-18.183384261988472 
-18.183496127308224 
-18.183608553349988 
-18.183721545161955 
-18.183835107755453 
-18.18394924610224 
-18.18406396513329 
-18.184179269737136 
-18.184295164757504 
-18.184411654991898 
-18.184528745189457 
-18.18464644004937 
-18.184764744217876 
-18.184883662287476 
-18.185003198793886 
-18.185123358213946 
-18.18524414496379 
-18.185365563396154 
-18.185487617798287 
-18.18561031238942 
-18.18573365131851 
-18.185857638661286 
-18.18598227841829 
-18.18610757451217 
-18.186233530784506 
-18.186360150993586 
-18.186487438811945 
-18.18661539782306 
-18.186744031518206 
-18.186873343294746 
-18.187003336452285 
-18.18713401418985 
-18.187265379602866 
-18.18739743568026 
-18.187530185301636 
-18.187663631233406 
-18.18779777612613 
-18.187932622511035 
-18.188068172797347 
-18.18820442926824 
-18.18834139407785 
-18.188479069248093 
-18.188617456665085 
-18.188756558075745 
-18.188896375084312 
-18.189036909149262 
-18.18917816157939 
-18.189320133530444 
-18.18946282600177 
-18.189606239832575 
-18.189750375698452 
-18.189895234108047 
-18.19004081539941 
-18.190187119736024 
-18.190334147103776 
-18.190481897307397 
-18.190630369966527 
-18.19077956451273 
-18.190929480185172 
-18.191080116028044 
-18.191231470886347 
-18.191383543403035 
-18.19153633201495 
-18.19168983495015 
-18.191844050223537 
-18.19199897563498 
-18.192154608764397 
-18.192310946969954 
-18.1924679873841 
-18.192625726910258 
-18.19278416222081 
-18.192943289752836 
-18.193103105706196 
-18.19326360604012 
-18.19342478647058 
-18.19358664246796 
-18.19374916925372 
-18.193912361798894 
-18.194076214820704 
-18.194240722780982 
-18.194405879883668 
-18.19457168007326 
-18.19473811703163 
-18.19490518417813 
-18.195072874666046 
-18.19524118138215 
-18.195410096945167 
-18.195579613704133 
-18.195749723737656 
-18.19592041885306 
-18.196091690584883 
-18.196263530195225 
-18.196435928672738 
-18.196608876732263 
-18.196782364815146 
-18.196956383089017 
-18.19713092144804 
-18.197305969513675 
-18.19748151663505 
-18.19765755188976 
-18.19783406408541 
-18.19801104176021 
-18.19818847318504 
-18.19836634636467 
-18.19854464904008 
-18.19872336869021 
-18.19890249253427 
-18.199082007534948 
-18.199261900400344 
-18.19944215758761 
-18.199622765305477 
-18.199803709518655 
-18.199984975950446 
-18.20016655008817 
-18.20034841718502 
-18.200530562266728 
-18.20071297013491 
-18.20089562537207 
-18.20107851234669 
-18.2012616152187 
-18.201444917944542 
-18.201628404283454 
-18.201812057802343 
-18.201995861883425 
-18.202179799729286 
-18.202363854370017 
-18.20254800866967 
-18.20273224533353 
-18.202916546914892 
-18.20310089582296 
-18.203285274329353 
-18.203469664576772 
-18.20365404858631 
-18.203838408265636 
-18.204022725417087 
-18.204206981746218 
-18.204391158869747 
-18.204575238324594 
-18.20475920157648 
-18.20494303002867 
-18.20512670503117 
-18.20531020788931 
-18.205493519873382 
-18.20567662222744 
-18.205859496179066 
-18.20604212294787 
-18.206224483756124 
-18.206406559837117 
-18.20658833244517 
-18.206769782865187 
-18.206950892421542 
-18.207131642488967 
-18.207312014500104 
-18.207491989956775 
-18.207671550438548 
-18.20785067761258 
-18.20802935324239 
-18.20820755919783 
-18.208385277463872 
-18.208562490150342 
-18.208739179500046 
-18.208915327898914 
-18.209090917883685 
-18.209265932151908 
-18.209440353569235 
-18.20961416517889 
-18.209787350209545 
-18.20995989208353 
-18.210131774425005 
-18.210302981067585 
-18.210473496062086 
-18.2106433036837 
-18.210812388439887 
-18.21098073507675 
-18.21114832858641 
-18.21131515421282 
-18.21148119745926 
-18.211646444093535 
-18.211810880154466 
-18.211974491957246 
-18.212137266099315 
-18.212299189464655 
-18.212460249229682 
-18.212620432867404 
-18.212779728152064 
-18.212938123163084 
-18.213095606288693 
-18.213252166230316 
-18.213407792005174 
-18.213562472949658 
-18.213716198722175 

 Time 
18382.158074378967 
