Energy 
 
-8.394340955829453 
-9.636258329578329 
-10.782628743412712 
-11.83672817143242 
-12.803951954274778 
-13.690892917189496 
-14.504633977233508 
-15.252251264860323 
-15.940495127483405 
-16.575607448272205 
-17.163235908661896 
-17.70841278838715 
-18.215573854820672 
-18.688600021373347 
-19.13087012200747 
-19.54531733569056 
-19.934484730543204 
-20.300577373326924 
-20.6455097317211 
-20.970947897556258 
-21.278346637624054 
-21.56898154718138 
-21.84397671676836 
-22.104328376937787 
-22.350924991204803 
-22.58456424628316 
-22.80596735388464 
-23.015791037762654 
-23.21463753822663 
-23.403062926452492 
-23.581583983983222 
-23.750683869319722 
-23.91081676360544 
-24.062411660932543 
-24.205875445549204 
-24.34159537781158 
-24.469941092974103 
-24.59126620131435 
-24.705909564651275 
-24.81419631253459 
-24.91643865124542 
-25.012936509932484 
-25.10397806065174 
-25.189840142535033 
-25.270788614752448 
-25.347078658146163 
-25.418955041403116 
-25.486652364230398 
-25.55039528709066 
-25.610398754765427 
-25.666868218987794 
-25.719999863827912 
-25.769980836203572 
-25.81698948290028 
-25.86119559461707 
-25.90276065703099 
-25.94183810834039 
-25.978573602442662 
-26.013105276715777 
-26.045564023187247 
-26.07607376183453 
-26.104751714742672 
-26.131708679877732 
-26.157049303273556 
-26.180872348537275 
-26.203270962642666 
-26.22433293710984 
-26.244140963761996 
-26.262772884361603 
-26.28030193353571 
-26.296796974506666 
-26.312322727228107 
-26.326939988639314 
-26.34070584479584 
-26.35367387476652 
-26.36589434619137 
-26.377414402508798 
-26.388278241874584 
-26.39852728787331 
-26.408200352128638 
-26.41733378899711 
-26.425961642503115 
-26.434115785751366 
-26.441826053024005 
-26.449120364826186 
-26.456024846105425 
-26.462563937941315 
-26.468760502944008 
-26.47463592462668 
-26.480210201047868 
-26.48550203295606 
-26.490528906717987 
-26.495307172285187 
-26.49985211643616 
-26.504178031560954 
-26.508298280206382 
-26.512225355618156 
-26.51597093850489 
-26.519545950222593 
-26.52296060259826 
-26.526224444582876 
-26.52934640590707 
-26.532334837942095 
-26.53519755190036 
-26.53794185457093 
-26.540574581719557 
-26.543102129299225 
-26.545530482615007 
-26.547865243566843 
-26.55011165609063 
-26.552274629917175 
-26.554358762749843 
-26.556368360972527 
