Parameters 
 
[-0.5 -0.5 -0.5 -0.5 -0.5 -0.5 -0.5 -0.5 -0.5 -0.5 -0.5 -0.5 -0.5 -0.5
 -0.5 -0.5 -0.5 -0.5 -0.5 -0.5 -0.5 -0.5 -0.5 -0.5 -0.5 -0.5 -0.5 -0.5] 
[-0.53757612 -0.51737197 -0.51612647 -0.51204932 -0.48531723 -0.4789375
 -0.47997512 -0.4814895  -0.48281849 -0.48398479 -0.48500831 -0.53695105
 -0.48590654 -0.48669481 -0.48738658 -0.48799367 -0.48852643 -0.48899398
 -0.48671871 -0.49091652 -0.53611771 -0.5325774  -0.52947048 -0.52674391
 -0.52435112 -0.52225125 -0.52040844 -0.51879122] 
[-0.57415763 -0.53426845 -0.53183951 -0.5236778  -0.47079245 -0.458083
 -0.46092263 -0.46405465 -0.46675021 -0.46907764 -0.47109475 -0.57291478
 -0.47284536 -0.47436653 -0.47568971 -0.47684172 -0.47784073 -0.47866338
 -0.47402843 -0.48239848 -0.5711197  -0.56396521 -0.55773318 -0.55233092
 -0.54764487 -0.54357489 -0.5400361  -0.53695619] 
[-0.60955672 -0.55074695 -0.54719166 -0.5349309  -0.45644595 -0.43748102
 -0.44287406 -0.44769976 -0.45177119 -0.45523165 -0.45819517 -0.60770592
 -0.46074038 -0.46293164 -0.46482209 -0.46645578 -0.46785506 -0.46892201
 -0.46187297 -0.47437613 -0.60483826 -0.59406875 -0.58475343 -0.57677121
 -0.56992169 -0.56402914 -0.55894868 -0.55455992] 
[-0.64364899 -0.56686468 -0.56223305 -0.5458503  -0.44229478 -0.41717406
 -0.42584119 -0.43240858 -0.43783933 -0.44238584 -0.44623574 -0.64120054
 -0.44950999 -0.45230473 -0.45469749 -0.45675085 -0.45848676 -0.45969098
 -0.45019911 -0.46678422 -0.63716935 -0.62284785 -0.61054104 -0.60010862
 -0.59124552 -0.58368694 -0.57721978 -0.57167026] 
[-0.67636252 -0.58267496 -0.57700915 -0.55647286 -0.4283532  -0.39720179
 -0.40981855 -0.41814861 -0.42489987 -0.4304709  -0.4351385  -0.67332587
 -0.43907204 -0.44240277 -0.44523432 -0.44764818 -0.44966063 -0.45090019
 -0.43895823 -0.45956395 -0.66806125 -0.65030405 -0.63513705 -0.62240821
 -0.61169291 -0.60262713 -0.59492389 -0.58835278] 
[-0.7076667  -0.59822517 -0.59155949 -0.56683023 -0.4146331  -0.37760044
 -0.39478631 -0.40487536 -0.41289018 -0.41941389 -0.42482551 -0.70404983
 -0.42934739 -0.43314795 -0.43635774 -0.43907685 -0.44130989 -0.44248877
 -0.42810702 -0.45266376 -0.69750292 -0.6764688  -0.65860244 -0.64374631
 -0.63134489 -0.62092805 -0.61213182 -0.60466761] 
[-0.73756202 -0.61355579 -0.60591735 -0.57694896 -0.40114428 -0.35840236
 -0.38071332 -0.39253627 -0.40174375 -0.40914184 -0.41522186 -0.73337132
 -0.42026211 -0.4244692  -0.42800068 -0.43097419 -0.43337635 -0.43440475
 -0.41760767 -0.4460393  -0.72551345 -0.70139334 -0.68100914 -0.66420309
 -0.65028116 -0.63866339 -0.62890785 -0.62066766] 
[-0.76607135 -0.62870025 -0.62010982 -0.58685099 -0.38789471 -0.33963581
 -0.36755994 -0.38107399 -0.39139333 -0.39958419 -0.40625738 -0.76131182
 -0.41174867 -0.41630287 -0.42010397 -0.4232857  -0.42580994 -0.42660439
 -0.40742753 -0.43965302 -0.75213315 -0.72514078 -0.70243334 -0.68385745
 -0.6685765  -0.65589981 -0.64530838 -0.636398  ] 
[-0.79323296 -0.6436852  -0.63415832 -0.59655415 -0.37489079 -0.32132484
 -0.35528065 -0.37042906 -0.38177306 -0.39067443 -0.39786769 -0.78790859
 -0.40374636 -0.40859269 -0.41261607 -0.41596445 -0.41856802 -0.41905121
 -0.39753877 -0.43347342 -0.77741627 -0.74778008 -0.72295085 -0.70278369
 -0.68629867 -0.67269581 -0.66138146 -0.65189587] 
[-0.81909503 -0.6585311  -0.64807908 -0.6060728  -0.36213745 -0.30348936
 -0.34382622 -0.36054194 -0.37282002 -0.38235093 -0.38999454 -0.81320926
 -0.39620126 -0.40128945 -0.40549248 -0.40897037 -0.41161454 -0.4117151
 -0.38791775 -0.42747427 -0.8014254  -0.76938177 -0.74263407 -0.7210497
 -0.70350745 -0.68910151 -0.67716705 -0.66719118] 
[-0.84371161 -0.67325289 -0.66188392 -0.61541836 -0.34963839 -0.2861453
 -0.33314548 -0.35135441 -0.36447513 -0.37455737 -0.38258576 -0.83726777
 -0.38906588 -0.39435037 -0.39869496 -0.4022694  -0.40491913 -0.40457131
 -0.37854451 -0.42163385 -0.82422736 -0.79001501 -0.76155024 -0.73871606
 -0.72025453 -0.70515892 -0.69269753 -0.68230716] 
[-0.86713963 -0.68786074 -0.67558077 -0.62459985 -0.33739612 -0.26930479
 -0.32318674 -0.34281067 -0.35668364 -0.36724278 -0.37559499 -0.86014131
 -0.38229861 -0.38773848 -0.39219081 -0.39583268 -0.39845628 -0.39759965
 -0.36940218 -0.41593419 -0.84589014 -0.80974575 -0.77976045 -0.75583591
 -0.7365838  -0.72090254 -0.70799849 -0.69726118] 
[-0.8894368  -0.70236074 -0.68917437 -0.63362434 -0.32541213 -0.25297646
 -0.31389891 -0.33485789 -0.34939527 -0.36036133 -0.36898122 -0.88188816
 -0.37586317 -0.38142186 -0.38595212 -0.38963579 -0.39220461 -0.39078371
 -0.36047654 -0.41036045 -0.86648082 -0.82863565 -0.79731943 -0.77245515
 -0.7525319  -0.73636016 -0.72308954 -0.7120655 ] 
[-0.91066018 -0.71675558 -0.70266675 -0.64249734 -0.31368696 -0.2371657
 -0.3052323  -0.32744661 -0.34256423 -0.35387205 -0.36270833 -0.90256618
 -0.36972796 -0.37537305 -0.37995507 -0.38365809 -0.38614617 -0.3841102
 -0.35175555 -0.40490036 -0.8860642  -0.84674152 -0.81427557 -0.78861295
 -0.768129   -0.75155363 -0.73798513 -0.72672805] 
[-0.93086525 -0.73104511 -0.71605773 -0.6512231  -0.3022203  -0.22187495
 -0.29713913 -0.32053091 -0.33614901 -0.34773839 -0.35674452 -0.92223173
 -0.36386552 -0.36956839 -0.37417933 -0.37788208 -0.38026587 -0.37756839
 -0.343229   -0.39954377 -0.90470193 -0.86411515 -0.83067133 -0.80434242
 -0.78339956 -0.76649971 -0.7526953  -0.74125317] 
[-0.95010532 -0.74522689 -0.72934539 -0.65980489 -0.2910111  -0.20710402
 -0.28957403 -0.31406839 -0.33011211 -0.34192788 -0.35106189 -0.94093908
 -0.35825195 -0.3639875  -0.36860752 -0.37229292 -0.37455101 -0.37114966
 -0.33488817 -0.39428225 -0.922452   -0.88080349 -0.84654368 -0.81967128
 -0.79836307 -0.78121081 -0.76722643 -0.75564217] 
[-0.96843121 -0.75929665 -0.74252635 -0.66824521 -0.28005762 -0.19285038
 -0.28249417 -0.30802009 -0.32441978 -0.33641164 -0.34563591 -0.95873994
 -0.35286646 -0.35861277 -0.36322474 -0.36687794 -0.36899082 -0.36484707
 -0.32672556 -0.38910877 -0.93936858 -0.89684882 -0.86192467 -0.83462255
 -0.81303482 -0.79569569 -0.78158187 -0.76989392] 
[-0.98589108 -0.7732487  -0.75559617 -0.676546   -0.26935753 -0.17910942
 -0.27585945 -0.30235037 -0.31904167 -0.33116405 -0.340445   -0.97568335
 -0.34769093 -0.35342897 -0.35801815 -0.36162632 -0.36357617 -0.35865508
 -0.31873471 -0.38401745 -0.95550196 -0.91228912 -0.876842   -0.8492152
 -0.82742653 -0.80996013 -0.79576249 -0.78400538] 
[-1.00253043 -0.78707624 -0.76854957 -0.68470872 -0.25890794 -0.16587473
 -0.26963251 -0.29702666 -0.31395053 -0.32616235 -0.33547017 -0.99181554
 -0.34270951 -0.34842286 -0.35297668 -0.35652873 -0.35829923 -0.35256925
 -0.31090995 -0.37900336 -0.97089867 -0.9271585  -0.89131959 -0.86346477
 -0.84154696 -0.8240074  -0.80976719 -0.79797196] 
[-1.01839214 -0.80077173 -0.78138068 -0.69273452 -0.24870553 -0.15313835
 -0.26377872 -0.29201931 -0.30912191 -0.3213863  -0.3306947  -1.00718
 -0.33790832 -0.3435829  -0.34809069 -0.35157708 -0.35315325 -0.34658601
 -0.30324629 -0.37406231 -0.98560165 -0.94148752 -0.90537804 -0.87738392
 -0.85540246 -0.83783886 -0.82359333 -0.81178793] 
[-1.03351654 -0.81432707 -0.79408321 -0.70062429 -0.23874657 -0.14089101
 -0.25826609 -0.28730132 -0.30453387 -0.31681791 -0.32610377 -1.02181755
 -0.33327515 -0.33889898 -0.34335175 -0.34676431 -0.34813235 -0.34070252
 -0.2957393  -0.36919075 -0.99965049 -0.95530368 -0.91903519 -0.89098293
 -0.86899741 -0.85145427 -0.83723709 -0.82544673] 
[-1.04794161 -0.82773389 -0.80665067 -0.70837878 -0.22902698 -0.1291223
 -0.25306518 -0.28284818 -0.30016668 -0.31244113 -0.32168428 -1.03576647
 -0.32879922 -0.33436218 -0.33875245 -0.34208417 -0.34323138 -0.33491647
 -0.28838496 -0.36438565 -1.01308165 -0.96863169 -0.93230647 -0.90427011
 -0.88233465 -0.86485227 -0.85069383 -0.83894125] 
[-1.06170303 -0.84098367 -0.81907645 -0.71599859 -0.21954242 -0.11782095
 -0.24814895 -0.27863758 -0.29600265 -0.30824165 -0.31742456 -1.04906265
 -0.32447098 -0.32996461 -0.33428619 -0.33753114 -0.33844577 -0.32922601
 -0.28117964 -0.35964439 -1.02592876 -0.9814939  -0.94520536 -0.9172522
 -0.89541584 -0.8780306  -0.8639583  -0.85226405] 
[-1.07483439 -0.85406794 -0.83135396 -0.72348427 -0.21028827 -0.1069749
 -0.24349268 -0.2746493  -0.29202585 -0.30420666 -0.31331422 -1.06173969
 -0.3202819  -0.32569923 -0.32994709 -0.33310022 -0.3337714  -0.3236296
 -0.27411997 -0.35496471 -1.03822285 -0.99391055 -0.95774367 -0.9299347
 -0.9082417  -0.89098641 -0.87702495 -0.86540756] 
[-1.08736732 -0.86697841 -0.84347676 -0.73083634 -0.20125975 -0.09657156
 -0.23907373 -0.27086496 -0.28822196 -0.30032468 -0.30934395 -1.07382916
 -0.31622437 -0.32155971 -0.32572982 -0.32878689 -0.32920456 -0.31812597
 -0.26720284 -0.35034465 -1.04999258 -1.00590008 -0.96993183 -0.94232212
 -0.92081234 -0.90371649 -0.88988805 -0.87836426] 
[-1.09933163 -0.87970706 -0.85543858 -0.7380553  -0.19245191 -0.08659788
 -0.23487151 -0.26726786 -0.28457805 -0.29658537 -0.30550539 -1.08536064
 -0.31229152 -0.31754033 -0.32162955 -0.32458699 -0.32474184 -0.31271402
 -0.26042531 -0.34578248 -1.06126447 -1.01747937 -0.98177919 -0.95441823
 -0.93312744 -0.91621743 -0.90254189 -0.89112678] 
[-1.11075542 -0.89224624 -0.86723343 -0.74514166 -0.18385971 -0.07704051
 -0.23086721 -0.26384285 -0.28108245 -0.29297944 -0.30179101 -1.09636194
 -0.30847714 -0.31363589 -0.31764183 -0.32049667 -0.32038006 -0.30739283
 -0.25378461 -0.3412767  -1.07206314 -1.02866395 -0.99329419 -0.96622629
 -0.9451864  -0.92848581 -0.91498092 -0.90368805] 
[-1.12166523 -0.90458874 -0.87885564 -0.75209596 -0.175478   -0.06788591
 -0.22704376 -0.26057615 -0.27772461 -0.28949849 -0.29819396 -1.10685919
 -0.30477557 -0.30984161 -0.31376255 -0.31651236 -0.31611627 -0.30216153
 -0.24727808 -0.33682598 -1.08241146 -1.03946819 -1.00448455 -0.97774916
 -0.95698854 -0.94051829 -0.92719985 -0.91604139] 
[-1.13208613 -0.91672786 -0.8902999  -0.75891878 -0.16730161 -0.05912044
 -0.22338566 -0.25745523 -0.27449497 -0.28613488 -0.29470804 -1.11687699
 -0.30118164 -0.30615309 -0.30998786 -0.31263064 -0.31194767 -0.29701935
 -0.24090319 -0.33242911 -1.09233074 -1.04990548 -1.01535744 -0.98898947
 -0.96853318 -0.95231175 -0.93919373 -0.92818056] 
[-1.14204186 -0.92865741 -0.9015613  -0.76561075 -0.15932531 -0.05073045
 -0.21987882 -0.2544687  -0.27138486 -0.2828817  -0.29132757 -1.12643854
 -0.29769058 -0.30256623 -0.30631418 -0.3088483  -0.3078716  -0.29196553
 -0.23465746 -0.32808507 -1.10184088 -1.05998834 -1.02591957 -0.99994974
 -0.97981974 -0.96386333 -0.95095801 -0.94009984] 
[-1.15155487 -0.9403718  -0.91263534 -0.77217255 -0.15154391 -0.04270234
 -0.21651048 -0.25160617 -0.26838638 -0.27973263 -0.28804735 -1.13556569
 -0.294298   -0.29907721 -0.30273808 -0.30516227 -0.30388553 -0.28699936
 -0.22853852 -0.32379289 -1.1109605  -1.06972855 -1.03617734 -1.01063243
 -0.99084785 -0.97517056 -0.96248864 -0.95179402] 
[-1.16064642 -0.95186602 -0.92351797 -0.77860491 -0.14395222 -0.03502267
 -0.21326909 -0.2488582  -0.26549236 -0.2766819  -0.28486258 -1.14427911
 -0.29099978 -0.29568242 -0.29925633 -0.30156958 -0.29998699 -0.2821201
 -0.22254403 -0.31955174 -1.11970709 -1.07913726 -1.04613689 -1.02104006
 -1.00161735 -0.9862313  -0.97378204 -0.96325853] 
[-1.1693367  -0.96313567 -0.93420556 -0.78490862 -0.13654508 -0.02767815
 -0.21014417 -0.24621618 -0.26269622 -0.27372421 -0.28176883 -1.15259831
 -0.28779212 -0.29237847 -0.29586583 -0.29806738 -0.29617361 -0.27732704
 -0.21667173 -0.31536086 -1.12809708 -1.08822507 -1.05580417 -1.03117521
 -1.01212838 -0.99704389 -0.98483517 -0.97448935] 
[-1.17764485 -0.97417694 -0.94469495 -0.79108455 -0.1293174  -0.02065573
 -0.20712626 -0.24367222 -0.25999197 -0.27085469 -0.27876199 -1.16054178
 -0.28467141 -0.28916212 -0.2925636  -0.29465291 -0.29244309 -0.27261941
 -0.21091938 -0.31121957 -1.13614595 -1.09700208 -1.06518501 -1.0410406
 -1.0223814  -1.00760709 -0.99564555 -0.98548308] 
[-1.18558904 -0.98498666 -0.95498344 -0.7971336  -0.12226417 -0.01394261
 -0.2042068  -0.24121917 -0.25737411 -0.26806883 -0.27583822 -1.168127
 -0.28163427 -0.28603031 -0.28934677 -0.29132346 -0.28879319 -0.26799646
 -0.2052848  -0.30712725 -1.14386834 -1.10547799 -1.07428515 -1.05063912
 -1.03237717 -1.01792011 -1.0062112  -0.99623693] 
[-1.19318654 -0.99556222 -0.96506874 -0.80305675 -0.11538042 -0.0075263
 -0.20137804 -0.23885044 -0.25483758 -0.26536249 -0.27299394 -1.17537057
 -0.2786775  -0.28298008 -0.28621259 -0.28807642 -0.28522171 -0.26345737
 -0.19976584 -0.30308333 -1.15127807 -1.11366212 -1.08311029 -1.0599738
 -1.04211682 -1.02798264 -1.01653074 -1.0067487 ] 
[-1.20045374 -1.00590161 -0.97494903 -0.80885504 -0.10866131 -0.00139461
 -0.198633   -0.23656004 -0.25237772 -0.2627318  -0.27022578 -1.18228823
 -0.27579808 -0.28000862 -0.28315836 -0.28490925 -0.28172652 -0.25900132
 -0.19436037 -0.29908732 -1.15838826 -1.12156344 -1.09166609 -1.0690479
 -1.0516018  -1.03779479 -1.02660327 -1.01701678] 
[-1.20740624 -1.01600338 -0.98462291 -0.81452956 -0.10210206  0.00446431
 -0.19596536 -0.23434247 -0.24999025 -0.26017316 -0.26753059 -1.1888949
 -0.27299311 -0.27711322 -0.2801815  -0.28181943 -0.27830553 -0.25462745
 -0.18906633 -0.29513874 -1.16521137 -1.12919066 -1.09995817 -1.07786483
 -1.06083391 -1.04735715 -1.03642846 -1.02704012] 
[-1.21405888 -1.02586663 -0.99408938 -0.82008146 -0.09569802  0.01006194
 -0.1933694  -0.23219269 -0.2476712  -0.25768323 -0.26490539 -1.19520479
 -0.27025985 -0.27429127 -0.27727948 -0.27880454 -0.27495668 -0.25033488
 -0.18388166 -0.29123717 -1.17175922 -1.13655218 -1.1079922  -1.0864282
 -1.06981527 -1.05667072 -1.04600644 -1.03681824] 
[-1.22042576 -1.03549098 -1.00334786 -0.82551194 -0.08944462  0.01540943
 -0.19083998 -0.23010608 -0.2454169  -0.25525888 -0.26234736 -1.20123139
 -0.26759565 -0.27154025 -0.27444985 -0.27586219 -0.27167797 -0.24612266
 -0.17880433 -0.28738222 -1.17804308 -1.14365617 -1.11577379 -1.09474182
 -1.07854832 -1.06573691 -1.05533783 -1.04635115] 
[-1.22652031 -1.04487654 -1.01239813 -0.83082227 -0.08333744  0.02051754
 -0.18837244 -0.22807839 -0.24322394 -0.25289717 -0.25985382 -1.20698753
 -0.26499801 -0.26885773 -0.27169022 -0.27299006 -0.26846745 -0.24198987
 -0.17383234 -0.28357353 -1.18407369 -1.15051056 -1.12330861 -1.10280966
 -1.0870358  -1.07455751 -1.06442372 -1.05563938] 
[-1.23235531 -1.05402389 -1.02124035 -0.83601374 -0.07737213  0.02539668
 -0.18596257 -0.22610573 -0.24108916 -0.25059534 -0.25742223 -1.21248542
 -0.26246451 -0.26624135 -0.26899828 -0.27018587 -0.26532318 -0.2379355
 -0.16896374 -0.27981076 -1.18986131 -1.15712308 -1.1306023  -1.11063586
 -1.09528071 -1.08313468 -1.0732656  -1.06468392] 
[-1.23794291 -1.06293404 -1.02987502 -0.8410877  -0.07154448  0.03005687
 -0.18360659 -0.22418452 -0.2390096  -0.2483508  -0.2550502  -1.21773668
 -0.25999283 -0.26368885 -0.26637177 -0.26744741 -0.2622433  -0.23395856
 -0.16419658 -0.27609361 -1.19541571 -1.16350123 -1.1376605  -1.11822469
 -1.10328633 -1.09147093 -1.08186538 -1.07348619] 
[-1.2432947  -1.07160842 -1.03830297 -0.84604556 -0.06585039  0.03450778
 -0.18130105 -0.22231144 -0.23698251 -0.24616111 -0.25273541 -1.22275239
 -0.25758074 -0.26119803 -0.26380851 -0.26477252 -0.25922596 -0.23005801
 -0.15952894 -0.27242176 -1.20074625 -1.16965235 -1.14448887 -1.12558058
 -1.11105616 -1.09956908 -1.09022532 -1.08204803] 
[-1.24842169 -1.08004885 -1.04652532 -0.85088875 -0.06028587  0.03875869
 -0.17904286 -0.22048347 -0.23500534 -0.24402395 -0.25047568 -1.2275431
 -0.2552261  -0.25876675 -0.26130635 -0.26215907 -0.25626937 -0.2262328
 -0.15495896 -0.26879495 -1.20586188 -1.17558356 -1.15109304 -1.13270807
 -1.11859394 -1.10743221 -1.09834803 -1.09037164] 
[-1.25333438 -1.08825747 -1.0545435  -0.85561873 -0.05484706  0.04281855
 -0.17682921 -0.2186978  -0.23307566 -0.24193714 -0.24826892 -1.23211886
 -0.25292686 -0.25639296 -0.25886322 -0.25960501 -0.25337177 -0.22248185
 -0.15048475 -0.26521291 -1.21077117 -1.18130183 -1.15747862 -1.1396118
 -1.12590358 -1.11506369 -1.10623642 -1.09845957] 
[-1.25804277 -1.09623676 -1.06235919 -0.86023702 -0.04953021  0.04669594
 -0.17465758 -0.21695183 -0.23119123 -0.23989862 -0.24611311 -1.23648926
 -0.25068102 -0.25407466 -0.25647712 -0.25710834 -0.25053145 -0.21880407
 -0.1461045  -0.26167537 -1.21548233 -1.18681393 -1.16365123 -1.14629651
 -1.13298917 -1.12246711 -1.11389369 -1.10631468] 
[-1.26255636 -1.10398951 -1.0699743  -0.86474516 -0.04433167  0.05039909
 -0.17252566 -0.21524319 -0.22934993 -0.23790641 -0.24400636 -1.24066343
 -0.24848667 -0.25180992 -0.25414608 -0.2546671  -0.24774676 -0.21519835
 -0.1418164  -0.2581821  -1.22000323 -1.19212647 -1.16961641 -1.15276701
 -1.13985496 -1.12964628 -1.1213233  -1.11394013] 
[-1.26688423 -1.11151874 -1.07739098 -0.86914471 -0.03924792  0.05393591
 -0.17043138 -0.21356966 -0.22754977 -0.23595867 -0.24194682 -1.2446501
 -0.24634197 -0.24959688 -0.2518682  -0.2522794  -0.24501605 -0.21166356
 -0.13761866 -0.25473284 -1.2243414  -1.19724588 -1.1753797  -1.15902815
 -1.1465053  -1.13660517 -1.1285289  -1.12133932] 
[-1.271035   -1.11882772 -1.08461161 -0.87343726 -0.03427554  0.05731394
 -0.16837286 -0.2119292  -0.22578888 -0.23405362 -0.23993275 -1.24845759
 -0.24424514 -0.24743372 -0.24964165 -0.2499434  -0.24233775 -0.20819858
 -0.13350955 -0.25132736 -1.22850408 -1.20217846 -1.18094657 -1.16508485
 -1.15294468 -1.14334794 -1.13551439 -1.12851586] 
[-1.27501688 -1.12591995 -1.0916387  -0.87762444 -0.02941122  0.06054045
 -0.1663484  -0.21031991 -0.22406551 -0.23218958 -0.23796246 -1.25209382
 -0.24219449 -0.24531871 -0.24746464 -0.2476573  -0.23971032 -0.20480227
 -0.12948733 -0.24796542 -1.23249821 -1.20693032 -1.18632247 -1.17094204
 -1.15917767 -1.14987886 -1.1422838  -1.1354736 ] 
[-1.27883771 -1.1327991  -1.09847498 -0.88170787 -0.02465177  0.06362238
 -0.16435644 -0.20874006 -0.22237798 -0.23036494 -0.23603433 -1.25556638
 -0.24018835 -0.24325014 -0.24533544 -0.24541937 -0.23713226 -0.20147346
 -0.12555031 -0.24464678 -1.23633045 -1.2115074  -1.19151275 -1.17660468
 -1.1652089  -1.15620232 -1.14884132 -1.14221652] 
[-1.28250493 -1.13946899 -1.1051233  -0.8856892  -0.01999408  0.06656635
 -0.16239557 -0.207188   -0.22072473 -0.22857818 -0.23414682 -1.25888251
 -0.23822514 -0.24122639 -0.24325238 -0.24322793 -0.23460212 -0.19821102
 -0.12169682 -0.24137121 -1.2400072  -1.21591551 -1.19652273 -1.1820777
 -1.17104308 -1.16232282 -1.15519126 -1.14874878] 
[-1.28602566 -1.14593361 -1.11158665 -0.88957011 -0.01543516  0.06937872
 -0.16046453 -0.20566225 -0.21910428 -0.22682784 -0.23229845 -1.2620491
 -0.23630333 -0.23924589 -0.24121382 -0.24108135 -0.23211848 -0.19501378
 -0.11792521 -0.23813846 -1.2435346  -1.2201603  -1.20135762 -1.18736607
 -1.17668492 -1.16824491 -1.16133806 -1.15507464] 
[-1.28940664 -1.15219704 -1.11786815 -0.89335225 -0.01097211  0.07206555
 -0.15856214 -0.20416139 -0.21751521 -0.22511253 -0.23048778 -1.26507275
 -0.23442145 -0.23730709 -0.23921821 -0.23897805 -0.22967998 -0.19188059
 -0.11423387 -0.23494829 -1.24691854 -1.22424725 -1.2060226  -1.1924747
 -1.18213919 -1.17397323 -1.1672862  -1.1611985 ] 
[-1.29265431 -1.15826348 -1.123971   -0.89703733 -0.00660213  0.07463265
 -0.15668733 -0.20268413 -0.21595621 -0.22343092 -0.22871346 -1.26795976
 -0.23257808 -0.23540855 -0.23726402 -0.2369165  -0.22728527 -0.18881029
 -0.1106212  -0.23180046 -1.2501647  -1.22818171 -1.21052272 -1.19740848
 -1.18741064 -1.17951242 -1.17304027 -1.1671248 ] 
[-1.29577481 -1.16413719 -1.1298985  -0.90062702 -0.00232251  0.07708555
 -0.15483914 -0.20122926 -0.21442601 -0.22178175 -0.22697417 -1.27071614
 -0.23077184 -0.23354883 -0.2353498  -0.23489524 -0.22493309 -0.18580174
 -0.10708564 -0.22869472 -1.2532785  -1.23196887 -1.21486297 -1.20217227
 -1.19250405 -1.18486717 -1.17860487 -1.17285808] 
[-1.29877398 -1.16982252 -1.13565402 -0.90412301  0.00186937  0.07942955
 -0.15301668 -0.19979567 -0.21292343 -0.2201638  -0.22526865 -1.27334765
 -0.22900143 -0.23172656 -0.23347411 -0.23291283 -0.22262217 -0.18285377
 -0.10362565 -0.22563081 -1.25626519 -1.23561376 -1.21904826 -1.20677088
 -1.19742415 -1.19004217 -1.18398465 -1.17840291] 
[-1.30165738 -1.17532384 -1.14124099 -0.907527    0.00597605  0.08166968
 -0.15121913 -0.1983823  -0.21144732 -0.21857593 -0.22359568 -1.27585976
 -0.22726557 -0.22994043 -0.2316356  -0.2309679  -0.22035131 -0.17996526
 -0.10023972 -0.22260847 -1.25912978 -1.2391213  -1.22308337 -1.21120905
 -1.20217565 -1.19504212 -1.18918427 -1.18376389] 
[-1.3044303  -1.18064557 -1.1466629  -0.91084069  0.00999996  0.08381078
 -0.14944574 -0.19698818 -0.20999662 -0.21701701 -0.22195412 -1.27825773
 -0.22556306 -0.22818916 -0.22983295 -0.22905912 -0.21811935 -0.17713506
 -0.09692635 -0.21962743 -1.26187709 -1.24249623 -1.22697303 -1.21549148
 -1.20676325 -1.19987169 -1.19420839 -1.18894564] 
[-1.3070978  -1.18579212 -1.15192326 -0.91406575  0.01394349  0.08585744
 -0.14769582 -0.19561242 -0.20857031 -0.21548599 -0.22034283 -1.28054657
 -0.2238927  -0.22647153 -0.22806488 -0.22718522 -0.21592515 -0.17436204
 -0.0936841  -0.21668742 -1.26451178 -1.24574317 -1.23072182 -1.21962278
 -1.21119158 -1.20453553 -1.19906166 -1.19395279] 
[-1.30966466 -1.19076793 -1.15702561 -0.91720387  0.0178089   0.08781406
 -0.14596874 -0.19425416 -0.2071674  -0.21398187 -0.21876076 -1.28273107
 -0.22225338 -0.22478635 -0.22633017 -0.22534495 -0.21376762 -0.17164509
 -0.09051153 -0.21378816 -1.26703829 -1.24886661 -1.23433426 -1.2236075
 -1.21546523 -1.20903826 -1.20374872 -1.19878996] 
[-1.31213548 -1.19557743 -1.16197351 -0.92025673  0.02159841  0.08968481
 -0.1442639  -0.19291262 -0.20578699 -0.21250366 -0.21720688 -1.2848158
 -0.220644   -0.22313248 -0.22462763 -0.22353714 -0.21164571 -0.1689831
 -0.08740721 -0.21092936 -1.2694609  -1.25187088 -1.23781475 -1.22745011
 -1.21958872 -1.21338445 -1.20827415 -1.20346173] 
[-1.31451461 -1.20022503 -1.16677053 -0.92322599  0.02531416  0.0914737
 -0.14258076 -0.19158707 -0.20442819 -0.21105044 -0.21568018 -1.28680515
 -0.21906352 -0.22150883 -0.22295613 -0.22176064 -0.2095584  -0.16637496
 -0.08436978 -0.20811072 -1.27178374 -1.2547602  -1.24116759 -1.23115499
 -1.22356652 -1.21757861 -1.21264253 -1.20797266] 
[-1.3168062  -1.2047151  -1.17142023 -0.9261133   0.0289582   0.09318453
 -0.14091881 -0.19027682 -0.20309016 -0.20962132 -0.21417974 -1.28870329
 -0.21751094 -0.21991434 -0.22131456 -0.22001434 -0.20750469 -0.16381959
 -0.08139787 -0.20533196 -1.27401076 -1.25753865 -1.24439697 -1.23472645
 -1.22740301 -1.22162521 -1.21685836 -1.21232729] 
[-1.3190142  -1.20905199 -1.17592618 -0.92892032  0.03253254  0.09482094
 -0.13927757 -0.18898123 -0.20177212 -0.20821545 -0.21270463 -1.29051423
 -0.21598529 -0.218348   -0.21970188 -0.21829719 -0.20548366 -0.16131592
 -0.07849014 -0.20259275 -1.27614575 -1.26021018 -1.24750698 -1.23816869
 -1.23110251 -1.22552864 -1.22092609 -1.21653008] 
[-1.32114239 -1.21324    -1.18029192 -0.93164866  0.03603911  0.09638637
 -0.1376566  -0.18769971 -0.2004733  -0.20683201 -0.21125399 -1.29224179
 -0.21448563 -0.21680882 -0.21811706 -0.21660816 -0.20349436 -0.15886289
 -0.07564528 -0.19989279 -1.27819238 -1.26277862 -1.2505016  -1.24148585
 -1.23466926 -1.22929323 -1.22485011 -1.22058545] 
[-1.32319434 -1.21728338 -1.18452096 -0.93429994  0.03947976  0.09788415
 -0.13605549 -0.1864317  -0.19919299 -0.20547023 -0.20982697 -1.29388962
 -0.21301108 -0.21529587 -0.21655912 -0.21494629 -0.20153593 -0.15645945
 -0.07286201 -0.19723176 -1.28015415 -1.26524767 -1.25338472 -1.24468194
 -1.2381074  -1.23292321 -1.22863474 -1.22449776] 
[-1.32517348 -1.22118634 -1.1886168  -0.93687577  0.0428563   0.0993174
 -0.13447384 -0.18517668 -0.19793049 -0.20412935 -0.20842277 -1.29546121
 -0.21156078 -0.21380824 -0.21502713 -0.21331062 -0.19960752 -0.15410456
 -0.07013906 -0.19460932 -1.28203443 -1.26762093 -1.2561601  -1.24776092
 -1.24142102 -1.23642278 -1.23228423 -1.22827131] 
[-1.32708306 -1.224953   -1.1925829  -0.93937772  0.04617047  0.10068914
 -0.13291128 -0.18393417 -0.19668515 -0.20280865 -0.20704062 -1.29695992
 -0.21013391 -0.21234506 -0.21352018 -0.21170026 -0.19770829 -0.15179722
 -0.0674752  -0.19202515 -1.28383647 -1.26990186 -1.25883143 -1.25072661
 -1.24461408 -1.23979601 -1.23580276 -1.2319103 ] 
[-1.32892618 -1.22858742 -1.19642268 -0.94180735  0.04942397  0.10200221
 -0.13136747 -0.1827037  -0.19545635 -0.20150745 -0.20567976 -1.29838893
 -0.20872966 -0.2109055  -0.21203739 -0.21011433 -0.19583745 -0.14953641
 -0.0648692  -0.1894789  -1.28556338 -1.27209383 -1.26140225 -1.25358276
 -1.24769047 -1.24304691 -1.23919441 -1.23541888] 
[-1.3307058  -1.23209362 -1.20013953 -0.94416621  0.05261841  0.10325934
 -0.12984207 -0.18148485 -0.19424349 -0.20022509 -0.2043395  -1.2997513
 -0.20734728 -0.20948875 -0.21057794 -0.208552   -0.19399426 -0.14732116
 -0.06231987 -0.18697022 -1.28721816 -1.27420006 -1.26387605 -1.25633303
 -1.25065401 -1.24617939 -1.24246319 -1.23880112] 
[-1.33242472 -1.23547551 -1.20373678 -0.94645583  0.05575538  0.10446313
 -0.12833476 -0.18027723 -0.193046   -0.19896093 -0.20301915 -1.30104995
 -0.20598604 -0.20809404 -0.20914101 -0.20701247 -0.19217796 -0.14515048
 -0.05982605 -0.18449878 -1.28880367 -1.27622371 -1.26625618 -1.25898096
 -1.25350839 -1.24919729 -1.24561302 -1.24206099] 
[-1.33408564 -1.23873693 -1.20721772 -0.9486777   0.05883641  0.10561605
 -0.12684524 -0.17908046 -0.19186333 -0.19771437 -0.20171804 -1.30228768
 -0.20464523 -0.20672063 -0.20772584 -0.20549498 -0.19038784 -0.14302343
 -0.05738659 -0.1820642  -1.29032269 -1.27816781 -1.26854591 -1.26153003
 -1.25625722 -1.25210434 -1.24864775 -1.2452024 ] 
[-1.3356911  -1.24188167 -1.21058559 -0.95083331  0.06186296  0.10672046
 -0.12537323 -0.1778942  -0.19069498 -0.19648483 -0.20043555 -1.30346716
 -0.20332418 -0.20536781 -0.20633168 -0.20399879 -0.18862324 -0.14093906
 -0.05500035 -0.17966614 -1.29177787 -1.28003528 -1.27074841 -1.26398359
 -1.25890404 -1.25490419 -1.2515711  -1.24822914] 
[-1.33724354 -1.2449134  -1.21384356 -0.95292413  0.06483647  0.1077786
 -0.12391845 -0.17671811 -0.18954045 -0.19527176 -0.19917108 -1.30459095
 -0.20202224 -0.20403488 -0.20495782 -0.20252318 -0.18688349 -0.13889646
 -0.05266624 -0.17730421 -1.29317177 -1.28182896 -1.27286676 -1.26634491
 -1.26145228 -1.2576004  -1.25438674 -1.25114495] 
[-1.33874527 -1.24783573 -1.21699477 -0.95495158  0.06775832  0.10879261
 -0.12248062 -0.17555189 -0.18839927 -0.19407461 -0.19792404 -1.30566149
 -0.20073879 -0.20272119 -0.20360358 -0.2010675  -0.18516795 -0.13689471
 -0.05038317 -0.17497806 -1.29450682 -1.28355158 -1.27490391 -1.26861717
 -1.26390526 -1.26019642 -1.25709823 -1.25395345] 
[-1.34019852 -1.25065218 -1.22004228 -0.95691709  0.07062986  0.10976453
 -0.1210595  -0.17439525 -0.18727098 -0.19289288 -0.19669387 -1.30668112
 -0.19947322 -0.20142611 -0.20226829 -0.19963107 -0.18347602 -0.13493293
 -0.04815008 -0.17268731 -1.2957854  -1.28520578 -1.27686277 -1.27080345
 -1.26626623 -1.26269565 -1.25970904 -1.25665819] 
[-1.34160537 -1.25336619 -1.22298911 -0.95882205  0.07345237  0.1106963
 -0.11965483 -0.17324793 -0.18615516 -0.19172607 -0.19548004 -1.30765209
 -0.19822497 -0.20014903 -0.20095133 -0.19821329 -0.1818071  -0.13301025
 -0.04596593 -0.17043157 -1.29700975 -1.28679411 -1.27874612 -1.27290675
 -1.26853836 -1.26510135 -1.26222257 -1.25926261] 
[-1.34296784 -1.25598112 -1.2258382  -0.96066783  0.07622711  0.11158977
 -0.11826637 -0.17210967 -0.1850514  -0.19057372 -0.19428204 -1.30857653
 -0.19699348 -0.19888936 -0.19965208 -0.19681356 -0.18016064 -0.1311258
 -0.04382971 -0.16821046 -1.29818206 -1.28831902 -1.28055667 -1.27492998
 -1.2707247  -1.26741671 -1.26464208 -1.26177009] 
[-1.34428784 -1.25850022 -1.22859243 -0.96245578  0.07895531  0.1124467
 -0.11689388 -0.17098023 -0.18395931 -0.18943537 -0.19309937 -1.30945648
 -0.19577823 -0.19764656 -0.19836998 -0.1954313  -0.17853608 -0.12927874
 -0.0417404  -0.16602361 -1.29930442 -1.2897829  -1.28229704 -1.27687594
 -1.27282823 -1.26964484 -1.2669708  -1.26418389] 
[-1.3455672  -1.26092669 -1.23125464 -0.96418722  0.08163813  0.11326878
 -0.11553715 -0.1698594  -0.18287851 -0.18831058 -0.19193155 -1.31029392
 -0.1945787  -0.19642007 -0.19710446 -0.19406598 -0.17693291 -0.12746826
 -0.03969704 -0.16387062 -1.30037882 -1.29118802 -1.28396975 -1.27874738
 -1.27485183 -1.27178875 -1.26921182 -1.2665072 ] 
[-1.34680764 -1.26326362 -1.23382759 -0.96586345  0.08427672  0.1140576
 -0.11419594 -0.16874697 -0.18180864 -0.18719895 -0.19077815 -1.3110907
 -0.19339441 -0.19520938 -0.19585498 -0.19271705 -0.17535062 -0.12569354
 -0.03769865 -0.16175111 -1.3014072  -1.29253661 -1.28557727 -1.28054692
 -1.27679831 -1.27385137 -1.27136818 -1.2687431 ] 
[-1.34801083 -1.26551403 -1.23631397 -0.96748574  0.08687219  0.11481469
 -0.11287004 -0.16764273 -0.18074937 -0.18610007 -0.1896387  -1.31184864
 -0.19222489 -0.19401399 -0.19462103 -0.19138403 -0.17378871 -0.1239538
 -0.03574431 -0.15966467 -1.30239141 -1.29383078 -1.28712195 -1.28227714
 -1.27867037 -1.27583552 -1.27344279 -1.27089462] 
[-1.34917834 -1.26768084 -1.23871642 -0.96905536  0.0894256   0.11554149
 -0.11155924 -0.16654651 -0.17970038 -0.18501356 -0.18851281 -1.31256943
 -0.19106968 -0.19283344 -0.19340211 -0.19006643 -0.17224672 -0.12224825
 -0.03383309 -0.15761091 -1.30333323 -1.2950726  -1.28860608 -1.28394052
 -1.28047066 -1.27774397 -1.27543852 -1.27296465] 
[-1.35031167 -1.26976691 -1.24103751 -0.97057353  0.09193801  0.1162394
 -0.11026333 -0.16545814 -0.17866134 -0.18393905 -0.18740006 -1.31325473
 -0.18992836 -0.19166726 -0.19219776 -0.1887638  -0.1707242  -0.12057614
 -0.03196408 -0.15558945 -1.30423437 -1.29626405 -1.29003189 -1.28553945
 -1.28220172 -1.27957938 -1.27735813 -1.27495605] 
[-1.35141227 -1.27177499 -1.24327976 -0.97204145  0.09441041  0.11690973
 -0.1089821  -0.16437745 -0.17763196 -0.18287619 -0.18630007 -1.3139061
 -0.18880051 -0.19051501 -0.19100752 -0.18747568 -0.16922071 -0.11893672
 -0.0301364  -0.15359987 -1.30509646 -1.29740704 -1.29140151 -1.28707626
 -1.28386602 -1.28134433 -1.27920428 -1.27687155] 
[-1.3524815  -1.27370779 -1.2454456  -0.97346031  0.09684378  0.11755373
 -0.10771536 -0.16330429 -0.17661196 -0.18182463 -0.18521247 -1.31452504
 -0.18768573 -0.18937626 -0.18983095 -0.18620167 -0.16773584 -0.11732927
 -0.02834918 -0.15164179 -1.30592108 -1.2985034  -1.292717   -1.28855319
 -1.28546595 -1.28304133 -1.28097959 -1.27871383] 
[-1.35352065 -1.27556789 -1.24753743 -0.97483126  0.09923908  0.1181726
 -0.10646292 -0.16223851 -0.17560107 -0.18078407 -0.18413689 -1.315113
 -0.18658364 -0.18825063 -0.18866764 -0.18494135 -0.16626917 -0.11575308
 -0.02660158 -0.1497148  -1.30670975 -1.29955492 -1.29398036 -1.28997242
 -1.28700383 -1.2846728  -1.28268655 -1.28048546] 
[-1.35453099 -1.27735784 -1.24955756 -0.97615545  0.10159722  0.11876749
 -0.10522457 -0.16117998 -0.17459903 -0.17975418 -0.18307301 -1.31567135
 -0.18549387 -0.18713771 -0.18751718 -0.18369434 -0.16482031 -0.11420744
 -0.02489275 -0.1478185  -1.30746393 -1.3005633  -1.29519352 -1.29133605
 -1.28848188 -1.2862411  -1.28432762 -1.28218895] 
[-1.35551368 -1.27908008 -1.25150826 -0.97743398  0.1039191   0.11933947
 -0.10400013 -0.16012858 -0.17360558 -0.17873466 -0.18202049 -1.3162014
 -0.18441607 -0.18603713 -0.18637919 -0.18246026 -0.1633889  -0.11269167
 -0.0232219  -0.1459525  -1.308185   -1.30153019 -1.29635835 -1.29264611
 -1.28990228 -1.28774849 -1.28590514 -1.28382673] 
[-1.35646986 -1.28073699 -1.25339172 -0.97866795  0.10620558  0.11988958
 -0.10278941 -0.15908419 -0.17262051 -0.17772523 -0.18097902 -1.31670442
 -0.1833499  -0.18494854 -0.18525331 -0.18123878 -0.16197456 -0.11120511
 -0.02158821 -0.14411639 -1.30887431 -1.30245718 -1.29747662 -1.29390455
 -1.29126712 -1.28919717 -1.2874214  -1.28540114] 
[-1.35740061 -1.28233087 -1.25521009 -0.97985841  0.1084575   0.12041881
 -0.10159224 -0.15804668 -0.17164357 -0.17672561 -0.17994828 -1.3171816
 -0.18229503 -0.18387159 -0.18413917 -0.18002954 -0.16057694 -0.1097471
 -0.01999091 -0.14230978 -1.30953315 -1.3033458  -1.29855008 -1.29511328
 -1.29257842 -1.29058927 -1.28887861 -1.28691445] 
[-1.35830696 -1.28386395 -1.25696544 -0.98100643  0.11067569  0.12092809
 -0.10040842 -0.15701596 -0.17067455 -0.17573553 -0.178928   -1.31763411
 -0.18125116 -0.18280595 -0.18303644 -0.17883222 -0.15919572 -0.108317
 -0.01842924 -0.14053226 -1.31016275 -1.30419752 -1.29958041 -1.29627413
 -1.29383813 -1.29192685 -1.2902789  -1.28836887] 
[-1.35918988 -1.2853384  -1.25865981 -0.98211301  0.11286094  0.12141832
 -0.09923778 -0.15599193 -0.16971325 -0.17475475 -0.17791789 -1.31806304
 -0.18021797 -0.1817513  -0.18194479 -0.17764651 -0.15783055 -0.10691419
 -0.01690243 -0.13878345 -1.3107643  -1.30501377 -1.3005692  -1.29738885
 -1.29504816 -1.29321188 -1.29162434 -1.28976652] 
[-1.36005032 -1.2867563  -1.26029516 -0.98317916  0.11501401  0.12189036
 -0.09808015 -0.15497448 -0.16875947 -0.17378301 -0.17691768 -1.31846946
 -0.17919519 -0.18070734 -0.18086391 -0.17647212 -0.15648114 -0.10553807
 -0.01540976 -0.13706293 -1.31133895 -1.3057959  -1.30151803 -1.29845917
 -1.29621032 -1.2944463  -1.29291693 -1.29110946] 
[-1.36088917 -1.28811967 -1.2618734  -0.98420586  0.11713566  0.12234501
 -0.09693535 -0.15396354 -0.16781302 -0.17282009 -0.17592711 -1.31885436
 -0.17818253 -0.17967378 -0.1797935  -0.17530876 -0.15514716 -0.10418802
 -0.01395051 -0.13537032 -1.31188779 -1.30654524 -1.30242839 -1.29948672
 -1.29732638 -1.29563196 -1.29415859 -1.29239968] 
[-1.36170727 -1.28943048 -1.26339638 -0.98519406  0.11922661  0.12278304
 -0.09580321 -0.15295901 -0.16687372 -0.17186575 -0.17494594 -1.31921872
 -0.17717973 -0.17865032 -0.17873327 -0.17415615 -0.15382833 -0.10286347
 -0.01252398 -0.13370522 -1.31241187 -1.30726306 -1.30330173 -1.3004731
 -1.29839804 -1.29677064 -1.29535119 -1.29363911] 
[-1.36250545 -1.29069062 -1.26486591 -0.98614471  0.12128757  0.12320521
 -0.09468356 -0.15196082 -0.1659414  -0.17091978 -0.17397393 -1.31956346
 -0.17618653 -0.17763671 -0.17768296 -0.17301404 -0.15252436 -0.10156385
 -0.01112947 -0.13206724 -1.3129122  -1.30795057 -1.30413944 -1.30141984
 -1.29942694 -1.29786409 -1.29649654 -1.29482959] 
[-1.36328447 -1.29190191 -1.26628374 -0.98705873  0.12331923  0.1236122
 -0.09357624 -0.15096889 -0.1650159  -0.16998198 -0.17301084 -1.31988947
 -0.17520269 -0.17663269 -0.17664228 -0.17188219 -0.15123498 -0.1002886
 -0.00976632 -0.13045599 -1.31338975 -1.30860894 -1.30494288 -1.30232842
 -1.30041467 -1.29891397 -1.29759637 -1.29597293] 
[-1.36404507 -1.29306614 -1.26765156 -0.987937    0.12532226  0.12400468
 -0.09248109 -0.14998315 -0.16409705 -0.16905213 -0.17205646 -1.32019759
 -0.17422798 -0.175638   -0.175611   -0.17076034 -0.14995992 -0.09903718
 -0.00843385 -0.12887107 -1.31384546 -1.30923932 -1.30571333 -1.30320028
 -1.30136277 -1.29992189 -1.29865236 -1.29707086] 
[-1.36478797 -1.294185   -1.26897102 -0.9887804   0.1272973   0.12438331
 -0.09139793 -0.14900353 -0.16318471 -0.16813006 -0.17111058 -1.32048863
 -0.17326215 -0.1746524  -0.17458887 -0.16964827 -0.14869893 -0.09780905
 -0.00713143 -0.12731212 -1.31428022 -1.30984279 -1.30645206 -1.30403678
 -1.3022727  -1.30088942 -1.29966614 -1.29812506] 
[-1.36551384 -1.29526016 -1.27024371 -0.98958979  0.12924499  0.12474868
 -0.09032662 -0.14802996 -0.16227873 -0.16721557 -0.17017298 -1.32076338
 -0.172305   -0.17367567 -0.17357565 -0.16854577 -0.14745175 -0.0966037
 -0.00585842 -0.12577873 -1.31469488 -1.3104204  -1.30716025 -1.30483925
 -1.30314591 -1.30181806 -1.30063928 -1.29913715] 
[-1.36622332 -1.2962932  -1.27147119 -0.99036601  0.13116595  0.12510137
 -0.08926698 -0.14706239 -0.16137898 -0.16630849 -0.16924349 -1.32102256
 -0.17135631 -0.17270759 -0.17257112 -0.16745262 -0.14621815 -0.09542061
 -0.00461419 -0.12427053 -1.31509028 -1.31097316 -1.30783909 -1.30560899
 -1.30398375 -1.30270925 -1.30157327 -1.30010868] 
[-1.36691702 -1.29728568 -1.27265496 -0.99110988  0.13306076  0.12544194
 -0.08821888 -0.14610075 -0.16048533 -0.16540865 -0.1683219  -1.32126689
 -0.17041589 -0.17174793 -0.17157507 -0.16636862 -0.14499789 -0.09425929
 -0.00339816 -0.12278713 -1.3154672  -1.31150203 -1.30848968 -1.30634722
 -1.30478756 -1.30356441 -1.30246959 -1.30104116] 
[-1.36759554 -1.29823909 -1.27379646 -0.99182219  0.13493002  0.12577091
 -0.08718214 -0.145145   -0.15959764 -0.16451588 -0.16740803 -1.32149704
 -0.16948353 -0.17079651 -0.17058729 -0.16529359 -0.14379075 -0.09311925
 -0.00220971 -0.12132817 -1.3158264  -1.31200796 -1.3091131  -1.30705513
 -1.30555862 -1.30438487 -1.30332965 -1.30193606] 
[-1.36825944e+00 -1.29915486e+00 -1.27489712e+00 -9.92503731e-01
  1.36774287e-01  1.26088780e-01 -8.61566328e-02 -1.44195068e-01
 -1.58715807e-01 -1.63630022e-01 -1.66501717e-01 -1.32171368e+00
 -1.68559057e-01 -1.69853112e-01 -1.69607583e-01 -1.64227334e-01
 -1.42596505e-01 -9.20000269e-02 -1.04826712e-03 -1.19893272e-01
 -1.31616862e+00 -1.31249184e+00 -1.30971040e+00 -1.30773387e+00
 -1.30629815e+00 -1.30517194e+00 -1.30415479e+00 -1.30279476e+00] 
[-1.36890924e+00 -1.30003438e+00 -1.27595829e+00 -9.93155262e-01
  1.38594113e-01  1.26396038e-01 -8.51421935e-02 -1.43250913e-01
 -1.57839705e-01 -1.62750931e-01 -1.65602787e-01 -1.32191741e+00
 -1.67642287e-01 -1.68917560e-01 -1.68635761e-01 -1.63169680e-01
 -1.41414944e-01 -9.09011525e-02  8.67352024e-05 -1.18482058e-01
 -1.31649456e+00 -1.31295454e+00 -1.31028257e+00 -1.30838455e+00
 -1.30700736e+00 -1.30592688e+00 -1.30494632e+00 -1.30361863e+00] 
[-1.36954547e+00 -1.30087900e+00 -1.27698131e+00 -9.93777529e-01
  1.40390037e-01  1.26693134e-01 -8.41386782e-02 -1.42312486e-01
 -1.56969229e-01 -1.61878459e-01 -1.64711078e-01 -1.32210883e+00
 -1.66733046e-01 -1.67989670e-01 -1.67671641e-01 -1.62120459e-01
 -1.40245861e-01 -8.98221757e-02  1.19585653e-03 -1.17094165e-01
 -1.31680489e+00 -1.31339689e+00 -1.31083058e+00 -1.30900823e+00
 -1.30768739e+00 -1.30665089e+00 -1.30570553e+00 -1.30440898e+00] 
[-1.3701686  -1.30169    -1.27796744 -0.99437126  0.14216258  0.1269805
 -0.08314594 -0.14137974 -0.15610427 -0.16101246 -0.16382644 -1.32228852
 -0.16583117 -0.16706927 -0.16671505 -0.16107951 -0.13908906 -0.08876266
  0.00227964 -0.11572923 -1.31710025 -1.31381969 -1.31135536 -1.30960594
 -1.30833934 -1.30734515 -1.30643361 -1.30516706] 
[-1.37077912 -1.30246864 -1.27891794 -0.99493717  0.14391225  0.12725856
 -0.08216384 -0.14045263 -0.15524474 -0.16015281 -0.16294871 -1.32245701
 -0.1649365  -0.16615618 -0.16576582 -0.16004668 -0.13794434 -0.08772216
  0.00333863 -0.11438689 -1.31738127 -1.31422371 -1.31185779 -1.31017868
 -1.30896428 -1.30801079 -1.30713174 -1.30589408] 
[-1.37137745 -1.30321613 -1.27983401 -0.99547595  0.14563954  0.1275277
 -0.08119223 -0.13953111 -0.15439052 -0.15929937 -0.16207776 -1.32261482
 -0.16404887 -0.16525026 -0.16482379 -0.15902182 -0.13681151 -0.08670027
  0.00437333 -0.11306679 -1.31764853 -1.3146097  -1.31233875 -1.31072739
 -1.30956323 -1.30864887 -1.30780106 -1.30659123] 
