Energy 
 
-5.010858045872378 
-5.795702397162963 
-5.782303314822555 
-5.205496713744346 
-5.158203434614617 
-6.356553470486274 
-5.736197280676835 
-5.004097943612213 
-4.069860309913322 
-4.0065306042655555 
-6.313093270072145 
-8.154962708033706 
-12.215833455532454 
-11.680481030985833 
-7.584383913777251 
-11.940119644672404 
-10.805648170448896 
-8.253149322108362 
-13.157430565103551 
-12.9173358084624 
-14.558686369881947 
-15.205074063035198 
-15.706758774683529 
-16.330541601572932 
-16.710132943264806 
-16.990043597979305 
-17.224015829786826 
-17.43003421129318 
-17.61218642036648 
-17.758305556217923 
-17.90051083428878 
-18.0330879323039 
-18.15231137540117 
-18.274479455348565 
-18.389498928545184 
-18.508595611707598 
-18.625561898727792 
-18.737941133583064 
-18.843131175197076 
-18.947790823228466 
-19.050117510832692 
-19.15039494530601 
-19.24732353784483 
-19.340928432629063 
-19.433062737807468 
-19.524329363881883 
-19.611179664567324 
-19.695755188136108 
-19.77786428261722 
-19.858239653498902 
-19.9379871811358 
-20.01361966201899 
-20.086923215668143 
-20.15808121888905 
-20.19610581490363 
-20.281800021708086 
-20.345040659682482 
-20.40407171856129 
-20.456877242387172 
-20.507709196303352 
-20.55707945879361 
-20.61781570682896 
-20.66944148767613 
-20.717653150244463 
-20.77045806560561 
-20.81926700145668 
-20.86431239719993 
-20.90668068200725 
-20.946834447425594 
-20.96935768933928 
-21.015188234445915 
-21.054483708079957 
-21.09020884941065 
-21.124702254519228 
-21.15765632719332 
-21.189563416621898 
-21.220537383918366 
-21.25082419408193 
-21.280076412789835 
-21.30835962779344 
-21.33756992663038 
-21.364357000553646 
-21.391543712657857 
-21.41618645287765 
-21.438531605492397 
-21.46032907962561 
-21.48186799986452 
-21.50443713294183 
-21.525784523395245 
-21.54594729269892 
-21.56650064387457 
-21.585419766125035 
-21.603861233527017 
-21.62181428165709 
-21.639238147957983 
-21.65399309161912 
-21.650504966864606 
-21.68753065863604 
-21.68654828862033 
-21.72237446038479 
-21.73977246141763 
-21.755942399418185 
-21.771906469925664 
-21.787535913710798 
-21.80341659181464 
-21.819205383954085 
-21.835359465125855 
-21.851307201121813 
-21.869074642073187 
-21.886389982749243 
-21.90340401089035 
-21.92121106553803 
-21.940130207815145 
-21.96014252548398 
-21.982645525025468 
-22.004928965006638 
-22.028738118878966 
-22.052690130227003 
-22.077649510126314 
-22.109168791729445 
-22.13963736744285 
-22.175624284882993 
-22.21396317466517 
-22.27660421994357 
-22.340016919627892 
-22.407878830245867 
-22.493229945100538 
-22.58131476266166 
-22.662434091317433 
-22.74574103036785 
-22.83226508318424 
-22.920716955866517 
-23.01057433626356 
-23.100690630459425 
-23.190487021549608 
-23.279363648654655 
-23.369962937949147 
-23.414478844529423 
-23.52918716306719 
-23.630590962872265 
-23.719059988020675 
-23.793106922784602 
-23.860992526670046 
-23.931461410369607 
-23.995305782401832 
-24.073454002927363 
-24.130607390904327 
-24.183556825353104 
-24.235963030521134 
-24.28315497917056 
-24.326918471985042 
-24.36787788654839 
-24.40586085663913 
-24.40859073526003 
-24.424776924716564 
-24.499235717187823 
-24.529329350874605 
-24.560035886228317 
-24.58478786508506 
-24.6104065520043 
-24.632858166485377 
-24.65415285280121 
-24.674336793288 
-24.693575993991992 
-24.711879149714534 
-24.730399333157845 
-24.747515674952126 
-24.765050269467146 
-24.78207719996686 
-24.789826613302246 
-24.810187186898844 
-24.824291466673266 
-24.83497493858901 
-24.848313383214432 
-24.861111303894425 
-24.873713848801014 
-24.884777121719274 
-24.895030720398108 
-24.904713645775647 
-24.913848050740448 
-24.9225368632528 
-24.93082966128781 
-24.938748341947097 
-24.946317832287598 
-24.95360544024239 
-24.96056865775204 
-24.967248152595893 
-24.973639476284294 
-24.97984708624535 
-24.98597511428293 
-24.99181665365936 
-24.99745690687865 
-25.002831616651505 
-25.008155151548838 
-25.013132724483633 
-25.017657423842174 
-25.022656145985092 
-25.027086592326242 
-25.03133084508371 
-25.03542161101387 
-25.039343355953797 
-25.043109952714616 
-25.046732144382627 
-25.05024939722854 
-25.053603927613032 
-25.056853280846923 
-25.059966313775465 
-25.062906353874048 
-25.066158885560867 
-25.06894498495128 
-25.07194569241713 
-25.074807484321497 
-25.077584174501172 
-25.08018154684678 
-25.082683085447776 
-25.08510055546785 
-25.087447924081005 
-25.088684480408098 
-25.082590062751446 
-25.09169428068677 
-25.095203331002047 
-25.097389965026803 
-25.09956454533643 
-25.101657774077058 
-25.10359209137278 
-25.105458532943487 
-25.107248901324663 
-25.10898886614844 
-25.11067754052231 
-25.112330257642405 
-25.11392230464003 
-25.115471499727438 
-25.11698252320319 
-25.118442255023613 
-25.119878773063192 
-25.121266643854625 
-25.12219158832795 
-25.123957329465433 
-25.12521374433519 
-25.126429508188682 
-25.127672041108678 
-25.128869516094493 
-25.130043986434956 
-25.131201001191858 
-25.13234865943124 
-25.13347738541896 
-25.134599589623186 
-25.13569683813682 
-25.13677905267105 
-25.13788871605411 
-25.138959048837094 
-25.140007864049885 
-25.141076287473574 
-25.142118114575833 
-25.14314891748914 
-25.14410227711353 
-25.145121405670654 
-25.14614424424619 
-25.14721327130821 
-25.148233308606596 
-25.14924781412391 
-25.150064030253468 
-25.150053919504956 
-25.14891944204838 
-25.15234703371353 
-25.15121184287204 
-25.15299631059414 
-25.15392895520651 
-25.156278171991865 
-25.157887329163177 
-25.156728304883956 
-25.158441042200515 
-25.16006191352809 
-25.161471365521134 
-25.161238122274458 
-25.157918995768892 
-25.15880532775093 
-25.161010724063875 
-25.164308318851607 
-25.16442740675516 
-25.16515686624148 
-25.166939851518734 
-25.168495507318305 
-25.167016797345234 
-25.16442057028463 
-25.17056608871799 
-25.17326727542978 
-25.174666770607605 
-25.175780962441838 
-25.176768233921525 
-25.177729200787603 
-25.178681140275987 
-25.179624540942626 
-25.180569117449092 
-25.1815091446237 
-25.18244726798117 
-25.183387943847983 
-25.183719328115167 
-25.185399532533243 
-25.18642650470245 
-25.187423928957923 
-25.18839652087997 
-25.189360556365102 
-25.19033397316352 
-25.19131274757139 
-25.19227344413291 
-25.19322393718836 
-25.19416772175932 
-25.195106251034108 
-25.19570466646488 
-25.19653115495782 
-25.197511774910343 
-25.198576778598373 
-25.199611489049158 
-25.200591399129515 
-25.201515806684323 
-25.202412056497568 
-25.203290939523587 
-25.20425731798941 
-25.20485868098255 
-25.205677487962937 
-25.20576911569345 
-25.207503070201504 
-25.208618975539324 
-25.209524792281243 
-25.210332643151258 
-25.211101302662744 
-25.211419990019298 
-25.21004736357077 
-25.212650534372067 
-25.21401794328696 
-25.21496557226119 
-25.21571552083272 
-25.21646628220826 
-25.21720053362243 
-25.217913944389487 
-25.218542724298814 
-25.218890148169486 
-25.21875923343349 
-25.218340472214244 
-25.221097925200194 
-25.22203745987545 
-25.222765035883526 
-25.223449183413216 
-25.224130693813002 
-25.224805412615336 
-25.225478010588894 
-25.22613939866887 
-25.226793386303697 
-25.227440612842805 
-25.228080076136816 
-25.22871324385071 
-25.229340825776646 
-25.22997592599445 
-25.23060545801453 
-25.231186868217108 
-25.230411034525574 
-25.232024855689314 
-25.23277323211412 
-25.233390639393008 
-25.23398230446295 
-25.234574995771535 
-25.23515469182972 
-25.235497126748584 
-25.234939758778456 
-25.236100441003554 
-25.23710770371235 
-25.237833578752674 
-25.238446084596855 
-25.238990355164262 
-25.23952172996866 
-25.240047977814353 
-25.240569223566705 
-25.2410882648621 
-25.241599666137724 
-25.242104096540064 
-25.242603518459845 
-25.24309455005816 
-25.24358426237281 
-25.24408436694521 
-25.24457576381517 
-25.245056363040074 
-25.245530281161823 
-25.245978727102322 
-25.246417239905725 
-25.246859174077997 
-25.247165453669027 
-25.24738257581648 
-25.24762101959213 
-25.2485175330948 
-25.249119097753923 
-25.24959549755045 
-25.250021070575528 
-25.25044291700391 
-25.250858507223686 
-25.25126923363835 
-25.25167630598297 
-25.252080578996626 
-25.252482150677682 
-25.252879265119613 
-25.25327252920018 
-25.253662295873568 
-25.254047216541817 
-25.254427003548727 
-25.254801761992745 
-25.255169644534227 
-25.255545267790986 
-25.25591213936687 
-25.25627480568519 
-25.25663513061938 
-25.25699236340477 
-25.25734665556391 
-25.257701477818756 
-25.258054922330338 
-25.258405302480917 
-25.258752756777564 
-25.25909914111906 
-25.259439758894406 
-25.259777888501308 
-25.260115754314587 
-25.260445167835613 
-25.26064390278274 
-25.259830555544003 
-25.259967558362547 
-25.260939028405943 
-25.261699785515933 
-25.262290532729224 
-25.26254483744236 
-25.26278862834586 
-25.263121936286748 
-25.26348965573104 
-25.263867327664784 
-25.264220681582273 
-25.264546407103097 
-25.26485203415332 
-25.265150980069564 
-25.265448159013637 
-25.265749917125643 
-25.26604890770729 
-25.266346062300478 
-25.266640957535113 
-25.266940295176 
-25.26723617480986 
-25.267530581436993 
-25.26782187776665 
-25.268128151716777 
-25.268423651920784 
-25.268718914472128 
-25.26901187435409 
-25.26930181047103 
-25.269589998586635 
-25.26987505810499 
-25.270158900627294 
-25.270459011846103 
-25.270752341176323 
-25.271044127268624 
-25.271334015732204 
-25.27162215094768 
-25.271908240283054 
-25.27219463384896 
-25.27247962534087 
-25.272763026935618 
-25.273045124183493 
-25.273325872348146 
-25.273604963880786 
-25.27388314064985 
-25.274159852631726 
-25.27443531698629 
-25.27470900048548 
-25.274981466594063 
-25.275255378649987 
-25.275528125224962 
-25.275801561861694 
-25.276071663333614 
-25.276340585647688 
-25.27660813786172 
-25.276875227526403 
-25.277141164752102 
-25.27740566412184 
-25.277669282446674 
-25.27793173253247 
-25.278193301978494 
-25.278453156844765 
-25.278712810579236 
-25.27897059424424 
-25.279227197856518 
-25.279477670771726 
-25.279726875590374 
-25.27997571316857 
-25.28022398917608 
-25.280470253989492 
-25.28071706030076 
-25.28096604339513 
-25.281213704673817 
-25.28145770103483 
-25.281700850855056 
-25.281942954574482 
-25.28218369351054 
-25.282423547222276 
-25.282662773466456 

 Time 
294628.1990170479 
