Energy 
 
-2.866939945401394 
-5.589847455330374 
-4.00959476825431 
-1.8158036788738148 
-3.656604718164124 
-2.536622139782799 
-0.21242031324405533 
-2.701040563958493 
-4.5475610799457655 
-5.440021629212402 
-6.207555832198809 
-6.87940210363588 
-7.437045347396493 
-7.983938087834348 
-8.508165879137655 
-8.950937712104952 
-9.385040246998601 
-9.855403080506939 
-10.282837386552668 
-10.687769105278749 
-11.062924544253375 
-11.374744040473306 
-11.666156232987563 
-11.89864610782081 
-12.222247469922888 
-12.406910356629176 
-12.56289564252508 
-12.686405076167238 
-12.809234309454336 
-12.899857751349744 
-12.967001698282878 
-13.022325261081177 
-13.061554901792267 
-13.078882065057314 
-13.104014504669475 
-13.142130450015006 
-13.167952439999723 
-13.199399330414685 
-13.158641842443974 
-13.218556361323314 
-13.253620415441256 
-13.285053670059131 
-13.311298525108029 
-13.334544080077508 
-13.355756529606378 
-13.375459012934641 
-13.395194879816604 
-13.41280152577118 
-13.429313069093752 
-13.445192647366014 
-13.460414470866365 
-13.475075340821626 
-13.489263038660603 
-13.503232045926676 
-13.51655584005414 
-13.529521429533755 
-13.542256615887984 
-13.554572805470372 
-13.566842938557265 
-13.57843816779849 
-13.58051081752853 
-13.599149614690255 
-13.611076134700863 
-13.622364919792798 
-13.633599988250488 
-13.644257894639367 
-13.65455597374222 
-13.664719426440243 
-13.647794964512354 
-13.64635222100858 
-13.680541632392504 
-13.694164385338869 
-13.704999850391953 
-13.715146239565332 
-13.725721563396261 
-13.736063416325692 
-13.745732589590473 
-13.754920791714909 
-13.763570171735093 
-13.77124013876316 
-13.779317777637107 
-13.786781529900676 
-13.787035150633457 
-13.784849977085036 
-13.79222842593715 
-13.8048980865866 
-13.81528032749484 
-13.822422824044455 
-13.82809465220498 
-13.83320107804397 
-13.837178501799169 
-13.841247981160706 
-13.845266911586606 
-13.84863944245745 
-13.851945694235127 
-13.855131984166656 
-13.858507510518127 
-13.86124920972109 
-13.863798254763207 
-13.866208056580632 
-13.86849768240064 
-13.870671567643479 
-13.872721859956846 
-13.87465735202923 
-13.87654685353148 
-13.878413957133588 
-13.880090682043265 
-13.881812255853763 
-13.883398031487292 
-13.884897109476734 
-13.886266495414233 
-13.887552031722015 
-13.888753148835768 
-13.889978083506897 
-13.89108929124097 
-13.892101040638476 
-13.893027792684475 
-13.893785955404201 
-13.894508125319474 
-13.894946950669539 
-13.892909325473582 
-13.895960600094641 
-13.897264626843437 
-13.897885498318935 
-13.897188873338504 
-13.895939260850508 
-13.894742088529181 
-13.899863699286707 
-13.900358531617412 
-13.899571259443094 
-13.900227028843798 
-13.901278789718939 
-13.901847794202371 
-13.902103500352215 
-13.902390610408236 
-13.903018672353712 
-13.903369626225242 
-13.903630672599808 
-13.903897481317257 
-13.904190842421041 
-13.904599493915613 
-13.90484673951023 
-13.905082773504581 
-13.904640610501598 
-13.904217861010965 
-13.904164527904857 
-13.90516357853088 
-13.906002538688718 
-13.906476448130677 
-13.906699086340547 
-13.9068954275015 
-13.907080991468186 
-13.9072599412275 
-13.907433898639571 
-13.907604737053102 
-13.907770613469253 
-13.907933606936256 
-13.908061850187385 
-13.908205915945683 
-13.90836937926988 
-13.908507490810274 
-13.908639336926612 
-13.908765590708025 
-13.908888822604087 
-13.909009438347848 
-13.909131089340045 
-13.909247216293512 
-13.909360178168747 
-13.909470381984839 
-13.909578421952256 
-13.909684378063435 
-13.90978815922999 
-13.909890111783238 
-13.90999032597565 
-13.91008904293144 
-13.910186520177676 
-13.910282493323274 
-13.910379912792049 
-13.910475635828984 
-13.910569862620909 
-13.910662829485158 
-13.910754532925981 
-13.910845515033518 
-13.91093526953432 
-13.911024333294293 
-13.911112362027637 
-13.911199770614386 
-13.911286407187726 
-13.911372370566466 
-13.911459599110595 
-13.911546019123666 
-13.911631661047487 
-13.911716768788779 
-13.911801129950494 
-13.911884786865086 
-13.911967811354593 
-13.912050288667528 
-13.912132450183128 
-13.912211885419381 
-13.912288920497454 
-13.912365246957192 
-13.912442267381708 
-13.912519392622476 
-13.912594785321732 
-13.912669342669325 
-13.912742295604575 
-13.912814680029651 
-13.912884402158952 
-13.91295346535989 
-13.913024419895407 
-13.913094877795617 
-13.91316491422225 
-13.913234333308402 
-13.913303598298791 
-13.913374269999645 
-13.913443755823762 
-13.913513386007336 
-13.913582222786658 
-13.913646914923707 
-13.913595664776764 
-13.913631970566964 
-13.913753793354235 
-13.913783211464395 
-13.913860688010129 
-13.913983935036406 
-13.914096708991632 
-13.914180647894813 
-13.91424892877114 
-13.914313632696734 
-13.914378131742161 
-13.91444243041462 
-13.914506485052382 
-13.914570262300442 
-13.914633803680283 
-13.914697090523813 
-13.914760253361143 
-13.914822892174803 
-13.914885459676185 
-13.91494772368805 
-13.915009798749226 
-13.91507153171418 
-13.915133600094608 
-13.91519616341032 
-13.915256981339109 
-13.915317481553124 
-13.915377743213787 
-13.915437882259752 
-13.915498066521845 
-13.915557264246734 
-13.915616144346307 
-13.915675126780812 
-13.915733973030916 
-13.915791878270593 
-13.915850703160345 
-13.915909176204696 
-13.915967110172296 
-13.91602490362556 
-13.916082603517603 
-13.916140039247093 
-13.916197939790644 
-13.916255574534894 
-13.916313016555362 
-13.916370311668002 
-13.916427457300193 
-13.916484317639627 
-13.91654133626177 
-13.91659746455186 
-13.916653591751276 
-13.916709618844976 
-13.9167642613426 
-13.916818809712105 
-13.916873199159388 
-13.916926072390655 
-13.91697923070674 
-13.917032236460066 
-13.917084761050514 
-13.91713578364936 
-13.91718688420009 
-13.917237775700862 
-13.917288601682088 
-13.917339339879167 
-13.9173898652652 
-13.917441619148201 
-13.917493178281237 
-13.917544485959603 
-13.917595686047362 
-13.91764658705199 
-13.917696895973151 
-13.917746975743418 
-13.917796881628366 
-13.91784607411808 
-13.917895039278584 
-13.917943833992926 
-13.917991586364913 
-13.918039401455834 
-13.918087174251777 
-13.918134786897586 
-13.918182357369913 
-13.918229803700203 
-13.918277021893322 
-13.918324309970403 
-13.918371080074731 
-13.918417859224713 
-13.91846459222301 
-13.918511288543568 
-13.91855795874143 
-13.91860433030553 
-13.918650754518502 
-13.918697114889012 
-13.918743397396163 
-13.918789955267204 
-13.918836561319722 
-13.918883134503204 
-13.918929848341271 
-13.918976625787812 
-13.919022627855245 
-13.919068099097773 
-13.919113540035308 
-13.919158969030821 
-13.919204419242153 
-13.919249716983987 
-13.91929497646997 
-13.919340392333908 
-13.919385032685812 
-13.91942967927579 
-13.919473984643592 
-13.919517732145481 
-13.919561513163538 
-13.919605009752804 
-13.919648439677779 
-13.919691858524455 
-13.919735408453647 
-13.919778942257201 
-13.91982241697545 
-13.919866013218346 
-13.919909597411772 
-13.919953302534058 
-13.9199971271127 
-13.920040208897596 
-13.92008326820774 
-13.920126341066643 
-13.920169431924744 
-13.920212533925065 
-13.920255657526315 
-13.920298733516537 
-13.92034176259643 
-13.920384010976374 
-13.920426254624257 
-13.920468675270055 
-13.920511241769967 
-13.920553827291993 
-13.920596363130967 
-13.920638889554786 
-13.920681410759661 
-13.920723824553217 
-13.920766239758475 
-13.920808672130145 
-13.920851101586464 
-13.920893496552358 
-13.920935765247707 
-13.920978184517743 
-13.921020891352116 
-13.921063725507128 
-13.921106633275327 
-13.921149551799067 
-13.921192475748839 
-13.921235414400615 
-13.92127763008285 
-13.921319777587476 
-13.921361916776995 
-13.92140405352578 
-13.921446455995287 
-13.921488846362168 
-13.921531249104632 
-13.92157371676169 
-13.921616009141019 
-13.921658274070445 
-13.921700319818688 
-13.921742377357582 
-13.921784468016515 
-13.921826553249199 
-13.921868588416444 
-13.921909752704154 
-13.92195090982386 
-13.921992096570213 
-13.922033315063015 
-13.922074208868162 
-13.922115094628147 
-13.922155982959925 
-13.922197530917188 
-13.922239320292832 
-13.922281065089855 
-13.922322323756397 
-13.922363594488507 
-13.922404894407912 
-13.922445639662923 
-13.92248637971233 
-13.922527039896863 
-13.922566944463696 
-13.92260644272638 
-13.922646001729365 
-13.922685631313065 
-13.922725251984994 
-13.92276493851906 
-13.922804524495762 
-13.922844292873398 
-13.922883238556427 
-13.922922172156795 
-13.922961100389482 
-13.92300028370174 
-13.923039504242166 
-13.923078675108474 
-13.923117849460917 
-13.923157036065401 
-13.92319626967306 
-13.923235521873792 
-13.923274809403821 
-13.92331434033913 
-13.923353831744887 
-13.923393351828995 
-13.92343289449516 
-13.923472113576512 
-13.923510924893337 
-13.923549913308332 
-13.923588723513198 
-13.923627328032099 
-13.923666017914044 
-13.923704743209813 
-13.92374320326755 
-13.923781699814693 
-13.923820303366892 
-13.923858946516894 
-13.923897605334345 
-13.92393643612806 
-13.923975303222885 
-13.9240144146937 
-13.924053456850375 
-13.924092568511055 
-13.924131744986964 
-13.924170878255241 
-13.924210053211105 
-13.924249266246044 
-13.924288535603798 
-13.924327750475557 
-13.924366833265115 
-13.924406016770405 
-13.924445259043292 
-13.9244845120407 
-13.924523821179532 
-13.924562900267098 
-13.924602469644977 
-13.92464207516859 
-13.924681726045897 
-13.924721471702027 
-13.92476126494487 
-13.924801105083606 
-13.924840978933453 
-13.924880934928787 
-13.924920868176292 
-13.924960859456423 
-13.9250008736793 
-13.92504096720828 
-13.925080689569258 
-13.925119918841272 
-13.92515905200377 
-13.925198238446345 
-13.925237467083557 
-13.925276528101623 
-13.925315683986625 
-13.925354933694672 
-13.925394194024395 
-13.925433487132953 
-13.925472569657039 
-13.925511602887646 
-13.925550807161065 
-13.92559006364065 
-13.925629565417136 
-13.925668460141818 
-13.925707500968803 
-13.92574654159748 
-13.925785582325652 
-13.925824669845046 
-13.925863809982925 
-13.925902782014493 
-13.925941804921443 
-13.92598086177175 
-13.92601988840864 
-13.926058935119254 
-13.926098148362845 
-13.926137392899726 
-13.926176636443937 
-13.926215382204433 
-13.926254186354047 
-13.926293060156745 
-13.926331913878638 
-13.92637085602811 
-13.926409080297187 
-13.926447359688487 
-13.9264856998828 
-13.926524127041542 

 Time 
187251.80040049553 
