Energy 
 
-6.447666291553563 
-11.33208300084849 
-14.45675131077326 
-16.500600192224045 
-17.914104159536958 
-18.927639508732184 
-19.66949033115829 
-20.220390029387065 
-20.635080218862527 
-20.951806220573356 
-21.197500660699223 
-21.39114680250088 
-21.54613730067651 
-21.671958500673032 
-21.7753850185437 
-21.86131495695606 
-21.933345832471716 
-21.994167870930752 
-22.045831409460128 
-22.089928838965076 
-22.12771904668235 
-22.16021330693814 
-22.188235309412295 
-22.212463770427647 
-22.233463234694092 
-22.25170679137726 
-22.26759318336392 
-22.28145996729408 
-22.29359384028066 
-22.304238891686374 
-22.313603301709904 
-22.321864851302603 
-22.329175502817158 
-22.335665239891956 
-22.34144530669771 
-22.34661095320321 
-22.35124376947798 
-22.355413675056443 
-22.359180616832056 
-22.362596019473436 
-22.365704024993782 
-22.368542552286645 
-22.37114420272143 
-22.373537034010972 
-22.375745221319985 
-22.37778962186657 
-22.379688256938113 
-22.381456723258324 
-22.383108543966145 
-22.38465546797478 
-22.386107725260192 
-22.38747424452376 
-22.38876283875793 
-22.389980363442163 
-22.391132851408443 
-22.3922256278383 
-22.393263408324625 
-22.394250382527108 
-22.395190285559476 
-22.3960864589363 
-22.396941902636705 
-22.39775931961019 
-22.3985411538521 
-22.39928962300775 
-22.40000674631741 
-22.400694368604412 
-22.401354180885882 
-22.401987738110723 
-22.40259647445169 
-22.403181716511934 
-22.403744694750454 
-22.40428655339188 
-22.404808359039674 
-22.405311108177543 
-22.40579573372766 
-22.406263110792416 
-22.406714061702743 
-22.407149360465574 
-22.407569736696455 
-22.4079758791121 
-22.408368438634376 
-22.408748031169072 
-22.40911524009185 
-22.409470618490968 
-22.409814691185552 
-22.410147956560316 
-22.410470888230794 
-22.410783936561202 
-22.411087530059028 
-22.41138207664905 
-22.411667964849617 
-22.411945564861888 
-22.412215229571924 
-22.41247729548619 
-22.412732083603437 
-22.412979900219867 
-22.41322103769209 
-22.413455775144318 
-22.413684379133446 
-22.413907104276678 
-22.414124193838212 
-22.414335880284852 
-22.414542385809508 
-22.414743922824275 
-22.41494069442932 
-22.415132894854448 
-22.415320709877367 
-22.4155043172211 
-22.415683886931696 
-22.41585958173375 
-22.41603155737159 
-22.416199962929817 
-22.416364941142852 
-22.416526628682746 
-22.41668515643938 
-22.416840649782586 
-22.416993228814583 
-22.41714300860814 
-22.41729009943525 
-22.417434606983303 
-22.417576632561563 
-22.417716273299934 
-22.41785362233524 
-22.41798876898991 
-22.41812179894363 
-22.418252794396548 
-22.418381834223204 
-22.418508994121318 
-22.41863434675218 
-22.418757961877077 
-22.41887990648479 
-22.41900024491393 
-22.41911903897019 
-22.419236348039732 
-22.419352229192388 
-22.41946673728699 
-22.419579925066664 
-22.419691843251965 
-22.419802540629494 
-22.41991206413566 
-22.420020458939884 
-22.420127768518224 
-22.420234034730118 
-22.420339297886617 
-22.42044359681905 
-22.420546968941938 
-22.420649450315224 
-22.420751075703496 
-22.420851878628426 
-22.420951891427322 
-22.42105114530111 
-22.421149670362837 
-22.42124749568597 
-22.4213446493484 
-22.421441158473925 
-22.421537049275727 
-22.421632347092064 
-22.42172707642604 
-22.42182126097941 
-22.42191492368851 
-22.422008086754104 
-22.42210077167666 
-22.4221929992811 
-22.422284789749625 
-22.422376162646287 
-22.422467136944324 
-22.422557731050347 
-22.422647962829014 
-22.422737849625044 
-22.422827408285965 
-22.422916655181687 
-22.423005606226127 
-22.423094276895327 
-22.423182682245827 
-22.423270836932723 
-22.423358755226605 
-22.423446451028923 
-22.42353393788682 
-22.423621229010596 
-22.423708337284413 
-22.423795275283176 
-22.423882055282576 
-22.423968689273366 
-22.424055188972527 
-22.424141565835757 
-22.42422783106631 
-22.424313995627973 
-22.424400070252208 
-22.424486065451827 
-22.42457199152584 
-22.424657858571766 
-22.42474367649183 
-22.424829455002307 
-22.424915203641568 
-22.425000931776246 
-22.42508664861015 
-22.425172363189162 
-22.42525808441041 
-22.42534382102624 
-22.42542958165107 
-22.425515374767464 
-22.425601208733028 
-22.4256870917825 
-22.425773032035902 
-22.4258590375023 
-22.42594511608481 
-22.42603127558513 
-22.42611752370722 
-22.42620386806278 
-22.426290316174725 
-22.42637687548051 
-22.426463553336106 
-22.426550357020776 
-22.42663729373819 
-22.426724370622008 
-22.426811594737334 
-22.42689897308418 
-22.426986512601495 
-22.427074220167775 
-22.42716210260618 
-22.42725016668452 
-22.427338419119696 
-22.42742686657896 
-22.427515515683073 
-22.42760437300668 
-22.427693445082504 
-22.427782738401696 
-22.427872259416073 
-22.42796201454078 
-22.42805201015444 
-22.42814225260178 
-22.428232748195718 
-22.428323503215793 
-22.428414523914345 
-22.428505816513262 
-22.428597387208065 
-22.428689242167707 
-22.428781387536862 
-22.428873829434934 
-22.428966573958856 
-22.429059627183605 
-22.429152995161893 
-22.429246683927055 
-22.42934069949187 
-22.429435047849235 
-22.429529734974757 
-22.429624766824883 
-22.42972014933831 
-22.42981588843792 
-22.429911990027914 
-22.43000845999677 
-22.430105304217008 
-22.430202528544257 
-22.430300138819455 
-22.430398140865883 
-22.430496540493152 
-22.430595343493298 
-22.43069455564378 
-22.430794182705515 
-22.430894230423238 
-22.430994704525794 
-22.431095610725155 
-22.43119695471669 
-22.431298742178353 
-22.43140097877063 
-22.43150367013608 
-22.43160682189839 
-22.431710439661433 
-22.431814529011287 
-22.43191909551203 
-22.432024144706734 
-22.432129682117296 
-22.43223571324216 
-22.4323422435575 
-22.432449278513023 
-22.43255682353494 
-22.432664884021722 
-22.4327734653453 
-22.43288257284827 
-22.432992211844432 
-22.43310238761521 
-22.433213105410438 
-22.433324370446865 
-22.43343618790549 
-22.43354856293143 
-22.433661500631217 
-22.433775006073013 
-22.433889084282818 
-22.434003740244613 
-22.434118978898464 
-22.434234805136857 
-22.434351223806274 
-22.434468239701534 
-22.43458585756764 
-22.43470408209436 
-22.434822917916875 
-22.434942369612404 
-22.435062441697507 
-22.435183138627973 
-22.43530446479463 
-22.435426424521637 
-22.435549022064897 
-22.435672261608328 
-22.435796147262725 
-22.435920683062374 
-22.436045872962918 
-22.436171720838676 
-22.43629823048041 
-22.436425405591343 
-22.436553249785863 
-22.436681766586513 
-22.436810959419223 
-22.436940831614436 
-22.437071386400202 
-22.437202626900344 
-22.437334556133823 
-22.437467177007424 
-22.437600492316097 
-22.43773450473853 
-22.43786921683507 
-22.438004631041398 
-22.438140749669387 
-22.438277574901065 
-22.43841510878589 
-22.43855335323796 
-22.43869231003274 
-22.438831980801957 
-22.438972367032164 
-22.43911347006123 
-22.439255291073376 
-22.439397831096077 
-22.439541090998524 
-22.439685071485176 
-22.439829773094473 
-22.4399751961941 
-22.440121340978095 
-22.440268207462868 
-22.440415795484164 
-22.440564104693117 
-22.4407131345535 
-22.440862884336084 
-22.44101335311835 
-22.441164539779017 
-22.441316442993482 
-22.44146906123471 
-22.44162239276398 
-22.441776435632296 
-22.441931187675895 
-22.442086646510806 
-22.442242809532623 
-22.442399673911467 
-22.442557236589398 
-22.4427154942777 
-22.44287444345317 
-22.443034080356558 
-22.44319440098674 
-22.443355401103535 
-22.443517076218093 
-22.443679421596354 
-22.443842432251483 
-22.444006102946233 
-22.44417042818778 
-22.44433540222606 
-22.444501019051547 
-22.444667272394184 
-22.44483415572056 
-22.44500166223325 
-22.445169784868586 
-22.445338516295358 
-22.445507848913206 
-22.44567777485244 
-22.445848285972634 
-22.44601937386087 
-22.446191029833003 
-22.446363244932293 
-22.446536009927787 
-22.44670931531665 
-22.44688315132207 
-22.447057507895163 
-22.447232374714826 
-22.447407741187515 
-22.447583596449675 
-22.447759929366644 
-22.447936728536988 
-22.448113982290756 
-22.44829167869366 
-22.44846980554635 
-22.448648350389142 
-22.448827300502785 
-22.44900664291183 
-22.44918636438575 
-22.44936645144472 
-22.449546890359425 
-22.449727667157028 
-22.44990876762545 
-22.450090177312152 
-22.45027188153549 
-22.45045386538398 
-22.45063611372239 
-22.450818611196137 
-22.4510013422371 
-22.451184291067605 
-22.4513674417074 
-22.451550777978124 
-22.451734283509758 
-22.45191794174582 
-22.452101735950954 
-22.452285649216783 
-22.45246966446832 
-22.452653764470767 
-22.452837931838758 
-22.453022149039867 
-22.453206398404824 
-22.453390662134797 
-22.453574922308245 
-22.453759160889167 
-22.45394335973674 
-22.45412750061058 
-22.454311565182408 
-22.45449553504213 
-22.45467939170784 
-22.454863116633767 
-22.455046691220648 
-22.455230096821943 
-22.455413314756647 
-22.45559632631532 
-22.45577911277077 
-22.45596165538646 
-22.45614393542777 
-22.456325934169115 
-22.456507632905414 
-22.45668901295939 
-22.456870055692182 
-22.45705074251453 
-22.457231054893086 
-22.457410974360965 
-22.457590482529184 
-22.457769561093937 
-22.457948191845873 
-22.4581263566796 
-22.458304037605043 
-22.45848121675343 
-22.458657876387793 
-22.45883399891258 
-22.459009566881132 
-22.459184563005362 
-22.45935897016459 
-22.459532771411965 
-22.459705949986404 
-22.45987848931607 
-22.46005037303166 
-22.460221584968874 
-22.460392109181075 
-22.46056192994242 
-22.460731031757536 
-22.46089939936961 
-22.461067017762854 
-22.461233872174617 
-22.46139994809731 
-22.46156523128672 
-22.461729707768313 
-22.461893363841515 
-22.462056186085913 
-22.462218161366224 
-22.462379276838583 
-22.462539519952553 
-22.46269887845764 
-22.46285734040675 
-22.46301489416035 
-22.46317152839062 
-22.463327232082243 
-22.463481994539826 
-22.463635805386257 
-22.46378865456833 
-22.463940532358432 
-22.464091429355033 
-22.46424133648704 
-22.464390245011348 
-22.4645381465195 
-22.464685032934014 
-22.46483089651063 
-22.46497572983895 
-22.465119525842873 
-22.46526227778082 
-22.46540397924237 
-22.46554462415278 
-22.465684206767737 
-22.465822721674442 
-22.465960163790445 
-22.466096528361057 
-22.466231810958128 
-22.466366007478147 
-22.4664991141411 
-22.466631127485854 
-22.466762044370338 
-22.46689186196544 
-22.467020577755605 
-22.467148189533575 
-22.467274695397936 
-22.467400093748658 

 Time 
81750.0722091198 
