Energy 
 
-6.447666291553563 
-6.5009492152124135 
-6.750096902956504 
-8.089207514484961 
-7.953812756999174 
-6.627054210322724 
-6.7258766198984805 
-6.005908309208371 
-10.682294568777682 
-8.845393874591744 
-7.402772232170605 
-14.344789165543563 
-16.717505745010875 
-17.553351055928417 
-18.078844034942296 
-18.669036946671987 
-19.065402413887792 
-19.370732872941954 
-19.662788036054273 
-19.92560300225564 
-20.1732294097139 
-20.410280266082577 
-20.648259436957098 
-20.889167427453575 
-21.14441611456399 
-21.408697927454856 
-21.69611060443973 
-22.01581380169 
-22.41687513382064 
-22.779850055257853 
-22.99302397076637 
-23.18691084142147 
-23.47661090787903 
-23.619997537596525 
-23.732261181953227 
-23.827836983536308 
-23.90871015800054 
-23.941199017766372 
-23.8307876190383 
-24.03611417992352 
-24.10947450225383 
-24.16766356482044 
-24.218814935384252 
-24.264485585957438 
-24.305149966594065 
-24.34381060260885 
-24.378914373097494 
-24.410267389987144 
-24.440552311881127 
-24.467539627894986 
-24.49321192926301 
-24.517717084467737 
-24.541233587474768 
-24.56257986713643 
-24.584977727665855 
-24.60547759442255 
-24.62606544842855 
-24.645851255593875 
-24.663568506493668 
-24.681536348028946 
-24.697637809800888 
-24.712611237977075 
-24.726566667887244 
-24.74027002537337 
-24.752257574712267 
-24.764002982215445 
-24.775055868954897 
-24.783084099995556 
-24.77289637441795 
-24.7991681106562 
-24.809958508119525 
-24.81980253736139 
-24.828585539391888 
-24.836693414285463 
-24.844294930293238 
-24.85146358247911 
-24.858486686858182 
-24.86488025807074 
-24.870981244863433 
-24.876869682055247 
-24.88252506146808 
-24.887764733178592 
-24.892724473475592 
-24.89743907061814 
-24.90186621468897 
-24.90601436577661 
-24.909847541889615 
-24.91236775041042 
-24.917319259388446 
-24.92154836932672 
-24.92529982760464 
-24.926702622787865 
-24.92955856282678 
-24.93156731969154 
-24.935477155336116 
-24.9372739016205 
-24.938262077622696 
-24.945187194436414 
-24.94907297118468 
-24.95208474693576 
-24.95456896620816 
-24.957010823112533 
-24.959629397965337 
-24.961898080723294 
-24.964017162351883 
-24.966055997725633 
-24.968002634654543 
-24.969883607382847 
-24.97165924802747 
-24.97014269766137 
-24.968154691383127 
-24.968791143704706 
-24.97534683528782 
-24.978628365193444 
-24.980817142083094 
-24.98272136198981 
-24.984154993213174 
-24.98497669353707 
-24.98134580207079 
-24.982676920050974 
-24.98801597129916 
-24.991104964042453 
-24.992744900223816 
-24.994044390198017 
-24.995420451610304 
-24.996739240533934 
-24.993356300367733 
-24.997823799113885 
-24.999194983935766 
-25.000582244457068 
-25.001998416449883 
-25.003360958728013 
-25.004661671280004 
-25.005782991134215 
-25.006815330819236 
-25.008059580577857 
-25.009129100744964 
-25.010119547525143 
-25.011056018141783 
-25.01203178500967 
-25.013019596391647 
-25.013959714480876 
-25.01487377072657 
-25.015751905445942 
-25.016720182677663 
-25.01764612927798 
-25.018551188618382 
-25.019464394351424 
-25.02043479408391 
-25.021386860100137 
-25.022323168028155 
-25.023465496930648 
-25.024542620315987 
-25.025557104753922 
-25.026546936606056 
-25.02751764075325 
-25.02847300330272 
-25.029408650842228 
-25.030440915948606 
-25.031195674994414 
-25.03248010023851 
-25.033504360898693 
-25.034508215207147 
-25.03550706801166 
-25.036496663310082 
-25.03746720672254 
-25.03842166964605 
-25.039385848449335 
-25.04032541495086 
-25.04146518223962 
-25.042637995949086 
-25.04366685349819 
-25.044666570357926 
-25.045654727780683 
-25.046721440084955 
-25.047788187570937 
-25.04887525508163 
-25.049884965559592 
-25.05088072130486 
-25.05185686983129 
-25.052329677319733 
-25.050392794028106 
-25.053592995147966 
-25.05450315060666 
-25.05509053984388 
-25.053046002662185 
-25.052516628819532 
-25.05304219242102 
-25.056376107592357 
-25.059551703533494 
-25.060362888309054 
-25.061137273687905 
-25.0619015764183 
-25.062663386472064 
-25.06342293642323 
-25.064319833790083 
-25.065169198849198 
-25.066004941273633 
-25.066847120298707 
-25.067677934150275 
-25.06849955594288 
-25.06931195870366 
-25.070118032594536 
-25.070912061199383 
-25.071719098147895 
-25.072518199170467 
-25.073310339801747 
-25.074095052228724 
-25.07487180948603 
-25.075649250502835 
-25.07650432280898 
-25.07729283809878 
-25.078063985708745 
-25.07882225316399 
-25.07958964684022 
-25.080371211900395 
-25.081137967191886 
-25.08192637598354 
-25.082732284992442 
-25.0835176772348 
-25.084280805317718 
-25.08506122146156 
-25.085823095774206 
-25.086559933134783 
-25.087351530318706 
-25.08812438703006 
-25.08889574641758 
-25.089654527186795 
-25.090399111467434 
-25.091135956357547 
-25.09188083622972 
-25.092621056811424 
-25.0933515166612 
-25.094074607678504 
-25.0947973528101 
-25.095511733356346 
-25.09621862702327 
-25.096898272157414 
-25.097571770054675 
-25.09824378086901 
-25.0989065649225 
-25.09956286112288 
-25.10022006808265 
-25.100905900810144 
-25.101772048334162 
-25.10254006942421 
-25.10326506889681 
-25.103954349915302 
-25.10463655174343 
-25.105302699590965 
-25.10596667193597 
-25.106607891834663 
-25.107239583019403 
-25.10786340919356 
-25.10847971294916 
-25.109093643510487 
-25.10975416616759 
-25.110358008465614 
-25.11095358985605 
-25.111543082956807 
-25.112129572064205 
-25.11270952911803 
-25.113282559113152 
-25.113850841713546 
-25.1144147289778 
-25.114975030837638 
-25.115529847501147 
-25.116081229030094 
-25.116632632238776 
-25.11718077732746 
-25.11772617057128 
-25.118266397069224 
-25.118799728839402 
-25.119331594044805 
-25.119846250290724 
-25.120352503473107 
-25.120856528904813 
-25.121356104283244 
-25.121842574925545 
-25.122324087036475 
-25.122801367084882 
-25.123275075856817 
-25.123745755781542 
-25.124213736791027 
-25.124678624744444 
-25.125143982034267 
-25.125615175652882 
-25.126083922506517 
-25.126542489271948 
-25.12699931359338 
-25.127453583010695 
-25.127904793736366 
-25.128352733773387 
-25.12879678254793 
-25.1292505366567 
-25.129700510936136 
-25.130145779244938 
-25.130588287542707 
-25.13102953478866 
-25.131463986343345 
-25.13189246299677 
-25.13231793015931 
-25.132741247942906 
-25.13315784717549 
-25.133575105726052 
-25.13399210703895 
-25.13440642809072 
-25.134812610780653 
-25.13521446895119 
-25.135619487934875 
-25.13602703352548 
-25.13643072093203 
-25.136836674605984 
-25.137242734448762 
-25.137639051270828 
-25.1380331602245 
-25.138425703011595 
-25.13881847187445 
-25.1392081756436 
-25.139601365279372 
-25.13999206136636 
-25.140383786788842 
-25.140772519503184 
-25.14115762444539 
-25.141540301535684 
-25.141923070982113 
-25.142302744559966 
-25.142680802262895 
-25.143060855135573 
-25.143438679320955 
-25.14381665936454 
-25.144191925948675 
-25.144569766198245 
-25.144937343509202 
-25.145305012366524 
-25.145670459337538 
-25.146034715274066 
-25.146400087762068 
-25.146765643630072 
-25.147127614620384 
-25.147488270628624 
-25.14784477841342 
-25.148201428798263 
-25.148557705031944 
-25.14891425782641 
-25.149265661049235 
-25.149615708679576 
-25.14996582026884 
-25.150315723121466 
-25.150665082794866 
-25.15101294518501 
-25.151366172897962 
-25.151718056940382 
-25.152069283849986 
-25.15242207087266 
-25.15277832407509 
-25.15313408119958 
-25.153488837053523 
-25.153844156788303 
-25.154195769045234 
-25.15454445039427 
-25.15491019741033 
-25.155274898679572 
-25.155638297515583 
-25.156001293049762 
-25.156363462947866 
-25.156724203635545 
-25.157083868519116 
-25.15744079194045 
-25.157796275830716 
-25.158151974512812 
-25.15850697449909 
-25.158865094499987 
-25.159222913375544 
-25.15957391977952 
-25.159923961915325 
-25.160273254650733 
-25.160625697375107 
-25.1609751992839 
-25.161339910040798 
-25.161698364597967 
-25.16205521098975 
-25.162411727798183 
-25.162784001698263 
-25.163158164076943 
-25.163532508095525 
-25.163905031060377 
-25.164274552762233 
-25.164643195093625 
-25.16501399438172 
-25.16538484205666 
-25.16575589750928 
-25.166126795843496 
-25.166498988724793 
-25.166869973934986 
-25.167238674522586 
-25.167606509435444 
-25.167974601988853 
-25.168341254686446 
-25.168714544533124 
-25.16908583329102 
-25.169458573464734 
-25.16982917985724 
-25.170199527542955 
-25.170570175899616 
-25.170937232231683 
-25.171303562348683 
-25.17166633349257 
-25.172028710454683 
-25.17239046447905 
-25.172752735577358 
-25.17311433563302 
-25.173474632671855 
-25.173839668828013 
-25.17420377609474 
-25.174567901783234 
-25.174928374775625 
-25.175288182203666 
-25.175645264979053 
-25.176001388931997 
-25.176356863190875 
-25.176712006870233 
-25.177068258677465 
-25.177422434164775 
-25.17777683151775 
-25.178130625123938 
-25.178483778850723 
-25.178834325216798 
-25.17917256664595 
-25.179510154431338 
-25.179847393145003 
-25.18018772591894 
-25.18052740944742 
-25.180866328755073 
-25.181204831867337 
-25.18154076444669 
-25.181874462767222 
-25.182208005159822 
-25.182540052581963 
-25.18287101698806 
-25.183201356733896 
-25.18353234027986 
-25.183866976160104 
-25.184200848900797 
-25.184531736780432 
-25.184865631814166 
-25.185195652265545 
-25.185525170573 
-25.18585413399483 
-25.186182490398643 
-25.186510039109457 
-25.18683460518043 
-25.18715864550893 
-25.187482167440006 
-25.187805526180156 
-25.18812853528433 
-25.188451389541463 
-25.18877426406836 
-25.189096661274064 
-25.189418752025805 
-25.189739371323633 
-25.19005941687655 
-25.190380213172894 
-25.190700299982925 
-25.191019525159348 
-25.1913401371646 
-25.191660245386046 
-25.191979891962987 
-25.19229391698708 
-25.192607198376937 
-25.192920255710607 
-25.19323285044064 
-25.193544594433618 
-25.193855880975804 
-25.194166573393822 
-25.194475273469358 
-25.194781438194802 
-25.195087391189205 
-25.19539375105292 
-25.19570012100289 
-25.196006170149648 
-25.1963118156095 
-25.19661477508537 
-25.19691746828532 
-25.197217392081587 
-25.197517060128956 
-25.197816158226775 
-25.198114949873336 
-25.19841340634963 
-25.198710254207448 
-25.199006896464272 
-25.199303078013656 
-25.199598811316495 
-25.199894547125236 
-25.200195120733255 
-25.200494754535633 
-25.200792682764217 
-25.201088863407705 
-25.20138388010815 
-25.201678949042517 

 Time 
59509.453939676285 
