Energy 
 
-6.447666291553563 
-11.139212454691277 
-7.623862867542371 
-5.963166129590165 
-3.0963846306003604 
0.18813338246842726 
-0.6240004666231691 
-1.2777626828188386 
-0.6397418185583423 
0.5733235405995523 
-0.5989970824415334 
-6.01778850250547 
-5.003873498329887 
-0.832835436460171 
-3.470033209657808 
-6.697969662413156 
-2.962453242272121 
-2.733397559717051 
-2.1078339878878776 
-4.402075291316135 
-2.3738689526268697 
-0.8897667892415724 
-0.8966359282665417 
-1.298374275539133 
-1.0080674896057245 
-0.5375619544913914 
-2.6419374633580848 
-4.605652398474923 
-4.703134123280227 
-3.157418554911425 
-2.8383104162780675 
-2.8348938993104382 
-2.813478657887863 
-2.5367660858435994 
-3.1505164853967464 
-4.415154448252284 
-4.443787920329123 
-4.0878773671150155 
-4.406599992539717 
-4.518148925478311 
-4.480638946749395 
-4.282827339371298 
-5.927039879636674 
-6.632037601565888 
-6.429044287909304 
-6.655879776590255 
-5.5185343408123355 
-4.987235064786488 
-4.281375470847535 
-3.9988516626793045 
-3.616095017040586 
-3.762069954696214 
-4.406783815493291 
-4.169106927551296 
-4.456120522176238 
-8.221502812460951 
-7.816284117118639 
-7.729631371146016 
-5.771841146931942 
-4.927585386610886 
-3.760220635349655 
-5.456664012810481 
-6.623298445544483 
-7.40129760201666 
-9.025540811419775 
-6.4029165131779004 
-10.18394469861816 
-10.351976414049771 
-12.489967031444568 
-12.361034967501732 
-11.70303717038982 
-11.323283484278708 
-11.251792754643235 
-11.319032298367748 
-11.340317915543517 
-11.56900483835036 
-11.740671738397715 
-11.841375743788086 
-11.757177246459259 
-11.691287465315803 
-11.748664568261912 
-11.742829599947534 
-11.820553576482283 
-11.798086484220532 
-12.083629330063365 
-11.857698373491022 
-11.736693276015739 
-11.764332089899922 
-11.563485840645686 
-11.63007251383675 
-11.591990365891775 
-11.827791692184393 
-11.82826259210579 
-11.605095718384373 
-11.99095458960363 
-11.825258804816874 
-12.167471669337186 
-12.143897426641852 
-12.105514589591564 
-12.038340847659867 
-12.302268156199816 
-12.381023296958354 
-12.39420447876701 
-12.16924643130862 
-12.08299224375704 
-12.145865334660108 
-12.359176407251876 
-12.546074417062508 
-12.64005466894225 
-13.126743352450344 
-13.46546894148322 
-13.931179035739838 
-13.410941621960061 
-13.299353028934025 
-13.65121886371072 
-14.207832298328583 
-14.860258982265027 
-15.162212548098802 
-14.184389011629545 
-14.383068181131147 
-14.40290681633099 
-14.234927448503779 
-14.3625473456265 
-15.518177894956496 
-15.441472354957966 
-15.365940986824045 
-14.86599587625902 
-14.016522704261604 
-13.457233065168808 
-13.17301138196908 
-13.81202339832984 
-13.841830413858695 
-14.677618992556681 
-14.182272646444018 
-14.856189735214398 
-14.349170214383346 
-14.674578735355887 
-15.212094214356059 
-14.810149530975252 
-14.604844558291074 
-14.67041263293269 
-14.634933255145024 
-14.30761008168388 
-14.39652408791044 
-14.591942083947565 
-14.511158120699323 
-14.951152227749805 
-15.141910204245136 
-14.763523883566354 
-14.733081885738105 
-14.751125515454591 
-17.101651944492332 
-15.891066905203788 
-15.392344302360646 
-15.943008721861094 
-16.298501620062282 
-16.731498771691687 
-18.08629295045278 
-17.58515103112918 
-16.480428717858718 
-17.995577908952253 
-17.299388656518374 
-16.94555046564992 
-17.138620219075733 
-17.124286239246846 
-17.676362275411268 
-17.648293059657693 
-17.710000988362154 
-17.53154486156576 
-17.324849693732453 
-17.469526587412854 
-17.89165892464626 
-18.16045434881639 
-18.163341706973053 
-18.611773892913032 
-18.46944200520974 
-18.60432655462636 
-18.404625233516093 
-18.444867533784684 
-18.472390300956928 
-19.30229541361523 
-19.103186480040634 
-19.505813816705885 
-19.32326345806336 
-19.818260971586767 
-19.558776649060167 
-19.556469652280924 
-19.711224092629518 
-19.824998531761477 
-19.773609558838494 
-19.98046156350536 
-20.049675210810072 
-20.0231522362038 
-20.13442903208662 
-20.059481731244283 
-20.25757300809168 
-20.247906875580234 
-20.208656205312067 
-20.215931938342422 
-20.317128459536427 
-20.418236247586254 
-20.26830928131417 
-20.22791269613435 
-21.347694273872516 
-20.60802770879361 
-20.003869621382254 
-20.27247256156604 
-20.588133457871056 
-20.182098514682508 
-20.795410687473126 
-20.966006354659015 
-20.773724401091272 
-20.538902983138676 
-21.180825777800006 
-21.224096901135574 
-21.072828885254253 
-20.830397752962426 
-20.47197153078802 
-20.515260273491638 
-20.34452946026767 
-20.119246365797164 
-19.947032387041062 
-20.071863872143947 
-20.213286959279618 
-21.023173733849884 
-20.87207652209497 
-20.710798711795693 
-20.94303058870304 
-21.45702294888484 
-21.441604759972655 
-21.690256487801886 
-21.44180750791254 
-21.45308071174629 
-21.571073471138263 
-21.827318218671934 
-21.881741390033017 
-21.971719308399702 
-21.918886764777653 
-22.08903165327113 
-22.19530042926692 
-22.106353021662382 
-22.25685523777937 
-22.3659135215698 
-22.36239659606855 
-22.38057711352725 
-22.371283156864777 
-22.62093138435898 
-22.561322390223445 
-22.55795338918876 
-22.579620624930953 
-22.62058272252603 
-22.601566297664252 
-22.586621350731548 
-22.684938500241035 
-22.66879613976661 
-22.765672433526177 
-22.800890700284306 
-22.820293142849767 
-22.833121785397573 
-22.789381071188032 
-22.927792340528537 
-22.907176521997847 
-22.826750205719744 
-22.859315154756032 
-22.832950721226386 
-22.83426294361224 
-23.087008296788937 
-22.979664088324842 
-22.805329023373577 
-22.61624731601813 
-23.157803102793576 
-22.818438493696203 
-22.96470840134835 
-23.12600590304889 
-23.15697420820479 
-22.971988382352315 
-22.846109672181637 
-22.892845265363153 
-23.001086235397942 
-22.99826178923908 
-23.277298918739422 
-23.549017346849965 
-23.519047623929428 
-23.479238452364836 
-23.53016076231102 
-23.536869932564056 
-23.50815876276771 
-23.516799673421815 
-23.574779349873364 
-23.53095290652842 
-23.49373534241039 
-23.551756730256237 
-23.550404479587044 
-23.537929348165314 
-23.535286209771623 
-23.63162815777194 
-23.57833760086443 
-23.520515679537066 
-23.493889163558826 
-23.438044457531554 
-23.408952020036566 
-23.42708128558779 
-23.41136240885666 
-23.374039038114045 
-23.350812445666215 
-23.323041180865566 
-23.29745277018444 
-23.517429321317348 
-23.535106239572066 
-23.412025464096722 
-23.625002034586707 
-23.808850045313946 
-23.583064443879085 
-23.780440417231333 
-23.79526194287835 
-23.869848883870706 
-23.80981727505933 
-23.79778762430268 
-23.777361783312504 
-23.88011360975234 
-23.849600832139693 
-23.827836418150635 
-23.813212003718586 
-24.015868107846266 
-23.993779614489007 
-23.830455538922852 
-24.107096532490083 
-24.069802413021062 
-24.036911213576623 
-23.968432582171026 
-23.810422225032028 
-23.736477269550036 
-23.758081126370154 
-23.712819532769274 
-23.678417778385192 
-23.85819434655989 
-23.85906260501371 
-23.904361986015708 
-23.876513411119234 
-24.171712785846015 
-24.18411256166254 
-24.230559620924133 
-24.1095146932352 
-24.04821612750476 
-24.0083313078674 
-24.082418708123303 
-24.08148339437001 
-24.07983212729553 
-24.06309642173046 
-24.070658598570933 
-24.258271928102815 
-24.243025132401886 
-24.26308489395012 
-24.323268320115673 
-24.32116656640747 
-24.31810312392152 
-24.318580852969962 
-24.2937129559683 
-24.35047489389592 
-24.347373766934503 
-24.419718442393528 
-24.4094426546949 
-24.432037408424346 
-24.424042037286405 
-24.391200446293283 
-24.462288849475595 
-24.426775755033724 
-24.428361399219714 
-24.44049067666338 
-24.425835424126713 
-24.42598397689695 
-24.487765545139766 
-24.4862425928388 
-24.444569231055038 
-24.50058072819324 
-24.532261431775385 
-24.50316356780124 
-24.502905831010864 
-24.493026131843042 
-24.48585368875839 
-24.481152311598056 
-24.48407114047821 
-24.518145774841262 
-24.51135415575238 
-24.613585474914462 
-24.606959433583594 
-24.579329290071403 
-24.561204420266524 
-24.520665884086064 
-24.588369190781478 
-24.577348317305823 
-24.59368892159199 
-24.618432966843784 
-24.60735932724754 
-24.605464705566046 
-24.588810748603244 
-24.59683791296728 
-24.615979106078004 
-24.624768587657137 
-24.62454134316505 
-24.621232363358395 
-24.624156765586843 
-24.675807011809656 
-24.67515481718771 
-24.640616437072964 
-24.624385935116624 
-24.59744562047361 
-24.629434663876907 
-24.647406183071798 
-24.64527174587843 
-24.642326660858622 
-24.634855634532148 
-24.708676752181443 
-24.68547138566664 
-24.658928655828635 
-24.658649198624236 
-24.667565636296303 
-24.667135441274166 
-24.676647263550542 
-24.690426315261078 
-24.691405891255112 
-24.691950588160708 
-24.69075721915955 
-24.691510725894997 
-24.690784727933693 
-24.692833843219148 
-24.699355894453518 
-24.70483171064022 
-24.718097108682045 
-24.710900791264084 
-24.774858665059824 
-24.766130639759037 
-24.727739427626663 
-24.6933104868243 
-24.681788527778412 
-24.640168211067433 
-24.66397552886025 
-24.66068829931713 
-24.64162342553967 
-24.64726748443749 
-24.651952635758224 
-24.678342259343847 
-24.67609981045832 
-24.648076523984347 
-24.71924153457435 
-24.71605710943552 
-24.7379065827873 
-24.7102182433783 
-24.65515450467445 
-24.666009886202804 
-24.656017705823256 
-24.704856967254702 
-24.665240780255182 
-24.703766036360722 
-24.702981914238773 
-24.72151072003426 
-24.692520960557488 
-24.761357631428158 
-24.767121444730517 
-24.746201159453094 
-24.731611168775856 
-24.76707843425025 
-24.771513945123058 
-24.77165196187418 
-24.74432685568695 
-24.771117278963917 
-24.781816486477823 
-24.773218787255846 
-24.753992763170057 
-24.755076808371964 
-24.754498735392374 
-24.759063238221046 
-24.749567860847293 
-24.76363092502508 
-24.78164331385927 
-24.79072551011234 
-24.795827897833135 
-24.780878124357958 
-24.774077834222716 
-24.77504524533718 
-24.7754199268948 
-24.800584457481506 
-24.80080326199053 
-24.79895511848509 
-24.798870079447926 
-24.7794278676386 
-24.80706735491575 
-24.820297153487743 
-24.80673094979271 
-24.813553704341693 
-24.787421165710413 
-24.77674997083448 
-24.814131913976308 
-24.791339580443434 
-24.8035394179507 
-24.80391599086195 
-24.804749308085395 
-24.79071870188465 
-24.81153288836564 
-24.81269952421542 

 Time 
338959.24083447456 
