Energy 
 
-6.631992949672864 
-6.674629202239449 
-7.392031127965703 
-7.3951370272455295 
-9.687841409004118 
-11.378289386219675 
-8.390003904647978 
-5.552280922490983 
-3.193066259210573 
-2.0005156657043632 
-3.0615823182767152 
-5.82694569168614 
-7.609544517557305 
-8.071060286652378 
-8.509241827721311 
-8.902373151057873 
-9.353963664919231 
-9.751516749440682 
-10.094730223347865 
-10.532670551929344 
-10.891386090046378 
-11.138747572985675 
-11.376153059768733 
-11.612977526244377 
-11.808701549955586 
-11.985028263830172 
-12.157426923789394 
-12.334648693641714 
-12.528114155055599 
-12.713784778743518 
-13.08231918353299 
-13.307514377338663 
-13.497860975617792 
-13.672442412470344 
-13.894037318047488 
-14.095642814191843 
-14.292130402385666 
-14.509876786565021 
-14.690371235132405 
-14.872863357206526 
-15.051734561529631 
-15.232538441199603 
-15.410075279985074 
-15.73048273698079 
-15.944403270162661 
-16.120043076964524 
-15.961534223689423 
-16.475022968250364 
-16.69814152267835 
-16.842021096660968 
-17.00380915044396 
-17.125589601693832 
-17.23983774829191 
-17.343488981903818 
-17.443594099949216 
-17.54354463327045 
-17.635600465957324 
-17.727249792150076 
-17.81126809419847 
-17.891661670740554 
-17.96557091391062 
-18.03538647212802 
-18.10535073504866 
-18.17221207709317 
-18.237703801888134 
-18.300301875838645 
-18.358425501508552 
-18.414701815631744 
-18.469899611659073 
-18.523445337685878 
-18.575413219543922 
-18.626198084344672 
-18.675758655387057 
-18.724192349127854 
-18.771934696444777 
-18.818101017567045 
-18.863654900636448 
-18.908236721108075 
-18.950564069225088 
-18.991032341353023 
-19.030141926658555 
-19.068452099978565 
-19.10555932423903 
-19.140907604339986 
-19.17452471066882 
-19.209802143489853 
-19.24292081389962 
-19.275735766767 
-19.30747614947007 
-19.339245124117944 
-19.37053715739848 
-19.400756417709523 
-19.430218279696973 
-19.459535957580762 
-19.4881807041757 
-19.515821794295565 
-19.54264253515919 
-19.56876423541476 
-19.594207663436286 
-19.619159135013142 
-19.643309928832576 
-19.66663694208984 
-19.6903288244387 
-19.71292858921802 
-19.73503354941971 
-19.756598297801936 
-19.777675863263347 
-19.798536919128157 
-19.818900060071208 
-19.838616652408902 
-19.85794146417708 
-19.8768835508298 
-19.895251385207096 
-19.912622075734028 
-19.929581301255816 
-19.94419520864888 
-19.940293183391148 
-19.959271604118214 
-19.949229363179942 
-19.99456294686876 
-19.956333314427276 
-20.01891930063728 
-20.043959212734023 
-20.06107541484504 
-20.0757069815008 
-20.089745996585364 
-20.10324319276642 
-20.11629054981485 
-20.12892962980475 
-20.141232181604604 
-20.153186180249126 
-20.164810096847077 
-20.176131649373623 
-20.187220395184156 
-20.198102102609205 
-20.2087348105889 
-20.218975300644168 
-20.228963598728214 
-20.238657774798234 
-20.24813733711004 
-20.257393708476805 
-20.266373191229487 
-20.27504117365828 
-20.283485629933296 
-20.291780391554408 
-20.299877666108316 
-20.30778931703467 
-20.315512050819017 
-20.32302266002494 
-20.33031209342496 
-20.337114558250747 
-20.339179011391572 
-20.345108602395555 
-20.353450902970714 
-20.360680232362444 
-20.369780963431573 
-20.376532254453082 
-20.382580415647034 
-20.388470432264185 
-20.39419536198564 
-20.399777399400563 
-20.405222128345272 
-20.410535316957027 
-20.415727066689225 
-20.420936922011236 
-20.426056122780807 
-20.431053549359945 
-20.43591987093434 
-20.440899460938358 
-20.445761635933717 
-20.45044245590384 
-20.454983312996408 
-20.45939514849012 
-20.463695349370674 
-20.467900696765827 
-20.47206605749826 
-20.47612457135573 
-20.480090373370516 
-20.483959370455132 
-20.487742577485772 
-20.491493799107154 
-20.495147542723082 
-20.498786867164572 
-20.502307047469714 
-20.50570915799253 
-20.509001920151185 
-20.51219730999235 
-20.515303025787233 
-20.518300514944467 
-20.521193970000635 
-20.523999476252243 
-20.52671922587053 
-20.52941393796001 
-20.53202096733377 
-20.534553254471376 
-20.537030284270525 
-20.53943759529222 
-20.541793991976757 
-20.544086375811478 
-20.54630243602804 
-20.548430944578573 
-20.55049606781763 
-20.5525423820826 
-20.554522274045482 
-20.55644924585726 
-20.55831804973269 
-20.560147859348174 
-20.56192320978276 
-20.56365073191317 
-20.56533991192027 
-20.566979989669218 
-20.56857142191755 
-20.570136298488094 
-20.571659075598756 
-20.573133815616753 
-20.574564551379687 
-20.5759576138272 
-20.577313679755594 
-20.57863647091581 
-20.579932541904036 
-20.581244782245626 
-20.58251955248267 
-20.58376600422267 
-20.584993457837612 
-20.586188983305377 
-20.587347133157643 
-20.588473578398027 
-20.589574121461496 
-20.590644309284986 
-20.591677265469187 
-20.592682309641024 
-20.593699679569966 
-20.594684224235213 
-20.59564928683597 
-20.596594659379836 
-20.597526036935488 
-20.598427699708953 
-20.599292236243546 
-20.60011927154511 
-20.6009215129432 
-20.60169618855725 
-20.6024497400756 
-20.603181348747714 
-20.60389252663359 
-20.604576996141457 
-20.60523973879235 
-20.60589395512781 
-20.606530975409775 
-20.607148041010543 
-20.60775266680354 
-20.60834213368669 
-20.60892219312175 
-20.609489581995764 
-20.61003914384073 
-20.610573963742223 
-20.61109945945429 
-20.61161111072669 
-20.612106992628224 
-20.61258738290023 
-20.613058964127877 
-20.613516576527093 
-20.614041438248705 
-20.614551348749274 
-20.615043919171605 
-20.615519159199987 
-20.616008287056165 
-20.616474299263622 
-20.616922754938987 
-20.61735587986803 
-20.617775051062317 
-20.61818109381329 
-20.61857464482708 
-20.618955831788192 
-20.619319657667077 
-20.619661116208004 
-20.61999167470291 
-20.620311406916883 
-20.620622674689184 
-20.620924662158437 
-20.62121686677411 
-20.621501252771566 
-20.621776448418146 
-20.622043144625863 
-20.622304034033554 
-20.622557823098248 
-20.622804717780006 
-20.623045362341834 
-20.62327889435797 
-20.623506076884613 
-20.62372926980581 
-20.62394716522242 
-20.624159629583726 
-20.624367741533057 
-20.62456990425035 
-20.624766092886908 
-20.624957212098874 
-20.625143589433392 
-20.62532712446096 
-20.625505756900097 
-20.625678109735627 
-20.62584618018999 
-20.626011367027672 
-20.626172537972852 
-20.626329888973046 
-20.626487135375783 
-20.62664013011996 
-20.62678736755148 
-20.62693117960623 
-20.6270716390017 
-20.62720816752578 
-20.62734045632031 
-20.627469886528246 
-20.627596363465134 
-20.62772128231645 
-20.62784342818285 
-20.627964176227923 
-20.62808259202483 
-20.62819772950201 
-20.628310464457503 
-20.628420829800895 
-20.628528661607987 
-20.628634356187263 
-20.628738447907775 
-20.628840541173577 
-20.62894225498901 
-20.62904292597666 
-20.629141562304127 
-20.629238290843066 
-20.629333425965903 
-20.629426343532636 
-20.62951685389851 
-20.629605518194833 
-20.629692207799103 
-20.62978027938718 
-20.62986652521846 
-20.629951176884006 
-20.630034462639593 
-20.630116123050023 
-20.63019626391494 
-20.630273581579097 
-20.630347708325125 
-20.630420808845173 
-20.630492581619656 
-20.630562771895175 
-20.63063107485812 
-20.630699371518418 
-20.630764718434044 
-20.630829264520102 
-20.630892666412713 
-20.63095428443318 
-20.63101435834991 
-20.63107310146929 
-20.63112989174049 
-20.63118507140917 
-20.631239176422618 
-20.631292770350584 
-20.631345926580202 
-20.6313981709597 
-20.63144884359587 
-20.63149869947386 
-20.631548107401827 
-20.631596872835427 
-20.63164542482725 
-20.63169323145408 
-20.63174031399562 
-20.6317849617022 
-20.63182812445031 
-20.631870585377346 
-20.631911954645986 
-20.631952782497724 
-20.6319929468274 
-20.632031574618484 
-20.63206933085123 
-20.63210650491961 
-20.632143360586305 
-20.632180392705862 
-20.632216770950905 
-20.63225287638422 
-20.632288505361377 
-20.632323653176748 
-20.632358881665205 
-20.632393899565564 
-20.632428472252826 
-20.632462565291043 
-20.632496387324032 
-20.632530050165382 
-20.632563291552135 
-20.6325961742412 
-20.63262883879554 
-20.632661083238748 
-20.63269297895359 
-20.63272449148282 
-20.632755211508787 
-20.632785743935464 
-20.632816050301034 
-20.632845947256683 
-20.632875555801707 
-20.632904864799265 
-20.63293383036053 
-20.63296231578945 
-20.63299018859054 
-20.63301780110883 
-20.633044997936057 
-20.633071945286535 
-20.633098491283533 
-20.633124797769867 
-20.633150843333258 
-20.633176594753692 
-20.633202093484456 
-20.63322824030042 
-20.633254031373006 
-20.63327933423822 
-20.63330440568049 
-20.633329256317506 
-20.633353200048163 
-20.63337667927697 
-20.63339985638525 
-20.633422599194155 
-20.633445148567755 
-20.633467523325024 
-20.633489801525283 
-20.633511894068523 
-20.633533755854366 
-20.63355613890845 
-20.633578218403894 
-20.633599791138675 
-20.63362118945888 
-20.633642259424736 
-20.633663096513224 
-20.633683886440387 
-20.633704494682647 
-20.63372502683052 
-20.633745380930947 
-20.63376584497508 
-20.63378583818741 
-20.63380566703773 
-20.633825365293617 
-20.633844508671846 
-20.633863549117166 
-20.633882535577435 
-20.63390137187146 
-20.633920343403165 
-20.633939145969283 
-20.63395779089384 
-20.633976133261722 
-20.63399462159041 
-20.634013093824905 
-20.634031425874106 
-20.634049657284326 
-20.634067757394313 
-20.634085733641356 
-20.63410356600653 
-20.634121282779034 
-20.63413895408341 
-20.63415644251428 
-20.634173367081544 
-20.634190343275822 
-20.634207192771555 
-20.634223953709558 
-20.63424060707716 
-20.634257100729815 
-20.634273453591774 
-20.634289700459114 
-20.634305830925392 
-20.63432186418434 
-20.634337781365158 
-20.634353601518747 
-20.634368699462826 
-20.634383797011164 
-20.634398782787493 
-20.634413692910414 
-20.634428537714104 
-20.63444327522633 
-20.63445793902108 
-20.634472605992595 
-20.634487193581286 
-20.634501681963236 
-20.634516121423438 
-20.634530626839318 
-20.63454508752832 
-20.634559485784475 
-20.634573788017423 
-20.6345879270078 
-20.6346019783359 
-20.634615956783676 
-20.63462980591161 
-20.634643567698305 
-20.634657250361318 
-20.634670933120415 
-20.634684530916992 
-20.634698088637677 
-20.63471193599001 
-20.634725697930737 
-20.63473938609037 
-20.63475304971753 
-20.63476663072746 
-20.6347800673893 
-20.634793385727008 
-20.634806668626826 
-20.634819905254467 

 Time 
42214.62211942673 
