Energy 
 
-6.447666291553563 
-7.980211608844395 
-7.9290510791285875 
-7.362619298525875 
-6.619925613286972 
-8.674393049930604 
-8.837063484086517 
-8.173141573114235 
-7.909187872943591 
-8.837467901479444 
-9.577186339758011 
-10.111539227016742 
-10.099626062020647 
-10.574185956403873 
-13.125274346316662 
-13.534322912680846 
-13.742526745377065 
-13.88705404494925 
-13.882168761860466 
-13.82879465601519 
-13.718473140083027 
-13.79626431212005 
-14.07239673220958 
-14.146520824650072 
-14.050600164889948 
-13.841760620359466 
-13.627785779369157 
-13.583224211384028 
-13.395949231482463 
-13.034228873564574 
-13.102740941463846 
-13.101010531410587 
-13.07125451235222 
-13.248643226653913 
-13.418168136141357 
-13.466908717037885 
-13.71389369419359 
-13.682344122355177 
-13.779081996667648 
-14.733843796519233 
-15.043304412692294 
-14.148812485688419 
-13.155446771065101 
-13.240222419287724 
-14.171125998689558 
-14.616236428584585 
-14.599935198266303 
-14.466694858989143 
-14.312778882722162 
-14.43757979599507 
-14.452409199601242 
-14.4658388194997 
-14.505388318080287 
-14.76571694632323 
-14.65639360314024 
-14.43665807918994 
-14.357347741608656 
-14.287842581495783 
-14.239862828079323 
-14.228710006519076 
-14.119201146354744 
-13.98770696554364 
-13.825635846361186 
-13.55269862551494 
-13.221551594269158 
-13.288150942934909 
-13.1959246722476 
-13.063676559870792 
-12.889928519628846 
-12.667838307330044 
-12.477471144378878 
-12.2351682240963 
-12.367232164054919 
-13.053961179992864 
-12.70822024266978 
-12.688158551815814 
-12.7580425161506 
-12.952115278788352 
-13.181616147369114 
-13.458672044840299 
-13.771678117926111 
-14.174582819010046 
-14.62304178136894 
-14.620237865912166 
-14.788908353792063 
-14.998014151453361 
-15.707855435570526 
-15.963275499787438 
-15.255082139943614 
-14.953148008194166 
-14.906290502059528 
-15.595882982048526 
-15.745075609112682 
-15.268255393160436 
-15.098569625896221 
-15.546089761710135 
-16.56207688535398 
-17.496678092643172 
-17.824169609397607 
-17.47787330581163 
-16.62094878890621 
-16.407761148001118 
-17.031913170658598 
-17.59990712828235 
-18.05005388951038 
-17.8482911706234 
-18.541828152818375 
-17.96719679626155 
-17.882705622440138 
-18.157936104242243 
-18.540203987785244 
-19.040087256426823 
-19.37833417278881 
-19.480346585794013 
-19.549190163397874 
-19.649440567054313 
-19.638003013042276 
-19.722245053492212 
-19.910986231614203 
-20.13520428007141 
-20.333192662328308 
-20.5158983014852 
-20.536684906729743 
-20.53712715766556 
-20.460702110191338 
-20.68428394366806 
-20.59135005124306 
-20.48300479122676 
-20.386438858804645 
-20.595577276036636 
-20.54216365631459 
-20.460792284247454 
-20.83793519321884 
-21.102993267437274 
-21.116092574060932 
-20.98745860768051 
-20.892151037029837 
-20.862877596151325 
-20.99581652518849 
-21.242092511140513 
-21.366356679860754 
-21.398881371311077 
-21.45833410261628 
-21.546389522614902 
-21.58321097006432 
-21.609267878856073 
-21.633484748525436 
-21.65562291568957 
-21.675984924315483 
-21.694051053953064 
-21.70933015256965 
-21.72297381205515 
-21.738740597135777 
-21.755912810586317 
-21.771473972068947 
-21.7849481488778 
-21.796544779946164 
-21.808101882220114 
-21.814679612676503 
-21.816308606080618 
-21.805298107495435 
-21.845331196959332 
-21.820331414263357 
-21.80046354610899 
-21.80649428596008 
-21.80467258587635 
-21.7972784902409 
-21.786356428149766 
-21.775167404881344 
-21.766996827407194 
-21.760724241710374 
-21.748568412485042 
-21.74536320385475 
-21.730038829162616 
-21.73697161924742 
-21.719101677230416 
-21.726843087781837 
-21.709640375094683 
-21.70301622185469 
-21.69375115492957 
-21.682512610143366 
-21.667378350007006 
-21.66109248104929 
-21.647217081464376 
-21.635882341555455 
-21.622282389325598 
-21.606152083030306 
-21.589453359438863 
-21.55198893205794 
-21.50889064590791 
-21.475345011969623 
-21.46886739199611 
-21.45962849125702 
-21.452851332243352 
-21.452247765364106 
-21.458142751221033 
-21.463780953281372 
-21.469994655304518 
-21.47617178724457 
-21.482537986035197 
-21.491080692954558 
-21.50064438287497 
-21.513090970460325 
-21.526582029761773 
-21.538997474256423 
-21.54431942314939 
-21.55375335721553 
-21.54763995744921 
-21.551710094665083 
-21.56085429269755 
-21.573792934737284 
-21.595157196305166 
-21.625774434316938 
-21.650951939162606 
-21.677152984476546 
-21.706392429182078 
-21.736885230864978 
-21.767994646768393 
-21.791676930107624 
-21.818996310821976 
-21.852230867369187 
-21.884331546030257 
-21.9146784812867 
-21.94920068294406 
-21.97874784531634 
-22.00560570894558 
-22.030328179943762 
-22.053239814718065 
-22.07363982457925 
-22.093408468085055 
-22.11226205292019 
-22.130598967502564 
-22.147313262215675 
-22.16304038520166 
-22.17468115840281 
-22.186662601454774 
-22.198277936349584 
-22.20996051200847 
-22.22128438740639 
-22.23328955183813 
-22.243979716598393 
-22.25373880144391 
-22.26269368423512 
-22.27015347353965 
-22.277049473890386 
-22.283041645127334 
-22.288588633152536 
-22.293899358050773 
-22.298856548882856 
-22.303574460275772 
-22.307868144907626 
-22.311755224148506 
-22.315410863431996 
-22.31874119785614 
-22.32181339174345 
-22.32466625494107 
-22.327335204490343 
-22.32982274798552 
-22.332008176046788 
-22.334048677364798 
-22.335978000303633 
-22.33778321638634 
-22.339432401266794 
-22.340915791684097 
-22.342312537023503 
-22.34361859455314 
-22.34480689098142 
-22.345867274190987 
-22.34682160549851 
-22.34758094768 
-22.34826431934936 
-22.348777837949488 
-22.34924831704085 
-22.349674480033592 
-22.350082554912312 
-22.350528102159203 
-22.35095186005525 
-22.35125927083125 
-22.351445327017753 
-22.351586865191784 
-22.351674998007827 
-22.351736452848645 
-22.351862901824003 
-22.351583245317777 
-22.35148465746994 
-22.351366593625052 
-22.351291778705203 
-22.351169324781598 
-22.350965020852748 
-22.35079926512679 
-22.350647979142227 
-22.35043253811757 
-22.35041591761413 
-22.350616130609993 
-22.3509988803322 
-22.35108222600525 
-22.351209262125423 
-22.351112338273577 
-22.350906706954238 
-22.350779584584455 
-22.35053658262208 
-22.35023573868534 
-22.349845511806922 
-22.349347137160663 
-22.348951777905157 
-22.348598900062054 
-22.34801239267007 
-22.347640220392844 
-22.347211594671286 
-22.346730016795263 
-22.346025370147366 
-22.345149938065106 
-22.34431897962484 
-22.34361168211494 
-22.342598974754885 
-22.341622026647975 
-22.339958329280307 
-22.33845871674776 
-22.3377006526222 
-22.336920853495194 
-22.33615378291739 
-22.335515317442464 
-22.334980981211505 
-22.33459613127401 
-22.33437823591867 
-22.33408889121454 
-22.333694742881956 
-22.333302354094986 
-22.33292252919503 
-22.33244035411672 
-22.331895930431763 
-22.33150581604933 
-22.331187553989253 
-22.330837055597797 
-22.330465616545638 
-22.330009910979026 
-22.329497357102806 
-22.328834016903173 
-22.328143665897517 
-22.327382474708685 
-22.32656875628921 
-22.325621075979612 
-22.324600679562206 
-22.32362816979067 
-22.322867461022906 
-22.322185233404536 
-22.32148524658504 
-22.320683882960292 
-22.319787854423925 
-22.3187794087122 
-22.31763874014363 
-22.31642710805743 
-22.315142947133314 
-22.31398714613076 
-22.31278579273419 
-22.311575181203303 
-22.310365812973277 
-22.30922423068996 
-22.30804077532734 
-22.306833488267763 
-22.305484997255597 
-22.304126696559443 
-22.302310960240455 
-22.300267765356374 
-22.298249947695528 
-22.296453759333545 
-22.29470413051924 
-22.29297703224539 
-22.291237672005806 
-22.289504216334386 
-22.287762681910326 
-22.285945163131753 
-22.28403644519517 
-22.281937545551123 
-22.279784165934664 
-22.27808120583711 
-22.276328951550802 
-22.27457797434667 
-22.272836309120393 
-22.270982465116987 
-22.269016390482413 
-22.26682722504756 
-22.26436211490126 
-22.261758212268603 
-22.25891491501651 
-22.2558871349494 
-22.252709690425807 
-22.249397288507684 
-22.24577664704453 
-22.242413853346267 
-22.238731696658103 
-22.2348440831152 
-22.230749769111508 
-22.226614528776757 
-22.22243214904494 
-22.218253509930104 
-22.213956388478206 
-22.209607356858356 
-22.20524711327743 
-22.200890563971686 
-22.19656089296471 
-22.192154676099765 
-22.187765685593675 
-22.183347279270844 
-22.179186875688778 
-22.17493673845687 
-22.17059454180427 
-22.16655549934901 
-22.162196113211476 
-22.1577201717541 
-22.15316107753814 
-22.148589019082344 
-22.143869933353606 
-22.139113494416833 
-22.13420723494484 
-22.12931661794365 
-22.124431806353098 
-22.11997102877191 
-22.115451802412217 
-22.110931112082184 
-22.10622265066058 
-22.101370099287067 
-22.096315433420525 
-22.091181073707446 
-22.08587251549557 
-22.080434682317986 
-22.07488811483426 
-22.068813938096564 
-22.062606912198625 
-22.05624246493839 
-22.049780741186325 
-22.042920990875363 
-22.035975617531562 
-22.028370109776876 
-22.02050731522804 
-22.012470237749596 
-22.00422460324233 
-21.995964923216384 
-21.987544159624328 
-21.97868781624227 
-21.96966705507641 
-21.960372474756888 
-21.950636300327602 
-21.940833474680787 
-21.929800247483684 
-21.920087861774533 
-21.91041263776689 
-21.900785240884087 
-21.890853222525745 
-21.88020953885865 
-21.86966436011501 
-21.859492573566296 
-21.84922208915318 
-21.839011341770508 
-21.828641880115338 
-21.81816091870278 
-21.80765988410879 
-21.797059742788914 
-21.786323061247337 
-21.77549977832409 
-21.766974451451077 
-21.758434997046916 
-21.749699399380418 
-21.740854302559057 
-21.731898332711488 
-21.722713949685538 
-21.71341757758441 
-21.70390095632012 
-21.693468985555448 
-21.68274601786926 
-21.671823462475626 
-21.66066187054039 
-21.64941558004069 
-21.63781655439164 
-21.625941745329733 
-21.61356417592899 
-21.60098076636853 
-21.587931435676843 
-21.57273851386873 
-21.557401649573144 
-21.54040281554934 
-21.52422843566405 
-21.50669709430087 
-21.491834593406825 
-21.47713531689289 
-21.46219675551903 
-21.44681664882309 
-21.430275156517972 
-21.412517033265082 
-21.394523480699387 
-21.376020181682172 
-21.357061897351205 
-21.338301038264408 
-21.319753664146738 
-21.30111249142395 
-21.28261339713357 
-21.26381083508782 
-21.24603850602345 
-21.227695336692914 
-21.20876655949259 

 Time 
43093.63957619667 
