Energy 
 
-6.447666291553563 
-11.379447057568855 
-9.65556981064663 
-9.997600373524037 
-9.998718806361342 
-9.822037083629247 
-11.389100994917907 
-11.893011306477693 
-11.456862060285747 
-11.678072492937808 
-11.65616063676158 
-11.62356728171535 
-12.03983372493365 
-12.440416273458093 
-12.440938902465168 
-12.660533464529715 
-12.581016616577742 
-12.584010621724744 
-12.806577015642988 
-12.872806735515656 
-12.940471166498062 
-12.994399808359228 
-14.68281817696883 
-14.651933840161275 
-13.953874626735672 
-15.197377299811063 
-15.126107676827443 
-15.205683623141741 
-15.207162744840657 
-14.602835383755206 
-15.103171324418229 
-15.373819524273557 
-15.466734939315653 
-15.490109831991928 
-15.542872583538001 
-15.316165775572042 
-15.431816497051706 
-15.466740901039891 
-15.474316498465598 
-15.485412311604243 
-15.749386352342952 
-15.745616607982752 
-15.787926113324998 
-15.779860217957555 
-15.593685001827213 
-15.559487086456071 
-16.91240926976548 
-16.812066647943322 
-16.935718572128668 
-16.905970907145512 
-16.935252870691734 
-16.93550918111678 
-16.9629602029846 
-17.054948840520517 
-17.028872324197486 
-17.031904465444075 
-16.96101296736355 
-16.959866691602958 
-17.238598945891873 
-17.381525746255612 
-17.201248456014067 
-17.210026244719526 
-17.24547434529719 
-17.20354568244298 
-17.225098999863075 
-17.2715945096401 
-17.23603240686783 
-17.211396635340623 
-17.200301950569095 
-17.20590381772388 
-17.43407296242259 
-17.28755124249742 
-17.235578237666672 
-17.237085903835474 
-17.236797069887583 
-17.253357224178238 
-17.2533112360764 
-17.28224685352049 
-17.279853112224203 
-17.344945851939716 
-17.28559206756071 
-17.267214814451982 
-17.256304251132256 
-17.247537878287133 
-17.255492041096122 
-17.347458554651148 
-17.38082073023633 
-17.303805626424218 
-17.486291603729928 
-17.396722350890837 
-17.427396921588546 
-17.34807532719523 
-17.418803877230157 
-17.44251641305587 
-17.450959258688993 
-17.457933716365226 
-18.690709588890844 
-18.674283927514843 
-18.591958091664416 
-18.483555109966996 
-18.388393522841923 
-18.29226213613774 
-18.171701333444172 
-18.052270810348244 
-18.816054212845906 
-18.603800178905527 
-18.67147006906207 
-18.719023273674292 
-18.382034185043228 
-18.394407023257347 
-18.27492816823794 
-18.089681365018894 
-18.146001267390638 
-18.015330153067676 
-18.50167472156209 
-18.57516219510058 
-18.566925901750977 
-18.567986086842264 
-18.657123836657174 
-18.649177082642627 
-18.652616557329374 
-18.752612296240265 
-18.699253149736414 
-18.644854500704618 
-18.627899278691384 
-18.630013106509114 
-18.68901588615835 
-18.69460981660717 
-18.689466298268563 
-18.91919411619526 
-19.18918248721987 
-19.20854436766048 
-19.15098893029968 
-19.566865075420687 
-19.523732365438015 
-19.578192997138494 
-19.420219725376853 
-19.153375351519273 
-19.161773387684082 
-18.961704383237826 
-18.72563095809561 
-18.849687269092925 
-18.630732283922768 
-18.638795661285197 
-18.474097232927722 
-18.489426773002172 
-18.431489969079276 
-18.4142924008996 
-18.497074831897454 
-18.46161531032083 
-18.47158681237236 
-18.477065229047888 
-18.51195278171574 
-18.544074234919346 
-18.53245301849294 
-18.520900893463114 
-18.525495913800793 
-18.533025963043258 
-18.575448782177276 
-18.64530356383263 
-18.631389519405303 
-18.60886407540612 
-18.661882104247454 
-18.787855651579683 
-18.844325393278762 
-18.77557406018709 
-18.668523029734544 
-18.622066390445386 
-18.664589262294715 
-18.68410826435217 
-18.607860876626237 
-18.58973458052969 
-18.714344890557786 
-18.713564123587567 
-18.683979531603292 
-18.633466926953837 
-18.701416940898703 
-18.72727168123605 
-18.697448445283737 
-18.74023490671638 
-18.72471527111084 
-18.735407238343065 
-18.70986552868986 
-18.681105570380943 
-18.729481699544547 
-18.77879795163794 
-18.797857428411874 
-18.7955659974022 
-18.83418087396601 
-18.90040691421556 
-18.960637192361204 
-18.919980158955838 
-18.94922624685835 
-18.939383895020875 
-18.90442662278582 
-18.910693431868523 
-18.90897922488903 
-18.90566613488099 
-18.901871235880918 
-18.90246062484617 
-19.036019052720576 
-19.05125469526986 
-19.040400565949557 
-19.110232063910733 
-19.102529066237516 
-19.111361680438062 
-19.120424210025835 
-19.074129979253602 
-19.050913953594236 
-19.06361180960341 
-19.049572427350057 
-19.084834640087475 
-19.078253128980005 
-19.079731762512093 
-19.07062487124918 
-19.073885988096173 
-19.12462804427533 
-19.17923601137477 
-19.177779495526437 
-19.19608407890876 
-19.189835131446106 
-19.159228279487102 
-19.181693245279057 
-19.215954790146696 
-19.224011374604395 
-19.219475530641038 
-19.247733192738337 
-19.26142436094008 
-19.241575452955963 
-19.236703930456642 
-19.217742230272382 
-19.191288829852333 
-19.19140844150566 
-19.192826598789345 
-19.237591476303585 
-19.284949163191126 
-19.32657149866565 
-19.29439987593379 
-19.292992954020587 
-19.239908589950712 
-19.241453428743714 
-19.233889051430392 
-19.200522601387416 
-19.190638238352104 
-19.19174856212277 
-19.18935244205026 
-19.18983643460889 
-19.188412390338144 
-19.20041987305248 
-19.261859069058627 
-19.250677431441588 
-19.23176221659256 
-19.228819965176633 
-19.23979579042731 
-19.241736636864417 
-19.273428875397617 
-19.301500334675396 
-19.26738892794897 
-19.33600091081653 
-19.356360336531967 
-19.485270204136892 
-19.580304314613855 
-19.623159194869544 
-19.67026196315689 
-19.74649186200373 
-19.702527182649163 
-19.749365651687203 
-19.787576729032203 
-19.72148550642882 
-19.752934970380874 
-19.81594735267138 
-19.767790303663876 
-19.82179259316129 
-19.825459900907266 
-19.861839442359155 
-19.84279448933532 
-19.842756297473592 
-19.849147888894077 
-19.843561911769243 
-19.833729090413918 
-19.84169563797856 
-19.952023316913014 
-20.033780619162982 
-20.04913831932261 
-19.98799527339978 
-19.970595804119583 
-19.896839888154354 
-19.919572727114968 
-19.952147271304348 
-19.90128938599495 
-19.900551373785984 
-19.861974181755915 
-19.869583039438925 
-19.88863455632023 
-19.88999517582978 
-19.893147943956038 
-20.194705855610827 
-20.091456475322815 
-20.076009746592003 
-19.988626320319757 
-19.80585655593615 
-19.70382111109513 
-19.679469682241592 
-19.75655562256521 
-19.68206751960855 
-19.670132229972516 
-19.673562292208164 
-19.67011653202573 
-19.74178408972668 
-19.751452645005156 
-19.726875442405206 
-19.81889808972254 
-19.81569451577175 
-19.789563657272872 
-19.765175554930515 
-19.75991566955194 
-19.770779654341712 
-19.770550099984145 
-19.771885112741654 
-19.777410552329066 
-19.773224312721027 
-19.771061942219344 
-19.81094737179189 
-20.008596326041207 
-20.012525042948443 
-19.95202514406928 
-19.967485529301076 
-19.97983216838535 
-19.99373719547124 
-19.982635295497268 
-19.961930165530205 
-19.985061967542343 
-19.966307178367373 
-20.07627299333935 
-20.062980533068636 
-20.04166609968602 
-20.053744986474246 
-20.042088656626838 
-20.04540069881208 
-20.06821253162465 
-20.174887174674527 
-20.148393318056804 
-20.051083767598897 
-20.025046360970705 
-19.97130354979903 
-19.906739874021174 
-19.856774232308243 
-19.84987202258221 
-19.84421701731562 
-19.800150235170957 
-19.78971918307082 
-19.739407467198095 
-19.772350299656367 
-19.776775290328985 
-19.82949133351337 
-19.87264497772836 
-19.89071236665992 
-19.965230231356074 
-20.005763469658987 
-20.134104644273652 
-20.10488522063035 
-20.118252650241864 
-19.987404285983345 
-19.969425998499204 
-19.90985951149401 
-19.952433132375514 
-19.997916002869648 
-20.015427783148397 
-20.016323112459705 
-19.951276245577535 
-19.924697919209986 
-19.966415795614687 
-19.964797673918778 
-19.909289149889375 
-19.907238607429353 
-19.89655168137416 
-19.893299541544394 
-19.86398738997441 
-19.860499845829693 
-19.850247169044348 
-19.833793796314858 
-19.819667357992085 
-19.822526836967935 
-19.804392574920183 
-19.805888490793745 
-19.830962893348858 
-19.991067822399398 
-19.986123529821626 
-19.915945810289095 
-19.916944903781353 
-19.93709375835073 
-19.882860609201977 
-19.88927675020984 
-19.87556287279974 
-19.88484278264997 
-19.924644102979663 
-19.921314698119264 
-19.889212832014614 
-19.944062286977367 
-20.07855550032516 
-20.093335325806716 
-20.587419887222016 
-20.267397484497575 
-20.06361783361802 
-19.821250563480834 
-19.913761166493654 
-19.89756789244239 
-19.65910772897769 
-19.439458581152778 
-19.554608648971872 
-19.288148418891545 
-19.28584884283839 
-19.149695726029968 
-19.364830604054852 
-19.367066740514204 
-19.31136976746595 
-19.27818871036182 
-19.266199679460822 
-19.25842656258451 
-19.256490333207925 
-19.256293089253575 
-19.273772842830112 
-19.274080560596847 
-19.436432534202087 
-19.61938432527962 
-19.715727336153353 
-19.67026447448339 
-19.392929910389007 
-19.380454983080465 
-19.256098200341405 
-19.218876990544832 
-18.99549318864378 
-19.180614769220618 
-19.12741135138129 
-19.10391531335053 
-19.051609604528714 
-19.18736883595376 
-19.119196334653385 
-19.170199012091235 
-19.129799428074726 
-19.09095326296834 
-19.48336051616063 
-19.552941090234167 
-19.176839264037717 
-18.94502248930834 
-18.96397924117968 
-18.923829576495173 
-18.78674517518419 
-18.707502207295818 
-18.70922964224404 
-19.524640663720994 
-19.498428945765347 
-19.387586170744683 
-19.40285137056265 
-19.475782286349727 
-19.624991002631695 
-19.49548376326525 
-19.494267922678443 
-19.36030238146043 
-19.224965334283933 
-19.23955899823458 
-19.382889943903347 
-19.29473736579598 
-19.199773164489528 
-19.085437235187126 
-18.987241969118468 
-18.983677241264466 
-19.153747342002813 
-19.053563181942458 
-18.940253174999004 
-18.899137046846867 
-18.764923119816856 
-18.656692328467575 
-18.660473332744168 
-18.774744053387916 
-18.849739899528373 
-19.152502464099705 
-19.2431732044181 
-19.19815319452446 
-19.22874728767196 
-19.06356124807216 
-19.18246174610575 
-19.275818568958982 
-19.150059869407812 
-19.331785981581028 
-19.27388645139017 
-19.178624957116064 
-19.045190954444767 
-19.243156290733175 
-19.268461410512373 
-19.267596438267617 
-19.215660101898294 
-19.248377786094554 
-19.22139202251179 
-19.200514601946324 
-19.213137853952983 
-19.19894309814273 
-19.199621943662816 
-19.21923665013083 
-19.255206766763806 

 Time 
48022.563640356064 
