Energy 
 
-6.8163196077921775 
-7.224829995129545 
-7.202371003936479 
-7.074370771372159 
-7.490246029342916 
-7.8101476975531465 
-7.6980795516482665 
-7.345024367723366 
-7.139622528780592 
-9.023046155798655 
-9.77600381919407 
-9.989970589467065 
-9.93618969940465 
-11.458443955134948 
-12.376899524826154 
-13.056919665011664 
-13.714168432365852 
-14.32983675604121 
-14.210574965627082 
-15.033693765855798 
-15.413848730251177 
-15.749490335458178 
-16.051916156559066 
-16.31336424995953 
-16.557563913069835 
-16.77436814002489 
-16.973849375702525 
-17.148957115780682 
-17.31288306366766 
-17.46372659013236 
-17.640461980209757 
-17.7987944140201 
-17.93405320809528 
-18.052904333411682 
-18.147523451221964 
-18.252269577897835 
-18.346155859396735 
-18.438494802118235 
-18.522722126815204 
-18.600069569518414 
-18.67404874992547 
-18.74586532987604 
-18.806899093725978 
-18.881248738332644 
-18.946364172480177 
-19.009734528903714 
-19.069846141646007 
-19.128115025060918 
-19.185449166208247 
-19.240142068251537 
-19.29807317878423 
-19.352664731165568 
-19.404587256227128 
-19.454641035790836 
-19.50229631637515 
-19.549265387239533 
-19.594448796976422 
-19.638607806073992 
-19.68101023769463 
-19.72159240720075 
-19.760252907636723 
-19.79905980902479 
-19.836338795869104 
-19.871402051458517 
-19.90625027699018 
-19.939993133470775 
-19.972452105668154 
-20.003925524516845 
-20.034320858358942 
-20.063789735559965 
-20.08784283232103 
-20.114806880075644 
-20.14489982231309 
-20.170353860138412 
-20.19550547556421 
-20.218139034690374 
-20.225993443007795 
-20.242019668118754 
-20.273897424889203 
-20.306350780919324 
-20.32781476298933 
-20.347042008502264 
-20.36536680540401 
-20.382902834087794 
-20.39779205071106 
-20.401817936382812 
-20.39168608304194 
-20.433542849087956 
-20.445335647117663 
-20.43515529980105 
-20.47803485497076 
-20.502921247038373 
-20.517056296483595 
-20.530162529575133 
-20.542818596296033 
-20.55509418378721 
-20.56702607753413 
-20.57853029707825 
-20.58964684366023 
-20.586733851360524 
-20.61144745867445 
-20.62284357414631 
-20.633204440674437 
-20.643139542178638 
-20.65269471591801 
-20.661650184204007 
-20.670258647150693 
-20.678509797668468 
-20.686542252443687 
-20.694256235811785 
-20.701687711126972 
-20.708862125611635 
-20.715765870067358 
-20.722655254312173 
-20.72896099207184 
-20.734713737815056 
-20.740207712534424 
-20.745624023139094 
-20.749458255756558 
-20.75423155230824 
-20.759496662985214 
-20.76518342065245 
-20.769765084880795 
-20.774157945943763 
-20.778401466020185 
-20.782440857059395 
-20.78631869448965 
-20.78994302589464 
-20.79330360801528 
-20.79701086799956 
-20.80038982661486 
-20.80388013073427 
-20.80699694629158 
-20.809396695930648 
-20.81058595311991 
-20.807850623117282 
-20.80549725869659 
-20.808192679893963 
-20.812597946258926 
-20.82345848272625 
-20.82475070990189 
-20.827242758107147 
-20.82280381055442 
-20.82670088793359 
-20.831277145756815 
-20.835595092263766 
-20.83824418570651 
-20.84026386122125 
-20.842060026763527 
-20.843634012210284 
-20.84526387013666 
-20.84678249401974 
-20.84824499107246 
-20.849667288478297 
-20.85104582230765 
-20.852381690226096 
-20.853665267993982 
-20.85489355886616 
-20.856042303124216 
-20.857203954299322 
-20.85830569525077 
-20.857879397075358 
-20.85657775859354 
-20.855682586682832 
-20.862117131690695 
-20.863613625040806 
-20.864581932791026 
-20.865463339705215 
-20.866302268658814 
-20.86711118632905 
-20.867895186960315 
-20.86865367235565 
-20.869393863132725 
-20.870103802878994 
-20.870810697199193 
-20.87149710174256 
-20.87216286691084 
-20.872816746568024 
-20.873466594496307 
-20.874098201302132 
-20.87470946650107 
-20.875303458203106 
-20.875887019873808 
-20.876457934486883 
-20.87702277884398 
-20.87757751090396 
-20.87812345989402 
-20.878663455944405 
-20.879189157741227 
-20.8796675753842 
-20.880003539251906 
-20.88015709366477 
-20.88052399458844 
-20.88165813753468 
-20.88213267736375 
-20.882585312252626 
-20.88302726217205 
-20.883471816554955 
-20.88390659902993 
-20.884328326922024 
-20.884742356785132 
-20.8851808738561 
-20.88560932901627 
-20.88602436919509 
-20.886445838065644 
-20.886856893330165 
-20.887260136605285 
-20.887656553449595 
-20.888044916741286 
-20.888425567832705 
-20.888802560707248 
-20.88917509968119 
-20.88953963788013 
-20.889916343276504 
-20.890288749761336 
-20.89065340919335 
-20.891011288379232 
-20.891363387312882 
-20.891715005058856 
-20.89206234012002 
-20.892401866812936 
-20.892735310664527 
-20.893052704059535 
-20.8933710061008 
-20.893677551480934 
-20.89397832623927 
-20.894274584525387 
-20.894572339292466 
-20.89486925608355 
-20.895161868258583 
-20.895470670470655 
-20.895749960419288 
-20.896023040598806 
-20.89629264520342 
-20.89656196248983 
-20.896822868034103 
-20.897082342996633 
-20.897342383383066 
-20.897596267059324 
-20.897840661502343 
-20.89808096382229 
-20.898316602831212 
-20.898548840013035 
-20.898777152368005 
-20.89900145961292 
-20.89922249361327 
-20.899441502366212 
-20.89965736159968 
-20.899870129150475 
-20.900079133264516 
-20.900286537787025 
-20.900498595620522 
-20.90070496802438 
-20.90090426544496 
-20.90110016672203 
-20.90129289672099 
-20.901478084527007 
-20.901665565824747 
-20.901856713540543 
-20.902042897888247 
-20.902225005585027 
-20.902406059128914 
-20.902585708189953 
-20.902761836321258 
-20.90293485121319 
-20.903104288479565 
-20.903267969535463 
-20.903428995309124 
-20.903587440437867 
-20.90374011572863 
-20.903888743225973 
-20.904033778359597 
-20.90417498616837 
-20.904317017651795 
-20.904456016161586 
-20.904592104454586 
-20.904726118072947 
-20.90485808375274 
-20.90498676081566 
-20.90511243533891 
-20.905236146989846 
-20.90535800505388 
-20.905479885416323 
-20.905600418615876 
-20.9057201126916 
-20.9058419485489 
-20.90596177243719 
-20.90607958040947 
-20.90619529877685 
-20.906309173730016 
-20.90642070923453 
-20.906529522298733 
-20.90663684257213 
-20.906743375171004 
-20.906848712600468 
-20.906952387764555 
-20.907054014709015 
-20.90715355585173 
-20.907252132134833 
-20.907349301268177 
-20.907445490667275 
-20.907540726583854 
-20.907634732708676 
-20.90772709681864 
-20.90781836150168 
-20.907908144117204 
-20.90799659498769 
-20.90808385354031 
-20.90816576540209 
-20.90824687392254 
-20.908326658844288 
-20.908404682046005 
-20.908481477624374 
-20.908557147053642 
-20.908631854464076 
-20.90870544419738 
-20.908777810407397 
-20.908849164226254 
-20.908919428798146 
-20.90898875011698 
-20.909056965056127 
-20.90912436048921 
-20.90919344060445 
-20.90926111732046 
-20.909327641577082 
-20.909393068099817 
-20.909457600231068 
-20.909521216418245 
-20.909585385861497 
-20.90964856125286 
-20.909710034802576 
-20.909770817969676 
-20.909830581037692 
-20.90988950806033 
-20.90994754599769 
-20.91000503855968 
-20.91006172200032 
-20.910118013988896 
-20.910174086762055 
-20.91022919561758 
-20.91028403854106 
-20.910338233450407 
-20.910391702601622 
-20.910444545874913 
-20.910494997573252 
-20.910544762771323 
-20.910594008061587 
-20.910642615195496 
-20.910689443985596 
-20.910735832470564 
-20.910781632573087 
-20.910826973914066 
-20.91087169369111 
-20.910915292407292 
-20.910958302659374 
-20.911000764226927 
-20.91104177114321 
-20.911082217496585 
-20.911122089734658 
-20.911161476164864 
-20.91120047803634 
-20.911239006350872 
-20.911276989155922 
-20.91131449973841 
-20.911351146423154 
-20.911387315479573 
-20.911422727119596 
-20.91145765379987 
-20.911492164901148 
-20.911526347697546 
-20.91156011024677 
-20.91159340909139 
-20.91162618734154 
-20.911658624912327 
-20.911690676447478 
-20.911722362727502 
-20.91175362957459 
-20.911784530622988 
-20.91181499240408 
-20.91184510068315 
-20.911874869286017 
-20.911904406707155 
-20.91193360508072 
-20.91196247093052 
-20.911990789339676 
-20.912018713972802 
-20.912046814615678 
-20.912074703051303 
-20.91210225227283 
-20.91212947214172 
-20.912156383216825 
-20.912182849115286 
-20.912208921933694 
-20.912234702384925 
-20.912260046374286 
-20.912285105723875 
-20.912309879913487 
-20.9123343840555 
-20.912358605122 
-20.91238262619138 
-20.912406246643506 
-20.912429670404272 
-20.91245281897412 
-20.91247566700177 
-20.912498234232967 
-20.91252056471257 
-20.912542657446267 
-20.91256453390628 
-20.912586180243775 
-20.912607618098306 
-20.912628817234555 
-20.912649698890043 
-20.91267035428906 
-20.912690818665034 
-20.9127110447433 
-20.912731056991152 
-20.912750325078328 
-20.912769385625175 
-20.912788199307073 
-20.912806766676667 
-20.912825201957627 
-20.912843446455064 
-20.912861493523646 
-20.912879351876267 
-20.91289702437447 
-20.91291450906993 
-20.912931822480004 
-20.91294894441288 
-20.912965841333126 
-20.912982566566242 
-20.912999112005274 
-20.913015487316663 
-20.913031729125827 
-20.913047775889503 
-20.91306333745353 
-20.913079012199645 
-20.91309441660887 
-20.913109676689487 
-20.91312480839823 
-20.91313978908637 
-20.913154617006583 
-20.91316929014094 
-20.913183819938357 
-20.91319817644678 
-20.913212385301275 
-20.913226521770188 
-20.9132405097644 
-20.91325426089315 
-20.913267846449646 
-20.913281289275936 
-20.913294630653382 
-20.91330784660765 
-20.913320952582673 
-20.91333392791926 
-20.913346708137997 
-20.913359358975296 
-20.913371887918533 
-20.913384290664244 
-20.913396531748443 
-20.91340862176477 
-20.913420598601817 
-20.913432378827103 
-20.913444021581995 
-20.913455622437066 
-20.913467183676932 
-20.91347862551141 
-20.913489956775855 
-20.913501192410155 
-20.913512311120858 
-20.91352331662264 
-20.913534209955003 
-20.913545001991654 
-20.913555639227113 
-20.913566169016736 
-20.913576590587788 
-20.91358691141624 
-20.913597152950402 
-20.913607293012515 
-20.91361729553512 
-20.91362716242811 
-20.913636935515314 
-20.913646583079 
-20.913656115881555 
-20.913665530690615 
-20.913674871241337 
-20.913684126275964 
-20.913693282080423 
-20.913702397962414 
-20.913711435508386 
-20.9137203852023 
-20.91372925784768 
-20.913738002709902 
-20.913746674713764 
-20.913755266470353 
-20.91376377771087 
-20.91377191504644 
-20.913779975663118 
-20.91378798710759 
-20.91379590464773 
-20.913803787265696 

 Time 
38535.49693131447 
