Energy 
 
-8.29093287274653 
-8.491866006111612 
-8.3105394328783 
-8.244362728359791 
-8.21741068738373 
-8.566131514974915 
-8.666482497358675 
-8.387972144079935 
-8.336457778803208 
-8.304136360939255 
-8.456937811412704 
-8.642734119004736 
-8.671732345133544 
-8.677794048224614 
-8.632647045069845 
-8.584418908073781 
-8.754452349493132 
-8.85431390905601 
-8.707091840725054 
-9.143256911118208 
-9.136075428419492 
-9.487341066093816 
-9.576019136770878 
-9.11495573501298 
-9.243968214503434 
-9.36270794879363 
-9.273663599824681 
-9.19281215680068 
-9.376866924078378 
-9.313589352242934 
-9.573579996443277 
-9.855372732433551 
-9.830132612348269 
-9.681976589604613 
-9.698796930530918 
-9.570408616192895 
-9.481021928716672 
-9.421998820699853 
-9.554709309571521 
-9.706710165621843 
-9.614280039009246 
-9.612805401939783 
-9.565863775300153 
-9.545971840672921 
-9.588907066829256 
-9.58664887934821 
-9.610136691792167 
-9.810784675167948 
-9.758134096591533 
-9.686913751591351 
-9.911578186611708 
-9.946900944059665 
-9.877776821059408 
-9.82636504280925 
-9.844917226596916 
-9.849083222758024 
-9.992313243876044 
-10.090351650595732 
-10.106187308938779 
-10.081008682827026 
-10.273127973270933 
-10.157063946706561 
-10.24659586507191 
-10.244652751151639 
-10.234054676395345 
-10.332084103807977 
-10.336909006562959 
-10.362677818294863 
-10.513180178309979 
-10.35783161963547 
-10.400634119965465 
-10.339879953375053 
-10.323575126932028 
-10.345452825086124 
-10.546961927534188 
-10.674824633350696 
-10.671838441388338 
-10.47652721610562 
-10.360645770260708 
-10.360348218633575 
-10.219279149372476 
-10.163213843526812 
-10.195334598435032 
-10.495019802778364 
-10.500871944859101 
-10.45882515885009 
-10.340234504215084 
-10.540811371731646 
-10.558729786089927 
-10.7095193816622 
-10.785762467007123 
-10.491736781764224 
-10.536975362411452 
-10.865749251734005 
-10.686435000643549 
-10.703714225954602 
-10.560653931231679 
-10.821605287803235 
-10.70197690231442 
-10.653604038951743 
-10.917478842742533 
-10.839277677295454 
-10.757638194492136 
-10.63579616979127 
-10.630994395088038 
-10.887388489397065 
-10.85239049751123 
-10.701618745477075 
-11.250077317700445 
-11.252343363292253 
-11.200506696295427 
-10.851373159122256 
-11.247338245988379 
-11.236840643783825 
-11.14124682223166 
-10.850171320946925 
-10.974564336303532 
-11.171684922310797 
-11.058136838350743 
-11.272826435062163 
-11.315964377134138 
-11.221615152728313 
-11.177251656522788 
-11.333820306982092 
-11.475072055394852 
-11.486522872403892 
-11.400381400705122 
-11.415623825891407 
-11.441400853327252 
-11.415690474488015 
-11.462597625219649 
-11.458538341944635 
-11.464398318362043 
-11.44604124120845 
-11.442761716636827 
-11.452573723927618 
-11.454797006320483 
-11.48646733610338 
-11.519739222988802 
-11.530285057070202 
-11.502166960713128 
-11.512143833097328 
-11.53995605901078 
-11.55284764305355 
-11.559471164533912 
-11.55875519594975 
-11.565308480398436 
-11.556216396481146 
-11.559961310814282 
-11.573669640432843 
-11.574555108960352 
-11.573892974586869 
-11.593737067624177 
-11.619260602723884 
-11.588502865665662 
-11.582392997033043 
-11.561943431757115 
-11.534284542887761 
-11.53527766837582 
-11.554153554467211 
-11.657552326809808 
-11.661951232885151 
-11.654977133000365 
-11.60048755672057 
-11.585926625384591 
-11.534153936694825 
-11.483746652917048 
-11.489193214845569 
-11.474056952387789 
-11.442387725424108 
-11.44188984246839 
-11.501332236518252 
-11.610273156778328 
-11.58322474972751 
-11.585596363483358 
-11.59156893182161 
-11.60518050764692 
-11.612346638392534 
-11.640555515972709 
-11.626645291466028 
-11.750569765243515 
-11.750540041328797 
-11.750806528358787 
-11.746155378102705 
-11.750009121187286 
-11.763263495288099 
-11.752250212603572 
-11.797547906686358 
-11.82537524019219 
-11.84487329154566 
-11.853708239234736 
-11.846171053414382 
-11.808808517002138 
-11.808424792827356 
-11.783881314923137 
-11.764978864299877 
-11.895526099293207 
-11.891909223416528 
-11.877567251114518 
-11.872975166914363 
-11.83604366462205 
-11.883630205659795 
-11.888284161730546 
-11.87972669307491 
-11.886701072428064 
-11.888418452272992 
-11.895824139415922 
-11.89499740308029 
-11.899144836256836 
-11.893764831687172 
-11.898256914960536 
-11.899788440174461 
-11.899079655672704 
-11.906496235815519 
-11.901072844477437 
-11.900553766835735 
-11.908173176036888 
-11.909005164155884 
-11.916525579371548 
-11.928077597681208 
-11.929243743770428 
-11.928369152825223 
-11.928838056380526 
-11.92585761054887 
-11.931347706938663 
-11.933700986645936 
-11.93472773290219 
-11.934519811627364 
-11.931190502168825 
-11.936254029342662 
-11.934315474160247 
-11.934844975026406 
-11.941028765433671 
-11.942767678117418 
-11.942076976079475 
-11.957573165850736 
-11.958537228190803 
-11.957533531390462 
-11.95941452863092 
-11.956307224425817 
-11.95547301423746 
-11.959809155154517 
-11.959719016752981 
-11.960374943617504 
-11.960092013371844 
-11.964196971402078 
-11.965024969675165 
-11.964941011694123 
-11.961613825476787 
-11.963728531356859 
-11.967415989641559 
-11.96739443940938 
-11.964431970221566 
-11.965249703745437 
-11.965521259082163 
-11.96715700560536 
-11.966322945951898 
-11.965186590237913 
-11.972992443702115 
-11.967400416789886 
-11.963919901386713 
-11.969356537238516 
-11.969667657453025 
-11.970313555521132 
-11.970250165795182 
-11.965996926897647 
-11.966268437266399 
-11.966423651966831 
-11.967361024448802 
-11.975775194417128 
-11.975697264421626 
-11.975832504969285 
-11.969731694466358 
-11.968802363662704 
-11.967475770355504 
-11.976805669309085 
-11.976514641841202 
-11.975269896894927 
-11.975778532741849 
-11.971225869048556 
-11.969801206500408 
-11.972383598234542 
-11.973152198021962 
-11.973358812297306 
-11.970797764858204 
-11.973615376836424 
-11.976248837489408 
-11.975200474062099 
-11.973340076683053 
-11.973095290533134 
-11.976842320325373 
-11.975519926012748 
-11.980280874724183 
-11.98089956865184 
-11.982476358053592 
-11.982759067908155 
-11.982945450144744 
-11.983732556929601 
-11.98491090032751 
-11.985330167161143 
-11.98679878796877 
-11.98643847210752 
-11.987135441996756 
-11.988747282455002 
-11.988477718645719 
-11.988058177015036 
-11.988591385503103 
-11.987731255235047 
-11.988655804079624 
-11.988450484959001 
-11.98986970707894 
-11.991148888593932 
-11.99123157500113 
-11.991819918080774 
-11.991550291778177 
-11.991945220351093 
-11.992317895566053 
-11.991681817742906 
-11.991633042902343 
-11.991553439900143 
-11.991751721602343 
-11.991690119598813 
-11.992000238268593 
-11.992182785247895 
-11.992161753673996 
-11.99235086293656 
-11.9929191252946 
-11.993128473596018 
-11.993311817197576 
-11.993828110100429 
-11.9938821480173 
-11.99404747600756 
-11.994130894718772 
-11.99409751080372 
-11.994403191348248 
-11.994423129816123 
-11.994272643768797 
-11.99528171728953 
-11.995022588481294 
-11.995409280113122 
-11.99535418841226 
-11.995425340004537 
-11.995411055243242 
-11.995401040883111 
-11.995520576333533 
-11.99556864680345 
-11.995572258240854 
-11.995549976128247 
-11.995526401486288 
-11.995559777098025 
-11.995565358626667 
-11.995609757039752 
-11.995622365429968 
-11.996140218679766 
-11.996131488517175 
-11.996211780007506 
-11.996168866902913 
-11.996328816245766 
-11.996548213006609 
-11.996526224738853 
-11.996539494576869 
-11.997171354955816 
-11.997202183650424 
-11.997037293515621 
-11.996793421846867 
-11.99685376241084 
-11.996811379651227 
-11.997341212759594 
-11.99780511193585 
-11.997890660582328 
-11.998053705913208 
-11.998047027635774 
-11.998106295384957 
-11.998143477856072 
-11.998205225869038 
-11.998250732121365 
-11.998111256175273 
-11.998006580620073 
-11.998124489346651 
-11.998120371773433 
-11.998055350237685 
-11.998057221829313 
-11.998265788325341 
-11.99824848763791 
-11.998246051078466 
-11.99820003068169 
-11.99809432319512 
-11.99803153597198 
-11.997993476108459 
-11.997964219211486 
-11.998029127065644 
-11.998257774351526 
-11.998352011479238 
-11.998434084863742 
-11.99837410443128 
-11.998407266638441 
-11.998408586828388 
-11.998358034087994 
-11.99843743385117 
-11.998471347476828 
-11.998473589497808 
-11.999009604527757 
-11.999041058704025 
-11.999181396388087 
-11.999163104168622 
-11.999164392703632 
-11.999297612128753 
-11.999293864899549 
-11.999316146881599 
-11.999311726812449 
-11.999310024311413 
-11.999334561053583 
-11.999438618854583 
-11.99943784482741 
-11.999436102006444 
-11.999462882633674 
-11.999492540048735 
-11.999461234378245 
-11.999531581755567 
-11.999529065728431 
-11.999536669515843 
-11.999534177611308 
-11.999556066568672 
-11.999617485324286 
-11.999675778186472 
-11.999680482536242 
-11.999685411164492 
-11.99967476707713 
-11.999676969403351 
-11.99967623912146 
-11.999686675768942 
-11.99968709943701 
-11.999785070555987 
-11.999803055522598 
-11.999805648628858 
-11.999808673953781 
-11.999815139992652 
-11.999819724654122 
-11.999825707098186 
-11.999832225161985 
-11.999820991172001 
-11.999818695601856 
-11.99981322020818 
-11.99983229721646 
-11.9998373344024 
-11.999832060468908 
-11.999851613380885 
-11.99985206084071 
-11.99985293967716 
-11.999851005381684 
-11.999852098498593 
-11.999861092562154 
-11.999860950472799 
-11.999866073201812 
-11.999864011659655 
-11.999866747765815 
-11.999867502526294 
-11.999898040765814 
-11.99989872389769 
-11.999900269703932 
-11.99990190542609 
-11.999903323504467 
-11.99990810054033 
-11.9999174419171 
-11.9999172691175 
-11.9999179034035 
-11.999915968415088 
-11.999916627990265 
-11.999915671037778 
-11.999928916761302 
-11.99993067662292 
-11.999935024587614 
-11.999934584941638 
-11.99993736580543 
-11.999938892633304 
-11.99994032850731 
-11.999940584276414 
-11.999940660332554 
-11.999938857142526 
-11.999940058511976 
-11.99993950932256 
-11.999947797125369 
-11.999946763571305 
-11.999958444818633 
-11.999966965644095 
-11.999967241292481 
-11.99996817227783 
-11.999969063584155 
-11.999968854852705 
-11.999968562405435 
-11.9999687175089 
-11.999971357065332 
-11.99997100310048 
-11.99997121516371 
-11.999977233769414 
-11.99997848589572 
-11.999978579110842 
-11.999978570533699 
-11.999978474847946 
-11.999978602746921 

 Time 
143.03386449813843 
