Parameters 
 
[-0.5 -0.5 -0.5 -0.5 -0.5 -0.5 -0.5 -0.5 -0.5 -0.5 -0.5 -0.5 -0.5 -0.5] 
[-27.5237164   10.6642365    9.49791674  19.74811277  20.97863837
 -31.78059567 -21.91296502 -27.40687219 -18.26648283 -21.58997022
  17.55155793  18.69759883  16.50850382  14.99410011] 
[-42.88470508   1.85193587  14.36301416  16.63001618  31.70261454
 -34.88522942 -30.23041394 -33.69977862 -12.04028449 -15.22730397
  20.28638627  11.1130036   34.71786801   4.24609617] 
[-41.29329654   3.92959399  14.47305254  18.45445291  39.70380451
 -33.04431076 -35.28199337 -32.92417498 -14.93850106 -14.43923317
  22.62160215  17.7385      34.56610095  -1.97030516] 
[-38.62529897  10.12307822  11.57301753  13.32235818  41.74113606
 -38.20023056 -37.81653107 -27.10236655 -17.79430686 -18.2311656
  26.46325212  13.246988    39.0420649   -4.12394312] 
[-35.57825379   9.29156776  14.86022203  12.41647831  40.86283469
 -38.97492379 -37.37547979 -25.15210563 -18.36779325 -21.22045081
  24.70832796  10.776608    41.65783491  -5.62558802] 
[-33.8544515    6.08082502  18.0088846   13.89522315  38.4604502
 -37.5637508  -35.9115544  -26.69353588 -18.36100252 -22.14798826
  22.08232     11.5245111   40.89118828  -4.97388579] 
[-34.13151409   6.30999262  17.9559863   13.29947857  38.66927552
 -38.42994688 -35.90815904 -26.49839645 -18.73559439 -22.0966028
  22.68083725  11.03458694  41.15359058  -4.88301286] 
[-34.21823553   6.50560174  17.90137796  13.32183484  38.85689808
 -38.39617353 -35.92004686 -26.36084358 -18.75328955 -22.03697578
  22.95918546  10.92533422  41.20930949  -4.77768827] 
[-34.23030602   6.4779455   17.97929858  13.35218487  38.90033387
 -38.34595263 -35.8443846  -26.38941982 -18.81072331 -22.00327684
  23.02622454  10.89759027  41.19716678  -4.71594072] 
[-34.29155406   6.37000989  18.14456564  13.40698067  38.93174455
 -38.26107941 -35.77496998 -26.4335095  -18.87283505 -21.9340538
  23.08300929  10.86326623  41.14094982  -4.62782489] 
[-34.26120802   6.40478369  18.15340175  13.41295266  39.04260315
 -38.22862804 -35.70300799 -26.52178569 -18.92543419 -21.88386434
  23.15881781  10.82624085  41.19703572  -4.60927967] 
[-34.27096846   6.38588793  18.17958408  13.38980466  39.14755928
 -38.18781192 -35.64900972 -26.60965619 -18.9705034  -21.81203455
  23.2090824   10.77494659  41.24879204  -4.5925826 ] 
[-34.29590053   6.3846252   18.18657302  13.34953353  39.25262473
 -38.13285506 -35.57352462 -26.71055845 -19.04074689 -21.720313
  23.2824547   10.72168848  41.32740527  -4.56725707] 
[-34.36072174   6.3439953   18.21312019  13.3568193   39.32436713
 -38.10728999 -35.50740944 -26.7772234  -19.10521229 -21.62151203
  23.31393345  10.69595414  41.34994335  -4.5462651 ] 
[-34.40291572   6.34736779  18.2045009   13.34341012  39.38955374
 -38.09217279 -35.46630083 -26.87076606 -19.15647362 -21.50966073
  23.34764902  10.66833331  41.35234168  -4.54045035] 
[-34.43643419   6.31327294  18.21010501  13.29335666  39.44768687
 -38.08449072 -35.42879012 -26.91112621 -19.22971042 -21.42614739
  23.39851274  10.64578043  41.37434308  -4.51676015] 
[-34.52843094   6.18794836  18.19323964  13.26135767  39.54887921
 -38.10288308 -35.34530439 -26.8855107  -19.2536158  -21.39785273
  23.42057572  10.56593737  41.38953446  -4.50500377] 
[-34.63109407   6.13183501  18.24046813  13.14843307  39.47146844
 -38.10072973 -35.33012168 -26.96983448 -19.43217533 -21.20882541
  23.47633349  10.47961234  41.41938148  -4.52747863] 
[-34.68848302   6.08160165  18.30571705  13.04621856  39.40475173
 -38.09474309 -35.31540544 -27.05584831 -19.6197472  -21.0068585
  23.52144277  10.42602791  41.44419275  -4.55357515] 
[-34.74495027   6.00458189  18.35686535  12.94633455  39.38935345
 -38.09009477 -35.2761574  -27.09789066 -19.76719774 -20.84844337
  23.5580716   10.37417769  41.46448942  -4.57423551] 
[-34.62470179   6.03196743  18.51141537  12.87878485  39.37793158
 -38.08986639 -35.32567453 -27.29365127 -19.88427897 -20.61035798
  23.48772924  10.56002881  41.48007913  -4.61867972] 
[-34.79438273   5.85182602  18.5311099   12.76101043  39.41834472
 -38.10134849 -35.21972814 -27.24050724 -19.9467985  -20.54330119
  23.54392987  10.4031288   41.50692989  -4.64170878] 
[-34.74665461   5.8477776   18.52661139  12.67934561  39.50321513
 -38.07833252 -35.2195504  -27.23926051 -19.99495243 -20.47748583
  23.53928294  10.44433246  41.5024166   -4.64233032] 
[-34.7429226    5.81316484  18.52366673  12.59079262  39.58581409
 -38.06473985 -35.19639967 -27.23026956 -20.03142393 -20.41917227
  23.53930633  10.45405182  41.51085928  -4.65259397] 
[-34.6937501    5.80673402  18.51730043  12.53600744  39.67452029
 -38.03431431 -35.20536048 -27.21591037 -20.06621367 -20.38281828
  23.53704442  10.4796277   41.50825432  -4.64563942] 
[-34.68577517   5.77747111  18.51175782  12.47230461  39.7544373
 -38.01520001 -35.19033252 -27.19858306 -20.08744986 -20.34334735
  23.52981882  10.48867387  41.51644904  -4.65291536] 
[-34.36643831   6.06220332  18.39756627  12.6145483   40.09143941
 -37.78292701 -35.67204774 -27.34222865 -20.01516467 -20.27788065
  23.50835914  10.82409448  41.32801032  -4.33348446] 
[-34.44981541   5.92110286  18.45689843  12.56578603  40.09606502
 -37.8869275  -35.52482623 -27.29702065 -20.02761436 -20.27658778
  23.45710633  10.75163855  41.34375153  -4.3706197 ] 
[-34.50984145   5.81699769  18.48769749  12.53362995  40.14114082
 -37.9279867  -35.4622021  -27.26706001 -20.0264276  -20.27693029
  23.43948037  10.69874646  41.34856111  -4.37029662] 
[-34.54945795   5.71505695  18.50697194  12.52248848  40.16989498
 -37.98620501 -35.43352671 -27.26212501 -20.02946636 -20.29235357
  23.41385099  10.63041117  41.35411509  -4.36669895] 
[-34.56583452   5.6940694   18.49169903  12.51590221  40.19189103
 -37.97291741 -35.44884491 -27.25601425 -20.03954289 -20.28795564
  23.40650298  10.5931837   41.38244895  -4.35767042] 
[-34.62179356   5.69059419  18.4338993   12.51157574  40.20024336
 -37.95159718 -35.45931368 -27.25261886 -20.04601434 -20.26267712
  23.40274019  10.54848637  41.42657516  -4.3537638 ] 
[-34.59922765   5.66809058  18.44725778  12.50330753  40.2236596
 -37.95886964 -35.43725738 -27.22626499 -20.05637517 -20.3056253
  23.41014325  10.51495167  41.46087645  -4.37307019] 
[-34.6231888    5.66367241  18.40405312  12.47969489  40.22105294
 -37.90978498 -35.43628245 -27.18958513 -20.06775889 -20.31990578
  23.42568793  10.45280838  41.55363348  -4.40903058] 
[-34.62887104   5.66341883  18.38884084  12.45405415  40.23195548
 -37.88007477 -35.44553594 -27.19468361 -20.0744577  -20.29339763
  23.4050989   10.44590208  41.58340439  -4.41452752] 
[-34.63470508   5.65224767  18.37624754  12.43197979  40.24712218
 -37.86356628 -35.44054995 -27.19029158 -20.07840798 -20.28343908
  23.39350326  10.42544614  41.61459552  -4.42188552] 
[-34.63442705   5.6427695   18.37192607  12.41291323  40.26118488
 -37.84753911 -35.43380741 -27.18710564 -20.07964513 -20.27531641
  23.38217903  10.41545202  41.63770855  -4.42835818] 
[-34.63220311   5.6299617   18.37482768  12.39737669  40.27860259
 -37.83454573 -35.4245911  -27.18606253 -20.07721443 -20.27181443
  23.37356554  10.40886677  41.654727    -4.43421238] 
[-34.62831105   5.61917507  18.37516274  12.38546098  40.29445716
 -37.82180471 -35.41753997 -27.18149193 -20.07874407 -20.26638665
  23.36651341  10.40165142  41.67008213  -4.43834554] 
[-34.62855476   5.62461972  18.3614394   12.36988395  40.29075042
 -37.8044081  -35.40590001 -27.16845108 -20.08826654 -20.25176698
  23.34706536  10.39397021  41.69841495  -4.45080064] 
[-34.61609676   5.60037495  18.37947602  12.36515503  40.32161963
 -37.79559418 -35.39930495 -27.16814635 -20.08197148 -20.26411659
  23.35938611  10.38949352  41.69849124  -4.45111557] 
[-34.61384092   5.65187787  18.38064775  12.38517049  40.31865751
 -37.79218078 -35.43752893 -27.19588197 -20.08228191 -20.17243233
  23.27183733  10.48007371  41.66893956  -4.38613161] 
[-34.57256543   5.55621044  18.44172244  12.36155547  40.38477168
 -37.79312388 -35.38836446 -27.17044573 -20.06281803 -20.28816686
  23.37689633  10.41629241  41.66416606  -4.43581904] 
[-34.59948699   5.58810423  18.41748039  12.3693937   40.37633046
 -37.78182514 -35.40475722 -27.18902853 -20.0691125  -20.22271998
  23.31362755  10.44181357  41.67868823  -4.40635139] 
[-34.5871833    5.60302203  18.41178535  12.36944876  40.37787643
 -37.75537021 -35.3934624  -27.17266759 -20.07334493 -20.22669361
  23.30629146  10.43971614  41.7055026   -4.41396874] 
[-34.60976156   5.52302059  18.44512773  12.32951574  40.39201743
 -37.77649593 -35.35904562 -27.17084282 -20.07172069 -20.25333656
  23.34034521  10.39579877  41.70441873  -4.46404477] 
[-34.53988582   5.67714677  18.39096315  12.42653779  40.34583053
 -37.6448006  -35.4144301  -27.14014165 -20.10836121 -20.18507493
  23.24393835  10.47774048  41.80133329  -4.39716248] 
[-34.64794518   5.54059561  18.41923164  12.28490238  40.44121631
 -37.81072328 -35.31035754 -27.20747312 -20.05068681 -20.24050908
  23.29217477  10.35647209  41.68815453  -4.44978228] 
[-34.55486147   5.65915661  18.39287078  12.39238801  40.3339613
 -37.64207991 -35.39236352 -27.10579133 -20.12434512 -20.22452269
  23.28261601  10.44456178  41.8288474   -4.43587658] 
[-34.59986537   5.56958068  18.41585224  12.32660965  40.39551478
 -37.71277515 -35.34394274 -27.1442861  -20.09115646 -20.24693376
  23.31530145  10.38972038  41.78561589  -4.46034595] 
[-34.58630856   5.61259219  18.40247968  12.34985722  40.3681464
 -37.66334165 -35.35604541 -27.11897454 -20.11008049 -20.221782
  23.28728423  10.42155554  41.82207768  -4.45691716] 
[-34.59502672   5.59351349  18.40924032  12.33446842  40.38199248
 -37.67016119 -35.34276469 -27.12200299 -20.10566627 -20.22487815
  23.29407604  10.41360415  41.82241765  -4.46549226] 
[-34.59473559   5.59807937  18.40923345  12.33478595  40.38122923
 -37.65674006 -35.34037815 -27.11584042 -20.11045311 -20.21939074
  23.29119042  10.41915412  41.83535905  -4.46718552] 
[-34.59597728   5.59780489  18.41083078  12.33120168  40.38409914
 -37.64966217 -35.33426542 -27.11203616 -20.11310292 -20.21708297
  23.29028145  10.42111289  41.84455471  -4.47046813] 
[-34.59528655   5.60112011  18.41203771  12.33031258  40.38485817
 -37.63975866 -35.33022354 -27.1069537  -20.11727092 -20.21429867
  23.28889263  10.42517012  41.8553927   -4.47243077] 
[-34.59680071   5.60087719  18.41422719  12.32726476  40.38903311
 -37.63543904 -35.32574816 -27.10581689 -20.11964173 -20.21294293
  23.28932776  10.42663325  41.8627146   -4.47255614] 
[-34.59753115   5.60127556  18.416756    12.32527985  40.39308475
 -37.63062847 -35.32253382 -27.10483735 -20.12228685 -20.21216728
  23.29088011  10.42850165  41.87004116  -4.47156745] 
[-34.59762973   5.60225214  18.41921238  12.32349201  40.39619503
 -37.62580651 -35.31895229 -27.10289557 -20.12494342 -20.21185428
  23.29289189  10.43115138  41.8774085   -4.4713567 ] 
[-34.5726042    5.60673354  18.43961863  12.33008727  40.39011775
 -37.61071261 -35.32507499 -27.09204028 -20.14174173 -20.22133367
  23.30078231  10.45008437  41.89050678  -4.47158984] 
[-34.62087743   5.59675687  18.41078654  12.30988913  40.40773094
 -37.62298997 -35.30192196 -27.10428764 -20.11998051 -20.20439936
  23.29119481  10.42133118  41.89278931  -4.47704436] 
[-34.56893196   5.60862462  18.44819541  12.32735878  40.39559201
 -37.60325113 -35.31809266 -27.09026941 -20.14965952 -20.22226569
  23.30276601  10.45842148  41.90515206  -4.47076782] 
[-34.61909865   5.60025393  18.41693429  12.30435519  40.41356105
 -37.62088348 -35.29316439 -27.10357311 -20.12597345 -20.20267941
  23.28914876  10.43107046  41.9027805   -4.47461304] 
[-34.56424461   5.61466703  18.45595217  12.32108568  40.40033267
 -37.6016537  -35.30979097 -27.08794131 -20.15608556 -20.22148705
  23.30074666  10.47167551  41.91390247  -4.46906698] 
[-34.6327049    5.59964317  18.41494101  12.29912487  40.42301857
 -37.61277775 -35.28731234 -27.10662361 -20.12376493 -20.19841783
  23.29332879  10.42849292  41.91717077  -4.47301307] 
[-34.57781717   5.61489164  18.45306308  12.31796432  40.41647652
 -37.6072754  -35.30873292 -27.1010012  -20.15463704 -20.21829435
  23.30220359  10.46814806  41.92355992  -4.45235197] 
[-34.61543643   5.61202931  18.4346989   12.29620071  40.42194842
 -37.60755245 -35.28102467 -27.09661873 -20.13840944 -20.20578324
  23.2956483   10.45107787  41.92380217  -4.47655775] 
[-34.57669184   5.61754882  18.45923296  12.31786742  40.42138652
 -37.5975696  -35.30571462 -27.10046913 -20.15902193 -20.21678417
  23.30631661  10.47674605  41.93762127  -4.44797348] 
[-34.60470631   5.62995756  18.4699635   12.27804846  40.40373296
 -37.54934965 -35.24416379 -27.03162341 -20.15590494 -20.22840169
  23.33002807  10.44759872  41.96145395  -4.57693973] 
[-34.58375173   5.61802325  18.43338785  12.31545088  40.44499817
 -37.63493397 -35.3174913  -27.14539801 -20.1489488  -20.19935404
  23.27960777  10.50312279  41.92296157  -4.37399476] 
[-34.63392245   5.63778586  18.46015912  12.25519511  40.416423
 -37.54093803 -35.2167269  -27.01659018 -20.1435387  -20.21861418
  23.31582688  10.44635873  41.97016489  -4.59990163] 
[-34.58594424   5.62517339  18.47829703  12.29449725  40.42245766
 -37.56729026 -35.25662141 -27.05744274 -20.16337015 -20.22005027
  23.32482762  10.47718787  41.96612388  -4.51580946] 
[-34.60020289   5.61905037  18.46471447  12.28730713  40.4388298
 -37.59894949 -35.2505773  -27.07682346 -20.14985505 -20.2010306
  23.30065734  10.49052194  41.94291347  -4.48425419] 
[-34.5905985    5.62535602  18.47514548  12.29570341  40.43204937
 -37.56380091 -35.25422985 -27.06473703 -20.16199234 -20.21364009
  23.32013308  10.48533259  41.97690676  -4.50127358] 
[-34.62183635   5.60399647  18.44732161  12.28989902  40.46391443
 -37.61012924 -35.26071028 -27.10825327 -20.13719774 -20.18173088
  23.28728473  10.49310689  41.94497292  -4.43679582] 
[-34.5811604    5.60700139  18.4768417   12.3236153   40.44858381
 -37.54912094 -35.28838354 -27.09869125 -20.17037814 -20.20662453
  23.32638956  10.49052063  42.00400833  -4.44318205] 
[-34.60586782   5.60768229  18.46322576  12.31095609  40.46073486
 -37.55537226 -35.27802329 -27.10030476 -20.15558505 -20.19844264
  23.31469202  10.48754894  42.00316349  -4.44160724] 
[-34.60143771   5.61574434  18.46859115  12.31037079  40.46098854
 -37.55698523 -35.27430235 -27.09706048 -20.15843588 -20.20153785
  23.31421134  10.49628684  42.0056105   -4.44062833] 
[-34.6033928    5.62056353  18.46971817  12.30799443  40.46390976
 -37.55679006 -35.27027652 -27.09562717 -20.15767238 -20.20172389
  23.3125016   10.50145954  42.00966764  -4.43981114] 
[-34.60473957   5.62464558  18.47089671  12.3062251   40.46690981
 -37.55688262 -35.26723509 -27.09540907 -20.15716627 -20.20159704
  23.31125666  10.50680839  42.01366894  -4.43748465] 
[-34.60603228   5.62752847  18.47174996  12.30540266  40.47047817
 -37.55852227 -35.26487756 -27.09617583 -20.15689599 -20.20113126
  23.31006849  10.51312121  42.01693806  -4.43283071] 
[-34.60718326   5.63043446  18.47278681  12.30466375  40.47379077
 -37.55893798 -35.26284022 -27.0968275  -20.15675503 -20.20071278
  23.30945681  10.51890398  42.02098124  -4.42894832] 
[-34.61194707   5.63617609  18.47189172  12.30300854  40.47694995
 -37.55438186 -35.25948763 -27.09299743 -20.15503946 -20.20045512
  23.30877259  10.52130792  42.02870948  -4.43046181] 
[-34.61205869   5.64018286  18.47312363  12.30361711  40.47885049
 -37.55114375 -35.25859647 -27.09217918 -20.1560958  -20.20024594
  23.30914794  10.52591593  42.03522702  -4.42774462] 
[-34.61401468   5.6439786   18.47376156  12.30361373  40.481701
 -37.54740158 -35.25709123 -27.09061063 -20.15601696 -20.19992849
  23.30871839  10.52980747  42.04232827  -4.42627609] 
[-34.61109467   5.64676563  18.4769199   12.3052926   40.48257549
 -37.54638731 -35.25724756 -27.0920108  -20.15870962 -20.19966637
  23.30944088  10.53625174  42.04699519  -4.42085115] 
[-34.61208315   5.64882202  18.47775845  12.30622576  40.4851594
 -37.54327237 -35.25668914 -27.09216021 -20.15865801 -20.19856929
  23.30943442  10.54075473  42.05378337  -4.41724033] 
[-34.6126187    5.65095924  18.47889507  12.3072391   40.48749431
 -37.5404006  -35.2563242  -27.09250142 -20.15886476 -20.19760681
  23.30968905  10.54544094  42.06041085  -4.41348573] 
[-34.61306566   5.653451    18.48009171  12.30820168  40.48966432
 -37.53740495 -35.2559923  -27.09253098 -20.15912496 -20.19679869
  23.31017863  10.54999217  42.06707864  -4.41001398] 
[-34.61371786   5.65589528  18.48136119  12.30910403  40.49199348
 -37.53477419 -35.25554874 -27.09250873 -20.1592835  -20.19599853
  23.31034641  10.55456984  42.07343536  -4.40654841] 
[-34.61454304   5.65819657  18.48274437  12.30994188  40.49442306
 -37.53250656 -35.25499211 -27.09246965 -20.15942336 -20.1951892
  23.31022048  10.55914312  42.07954187  -4.40304042] 
[-34.61461849   5.6603773   18.48363433  12.313204    40.49705371
 -37.52677758 -35.25739056 -27.09305691 -20.15968906 -20.19461962
  23.31109881  10.56190834  42.08974143  -4.39669679] 
[-34.61521231   5.66262796  18.48518032  12.31483116  40.4997183
 -37.52428479 -35.2578706  -27.09324274 -20.15997419 -20.19392202
  23.31087974  10.56615009  42.0964194   -4.39183539] 
[-34.61620155   5.66491686  18.4865941   12.31630985  40.50256388
 -37.52179395 -35.25828225 -27.09321191 -20.15998457 -20.19319941
  23.31051413  10.57028083  42.10308793  -4.38715384] 
[-34.61660265   5.66732682  18.48818844  12.31821866  40.50513594
 -37.51887316 -35.25920048 -27.0933348  -20.16032034 -20.19269843
  23.31053417  10.5742715   42.11023683  -4.38203737] 
[-34.61264937   5.6693639   18.48736475  12.32877364  40.50749821
 -37.50261423 -35.27043867 -27.09520668 -20.16107443 -20.19292672
  23.31397155  10.57374438  42.13355615  -4.3661028 ] 
[-34.61967061   5.6742337   18.4912666   12.31938181  40.5120805
 -37.52038203 -35.25775905 -27.09044225 -20.15902597 -20.19147709
  23.3058648   10.58620549  42.11820443  -4.37308618] 
[-34.61693778   5.67811993  18.49378008  12.32260939  40.51234521
 -37.51338996 -35.26149836 -27.09089608 -20.16134002 -20.19189992
  23.30974555  10.58894739  42.12822442  -4.36720013] 
[-34.61863388   5.68147847  18.49619052  12.3216415   40.51473884
 -37.51429642 -35.25947997 -27.08969306 -20.16152092 -20.19142243
  23.30914242  10.59422941  42.13042731  -4.36584163] 
[-34.61890093   5.68479059  18.49842392  12.32248505  40.51649601
 -37.51180163 -35.2598073  -27.08919014 -20.16230088 -20.19123574
  23.31014926  10.59811985  42.13611612  -4.36259401] 
[-34.61992494   5.68787156  18.50056695  12.32283695  40.51868258
 -37.51037543 -35.25939615 -27.08847953 -20.16263096 -20.19084243
  23.31035394  10.60227905  42.1407905   -4.35985246] 
[-34.62080636   5.69068767  18.50249132  12.32370501  40.52087198
 -37.50807878 -35.25969591 -27.08810565 -20.16308247 -20.19041054
  23.31096001  10.60585007  42.14650092  -4.35631468] 
[-34.62176038   5.69363529  18.50630168  12.32359652  40.5242925
 -37.51264054 -35.25688543 -27.0871459  -20.16405705 -20.19029981
  23.30751305  10.61254308  42.1459414   -4.3542492 ] 
[-34.62271554   5.69565483  18.50795581  12.32459419  40.52678803
 -37.50888609 -35.25706387 -27.08646199 -20.1636206  -20.18922368
  23.30787992  10.61521907  42.15248227  -4.3511536 ] 
[-34.62349519   5.69769282  18.51021404  12.32552276  40.52938446
 -37.50657579 -35.2572855  -27.08606579 -20.16373898 -20.18839164
  23.30808949  10.6184687   42.15783768  -4.34790504] 
[-34.62435767   5.69964935  18.51252916  12.32657122  40.5320009
 -37.50500177 -35.25740456 -27.08555261 -20.16395303 -20.18753219
  23.30784793  10.62210594  42.16284079  -4.34468859] 
[-34.62496476   5.70225261  18.51552741  12.32726097  40.53499622
 -37.50534584 -35.25733954 -27.08525336 -20.16483931 -20.18734788
  23.30738195  10.62668242  42.16616545  -4.34179354] 
[-34.62644903   5.70439847  18.51871427  12.32791044  40.53896106
 -37.50672103 -35.25727803 -27.08522628 -20.16527659 -20.18692054
  23.30578222  10.63132206  42.1686807   -4.33852649] 
[-34.62681575   5.70625982  18.51941965  12.32995579  40.54112109
 -37.5011139  -35.25887613 -27.08456249 -20.16488681 -20.18599928
  23.30667208  10.6327215   42.17777148  -4.33432509] 
[-34.62762357   5.70887708  18.52318618  12.33015212  40.54515773
 -37.50303059 -35.25851939 -27.08392371 -20.16563138 -20.18610732
  23.30472045  10.63837943  42.17907046  -4.33202324] 
[-34.62798811   5.71101237  18.52464827  12.33161863  40.54753326
 -37.49926911 -35.25976827 -27.08339116 -20.16559048 -20.18542377
  23.30532634  10.6408901   42.18599838  -4.3284364 ] 
[-34.62873663   5.71410822  18.5281714   12.33201401  40.55133332
 -37.5010388  -35.25962856 -27.08245056 -20.16630881 -20.18568489
  23.3036242   10.64615155  42.18733798  -4.3258691 ] 
[-34.630354     5.70430767  18.50742197  12.34371228  40.54563056
 -37.45029159 -35.267716   -27.08567289 -20.15528038 -20.17736885
  23.31677464  10.62204384  42.245717    -4.3130515 ] 
[-34.63543826   5.71458387  18.53087982  12.33217544  40.56477924
 -37.50540144 -35.26129832 -27.08622828 -20.16327071 -20.18259262
  23.2955111   10.65537521  42.19386799  -4.31350816] 
[-34.63239671   5.72175688  18.52929155  12.33519162  40.56140955
 -37.49162983 -35.26245841 -27.0800348  -20.16301797 -20.18237863
  23.30239169  10.65380662  42.20903386  -4.3123474 ] 
[-34.63590792   5.71813435  18.54384809  12.33333587  40.57525865
 -37.51169966 -35.26678519 -27.09147918 -20.16884936 -20.18421535
  23.29489543  10.66944976  42.19384292  -4.30536303] 
[-34.62283436   5.74647152  18.51138619  12.34456588  40.54136039
 -37.44212641 -35.25749026 -27.04915883 -20.15482235 -20.17982704
  23.32109916  10.63771161  42.2588136   -4.31567189] 
[-34.637563     5.73380624  18.55034308  12.32656929  40.58439123
 -37.51904145 -35.25806175 -27.08555433 -20.16496328 -20.18562693
  23.28883496  10.68314956  42.18367961  -4.31039537] 
[-34.62922921   5.74355056  18.53458903  12.33808401  40.56554738
 -37.47668134 -35.26071605 -27.06775878 -20.16254627 -20.18325797
  23.30887177  10.66400635  42.22970601  -4.3077716 ] 
[-34.63253281   5.74491281  18.54501179  12.33541885  40.5764474
 -37.49169293 -35.26054226 -27.072862   -20.16491137 -20.18471058
  23.30113203  10.67649093  42.21678907  -4.30506294] 
[-34.63212743   5.74785986  18.54607373  12.33766152  40.57718577
 -37.48664197 -35.26205167 -27.07163555 -20.16578052 -20.18452841
  23.30377389  10.67760294  42.22454766  -4.30184623] 
[-34.63244107   5.75111706  18.54832642  12.33915969  40.57929801
 -37.48450915 -35.26276525 -27.07039385 -20.16629967 -20.18449357
  23.30425377  10.68061941  42.22912222  -4.2991852 ] 
[-34.63275795   5.75447552  18.5507424   12.34064882  40.58150368
 -37.48280863 -35.2635701  -27.06914903 -20.16687337 -20.18445323
  23.30452684  10.68381315  42.23325997  -4.29637486] 
[-34.63315126   5.75771942  18.55300729  12.34216051  40.5836039
 -37.48110153 -35.26454864 -27.06816223 -20.16753114 -20.18441468
  23.30505815  10.68693661  42.23737721  -4.29348425] 
[-34.63376671   5.76145334  18.55550815  12.34322266  40.58565977
 -37.48030969 -35.26498775 -27.06679199 -20.16822707 -20.18436424
  23.30526533  10.6904374   42.24031782  -4.291129  ] 
[-34.63443762   5.76489357  18.55788679  12.34431788  40.58769826
 -37.47936338 -35.26548159 -27.06564691 -20.16887062 -20.18426859
  23.30559012  10.69374665  42.24347731  -4.28873272] 
[-34.63501268   5.76833032  18.56028078  12.34557983  40.58942396
 -37.47786018 -35.26610784 -27.06432967 -20.16943411 -20.18395399
  23.30581133  10.69696271  42.2469705   -4.28611003] 
[-34.63577145   5.77149806  18.56294203  12.34693809  40.59166932
 -37.47706899 -35.26699852 -27.06342544 -20.17003652 -20.18387724
  23.30575402  10.70024126  42.24996835  -4.28327871] 
[-34.63636109   5.77472806  18.56529614  12.34842086  40.59343484
 -37.47574755 -35.2678703  -27.06216485 -20.17057562 -20.18364358
  23.30601035  10.70321659  42.25348436  -4.28039729] 
[-34.63705733   5.77779293  18.56783103  12.34983873  40.59562991
 -37.47510909 -35.26891218 -27.06134582 -20.17113278 -20.18355137
  23.30600782  10.7064622   42.25644852  -4.27743447] 
[-34.6377801    5.78001751  18.57073778  12.35116289  40.59836644
 -37.4760038  -35.27045977 -27.06178674 -20.17199746 -20.18367933
  23.30579325  10.71033648  42.25826943  -4.27419419] 
[-34.63849992   5.78228665  18.57271363  12.35232193  40.5999782
 -37.47514373 -35.27144223 -27.06147621 -20.17228605 -20.18320606
  23.30636659  10.71352078  42.26128975  -4.27153517] 
[-34.63914477   5.78462914  18.57468388  12.35348421  40.60133489
 -37.47391874 -35.27258194 -27.06101514 -20.17263306 -20.18249578
  23.30696304  10.71676448  42.26444635  -4.26864738] 
[-34.63984122   5.78700309  18.57666594  12.35470864  40.60290724
 -37.47294951 -35.27370053 -27.06058163 -20.17297363 -20.18196759
  23.30736674  10.71995301  42.26748222  -4.26575044] 
[-34.6405598    5.78918243  18.57865176  12.35593366  40.60471129
 -37.47230884 -35.27479086 -27.06018572 -20.17331856 -20.18172967
  23.30783109  10.72311236  42.27055159  -4.26295801] 
[-34.64152634   5.79145374  18.58061794  12.35721945  40.60670277
 -37.47178415 -35.27656613 -27.05996868 -20.17346606 -20.18134415
  23.30809893  10.7263375   42.27351252  -4.2595839 ] 
[-34.64249636   5.79364239  18.58252585  12.35851564  40.60866521
 -37.47114746 -35.27835355 -27.05979703 -20.17359026 -20.18096609
  23.3083454   10.72948818  42.27659459  -4.25618833] 
[-34.6434481    5.79651483  18.58395388  12.35984449  40.61029292
 -37.47061395 -35.27990969 -27.05936687 -20.17362621 -20.18028765
  23.30813502  10.73244534  42.27924933  -4.25248486] 
[-34.6443403    5.79934695  18.58533618  12.3611517   40.611831
 -37.4699604  -35.28131549 -27.05882826 -20.17357711 -20.17966355
  23.30793046  10.73533247  42.28204405  -4.24893741] 
[-34.64519094   5.80202619  18.58678944  12.36249879  40.61342399
 -37.46938045 -35.28275441 -27.058402   -20.17355298 -20.17911227
  23.30772012  10.73818026  42.28484958  -4.24536394] 
[-34.64604722   5.80463873  18.58825411  12.36387655  40.61506041
 -37.46881369 -35.28416973 -27.05797566 -20.17351527 -20.17865401
  23.30752125  10.74092853  42.28770652  -4.24184463] 
[-34.64689      5.8071873   18.58972743  12.3652655   40.61671549
 -37.468242   -35.28559473 -27.05757701 -20.17347636 -20.17824627
  23.30734891  10.74361979  42.29059891  -4.23833353] 
[-34.64793284   5.8091946   18.59140312  12.36644069  40.61820443
 -37.46728145 -35.28808309 -27.05795419 -20.17341524 -20.17741319
  23.3075879   10.74671872  42.29348186  -4.23402064] 
[-34.64892857   5.81130442  18.59299816  12.36760145  40.61962546
 -37.46617431 -35.29043932 -27.05814798 -20.17328751 -20.17661801
  23.30770184  10.74971434  42.29653559  -4.2297879 ] 
[-34.64992925   5.81331448  18.59452288  12.36881681  40.62113503
 -37.46519481 -35.29261879 -27.05832539 -20.17317083 -20.17601901
  23.30777625  10.75251631  42.29965582  -4.22565064] 
[-34.65089304   5.81528323  18.59607868  12.37008312  40.62270516
 -37.46430373 -35.29467279 -27.05847062 -20.17310001 -20.17557972
  23.3077935   10.75521333  42.30276988  -4.22159536] 
[-34.65183847   5.81742376  18.59763315  12.37136539  40.62422839
 -37.46340398 -35.29669859 -27.05840575 -20.17295291 -20.17519096
  23.30780066  10.75791684  42.30584871  -4.21761738] 
[-34.65291586   5.81961415  18.59899123  12.37252436  40.62561595
 -37.4621838  -35.29881294 -27.05827768 -20.17257885 -20.17477218
  23.30790609  10.76055504  42.30920052  -4.21366625] 
[-34.65387614   5.82192395  18.60037811  12.37370931  40.62697392
 -37.46102604 -35.30094285 -27.05801354 -20.17224747 -20.17443663
  23.30791935  10.7631905   42.31248266  -4.20964584] 
[-34.65480638   5.8241992   18.60178358  12.37493317  40.6283867
 -37.45997489 -35.30301043 -27.05773367 -20.17195132 -20.17420915
  23.30791397  10.76575148  42.31575231  -4.20567263] 
[-34.65567108   5.82658543  18.6031131   12.37614923  40.62975838
 -37.45897341 -35.30490969 -27.05726921 -20.1716163  -20.17411059
  23.30785786  10.76821608  42.31905745  -4.20177725] 
[-34.65648439   5.82885308  18.6044842   12.37740677  40.63122245
 -37.45807883 -35.30672393 -27.05686301 -20.17137922 -20.17414461
  23.30781797  10.77056976  42.32234365  -4.19795852] 
[-34.65726368   5.83119477  18.60587105  12.37867164  40.6326812
 -37.45718653 -35.30857537 -27.05639606 -20.17112666 -20.17413398
  23.30778113  10.77296169  42.32556542  -4.19414095] 
[-34.65813154   5.83361312  18.60721779  12.37984672  40.63420868
 -37.45651989 -35.31014912 -27.0557457  -20.17087488 -20.17423529
  23.3077945   10.77536848  42.32858247  -4.19058202] 
[-34.65853557   5.83597577  18.60929525  12.38151754  40.63583478
 -37.45591198 -35.31206584 -27.05523191 -20.1712343  -20.17434431
  23.30745075  10.77831174  42.33183613  -4.18659512] 
[-34.65905858   5.83834702  18.61122258  12.38311596  40.63741938
 -37.45516278 -35.31396046 -27.05468623 -20.17147398 -20.17439516
  23.30718978  10.78115069  42.3351381   -4.18266643] 
[-34.65966576   5.84071491  18.61303857  12.38466358  40.63898046
 -37.45431385 -35.31584234 -27.05412572 -20.17162846 -20.17440911
  23.30699375  10.78390144  42.33847413  -4.17877656] 
[-34.6602904    5.84334175  18.61474058  12.38613659  40.64041588
 -37.45313612 -35.31774424 -27.05335632 -20.17158714 -20.17437665
  23.30672969  10.78658348  42.34197313  -4.1748592 ] 
[-34.66085473   5.84622343  18.61642285  12.3876689   40.64181283
 -37.45210962 -35.31961676 -27.05232988 -20.17140544 -20.1744378
  23.30639438  10.78931376  42.34530651  -4.17107084] 
[-34.66143987   5.84904186  18.61802518  12.38919563  40.64320118
 -37.45102287 -35.3215402  -27.05141057 -20.17126417 -20.17449717
  23.3061735   10.79192292  42.34866075  -4.16721413] 
[-34.66210571   5.85171472  18.61951376  12.39063295  40.6445345
 -37.44986286 -35.32350369 -27.05063123 -20.17113444 -20.17451278
  23.30610338  10.79448059  42.35203564  -4.16330238] 
[-34.66281459   5.85426462  18.62093291  12.3920453   40.64590716
 -37.44860641 -35.32541451 -27.04996983 -20.1709941  -20.17449466
  23.30607545  10.7969429   42.35551258  -4.15942747] 
[-34.6635274    5.85679525  18.62236528  12.39344402  40.64730422
 -37.44736807 -35.32730598 -27.04930996 -20.17087192 -20.17449946
  23.30604761  10.79936122  42.35897839  -4.15557817] 
[-34.66418674   5.85945188  18.62387599  12.39485349  40.64864252
 -37.44602501 -35.32933092 -27.04860387 -20.17075798 -20.1744148
  23.305917    10.80188926  42.36246336  -4.15160594] 
[-34.66503036   5.86139635  18.62533031  12.3962261   40.65023197
 -37.44477644 -35.33123745 -27.04848833 -20.17088632 -20.17472014
  23.30609991  10.80393165  42.36633706  -4.14775993] 
[-34.66585099   5.86381235  18.62682998  12.39746313  40.65157426
 -37.44323191 -35.33329802 -27.04797618 -20.17086864 -20.17463777
  23.3062323   10.80627767  42.36999465  -4.14383263] 
[-34.66684735   5.86594226  18.62825743  12.3988685   40.65313268
 -37.44187234 -35.33538857 -27.04757845 -20.17086278 -20.17463517
  23.30650016  10.80843402  42.37386075  -4.13974825] 
[-34.66777007   5.86811631  18.62998408  12.40039446  40.65488061
 -37.44063769 -35.33785519 -27.04720816 -20.17088911 -20.17466968
  23.30678412  10.81069179  42.37762923  -4.13548358] 
[-34.66856307   5.87043866  18.6316439   12.40189568  40.65673092
 -37.4394358  -35.33998783 -27.04676928 -20.17070175 -20.17461573
  23.30685101  10.81309648  42.38105399  -4.13157234] 
[-34.66942627   5.87282502  18.63348473  12.4034584   40.65871665
 -37.43854724 -35.34205638 -27.04634765 -20.17061823 -20.17466662
  23.30675641  10.81539292  42.38418428  -4.1278123 ] 
[-34.67027366   5.87522241  18.63528641  12.40500085  40.66064836
 -37.43760965 -35.34411485 -27.04589779 -20.17052178 -20.17467028
  23.30667944  10.81768885  42.38730597  -4.12405401] 
[-34.67116674   5.87778335  18.63678959  12.40644386  40.66240405
 -37.43629326 -35.34605431 -27.04519921 -20.17027475 -20.17464954
  23.30664342  10.81991218  42.39067033  -4.12035143] 
[-34.67241532   5.88017129  18.63749562  12.40757142  40.66377468
 -37.43423979 -35.34751906 -27.0444148  -20.16999056 -20.17466392
  23.30655055  10.82169524  42.39479014  -4.11667555] 
[-34.6733916    5.88251722  18.63865171  12.40874536  40.66531702
 -37.43271524 -35.34914182 -27.04373423 -20.16986797 -20.17485589
  23.30654842  10.82366573  42.39850005  -4.11291779] 
[-34.67420233   5.8849056   18.639922    12.40990172  40.66676613
 -37.43131792 -35.35082331 -27.04312004 -20.16980873 -20.17499332
  23.3064692   10.82560498  42.40210078  -4.10923885] 
[-34.67526448   5.88715511  18.64135023  12.41105463  40.66834545
 -37.42998286 -35.3526219  -27.04252388 -20.16969276 -20.1750832
  23.30601563  10.82752727  42.40597414  -4.10543077] 
[-34.67625407   5.88939941  18.64281078  12.41218592  40.66989579
 -37.42869125 -35.35441352 -27.04192697 -20.16961033 -20.17514538
  23.30566831  10.82947905  42.4097276   -4.1016539 ] 
[-34.67716268   5.89170172  18.64430151  12.41328045  40.67137678
 -37.42738334 -35.3562915  -27.04126673 -20.16952603 -20.17509958
  23.30540318  10.83152792  42.41334648  -4.09783626] 
[-34.67803934   5.89400602  18.64580717  12.41436785  40.67283625
 -37.42610244 -35.35821331 -27.04059239 -20.16944906 -20.17501993
  23.30517393  10.83361215  42.4168994   -4.09401195] 
[-34.67883787   5.89640501  18.6473332   12.41541945  40.6742073
 -37.42481243 -35.36010947 -27.03982401 -20.16935136 -20.17485519
  23.3049965   10.83577022  42.42030105  -4.09024977] 
[-34.67961287   5.89877322  18.64886634  12.41648445  40.67558498
 -37.4235627  -35.36203368 -27.039088   -20.16927551 -20.17470298
  23.30485743  10.83791578  42.42365899  -4.08647415] 
[-34.68036731   5.90102283  18.6502181   12.41734083  40.67676206
 -37.42220176 -35.36381614 -27.03837368 -20.16906269 -20.17434941
  23.30499503  10.83996504  42.42683423  -4.08274754] 
[-34.6810516    5.90327032  18.6516044   12.4181861   40.67798126
 -37.42096601 -35.36579633 -27.03772202 -20.16885997 -20.17404482
  23.30515654  10.84208373  42.42993105  -4.07885407] 
[-34.68176224   5.90543331  18.653131    12.41905878  40.67923559
 -37.41994538 -35.36792684 -27.03712449 -20.16875796 -20.17375159
  23.30524292  10.84418139  42.43288004  -4.07486886] 
[-34.68245606   5.90751199  18.65464184  12.42003256  40.6806041
 -37.41898158 -35.37000949 -27.03663127 -20.16876544 -20.17353712
  23.3053919   10.8462001   42.43585287  -4.07090472] 
[-34.68316892   5.90960844  18.656117    12.42100629  40.68194518
 -37.41799111 -35.37212085 -27.0361197  -20.16873981 -20.17330358
  23.30552287  10.84821447  42.43881342  -4.06693717] 
[-34.68388735   5.91172281  18.6575743   12.42198546  40.68326868
 -37.41696454 -35.37424796 -27.03558629 -20.16869288 -20.17306923
  23.30563863  10.85021249  42.44178187  -4.06298388] 
[-34.68461546   5.91383136  18.65900323  12.42297311  40.6845866
 -37.41591329 -35.37637406 -27.03505671 -20.16862907 -20.17284414
  23.30573058  10.85217844  42.44475675  -4.05905057] 
[-34.68530669   5.9161143   18.66042237  12.42394889  40.68587023
 -37.41485542 -35.37858405 -27.03436811 -20.16850352 -20.1725799
  23.30576848  10.85415032  42.44764233  -4.05506198] 
[-34.6857044    5.91821025  18.66193551  12.42500722  40.68730457
 -37.41383284 -35.38098426 -27.03392194 -20.16853687 -20.17249202
  23.30586836  10.8561344   42.45094898  -4.05067303] 
[-34.68608371   5.92029278  18.66349912  12.42611537  40.68869081
 -37.41271055 -35.38339119 -27.03340657 -20.1685919  -20.17244348
  23.30588061  10.85804727  42.45433487  -4.04636234] 
[-34.68644271   5.9224348   18.66500952  12.42715434  40.6899275
 -37.41152164 -35.38588793 -27.03275524 -20.1686682  -20.17223173
  23.30602696  10.85996341  42.45754979  -4.04202857] 
[-34.68678986   5.92473669  18.66686915  12.42818276  40.69108828
 -37.41027823 -35.38882834 -27.03203533 -20.1687964  -20.17167169
  23.30603626  10.86212738  42.46071825  -4.03725765] 
[-34.68723229   5.92709185  18.66863503  12.42925201  40.69228295
 -37.40901802 -35.39173113 -27.03128605 -20.16886983 -20.17115315
  23.30598802  10.86418742  42.4639137   -4.03249321] 
[-34.68775835   5.92942353  18.67031068  12.4303208   40.69349312
 -37.40776944 -35.39456575 -27.03054267 -20.1689217  -20.17070076
  23.30595884  10.86617871  42.4671114   -4.02779608] 
[-34.68836494   5.93176868  18.67192634  12.43137463  40.69468468
 -37.40653851 -35.39731997 -27.02976023 -20.16895519 -20.17028449
  23.30595476  10.86813668  42.47025887  -4.02320008] 
[-34.68907048   5.93397961  18.67333657  12.43233178  40.69579676
 -37.40530413 -35.39986741 -27.02902008 -20.16894885 -20.16988766
  23.30600639  10.87001579  42.47347413  -4.01880378] 
[-34.68972076   5.9361103   18.67455737  12.43342411  40.6970611
 -37.40407167 -35.40245344 -27.02842204 -20.16906676 -20.16972713
  23.30630664  10.87169136  42.47708867  -4.01411658] 
[-34.6904569    5.93820591  18.67565631  12.4344902   40.69825591
 -37.402737   -35.40509686 -27.02785621 -20.16911456 -20.1694872
  23.30663629  10.8733493   42.48067254  -4.00938047] 
[-34.69120193   5.94034416  18.67678867  12.43553019  40.6994327
 -37.40139569 -35.40774119 -27.0272438  -20.16914265 -20.16924844
  23.30691719  10.87504277  42.48417911  -4.00468732] 
[-34.69193363   5.94253604  18.67796528  12.43652587  40.70056209
 -37.40007818 -35.41042059 -27.02657163 -20.16917327 -20.16897076
  23.30718923  10.87681293  42.48760975  -3.99999157] 
[-34.69264066   5.94479987  18.67919309  12.4374774   40.70164236
 -37.39868293 -35.41312031 -27.02586592 -20.16920288 -20.1686731
  23.30739531  10.87857518  42.49103367  -3.99533715] 
[-34.69335716   5.94710302  18.68044388  12.43841469  40.70271054
 -37.39730575 -35.41581432 -27.02511584 -20.16921631 -20.16839796
  23.30755943  10.88035006  42.49439182  -3.99072776] 
[-34.69406265   5.94914664  18.6817979   12.43943849  40.70394166
 -37.39618744 -35.41854955 -27.02464928 -20.16937357 -20.16814384
  23.307791    10.88210727  42.49759304  -3.98621704] 
[-34.69482224   5.95117922  18.68308872  12.44044244  40.70516931
 -37.3950438  -35.42123759 -27.02417417 -20.16947958 -20.16792204
  23.30798105  10.8838387   42.5007822   -3.98175608] 
[-34.69568579   5.95323726  18.68422077  12.44134461  40.70632484
 -37.39371076 -35.42387779 -27.0237321  -20.16956891 -20.16775162
  23.30811692  10.88544612  42.50409828  -3.97736406] 
[-34.69654181   5.95539242  18.68538956  12.44223019  40.70742729
 -37.39235784 -35.42654356 -27.02316948 -20.16961799 -20.16754566
  23.30822442  10.88710614  42.50732848  -3.97298826] 
[-34.69740041   5.95755859  18.68657334  12.44311461  40.70852341
 -37.39102329 -35.42919466 -27.02256181 -20.16963638 -20.16736128
  23.3083065   10.88878314  42.51051001  -3.96866849] 
[-34.69816982   5.95984375  18.68765559  12.44400219  40.70944843
 -37.38945283 -35.43210265 -27.02192164 -20.16959298 -20.16703027
  23.30852875  10.89047543  42.51372121  -3.96406255] 
[-34.69903745   5.96210357  18.68882127  12.44488616  40.71035274
 -37.38794707 -35.43485093 -27.0213248  -20.16957289 -20.16666924
  23.30859753  10.89208575  42.51674466  -3.95965019] 
[-34.6998875    5.96432154  18.6899375   12.44571899  40.71122449
 -37.38638249 -35.43765336 -27.02077847 -20.16952041 -20.16629638
  23.30864033  10.893717    42.51978905  -3.95517725] 
[-34.70073419   5.96652426  18.69106545  12.44655949  40.7121102
 -37.3848594  -35.44044247 -27.02022588 -20.16946363 -20.16597504
  23.30867477  10.89533085  42.52281651  -3.95075147] 
[-34.70158513   5.96870666  18.69217983  12.44739188  40.71298556
 -37.38332789 -35.44312953 -27.0196021  -20.16934142 -20.16572021
  23.30866274  10.89694279  42.52582302  -3.94647557] 
[-34.70248101   5.97083758  18.69319641  12.44821     40.713908
 -37.38171906 -35.44578845 -27.01899326 -20.16916872 -20.16554075
  23.30862717  10.89847897  42.52892919  -3.94218156] 
[-34.70337813   5.97307702  18.69420854  12.44898521  40.71474097
 -37.38003647 -35.44835061 -27.01825059 -20.16892901 -20.16531228
  23.30854199  10.89999055  42.53196735  -3.93804265] 
[-34.70438235   5.97551035  18.69514297  12.44974929  40.71537116
 -37.37864688 -35.45072094 -27.017116   -20.16853247 -20.16496431
  23.30861488  10.90164488  42.53455022  -3.93426773] 
[-34.70533579   5.97787165  18.69612847  12.45053847  40.71604032
 -37.37731628 -35.45307108 -27.01608145 -20.16821161 -20.1646785
  23.30866474  10.90326323  42.53712225  -3.93053518] 
[-34.7062395    5.98020111  18.69712749  12.45132491  40.71671878
 -37.3760198  -35.45546398 -27.01511207 -20.16794718 -20.16441978
  23.30870398  10.90484615  42.53969033  -3.92676452] 
[-34.70705316   5.98249016  18.69828971  12.45212801  40.71744128
 -37.37474366 -35.45801361 -27.01419196 -20.16763362 -20.16421889
  23.3087271   10.90644664  42.54229828  -3.9229693 ] 
[-34.70784859   5.98503033  18.69972229  12.45296689  40.71826922
 -37.37358795 -35.46064426 -27.01302922 -20.16733353 -20.16413372
  23.30862804  10.90818557  42.54486751  -3.91920082] 
[-34.70854032   5.98697479  18.70087885  12.4539874   40.71918162
 -37.37269602 -35.46293571 -27.01240766 -20.1672446  -20.16435504
  23.30870145  10.90952246  42.54743334  -3.91559413] 
[-34.70920926   5.98903067  18.70200979  12.45491136  40.72000101
 -37.3717226  -35.46524878 -27.0116926  -20.16710071 -20.16450708
  23.30880165  10.91086801  42.55002113  -3.91192942] 
[-34.70989314   5.99103805  18.70313224  12.45578935  40.72078475
 -37.37075087 -35.46753468 -27.01100028 -20.16696603 -20.16460162
  23.30887502  10.91225245  42.55256737  -3.90831951] 
[-34.71057102   5.99299793  18.70422994  12.4566658   40.72155574
 -37.36975351 -35.46988204 -27.01038032 -20.16685298 -20.1646837
  23.30892571  10.91360068  42.55517919  -3.90463485] 
[-34.71120027   5.99512929  18.70549301  12.45759501  40.7223696
 -37.36875605 -35.47224297 -27.00958623 -20.16675287 -20.16481483
  23.30885681  10.91493879  42.55765097  -3.90103973] 
[-34.71187463   5.99728889  18.7068214   12.45847437  40.7232041
 -37.3678305  -35.47463126 -27.00879514 -20.16663138 -20.16488915
  23.30882066  10.9163535   42.55999072  -3.89750211] 
[-34.71256828   5.99936991  18.7080841   12.45934568  40.72404553
 -37.36686703 -35.4769962  -27.00809268 -20.16653727 -20.1649424
  23.3088143   10.91773632  42.56235891  -3.89396162] 
[-34.71336547   6.00118923  18.70916863  12.46021951  40.72487475
 -37.36592318 -35.47934674 -27.00761035 -20.16651638 -20.16497127
  23.30882265  10.91905376  42.56486537  -3.89045415] 
[-34.71428921   6.00291186  18.70997875  12.46106376  40.72569957
 -37.36481095 -35.4817967  -27.00725456 -20.16644451 -20.16495072
  23.30891315  10.92030703  42.56759744  -3.88681045] 
[-34.71519256   6.00471698  18.71085056  12.46191908  40.72651675
 -37.3637289  -35.484243   -27.00678447 -20.16634356 -20.16494786
  23.30895073  10.92157551  42.57022496  -3.88323084] 
[-34.71609108   6.00661723  18.71178731  12.46274339  40.727354
 -37.36274207 -35.48665963 -27.00616559 -20.16624356 -20.16502437
  23.30896379  10.92282586  42.57268736  -3.87976521] 
[-34.71701671   6.00845195  18.7126102   12.46351869  40.72816964
 -37.361649   -35.48908019 -27.00558371 -20.16611424 -20.16503828
  23.30903191  10.92404194  42.57520809  -3.8762939 ] 
[-34.71791218   6.0102588   18.71346171  12.46429356  40.72898866
 -37.36054561 -35.49149117 -27.00502702 -20.16601485 -20.16505118
  23.30908568  10.92526362  42.57769856  -3.87282718] 
[-34.71874918   6.01208316  18.71438552  12.46504924  40.72975802
 -37.35938631 -35.49398063 -27.00455694 -20.16595653 -20.16505703
  23.3091377   10.92649562  42.58026786  -3.86924927] 
[-34.71959715   6.01380545  18.71519623  12.46574641  40.73049764
 -37.35813985 -35.49646632 -27.00419954 -20.16589428 -20.16504098
  23.30924214  10.92773001  42.58290783  -3.86561378] 
[-34.72038878   6.01541543  18.71590016  12.46635911  40.73125533
 -37.35696713 -35.49880676 -27.00386131 -20.16582399 -20.16506794
  23.30944299  10.92903202  42.58541333  -3.86203472] 
[-34.72117305   6.01703081  18.71662195  12.46696944  40.73200917
 -37.35579734 -35.50114739 -27.00349614 -20.16574819 -20.16509635
  23.3096195   10.93033615  42.58788717  -3.85847759] 
[-34.7219827    6.01895083  18.71757375  12.46756003  40.73272179
 -37.35472638 -35.50349689 -27.0027432  -20.16557187 -20.16509538
  23.30970333  10.93181034  42.5901231   -3.85507213] 
[-34.72292727   6.02092859  18.7186097   12.4680436   40.73330668
 -37.35381017 -35.50562843 -27.00169984 -20.16524985 -20.16506207
  23.30958111  10.93325179  42.59204021  -3.85187033] 
[-34.72398373   6.02297764  18.71938968  12.46840553  40.73379673
 -37.35282961 -35.50755813 -27.00059977 -20.16482369 -20.16499856
  23.30943081  10.93456003  42.59407463  -3.84886454] 
[-34.72498991   6.02487976  18.72014084  12.46876618  40.73431419
 -37.35185848 -35.50949059 -26.99969482 -20.16446875 -20.16495508
  23.30932936  10.93580813  42.596157    -3.84584117] 
[-34.72593583   6.02668554  18.72086802  12.46912534  40.73484678
 -37.35089818 -35.51137999 -26.99892761 -20.16419101 -20.16494429
  23.30927009  10.93700701  42.59825535  -3.84285121] 
[-34.72688229   6.02848411  18.72150848  12.46949747  40.73538409
 -37.34991931 -35.51328686 -26.99821628 -20.16398281 -20.1649428
  23.30920695  10.93815808  42.60043157  -3.83976947] 
[-34.72778125   6.03017543  18.72211821  12.469868    40.7359238
 -37.34892783 -35.51516343 -26.99762557 -20.16382    -20.16493352
  23.3091948   10.93926198  42.60262876  -3.83671962] 
[-34.72863208   6.03181602  18.72276507  12.47025132  40.73646812
 -37.34795958 -35.5170492  -26.99708283 -20.16369333 -20.16494795
  23.30917573  10.94034941  42.60480135  -3.83367714] 
[-34.72948193   6.03353391  18.72344277  12.47063356  40.73695978
 -37.34692931 -35.51892403 -26.99643886 -20.1635749  -20.16489983
  23.30916018  10.94149196  42.60694686  -3.83067003] 
[-34.7302354    6.03505541  18.72419548  12.47106931  40.73750253
 -37.34594575 -35.52076985 -26.99599224 -20.16353195 -20.16491381
  23.3091963   10.94261649  42.60905094  -3.8277626 ] 
[-34.73101202   6.03655337  18.72493084  12.47153129  40.73808593
 -37.34500882 -35.52261057 -26.99557594 -20.16349884 -20.16492071
  23.30923345  10.94376788  42.61110879  -3.82483162] 
[-34.73171229   6.03811897  18.72567763  12.47193259  40.73863468
 -37.34405053 -35.52448052 -26.99515626 -20.16351366 -20.16492591
  23.30927607  10.94492977  42.61316436  -3.82183238] 
[-34.73239777   6.03965445  18.7264282   12.47234444  40.7391895
 -37.34308458 -35.52634546 -26.99475547 -20.16353258 -20.16492614
  23.30931032  10.94608375  42.61521792  -3.81885168] 
[-34.73307192   6.04136909  18.7272037   12.47270978  40.73968991
 -37.34209341 -35.52823521 -26.99416571 -20.16352201 -20.16490071
  23.30931321  10.94730229  42.61717575  -3.81583383] 
[-34.73374142   6.04280926  18.72779214  12.47306025  40.74020451
 -37.34097941 -35.53011721 -26.99389522 -20.16350761 -20.16491434
  23.30937355  10.94844139  42.61935027  -3.81277404] 
[-34.73439582   6.04422263  18.72839952  12.47342339  40.7407222
 -37.33987179 -35.5319988  -26.99363573 -20.16349267 -20.16493498
  23.3094282   10.94956815  42.62152339  -3.80974692] 
[-34.73507275   6.04560107  18.72914109  12.47391099  40.74125517
 -37.33885273 -35.53391792 -26.99327439 -20.1634015  -20.16492175
  23.30939498  10.95066808  42.62370674  -3.80685248] 
[-34.7358501    6.04693948  18.72976113  12.47438821  40.74177105
 -37.3376795  -35.53590196 -26.99295376 -20.16327843 -20.16483038
  23.3093122   10.95177421  42.62594113  -3.80383924] 
[-34.73659429   6.04829259  18.73041625  12.47487918  40.74229084
 -37.33654    -35.53787133 -26.99261094 -20.16316578 -20.16474676
  23.3092369   10.95288243  42.62813125  -3.80084924] 
[-34.73731581   6.04960869  18.73107327  12.47536964  40.7428112
 -37.33540099 -35.5398277  -26.99230724 -20.16307294 -20.16467389
  23.30918142  10.95397316  42.63032444  -3.79788496] 
[-34.73801388   6.05088332  18.73172481  12.47586181  40.74332783
 -37.33427653 -35.54178192 -26.9920444  -20.16299246 -20.1646209
  23.30915035  10.95505467  42.63251133  -3.79493157] 
[-34.73870271   6.05214486  18.7323844   12.4763499   40.7438464
 -37.33315343 -35.54372556 -26.99178724 -20.16292154 -20.16457311
  23.30912403  10.9561375   42.6346869   -3.79199651] 
[-34.739379     6.05348958  18.73303547  12.47678674  40.74432346
 -37.33198149 -35.5457403  -26.99146623 -20.16278745 -20.1645209
  23.30909287  10.95723885  42.63690649  -3.78902368] 
[-34.7400819    6.05475978  18.7336301   12.47720681  40.74482113
 -37.3307708  -35.54771925 -26.99121611 -20.16266355 -20.16444896
  23.30906245  10.95832935  42.63913153  -3.78605711] 
[-34.7407914    6.05607386  18.73421771  12.4775928   40.74529701
 -37.32954912 -35.54977039 -26.99090202 -20.16255591 -20.16436894
  23.30902674  10.95947648  42.64139411  -3.78300336] 
[-34.7415246    6.05741495  18.73488244  12.47804063  40.74583487
 -37.32830958 -35.55184584 -26.99058622 -20.16242367 -20.16427379
  23.30890567  10.96058992  42.64359516  -3.78000857] 
[-34.74221946   6.05880928  18.73561717  12.47848867  40.74637881
 -37.32712754 -35.55389945 -26.99021416 -20.16232859 -20.1641836
  23.30877026  10.96173776  42.64572219  -3.77703114] 
[-34.7430421    6.06035112  18.73616645  12.4788752   40.74686419
 -37.3257423  -35.55610168 -26.98972558 -20.16215007 -20.16399445
  23.30860959  10.96296531  42.64791371  -3.77384327] 
[-34.74382889   6.06178247  18.73676282  12.4792959   40.74739059
 -37.32443104 -35.55827089 -26.98933796 -20.16203092 -20.16386629
  23.3084989   10.96413775  42.65012637  -3.77072529] 
[-34.74462681   6.06321015  18.73733898  12.47976207  40.74792995
 -37.32306261 -35.56048734 -26.98894964 -20.16191106 -20.16378407
  23.3083922   10.96535484  42.65237664  -3.76751684] 
[-34.74538575   6.06471744  18.73796399  12.48027364  40.74849228
 -37.32176257 -35.56269743 -26.98844827 -20.16177497 -20.1636943
  23.30824476  10.96661255  42.65452891  -3.76437272] 
[-34.74609518   6.06610947  18.73860563  12.48078129  40.74907413
 -37.32050315 -35.56484461 -26.98806911 -20.16170468 -20.16365146
  23.30815949  10.96781219  42.65669158  -3.76130805] 
[-34.74682703   6.06772478  18.73926996  12.48125263  40.74958229
 -37.31921677 -35.56708016 -26.98751654 -20.16170293 -20.16347256
  23.30805735  10.96916902  42.65882451  -3.75806065] 
[-34.74754743   6.06926059  18.73991054  12.48172623  40.75010913
 -37.31792688 -35.56928219 -26.98704873 -20.16171151 -20.16332726
  23.30799043  10.97046261  42.66099534  -3.75485283] 
[-34.74825945   6.07075833  18.74062319  12.4822328   40.75067144
 -37.3167113  -35.57146983 -26.98661682 -20.16176142 -20.16321764
  23.30793221  10.97173808  42.66313733  -3.7517    ] 
[-34.74897285   6.07203132  18.74136014  12.48277996  40.7512675
 -37.3155608  -35.57345342 -26.98637397 -20.16191973 -20.16321307
  23.3079239   10.97286433  42.66521447  -3.74879131] 
[-34.74975215   6.07319784  18.74204697  12.48342158  40.75196876
 -37.31451798 -35.57527077 -26.98620179 -20.16203896 -20.16319857
  23.30788274  10.97401006  42.66718995  -3.74607897] 
[-34.75049261   6.07436836  18.7427588   12.48406009  40.75266468
 -37.31349016 -35.57707495 -26.98601033 -20.1621446  -20.16320011
  23.30785113  10.97514938  42.66913943  -3.74340759] 
[-34.75120656   6.07553944  18.74346457  12.48467999  40.75333895
 -37.31245177 -35.57886639 -26.98581017 -20.16224104 -20.16319876
  23.30783603  10.97628321  42.67108645  -3.74075424] 
[-34.75191991   6.07667754  18.74412929  12.48527219  40.75398219
 -37.31138788 -35.58070388 -26.98565629 -20.16232525 -20.1631913
  23.30781169  10.97743856  42.67309222  -3.73805016] 
[-34.75270196   6.07775856  18.7446308   12.48582861  40.75465648
 -37.31025917 -35.58250759 -26.98548516 -20.16233195 -20.1631307
  23.30776355  10.97854103  42.67519738  -3.73530717] 
[-34.75341429   6.07873625  18.74515878  12.48638878  40.75534353
 -37.30916559 -35.58427724 -26.98540761 -20.16232868 -20.16308254
  23.30771016  10.97961576  42.67732829  -3.73265301] 
[-34.75413144   6.07961838  18.7455932   12.48693827  40.75598869
 -37.30799909 -35.58596846 -26.985393   -20.162297   -20.16305336
  23.30772494  10.98067699  42.67951593  -3.73008181] 
[-34.75481951   6.0805106   18.74602888  12.4874727   40.75661352
 -37.30681951 -35.58763262 -26.98534693 -20.16227035 -20.16302397
  23.30774412  10.98173872  42.6816757   -3.72754338] 
[-34.7554905    6.08170003  18.74632549  12.48787236  40.75702484
 -37.30547171 -35.58944766 -26.98501381 -20.16223559 -20.1628373
  23.30782439  10.98286714  42.68378374  -3.72479011] 
[-34.75612318   6.08284281  18.74668426  12.48828783  40.75747181
 -37.30417628 -35.59124446 -26.984736   -20.16221405 -20.16270498
  23.3079034   10.9839576   42.68588505  -3.72209612] 
[-34.75677629   6.08402518  18.74697271  12.48868388  40.75789618
 -37.30281777 -35.59335284 -26.98453275 -20.16229875 -20.16249353
  23.30797014  10.98508632  42.68826275  -3.71900164] 
[-34.75732628   6.08502744  18.74727265  12.48909305  40.75839017
 -37.3016208  -35.59533917 -26.98449192 -20.1623619  -20.16243186
  23.30807374  10.98620915  42.6905458   -3.71598621] 
[-34.75791983   6.08615673  18.74763086  12.48946669  40.75885311
 -37.30038841 -35.59734493 -26.98429677 -20.16240773 -20.16233531
  23.30816642  10.98742127  42.69273574  -3.71300528] 
[-34.7585067    6.08727164  18.74797534  12.48982113  40.75931699
 -37.29911167 -35.59935135 -26.98409072 -20.16241256 -20.16223211
  23.30823668  10.98863022  42.69494803  -3.71005909] 
[-34.75910572   6.08837784  18.74832232  12.49019029  40.75979206
 -37.29784165 -35.60132927 -26.98387118 -20.16241242 -20.16215586
  23.30829687  10.98982179  42.69714429  -3.70715826] 
[-34.75966984   6.08957211  18.74873911  12.49058624  40.76026152
 -37.29654733 -35.60332033 -26.98354694 -20.16238187 -20.16208652
  23.30832037  10.99106766  42.6993447   -3.70426841] 
[-34.76024925   6.09052824  18.74905167  12.49104935  40.76070749
 -37.29518617 -35.60522339 -26.98340704 -20.1624495  -20.16209283
  23.3083887   10.99210657  42.70149413  -3.70158544] 
[-34.76081609   6.0916072   18.74942909  12.49152526  40.76111233
 -37.29398767 -35.6069499  -26.98310963 -20.16256488 -20.16219717
  23.30837958  10.99322295  42.70340906  -3.69910648] 
[-34.76137715   6.09267044  18.74982637  12.49199133  40.76152086
 -37.29279907 -35.60865627 -26.98282201 -20.16267298 -20.16230557
  23.30837006  10.99432732  42.70531312  -3.69665954] 
[-34.76193089   6.09370732  18.75024483  12.4924544   40.76193746
 -37.29162285 -35.61034296 -26.98255816 -20.16277789 -20.16241841
  23.30836167  10.99541414  42.70720894  -3.69425216] 
[-34.76247945   6.09471537  18.75067023  12.49291191  40.76236139
 -37.29044952 -35.61200486 -26.98231672 -20.16288142 -20.16252794
  23.30835993  10.99648298  42.70910379  -3.69187888] 
[-34.76302732   6.09569808  18.75108954  12.49336742  40.76279014
 -37.28926682 -35.61365198 -26.9820964  -20.16298155 -20.16263691
  23.30836139  10.99752799  42.7110026   -3.68952905] 
[-34.76357702   6.09667219  18.75154035  12.493837    40.76324266
 -37.28811442 -35.61527225 -26.98189041 -20.16310134 -20.16275941
  23.30836742  10.99856898  42.71287969  -3.68720464] 
[-34.76411825   6.09756989  18.75202622  12.49431137  40.76372002
 -37.28699854 -35.61683355 -26.98176271 -20.16325881 -20.16288706
  23.30839036  10.99956223  42.7147508   -3.68494733] 
[-34.76463876   6.0984163   18.75255345  12.49475574  40.76421947
 -37.28586983 -35.61830799 -26.9816893  -20.16342364 -20.16301409
  23.30841928  11.00053245  42.71657954  -3.68279863] 
[-34.76515821   6.09931617  18.75309123  12.49520131  40.76469355
 -37.28467086 -35.61981605 -26.98151716 -20.1635052  -20.1631302
  23.3083848   11.00154315  42.7184384   -3.68060868] 
[-34.76566846   6.10020098  18.75362394  12.49564792  40.76516529
 -37.28346389 -35.62129841 -26.98134115 -20.16357851 -20.16323364
  23.30836683  11.00254674  42.72030067  -3.6784515 ] 
[-34.76627127   6.10122867  18.75410005  12.49609544  40.76560678
 -37.28219584 -35.62280887 -26.98099034 -20.16359706 -20.16330859
  23.30833203  11.0035931   42.72221338  -3.67624552] 
[-34.76687058   6.1021843   18.75454066  12.49653098  40.76608818
 -37.28085407 -35.62436345 -26.98075998 -20.1635804  -20.16337764
  23.3082967   11.00460256  42.72423041  -3.67402206] 
[-34.76747253   6.10312602  18.75499456  12.49694074  40.76653119
 -37.27948975 -35.6259203  -26.98050472 -20.16353247 -20.16341658
  23.30825362  11.00564006  42.7262154   -3.67183488] 
[-34.76806945   6.10406147  18.75542081  12.49733377  40.76695071
 -37.2780937  -35.62749252 -26.98024376 -20.16349268 -20.16342301
  23.30824336  11.00669087  42.72823685  -3.66961745] 
[-34.76865265   6.10496544  18.75585876  12.49771941  40.76736998
 -37.2767099  -35.62902576 -26.98000472 -20.16347826 -20.16344109
  23.30825222  11.00771944  42.73024022  -3.66743449] 
[-34.76923447   6.10578593  18.75641705  12.49818399  40.76787872
 -37.27550297 -35.63045105 -26.97979279 -20.16357675 -20.16352424
  23.30829715  11.00867608  42.73211592  -3.6653413 ] 
[-34.76979806   6.10661268  18.75697396  12.49865118  40.7683888
 -37.27429609 -35.6318712  -26.97957902 -20.1636707  -20.16359688
  23.30833878  11.00962987  42.73398631  -3.66325352] 
[-34.77037226   6.10746762  18.75751434  12.49910656  40.7688786
 -37.27306125 -35.63329035 -26.97932717 -20.16373495 -20.16365809
  23.30836387  11.01059919  42.73586125  -3.66116937] 
[-34.77093065   6.10831694  18.75804593  12.49955863  40.76936758
 -37.27182409 -35.63469128 -26.97908176 -20.16379348 -20.16372088
  23.30839556  11.0115548   42.73773029  -3.65910496] 
[-34.77146575   6.10918885  18.75859226  12.49999325  40.76984295
 -37.27060506 -35.63608367 -26.97881763 -20.16385434 -20.16379096
  23.30842117  11.01250659  42.73958929  -3.65704446] 
[-34.77197151   6.11003518  18.7591226   12.50042912  40.77029641
 -37.26938317 -35.63744371 -26.97857513 -20.16390701 -20.16384946
  23.30847955  11.0134483   42.74143214  -3.65500187] 
[-34.77249084   6.11088207  18.75967042  12.50086306  40.77074483
 -37.26816366 -35.63882002 -26.9783307  -20.16395612 -20.16388813
  23.30852671  11.01440904  42.74327067  -3.65296088] 
[-34.77300847   6.11169075  18.76020211  12.50127973  40.77119244
 -37.2669429  -35.64015836 -26.97813697 -20.16401492 -20.16391598
  23.30859673  11.01533584  42.74509829  -3.65097061] 
[-34.77350669   6.11246015  18.76070966  12.50168712  40.77163574
 -37.2657147  -35.64145848 -26.97797818 -20.16407326 -20.16393621
  23.30868456  11.016235    42.74693205  -3.64902572] 
[-34.77399942   6.11322957  18.76125482  12.50207404  40.77205406
 -37.26453687 -35.64277169 -26.97779843 -20.16414343 -20.16397634
  23.30878471  11.01712481  42.74872089  -3.64707847] 
[-34.7745119    6.11398006  18.76174256  12.5024331   40.77244302
 -37.26331295 -35.64408369 -26.97761162 -20.16417453 -20.16401886
  23.30890939  11.01799147  42.75054246  -3.64515573] 
[-34.77502267   6.11470371  18.76232029  12.50277072  40.77288802
 -37.26217698 -35.64537303 -26.97749652 -20.16417213 -20.16409474
  23.30897682  11.01879792  42.75227146  -3.64334746] 
[-34.77551038   6.11541412  18.76288639  12.50309354  40.77332676
 -37.2610198  -35.64664566 -26.97740864 -20.16418337 -20.16416247
  23.30903458  11.01959488  42.75401237  -3.64155187] 
[-34.77599546   6.11609629  18.76344565  12.50342698  40.77375723
 -37.25985966 -35.64787952 -26.97734648 -20.16419983 -20.16423536
  23.30911179  11.02037132  42.7557538   -3.63979256] 
[-34.77650924   6.1168294   18.76400309  12.503782    40.77418637
 -37.25872949 -35.64911833 -26.97719748 -20.16419297 -20.16428839
  23.30914163  11.02114699  42.75743342  -3.63806061] 
[-34.77700215   6.11754309  18.76454593  12.50413162  40.77461495
 -37.25760608 -35.65033639 -26.97705939 -20.16418775 -20.16434446
  23.30918108  11.02191275  42.75911051  -3.63635338] 
[-34.7774857    6.11824787  18.76506869  12.50448603  40.77504074
 -37.25647107 -35.65154757 -26.97691986 -20.16417837 -20.16438835
  23.30922528  11.02267088  42.76078345  -3.63464743] 
[-34.77795665   6.11895557  18.7655408   12.50482984  40.77543996
 -37.25530484 -35.65272151 -26.97678203 -20.1641534  -20.16443932
  23.30929937  11.02340185  42.7624396   -3.63294409] 
[-34.77841739   6.11963497  18.76599945  12.50518974  40.77585441
 -37.25412294 -35.6538836  -26.97665732 -20.16411528 -20.16448999
  23.3093605   11.02412141  42.76410453  -3.6312627 ] 
[-34.77885808   6.12029723  18.76646145  12.50555687  40.77627147
 -37.25295564 -35.65502815 -26.97654204 -20.16409255 -20.16454354
  23.30942907  11.02483124  42.7657703   -3.62959389] 
[-34.77927469   6.12096476  18.76691985  12.50591578  40.77667461
 -37.251786   -35.65619735 -26.97642881 -20.16407792 -20.16457343
  23.30950316  11.02552921  42.7674581   -3.62789558] 
[-34.77968386   6.1216414   18.76738195  12.50627392  40.77707573
 -37.25062116 -35.65735385 -26.97630153 -20.16405993 -20.16460698
  23.3095684   11.02623076  42.76913613  -3.6262108 ] 
[-34.7800817    6.12231937  18.76782634  12.50661323  40.77745884
 -37.24943842 -35.65848179 -26.97617872 -20.16403471 -20.16462676
  23.30962598  11.02694131  42.77081496  -3.62455265] 
[-34.78050267   6.12298223  18.76824609  12.506967    40.77784427
 -37.24824488 -35.659595   -26.97604054 -20.16402309 -20.16462464
  23.3096942   11.02766561  42.7724783   -3.62291737] 
[-34.78089142   6.12363855  18.76862975  12.50732513  40.77822549
 -37.24700495 -35.66072902 -26.97593611 -20.16398341 -20.16464238
  23.30974185  11.02835925  42.77419176  -3.62129127] 
[-34.78127687   6.12429026  18.76901271  12.50767937  40.77859967
 -37.24577045 -35.66184998 -26.97582899 -20.16395137 -20.16465718
  23.3097906   11.02905456  42.77589471  -3.61967678] 
[-34.7816492    6.12489946  18.7694204   12.5080539   40.77899661
 -37.24457544 -35.66293462 -26.97575648 -20.1639466  -20.16469556
  23.3098379   11.02972747  42.7775833   -3.61811226] 
[-34.78202048   6.1255115   18.76982714  12.50842235  40.77938636
 -37.2433841  -35.66400524 -26.97567381 -20.16394386 -20.16473088
  23.30988173  11.03040593  42.77925883  -3.61656028] 
[-34.78239118   6.12611928  18.77023197  12.50878736  40.77977365
 -37.24219516 -35.66506071 -26.9755879  -20.16394318 -20.1647629
  23.30992044  11.03108807  42.78092728  -3.61501939] 
[-34.78274009   6.12673453  18.77064348  12.50915334  40.78018019
 -37.24101127 -35.66615327 -26.97550233 -20.16393504 -20.16480045
  23.30992212  11.03177443  42.78259647  -3.61343968] 
[-34.78308965   6.12735152  18.77105706  12.50951208  40.78057546
 -37.23983346 -35.66722401 -26.97541216 -20.16393511 -20.1648351
  23.30992867  11.03246512  42.78424917  -3.61187922] 
[-34.78343456   6.12795706  18.77147054  12.50986227  40.78096048
 -37.23866206 -35.66827967 -26.97532785 -20.16394315 -20.16486304
  23.30994387  11.03315823  42.78589575  -3.61033807] 
[-34.78377433   6.12856433  18.77189093  12.51021754  40.78133397
 -37.23750606 -35.66932334 -26.97522104 -20.16394278 -20.16489874
  23.30996806  11.03386532  42.78753819  -3.60880403] 
[-34.78409991   6.12914198  18.77228642  12.51057381  40.78171585
 -37.2363507  -35.67034921 -26.97512184 -20.16395998 -20.16491449
  23.31000185  11.03454973  42.78917996  -3.60730099] 
[-34.78443027   6.12971989  18.77267864  12.51092591  40.78209253
 -37.23519872 -35.67136207 -26.97501674 -20.16397684 -20.16492964
  23.31003308  11.03523788  42.79081013  -3.60581071] 
[-34.78476454   6.13031395  18.77305651  12.51128605  40.78245712
 -37.23405608 -35.67237649 -26.97487889 -20.16398323 -20.16494717
  23.31007775  11.03593562  42.79243453  -3.60432725] 
[-34.78511471   6.13086147  18.77347027  12.51162173  40.78284313
 -37.23290256 -35.67337868 -26.97479789 -20.16401036 -20.16498672
  23.31008271  11.03664925  42.79402708  -3.60288887] 
[-34.78542579   6.13138758  18.77389224  12.51196134  40.7831965
 -37.23171311 -35.67440366 -26.97471237 -20.16400834 -20.16503111
  23.31011385  11.03734485  42.79566258  -3.60146775] 
[-34.78574697   6.13191575  18.77430445  12.51229581  40.78354781
 -37.23052741 -35.67541082 -26.97462216 -20.16401363 -20.16507121
  23.31014848  11.03803819  42.79728561  -3.60005457] 
[-34.78607704   6.13243554  18.77466992  12.51261578  40.78392452
 -37.22925484 -35.67642426 -26.97454301 -20.16396515 -20.16510399
  23.31022306  11.03876188  42.79899283  -3.59864091] 
[-34.78640075   6.13295342  18.77502316  12.51294113  40.78429358
 -37.22799034 -35.67742598 -26.97447144 -20.16391515 -20.16512868
  23.31028538  11.03947225  42.8006969   -3.59724472] 
[-34.7867407    6.13346954  18.77536405  12.51326756  40.78465539
 -37.22671877 -35.67839875 -26.97438459 -20.1638754  -20.16515094
  23.31033701  11.04019302  42.80239616  -3.59587066] 
[-34.78708153   6.13398851  18.77570513  12.51359067  40.78501407
 -37.22545797 -35.6793576  -26.97429091 -20.16384091 -20.16517419
  23.31038518  11.04091465  42.80408044  -3.59450552] 
[-34.78742891   6.13449654  18.77603919  12.51390764  40.78536565
 -37.22419398 -35.68031154 -26.974201   -20.16380448 -20.16518668
  23.31043007  11.04164267  42.80576774  -3.5931476 ] 
[-34.78777794   6.13500393  18.77637023  12.51422187  40.78571488
 -37.22293511 -35.68125333 -26.97411    -20.16377454 -20.1651973
  23.31047158  11.0423697   42.80744693  -3.59179697] 
[-34.78809993   6.13546624  18.77669687  12.51453459  40.78607128
 -37.22169573 -35.6821821  -26.97406714 -20.16375283 -20.16523087
  23.31049276  11.04308161  42.80909571  -3.59048385] 
[-34.78842231   6.13593563  18.77701949  12.51484141  40.78642296
 -37.22046947 -35.68310107 -26.97401707 -20.16374021 -20.16526005
  23.3105179   11.04379678  42.81072927  -3.58917426] 
[-34.78875091   6.13640578  18.7773358   12.5151479   40.78677291
 -37.21924692 -35.68400166 -26.97395759 -20.16372862 -20.16528881
  23.31054408  11.04451053  42.81235431  -3.58787872] 
[-34.7890735    6.13695784  18.77770058  12.51547964  40.78710628
 -37.21799953 -35.68489185 -26.97382064 -20.16372322 -20.16530407
  23.31052826  11.04525635  42.81393685  -3.58657458] 
[-34.78939108   6.1375159   18.77806048  12.51580251  40.78743076
 -37.21676278 -35.68577242 -26.97367898 -20.16371458 -20.16532557
  23.31051579  11.04600022  42.8155215   -3.58527567] 
[-34.78971085   6.1380653   18.7784126   12.51611931  40.78774597
 -37.21552485 -35.68664878 -26.97354692 -20.16371109 -20.16533649
  23.31051064  11.04673339  42.8171083   -3.58398181] 
[-34.79002724   6.13856832  18.77874183  12.51641339  40.78807203
 -37.2143024  -35.68745578 -26.97344272 -20.16371821 -20.16536436
  23.31053799  11.04746899  42.81866519  -3.58275149] 
[-34.79034602   6.13906718  18.77906968  12.51670478  40.78839521
 -37.21309147 -35.68825395 -26.97334019 -20.16372847 -20.16539186
  23.31056653  11.04820132  42.82021808  -3.58153072] 
[-34.79066456   6.13956384  18.77939614  12.51699445  40.78871702
 -37.21189023 -35.68904496 -26.9732383  -20.16374089 -20.16542019
  23.31059317  11.048928    42.82176814  -3.58031624] 
[-34.79098528   6.14005694  18.77972027  12.51728244  40.78903772
 -37.21069853 -35.68982857 -26.97313809 -20.16375661 -20.16544805
  23.31061976  11.04965122  42.82331455  -3.57910884] 
[-34.79130581   6.1405497   18.78002601  12.51758     40.78936989
 -37.20950893 -35.69061468 -26.97302839 -20.16375222 -20.16545379
  23.31066748  11.05037687  42.82488689  -3.57790603] 
[-34.79162183   6.14101745  18.78032749  12.51788017  40.78971362
 -37.20832229 -35.69138539 -26.97294512 -20.16375126 -20.1654675
  23.31071052  11.05109634  42.82646799  -3.57671723] 
[-34.79194082   6.14150888  18.78064296  12.51819591  40.79006758
 -37.20717574 -35.69211708 -26.97283871 -20.16374001 -20.16550968
  23.3107248   11.05179928  42.827997    -3.57557249] 
[-34.79225756   6.1419964   18.78095984  12.51850659  40.79041709
 -37.20603852 -35.69284245 -26.97273713 -20.16373352 -20.16554831
  23.31074186  11.05250127  42.82951848  -3.57443373] 
[-34.79256308   6.14246984  18.78128783  12.51881457  40.79075605
 -37.20491135 -35.69356067 -26.97264973 -20.16373959 -20.16558847
  23.31076704  11.05320378  42.83102664  -3.57331099] 
[-34.79286522   6.14299721  18.7816441   12.51910906  40.79108836
 -37.20377189 -35.69427261 -26.97250474 -20.16373141 -20.16565236
  23.31080209  11.05392039  42.83251075  -3.57218901] 
[-34.79317132   6.14350751  18.78195109  12.51942465  40.79142521
 -37.20259663 -35.6950201  -26.97237466 -20.16371642 -20.16570134
  23.31086306  11.05462518  42.8340493   -3.57101932] 
[-34.7934762    6.14402857  18.78228367  12.51971732  40.79175311
 -37.20146507 -35.69576639 -26.97225543 -20.16371149 -20.16577168
  23.31091439  11.05534264  42.83554613  -3.5698754 ] 
[-34.793785     6.1445369   18.78261037  12.52000925  40.7920792
 -37.20033707 -35.6965011  -26.97214754 -20.16371263 -20.16583311
  23.31096378  11.05605594  42.83704104  -3.56874064] 
[-34.79408924   6.14504583  18.78294451  12.52030929  40.79241382
 -37.19918552 -35.69726641 -26.97202907 -20.16368167 -20.16589847
  23.31098756  11.05676307  42.83853367  -3.56758901] 
[-34.79440221   6.14553542  18.78327174  12.52060532  40.79274863
 -37.19803419 -35.69802256 -26.97192831 -20.16365498 -20.1659541
  23.31100428  11.05746739  42.84001919  -3.56645155] 
[-34.7947141    6.14602694  18.7836172   12.5208881   40.79309566
 -37.19690133 -35.69877212 -26.97184019 -20.16364277 -20.16602649
  23.31101338  11.05816487  42.84150226  -3.56530594] 
[-34.79502638   6.14650837  18.7839567   12.52117008  40.79344103
 -37.19577495 -35.69950696 -26.97175751 -20.16363448 -20.16609194
  23.31102362  11.05885674  42.84298273  -3.56417325] 
[-34.79533562   6.14699707  18.78431847  12.52146379  40.79376891
 -37.1946374  -35.70027247 -26.97166092 -20.16362752 -20.16615799
  23.31100885  11.05956141  42.84445651  -3.56301427] 
[-34.79564958   6.14747253  18.78467044  12.52175919  40.79409297
 -37.19351152 -35.70102718 -26.97157441 -20.1636298  -20.16621926
  23.31099908  11.06026354  42.84593005  -3.56186614] 
[-34.79597398   6.14795377  18.78502325  12.52205844  40.79441762
 -37.19238961 -35.701758   -26.97147547 -20.16364154 -20.16627083
  23.31099763  11.06097014  42.84738813  -3.56073907] 
[-34.79628319   6.14841178  18.78535291  12.52235445  40.79475132
 -37.19128465 -35.70244232 -26.97137518 -20.16366465 -20.1663329
  23.31102372  11.06166702  42.84882281  -3.55964406] 
[-34.79658294   6.14885155  18.78566442  12.52264105  40.79508332
 -37.19019269 -35.70311133 -26.97128488 -20.16368911 -20.16638033
  23.31106138  11.06235217  42.85026211  -3.55855369] 
[-34.79688252   6.14928126  18.78597552  12.52292564  40.79540821
 -37.18911806 -35.70376697 -26.97120231 -20.16372007 -20.16642586
  23.31109875  11.06302907  42.8516882   -3.55747288] 
[-34.79717376   6.14972377  18.78629844  12.52319654  40.79571914
 -37.1880549  -35.70442205 -26.97110825 -20.16375287 -20.16647449
  23.31112907  11.06371291  42.85311076  -3.55640222] 
[-34.79742478   6.15021354  18.7866644   12.52342559  40.79598284
 -37.18705495 -35.70502912 -26.9709741  -20.16382669 -20.16652389
  23.3111963   11.06437178  42.85446405  -3.55536216] 
[-34.797679     6.15069058  18.787018    12.52364348  40.79625729
 -37.18604816 -35.70563205 -26.97085437 -20.1638959  -20.16655357
  23.3112604   11.06502383  42.85583616  -3.5543271 ] 
[-34.7979405    6.15113979  18.78734838  12.52386395  40.79654063
 -37.18503775 -35.70619606 -26.97074985 -20.16397831 -20.16657617
  23.31133629  11.06567739  42.8571939   -3.55332754] 
[-34.79819599   6.15157292  18.78767687  12.52409401  40.79682424
 -37.18404279 -35.70676123 -26.97065226 -20.16404895 -20.16659056
  23.31140695  11.06632645  42.85854709  -3.55234298] 
[-34.79846814   6.15198288  18.78799196  12.52432258  40.79712194
 -37.18303036 -35.70732573 -26.97057756 -20.16410931 -20.16660394
  23.31145586  11.06698177  42.85991822  -3.55136396] 
[-34.79874227   6.15239159  18.78830268  12.52455171  40.79741731
 -37.18202218 -35.70788621 -26.9705031  -20.16416576 -20.16661666
  23.31150017  11.06763456  42.86128492  -3.55039076] 
[-34.7990156    6.15279585  18.7886093   12.52477949  40.79770546
 -37.18100891 -35.70844253 -26.97043033 -20.16421247 -20.16662789
  23.31154262  11.0682836   42.86265445  -3.54942929] 
[-34.79929233   6.15320124  18.78891388  12.52500433  40.79799005
 -37.1800046  -35.70899616 -26.97035392 -20.16425301 -20.16664222
  23.31158009  11.06893147  42.86401279  -3.54847702] 
[-34.79957563   6.15360705  18.78921645  12.5252359   40.79826901
 -37.17900015 -35.70955602 -26.97027091 -20.16429605 -20.16665828
  23.31161847  11.06957345  42.86536376  -3.5475191 ] 
[-34.79987131   6.15402647  18.7895257   12.5254781   40.79855373
 -37.17799287 -35.71010171 -26.97016807 -20.16433772 -20.16668122
  23.31164137  11.07022178  42.86669749  -3.54657804] 
[-34.80017628   6.15442984  18.78984121  12.5257294   40.79883084
 -37.17700384 -35.71062754 -26.97006283 -20.16438772 -20.16669296
  23.31165671  11.07087805  42.86802982  -3.54566196] 
[-34.80047053   6.15482999  18.79016165  12.5259702   40.79909871
 -37.17602264 -35.71114419 -26.96996539 -20.16444425 -20.16670466
  23.31167348  11.07152991  42.86935038  -3.54475041] 
[-34.8007588    6.15524884  18.79047431  12.52620097  40.79936172
 -37.17505421 -35.71167073 -26.96984823 -20.16448233 -20.16671807
  23.3116767   11.07217901  42.87065147  -3.54383898] 
[-34.80104561   6.15566486  18.79078367  12.52642943  40.79962531
 -37.17409173 -35.71219517 -26.96973585 -20.1645203  -20.1667303
  23.31167817  11.07282158  42.87194708  -3.54293126] 
[-34.80133009   6.1560741   18.79108497  12.52665935  40.79988914
 -37.17313196 -35.71271713 -26.96963024 -20.16455964 -20.16673919
  23.31168311  11.07345727  42.87324009  -3.54202586] 
[-34.80162101   6.15647577  18.79138268  12.52689239  40.80015583
 -37.17218182 -35.71323049 -26.96952589 -20.16460151 -20.16674327
  23.31169071  11.07409209  42.87452345  -3.54112408] 
[-34.80191306   6.15685996  18.79166889  12.52711539  40.80042337
 -37.17123766 -35.71372974 -26.96944002 -20.16463696 -20.16674815
  23.31169059  11.07472696  42.87579633  -3.54023313] 
[-34.80219935   6.15724651  18.79192541  12.52734853  40.80070168
 -37.17029016 -35.71426172 -26.96936465 -20.16465148 -20.16674417
  23.31168248  11.07534761  42.87709753  -3.53930671] 
[-34.80248056   6.15762687  18.79218345  12.52758106  40.8009754
 -37.16934576 -35.71479202 -26.96929647 -20.16466561 -20.16674237
  23.31167871  11.07596332  42.8783929   -3.53838467] 
[-34.80276282   6.15800321  18.79244551  12.52780587  40.80124227
 -37.16840261 -35.71531703 -26.96923263 -20.16467811 -20.16674279
  23.31167083  11.07658031  42.87968056  -3.53746748] 
[-34.80304432   6.15837645  18.7927045   12.52802805  40.80150603
 -37.16746279 -35.71583508 -26.9691703  -20.16469221 -20.16674262
  23.31166543  11.07719435  42.88096369  -3.53655904] 
[-34.80331563   6.15873596  18.79296833  12.52824896  40.8017567
 -37.16652913 -35.71635169 -26.96911868 -20.16471738 -20.16673288
  23.31167227  11.07781274  42.88223605  -3.53566168] 
[-34.80359151   6.15909183  18.79323333  12.52847232  40.802009
 -37.16560057 -35.71685583 -26.96906475 -20.1647458  -20.16672712
  23.3116826   11.07843155  42.88349852  -3.53477899] 
[-34.80387788   6.15943782  18.79351163  12.52870196  40.80226852
 -37.1647013  -35.71733324 -26.96900473 -20.16478781 -20.16672388
  23.31169694  11.07905228  42.88473446  -3.53392789] 
[-34.80416293   6.15978323  18.79378666  12.5289298   40.80252635
 -37.16380489 -35.71780714 -26.96894529 -20.16482708 -20.16672114
  23.31171067  11.07966951  42.88596642  -3.53308266] 
[-34.80444164   6.1601244   18.79405531  12.52916074  40.80278824
 -37.16291376 -35.71827245 -26.96889378 -20.16486537 -20.16672375
  23.3117245   11.08027968  42.88719001  -3.53224964] 
[-34.804719     6.16046965  18.79431745  12.52939207  40.80305032
 -37.16202203 -35.71873338 -26.96883815 -20.16490205 -20.16672381
  23.3117346   11.08088399  42.88840703  -3.53141925] 
[-34.80499405   6.16082337  18.79455129  12.52958903  40.80328566
 -37.16116538 -35.7191727  -26.96877567 -20.16491333 -20.16675369
  23.31172108  11.08145514  42.88957812  -3.53058322] 
[-34.80526081   6.1611733   18.79477996  12.52978763  40.80351444
 -37.16031228 -35.71960672 -26.96872332 -20.16493298 -20.16677819
  23.31171728  11.08201705  42.89074346  -3.52975019] 
[-34.8055233    6.16151644  18.79500842  12.52997971  40.80373697
 -37.1594676  -35.72003395 -26.96868    -20.164958   -20.16679697
  23.31171748  11.08257262  42.89190496  -3.52892999] 
[-34.8057912    6.16186228  18.79524664  12.53015395  40.80394206
 -37.15861475 -35.72044077 -26.96864025 -20.16497773 -20.16680559
  23.31172738  11.08313323  42.89304911  -3.52813849] 
[-34.80605822   6.16220554  18.79548338  12.53032722  40.80414534
 -37.15776461 -35.72084507 -26.96860022 -20.16499565 -20.16681414
  23.31173663  11.08369069  42.89419149  -3.52735373] 
[-34.80633039   6.16254655  18.79572512  12.53051768  40.80435358
 -37.15692626 -35.72126437 -26.96856524 -20.16502774 -20.16682687
  23.31175009  11.08426133  42.89534728  -3.52656505] 
[-34.80659654   6.16287885  18.79597404  12.53071553  40.80457056
 -37.1560849  -35.72167763 -26.96853662 -20.16505483 -20.16683628
  23.31175716  11.08483614  42.89650943  -3.52578662] 
[-34.80684235   6.16318365  18.79619299  12.53089555  40.80476814
 -37.15522835 -35.72209277 -26.96854091 -20.16509383 -20.16682239
  23.31178677  11.08538498  42.89766807  -3.52500291] 
[-34.80709214   6.1634923   18.79641105  12.53107759  40.80496497
 -37.15437718 -35.72250693 -26.96853795 -20.16512854 -20.16681055
  23.31181354  11.08593458  42.89882067  -3.52422411] 
[-34.80736389   6.16378563  18.79660842  12.53127629  40.80515326
 -37.15354985 -35.72292819 -26.96853742 -20.16516122 -20.16679597
  23.31182602  11.08647006  42.89995253  -3.52343514] 
[-34.80763997   6.16408292  18.79680952  12.53148008  40.80534836
 -37.15273261 -35.72334959 -26.96853916 -20.16520069 -20.16677996
  23.31184576  11.08699988  42.90108688  -3.52265356] 
[-34.80791296   6.16438161  18.79701771  12.53168085  40.80554172
 -37.15191588 -35.72376803 -26.96853549 -20.16523502 -20.16676611
  23.31185846  11.08753344  42.90221841  -3.52188247] 
[-34.80819546   6.16468541  18.7972102   12.53191435  40.80574826
 -37.15105015 -35.72424406 -26.96852477 -20.16525923 -20.16677822
  23.31186065  11.08806572  42.90340359  -3.52104811] 
[-34.80847616   6.16498064  18.79738959  12.5321455   40.80595533
 -37.1501948  -35.72469909 -26.96851751 -20.16528295 -20.16678143
  23.31187658  11.08858657  42.90459029  -3.52023609] 
[-34.80875922   6.16528451  18.79756878  12.53236808  40.80615395
 -37.14933807 -35.72515218 -26.96849733 -20.16530532 -20.16678638
  23.31189414  11.0891119   42.9057652   -3.51943307] 
[-34.80903795   6.16558895  18.79775168  12.53258604  40.80635116
 -37.14848223 -35.72560159 -26.96847433 -20.16532458 -20.16679144
  23.31191041  11.08963699  42.90693421  -3.51863707] 
[-34.80930728   6.16589439  18.79793901  12.53279306  40.806539
 -37.14762947 -35.72606231 -26.96845882 -20.16534032 -20.16679295
  23.31192976  11.09015493  42.90810915  -3.51783237] 
[-34.80957487   6.16620046  18.79812818  12.53299676  40.80672533
 -37.14677802 -35.72651893 -26.96843966 -20.16535423 -20.16679438
  23.31194671  11.0906727   42.90927728  -3.51703427] 
[-34.80984542   6.16650285  18.79831396  12.53319252  40.80690728
 -37.14592336 -35.72697089 -26.96841951 -20.16536416 -20.1667906
  23.31195966  11.09119181  42.91043658  -3.516247  ] 
[-34.81011238   6.16680403  18.79849926  12.53338332  40.80708853
 -37.14506867 -35.72741585 -26.96839608 -20.16537439 -20.16678835
  23.3119733   11.09171133  42.91159255  -3.51546826] 
[-34.81038076   6.16710672  18.79868154  12.53357404  40.80727186
 -37.14421367 -35.72785142 -26.9683703  -20.16538095 -20.16678922
  23.31198835  11.09223087  42.91273988  -3.51469994] 
[-34.81065452   6.16741445  18.79886439  12.53376814  40.80745645
 -37.1433544  -35.72828521 -26.96834604 -20.16538962 -20.16678821
  23.31200233  11.09275169  42.91388313  -3.5139293 ] 
[-34.81090644   6.16773012  18.79903869  12.53395662  40.80763962
 -37.14252079 -35.72872093 -26.96833199 -20.16538355 -20.16679121
  23.31201605  11.09324928  42.9149986   -3.51318152] 
[-34.81115735   6.16804212  18.79921256  12.53413148  40.80781847
 -37.14167665 -35.72914826 -26.96831518 -20.16537571 -20.16679215
  23.31203798  11.09375444  42.91612129  -3.51244834] 
[-34.8114044    6.16835362  18.79939226  12.53430516  40.80799248
 -37.14083865 -35.72957611 -26.96829889 -20.16537206 -20.16679837
  23.31206364  11.09425771  42.91724401  -3.51171306] 
[-34.81164974   6.16866566  18.79956964  12.53447764  40.80816697
 -37.13999843 -35.72999997 -26.9682851  -20.16537331 -20.16680512
  23.31209137  11.09475793  42.91836794  -3.51097718] 
[-34.81189523   6.16897743  18.79974765  12.53465056  40.80833976
 -37.13916136 -35.73041857 -26.96826469 -20.16537192 -20.16680935
  23.31211872  11.09525781  42.91948308  -3.51025004] 
[-34.81213058   6.16928627  18.79994064  12.53483937  40.80852725
 -37.1383221  -35.73085295 -26.96823921 -20.16538112 -20.16682602
  23.31212981  11.09574925  42.9205877   -3.50950619] 
[-34.8123664    6.16959383  18.80013352  12.53502521  40.80871248
 -37.13748638 -35.73128303 -26.96821227 -20.16538995 -20.16684131
  23.31214041  11.09624017  42.92168792  -3.50876795] 
[-34.81261087   6.16989528  18.80032082  12.53521406  40.80888929
 -37.13665712 -35.73171329 -26.96817893 -20.16540155 -20.16684675
  23.31214515  11.09673769  42.92278943  -3.50803776] 
[-34.81286556   6.17017273  18.80048485  12.53540757  40.80905866
 -37.13581448 -35.73211848 -26.96816689 -20.1654265  -20.16683691
  23.31216601  11.09721992  42.9239069   -3.50732851] 
[-34.81311833   6.17044969  18.80064993  12.53559622  40.80922513
 -37.13497327 -35.73252091 -26.96815281 -20.16545039 -20.1668288
  23.31218373  11.09770282  42.92501837  -3.50662385] 
[-34.81336702   6.17072942  18.80081365  12.53577788  40.80938707
 -37.13413022 -35.73292381 -26.96813705 -20.16546965 -20.16682362
  23.31219641  11.09818231  42.92612282  -3.50592012] 
[-34.81361463   6.17100875  18.80097902  12.53595614  40.80954742
 -37.13329067 -35.73332303 -26.96811872 -20.16548756 -20.1668192
  23.31220803  11.0986617   42.92722182  -3.50522189] 
[-34.81386379   6.17128979  18.80114858  12.53613025  40.80970757
 -37.13245257 -35.73371459 -26.96809585 -20.16550597 -20.1668131
  23.31221512  11.09914351  42.92831152  -3.50453346] 
[-34.81412325   6.17157062  18.80130695  12.53631026  40.8098583
 -37.13160903 -35.73411667 -26.9680604  -20.1655284  -20.16681396
  23.31223137  11.09961994  42.9293939   -3.50383305] 
[-34.81440409   6.17186065  18.80145862  12.53649072  40.81000627
 -37.13075599 -35.73455004 -26.96800316 -20.16554405 -20.1668124
  23.31224713  11.10010194  42.93049697  -3.50310101] 
[-34.81468057   6.17214905  18.80161499  12.53666455  40.81015225
 -37.12990665 -35.73497835 -26.96794575 -20.16555916 -20.1668114
  23.31226183  11.10058371  42.93159665  -3.50237789] 
[-34.81494218   6.17243618  18.80178107  12.5368397   40.81029331
 -37.12907417 -35.73538684 -26.96790008 -20.16558608 -20.16681094
  23.31227402  11.10105937  42.93268818  -3.50167591] 
[-34.81520099   6.17273097  18.80194884  12.53701256  40.81042784
 -37.12825354 -35.73579587 -26.96784535 -20.16561692 -20.1668172
  23.31229214  11.10153034  42.93376587  -3.50097605] 
[-34.8154558    6.17302423  18.8021163   12.53718389  40.81056444
 -37.12743531 -35.73619851 -26.96779125 -20.16564494 -20.1668241
  23.31230646  11.10199796  42.93483637  -3.50028498] 
[-34.8157095    6.17331346  18.80228679  12.53735368  40.81070264
 -37.12662387 -35.73659863 -26.96773877 -20.16567319 -20.16683055
  23.31232147  11.10246334  42.93590014  -3.49959704] 
[-34.81596124   6.17360045  18.80245801  12.53751991  40.81084036
 -37.12581513 -35.73699485 -26.96768774 -20.1656998  -20.16683684
  23.3123352   11.10292784  42.93695958  -3.49891446] 
[-34.81620075   6.17391104  18.80261562  12.53770163  40.81099118
 -37.12499691 -35.73739251 -26.9676127  -20.16573174 -20.16682803
  23.31233646  11.103375    42.93799635  -3.49824688] 
[-34.81643837   6.174217    18.80277543  12.53787931  40.81114134
 -37.1241834  -35.73778592 -26.96754158 -20.16576274 -20.16682039
  23.31233758  11.10382126  42.93902945  -3.49758474] 
[-34.81668079   6.17452726  18.80292929  12.53805682  40.81128603
 -37.12336777 -35.73817207 -26.9674651  -20.16579667 -20.16680882
  23.31234461  11.10426404  42.94005564  -3.49692201] 
[-34.81691988   6.17484441  18.8030805   12.53823866  40.81143775
 -37.12255535 -35.73856574 -26.96737703 -20.16581523 -20.16679363
  23.3123447   11.10471209  42.94108776  -3.4962635 ] 
[-34.81715542   6.17515449  18.80323648  12.53841383  40.81158829
 -37.12174753 -35.73895392 -26.96729284 -20.16583141 -20.16678214
  23.31234458  11.10515717  42.94211776  -3.49561374] 
[-34.81738519   6.17545825  18.80339672  12.53858829  40.81173864
 -37.12095099 -35.73933345 -26.96721822 -20.16585354 -20.16677613
  23.31234871  11.10560114  42.94314151  -3.49496952] 
[-34.8176147    6.1757609   18.80356596  12.53874452  40.81187876
 -37.12016886 -35.7396971  -26.9671588  -20.16588403 -20.16676236
  23.31234298  11.10603486  42.94415913  -3.49434553] 
[-34.81784012   6.17606574  18.80373081  12.53890388  40.8120249
 -37.11939184 -35.74005509 -26.9670983  -20.16591886 -20.16674724
  23.31233512  11.10646243  42.94517867  -3.4937179 ] 
[-34.81806255   6.17637079  18.80389755  12.53905903  40.81216679
 -37.11861733 -35.74040988 -26.96703569 -20.16595327 -20.16673558
  23.31232566  11.10689254  42.94618991  -3.4930953 ] 
[-34.8182836    6.17667236  18.80406503  12.53921194  40.81230808
 -37.11784591 -35.74076133 -26.96697514 -20.1659856  -20.16672475
  23.31231739  11.10732211  42.94719665  -3.49247638] 
[-34.81849893   6.17696713  18.80423672  12.53936565  40.81245213
 -37.11707793 -35.74110668 -26.96691725 -20.16602105 -20.16671356
  23.31231367  11.10774773  42.94819604  -3.49185925] 
[-34.81871489   6.17725885  18.80440837  12.5395181   40.81259448
 -37.11631331 -35.74144967 -26.96686085 -20.16605357 -20.16670342
  23.31231026  11.10817256  42.94919027  -3.49124522] 
[-34.81892946   6.17754774  18.80457934  12.53966886  40.81273691
 -37.11555344 -35.74178975 -26.96680562 -20.16608533 -20.16669492
  23.31230788  11.10859609  42.95017999  -3.49063474] 
[-34.81915306   6.17783502  18.80473619  12.53981624  40.81287782
 -37.11478121 -35.74211938 -26.96674955 -20.16611322 -20.16668359
  23.31230728  11.10901959  42.95117782  -3.49002925] 
[-34.81937922   6.17810698  18.80489659  12.53997243  40.81302892
 -37.1140232  -35.7424434  -26.96670869 -20.16613833 -20.16668189
  23.31232184  11.10943625  42.95218705  -3.48942158] 
[-34.81960327   6.17837536  18.80505497  12.54012388  40.81317998
 -37.11326686 -35.74276228 -26.96666682 -20.16615922 -20.16668239
  23.3123355   11.10985147  42.95319056  -3.48881961] 
[-34.81982632   6.17864091  18.80521419  12.5402725   40.81332952
 -37.11251274 -35.74307931 -26.96662648 -20.16617903 -20.1666833
  23.3123473   11.11026789  42.95418834  -3.48822218] 
[-34.82005284   6.17889507  18.80537218  12.54042018  40.81348075
 -37.11176117 -35.7433876  -26.96659618 -20.16619105 -20.16669024
  23.31234876  11.11067834  42.95517196  -3.48764191] 
[-34.82027819   6.17914746  18.80553067  12.54056546  40.81362963
 -37.11101291 -35.7436938  -26.96656564 -20.16620243 -20.16669652
  23.31234985  11.11109017  42.95615008  -3.48706574] 
[-34.82050976   6.1794145   18.80569866  12.5407167   40.81376963
 -37.11025905 -35.74399434 -26.96652046 -20.16622121 -20.16671338
  23.31235807  11.11149863  42.95711506  -3.4864833 ] 
[-34.82073888   6.17968025  18.80586893  12.54086488  40.81391034
 -37.10950528 -35.7442903  -26.96647886 -20.16623875 -20.16672969
  23.31236457  11.11190658  42.95807872  -3.48590805] 
[-34.82096519   6.17994377  18.80604359  12.54101382  40.81404609
 -37.10874941 -35.74459318 -26.9664336  -20.16625793 -20.16674191
  23.31236494  11.11232043  42.95903746  -3.48532836] 
[-34.82118988   6.18020626  18.80621914  12.54116175  40.81418098
 -37.10799573 -35.74489424 -26.96638833 -20.16627687 -20.16675384
  23.31236509  11.11273524  42.95999415  -3.48475262] 
[-34.82140574   6.18046192  18.8063977   12.54130971  40.81430876
 -37.10724411 -35.7451878  -26.96634275 -20.16629971 -20.16676135
  23.31237229  11.1131448   42.96094228  -3.4841787 ] 
[-34.82162073   6.18072691  18.80657728  12.54144647  40.81443536
 -37.1064947  -35.74549684 -26.96629784 -20.16632236 -20.16676751
  23.31237691  11.11355299  42.96189101  -3.48359022] 
[-34.82183376   6.18098648  18.80675469  12.54158358  40.81456282
 -37.10575152 -35.74580448 -26.96625713 -20.16634566 -20.16677516
  23.31238388  11.11396177  42.96283863  -3.48300716] 
[-34.82204476   6.18124432  18.80693215  12.54172019  40.81469002
 -37.10501104 -35.74611044 -26.96621498 -20.16636556 -20.16678418
  23.31239111  11.11437199  42.96378251  -3.48242678] 
[-34.82226532   6.18151468  18.80710877  12.54185826  40.81481514
 -37.10426289 -35.74642965 -26.96616025 -20.16638049 -20.16679859
  23.31239701  11.1147849   42.96472549  -3.4818341 ] 
[-34.82246935   6.18176805  18.8072942   12.54198908  40.81494321
 -37.10350608 -35.74674834 -26.96612181 -20.16640025 -20.16681622
  23.31240765  11.11519111  42.9656821   -3.48125074] 
[-34.82266752   6.18202224  18.80747272  12.54212129  40.81506228
 -37.10273345 -35.74708325 -26.96607418 -20.16641221 -20.16682798
  23.31241518  11.11559486  42.9666528   -3.480652  ] 
[-34.82287962   6.18228998  18.80764162  12.54225109  40.815179
 -37.1019434  -35.74743861 -26.96602465 -20.16641941 -20.16684638
  23.31242383  11.11599648  42.96764011  -3.4800305 ] 
[-34.8230897    6.18255623  18.80781232  12.54237687  40.81529287
 -37.10115622 -35.74779123 -26.96597755 -20.16642484 -20.16686516
  23.31243303  11.11639928  42.96862142  -3.47941615] 
[-34.82330085   6.18282025  18.80798243  12.54250147  40.81540568
 -37.10037315 -35.7481391  -26.96593143 -20.16643106 -20.16688297
  23.31244225  11.11680232  42.96959835  -3.4788076 ] 
[-34.82350967   6.18309568  18.8081552   12.54262735  40.81550947
 -37.09958061 -35.74848659 -26.96587475 -20.16642774 -20.16689526
  23.31245364  11.11720938  42.97057002  -3.47819317] 
[-34.82372183   6.18336307  18.80832924  12.54275462  40.81561649
 -37.09878989 -35.74883197 -26.9658251  -20.16642303 -20.16690304
  23.31246053  11.11761894  42.97153702  -3.47758674] 
[-34.82393648   6.1836262   18.80850191  12.54288014  40.81572351
 -37.09800286 -35.74917159 -26.96577662 -20.16642125 -20.16690965
  23.31246778  11.11802937  42.97250101  -3.47698574] 
[-34.82415078   6.18387133  18.80867668  12.54299336  40.81582326
 -37.09723145 -35.74949272 -26.96574321 -20.16641645 -20.16690759
  23.3124722   11.11843211  42.97346053  -3.47640909] 
[-34.82435228   6.18410498  18.80886387  12.54311591  40.81592268
 -37.09648565 -35.74980196 -26.96571012 -20.16640706 -20.16691867
  23.31247992  11.11883703  42.9744003   -3.47583737] 
[-34.82455599   6.18433675  18.80904936  12.5432363   40.81602295
 -37.09574248 -35.7501077  -26.96567926 -20.16639815 -20.16692995
  23.31248776  11.11924214  42.97533646  -3.47526966] 
[-34.82476035   6.18457135  18.80923499  12.54335692  40.81612562
 -37.0950018  -35.75041471 -26.96564775 -20.16639057 -20.1669431
  23.31249241  11.11964447  42.97626928  -3.47470157] 
[-34.82496631   6.18480522  18.80941767  12.54347683  40.81622798
 -37.09426514 -35.75071931 -26.96561629 -20.16638387 -20.16695514
  23.31249705  11.1200464   42.97719856  -3.47413702] 
[-34.82517364   6.18503843  18.80959849  12.54359531  40.8163298
 -37.09353261 -35.75102162 -26.96558496 -20.16637863 -20.16696601
  23.31250134  11.12044807  42.97812407  -3.47357597] 
[-34.82537582   6.18526086  18.80977013  12.54371258  40.81643283
 -37.0928086  -35.75131548 -26.96556508 -20.16638175 -20.16697116
  23.31250833  11.12084324  42.97905267  -3.4730162 ] 
[-34.82558926   6.18549088  18.80993162  12.54383705  40.8165283
 -37.09208574 -35.75161093 -26.96553238 -20.16639015 -20.1669834
  23.31252001  11.12123455  42.97996908  -3.47246454] 
[-34.82580199   6.18571788  18.81009217  12.54396102  40.81662512
 -37.09136443 -35.75190342 -26.96550208 -20.16639805 -20.16699566
  23.31252967  11.12162569  42.98088361  -3.47191772] 
[-34.82601541   6.18594351  18.81025189  12.54408251  40.81672237
 -37.09064514 -35.75219415 -26.96547174 -20.16640631 -20.16700652
  23.31253797  11.12201622  42.98179448  -3.47137416] 
[-34.82621924   6.18616062  18.81041855  12.54421045  40.81682695
 -37.0899409  -35.75247429 -26.96543823 -20.16641234 -20.16702508
  23.31254953  11.12240047  42.98270108  -3.4708485 ] 
[-34.82642315   6.18637686  18.81057888  12.54433326  40.81693091
 -37.0892313  -35.75275348 -26.96540496 -20.16641352 -20.16704099
  23.31255643  11.12278377  42.98360937  -3.47032481] 
[-34.82662528   6.18659275  18.8107397   12.54445348  40.8170332
 -37.08852648 -35.753029   -26.96537297 -20.16641586 -20.16705724
  23.31256358  11.1231658   42.98451319  -3.46980671] 
[-34.82682576   6.18681065  18.81090135  12.54457496  40.81713749
 -37.08782239 -35.75329657 -26.9653381  -20.16642089 -20.16706999
  23.31257283  11.1235492   42.98540968  -3.46929697] 

 Time 
92835.15850019455 
