Energy 
 
-8.29093287274653 
-8.860054359988164 
-8.929341808193396 
-8.928909421960375 
-8.915127741514143 
-8.52598115350214 
-8.750191144264436 
-8.962487224383812 
-8.86165554212224 
-9.072811639951961 
-9.061036932236314 
-9.09964868676133 
-9.113544273556016 
-9.019770957048625 
-9.269684177942285 
-9.233540685454924 
-9.28266100332019 
-9.238555613192645 
-9.109332567808615 
-9.223096580158016 
-9.11586101024253 
-8.980348569306065 
-9.054078023105106 
-9.051239140287779 
-9.13936489594016 
-9.139975766790638 
-9.141026565622017 
-9.079604884307527 
-9.240421743624992 
-9.206153174424227 
-9.256682777740998 
-9.362494907612977 
-9.33392045282544 
-9.283040118316647 
-9.24972583579005 
-9.196135066416346 
-9.50410535320395 
-9.421991634479603 
-9.603483730009454 
-9.650209591294084 
-9.944387675735749 
-9.943480930827537 
-9.89265306836309 
-9.799185049971522 
-10.023579218243185 
-10.038840965851792 
-10.409534523979508 
-10.417363921399735 
-10.704740480641709 
-10.610432380210932 
-10.530780291168789 
-10.912943802566636 
-10.822567864868121 
-10.806802153813093 
-10.846169798925404 
-10.639875615243719 
-10.658212818169623 
-10.666625768471476 
-10.69296173584905 
-10.69824941906857 
-10.812388336629645 
-10.829818740251493 
-10.942804280570861 
-10.951185988052815 
-10.87804596219689 
-10.871753172558225 
-10.979687393041885 
-11.011402759615885 
-10.916410356487946 
-10.931030269740091 
-10.944924980019202 
-10.913180196469712 
-10.85542505538901 
-10.954927449633123 
-10.91640507379009 
-10.90146567290192 
-10.903851281720822 
-11.127661687123348 
-11.1721607564977 
-11.198429028542 
-11.226086363844315 
-11.253111203410135 
-11.329442693439987 
-11.283848413828256 
-11.265788073680236 
-11.240337111797503 
-11.205835203410453 
-11.159878823921478 
-11.22559179474609 
-11.248507828418417 
-11.395991717925556 
-11.404512726774575 
-11.394192456618622 
-11.353691279678461 
-11.253761191601892 
-11.268974324915781 
-11.280232049590571 
-11.204649281038941 
-11.3264604163652 
-11.46574919612586 
-11.306165188778452 
-11.347653319949947 
-11.237866653224346 
-11.118932920064868 
-11.092865518026182 
-11.14887970499055 
-11.11641475009481 
-11.12755198142752 
-11.109054048300417 
-11.275554682460179 
-11.196219013519487 
-11.0742859487303 
-11.04627171583755 
-11.068294595784273 
-10.9588649633045 
-10.826205682957376 
-11.449849998719932 
-11.43620858165279 
-11.021674385107747 
-11.51862224234961 
-11.484666057123718 
-11.446563653200096 
-11.306650341797313 
-11.04007724632059 
-11.277322173545139 
-11.436814131258576 
-11.250136372010815 
-11.325923757197867 
-11.234754414360625 
-11.237844160021474 
-11.31117728857338 
-11.306299216664716 
-11.310870456362203 
-11.420245136729278 
-11.388194027465909 
-11.486929456090362 
-11.503588818855656 
-11.446737329456262 
-11.505514065041696 
-11.50960087570885 
-11.552268500424603 
-11.541080013077007 
-11.529851973884014 
-11.58144805380899 
-11.556979425302798 
-11.555501330710836 
-11.60960023689022 
-11.588995159657575 
-11.56376364037224 
-11.59518533690328 
-11.659854226698666 
-11.599745579483026 
-11.61486778201621 
-11.70171774208111 
-11.724154914537799 
-11.737463613455505 
-11.748237719885385 
-11.691819520987911 
-11.702717908514304 
-11.707874745719701 
-11.725801063370714 
-11.722549128090925 
-11.717288716429676 
-11.705254201221438 
-11.708129442670552 
-11.7133312785804 
-11.702156188554781 
-11.711173578810316 
-11.725780496986708 
-11.726006441102216 
-11.727041287718933 
-11.70698524699048 
-11.710263615007436 
-11.701274874071625 
-11.702350829512294 
-11.725871630675668 
-11.729224440369439 
-11.728578386723003 
-11.749562450941138 
-11.738570719911126 
-11.730388940254569 
-11.721672795502405 
-11.734322885285447 
-11.737303902925285 
-11.79985169316981 
-11.822691325327828 
-11.822272728422828 
-11.825092764875453 
-11.758963588413808 
-11.823772410859062 
-11.795778680413182 
-11.78951923348669 
-11.760531121570839 
-11.787335524039653 
-11.815649347295468 
-11.841678859359329 
-11.846704493452044 
-11.821949419114626 
-11.842792864313905 
-11.840132613200346 
-11.832148901181418 
-11.81463734170248 
-11.79523712628844 
-11.784689213360991 
-11.78205042636835 
-11.789394788228524 
-11.821891106593716 
-11.834252015508369 
-11.822071235157344 
-11.821154739594355 
-11.800854614441642 
-11.804482755865882 
-11.797480652758532 
-11.78254861382794 
-11.76722564743761 
-11.781598106967106 
-11.763137655820987 
-11.757944052350588 
-11.748953663267866 
-11.748015150518388 
-11.75052266016316 
-11.788108049355815 
-11.830206089011432 
-11.790179904759736 
-11.839380271502536 
-11.851295806319616 
-11.827591886255796 
-11.830766086355334 
-11.823574224043506 
-11.827754708940786 
-11.829015021890804 
-11.82919716310438 
-11.829077405665988 
-11.844172788720531 
-11.850750554660056 
-11.857324193656261 
-11.861592866221965 
-11.87996003301784 
-11.896693765970436 
-11.89516774775507 
-11.908230019521223 
-11.890048810614655 
-11.88597612840535 
-11.911403363015452 
-11.911538117322086 
-11.904003764883399 
-11.92113250879066 
-11.925360024611315 
-11.921963815918323 
-11.91655468871334 
-11.940054703792557 
-11.939215653385753 
-11.94025352757202 
-11.940769133863572 
-11.938213408366133 
-11.936995186906582 
-11.944507227918592 
-11.940427801688791 
-11.93603347462675 
-11.942831427764535 
-11.95204352626253 
-11.957685268881507 
-11.963922625403537 
-11.965739619681262 
-11.964057055199406 
-11.967906290254506 
-11.967923474930867 
-11.967150288083653 
-11.965878988958234 
-11.968162138580912 
-11.968982839948978 
-11.967042330798861 
-11.969079116191523 
-11.967130735595568 
-11.966088366708489 
-11.967753006161647 
-11.973023911840063 
-11.971041879808377 
-11.971764431997865 
-11.97392730722153 
-11.973563990001777 
-11.974262639494173 
-11.974627479604107 
-11.975807697947294 
-11.980264775433879 
-11.981396026325559 
-11.982723528173215 
-11.984437051297732 
-11.985853103174216 
-11.98588275235989 
-11.985765483497904 
-11.98568774012599 
-11.989319947025331 
-11.988935958338127 
-11.98869788781507 
-11.988698574706705 
-11.989482251786615 
-11.990635200874129 
-11.99068598321586 
-11.990599537803588 
-11.990598455351853 
-11.990730917678711 
-11.991431234260368 
-11.991816774918522 
-11.991030346191469 
-11.991384581445793 
-11.99369687561429 
-11.994080691215487 
-11.99387518100333 
-11.993988060188007 
-11.993898862672127 
-11.994330164203586 
-11.994236905834304 
-11.994252987706625 
-11.993955351542755 
-11.994851143604118 
-11.994462297630054 
-11.994711281659164 
-11.994842773907358 
-11.994768608616074 
-11.994770821696806 
-11.994725310017145 
-11.99485934358267 
-11.994903430166444 
-11.995199643350656 
-11.995305643567843 
-11.995377692068404 
-11.995601869252221 
-11.995597394114585 
-11.995623543507758 
-11.995960532922062 
-11.996042608768562 
-11.996169954798233 
-11.996296508624786 
-11.996509594239138 
-11.996606785223122 
-11.996655804555491 
-11.996571760040748 
-11.996486193732025 
-11.99648982038707 
-11.996596313020918 
-11.996848726180405 
-11.996830740955268 
-11.996829507426593 
-11.996819668766195 
-11.99751928639437 
-11.997429158815745 
-11.997570650381464 
-11.997592914064029 
-11.997540232974492 
-11.997559621221372 
-11.997571786156417 
-11.997718646657344 
-11.998069415086826 
-11.998047000832758 
-11.997953960197156 
-11.998053159430635 
-11.998017630450844 
-11.998125823260278 
-11.998078874831414 
-11.998374659071246 
-11.998485374699015 
-11.998878540181803 
-11.998855388996489 
-11.998897954578752 
-11.998881466335222 
-11.998955111569654 
-11.999013327137984 
-11.999012392936692 
-11.99898636732819 
-11.999003131393442 
-11.999041461452048 
-11.999073914463944 
-11.999076325485339 
-11.999080367563199 
-11.999080862458573 
-11.999088608804575 
-11.999328476657112 
-11.999328453743331 
-11.99936561465997 
-11.999438904263409 
-11.999437156349337 
-11.999466892546454 
-11.999460045247487 
-11.99946422848559 
-11.999464451100234 
-11.999462249324967 
-11.999473077330132 
-11.99947506794648 
-11.999510226279558 
-11.99957314955129 
-11.999571543532754 
-11.99969281961332 
-11.99969069021939 
-11.999703820948508 
-11.999701050764756 
-11.999715437575578 
-11.999719751659995 
-11.999753285175288 
-11.999745357569777 
-11.999758651604928 
-11.999756470000618 
-11.999731795995988 
-11.999737437124939 
-11.99979883101337 
-11.999797074098272 
-11.99979499161041 
-11.999793486751255 
-11.999807267423929 
-11.999836770456119 
-11.999847393686327 
-11.999846548084673 
-11.999846686110496 
-11.999859818324952 
-11.99987733422254 
-11.999877320931505 
-11.999876973623985 
-11.999878070247007 
-11.999889931419089 
-11.999914171417755 
-11.999916996664478 
-11.99991780735781 
-11.999917577425936 
-11.999918634095334 
-11.999918187885756 
-11.999918388423055 
-11.999924635333754 
-11.999925135613514 
-11.999926896752676 
-11.999930870154861 
-11.999930742230347 
-11.999931371377901 
-11.999933073595773 
-11.999959471350483 
-11.999959622367891 
-11.999962310726184 
-11.999961812266854 
-11.99997167812399 
-11.99997270804568 
-11.999972635851025 
-11.99997579408517 
-11.999978182239053 
-11.999979012662177 
-11.999979016106634 
-11.99998310383479 
-11.999983144355122 
-11.9999868406065 
-11.99998894310474 
-11.999988885501676 
-11.999988880837432 
-11.999991111399442 
-11.999991041774203 
-11.999991083458621 
-11.99999113510433 
-11.999991262629836 
-11.999992891775895 
-11.999992921412456 
-11.999992839542069 
-11.999992740571473 
-11.999992768775126 
-11.999992898539835 
-11.999994866824968 
-11.99999486952947 
-11.999995021750003 
-11.999994983045095 
-11.99999486507775 
-11.999995253553424 
-11.999997761549107 
-11.999997743234541 
-11.999997858234087 
-11.999997955987094 
-11.999998024069148 
-11.999998072021388 
-11.999998060258054 
-11.99999806025476 
-11.999998291893453 
-11.999998329888118 
-11.999998323239128 
-11.999998349995463 
-11.999998395975055 
-11.999998391051864 
-11.999998389592886 
-11.999998390564404 
-11.999998417378972 
-11.999998416083978 
-11.999998563941213 
-11.999998599783538 
-11.999998707416445 
-11.999998725183016 
-11.999998720997228 
-11.999998748131656 
-11.99999874465732 
-11.999998826279985 
-11.999999125486989 
-11.999999122584246 
-11.99999915442905 
-11.99999914958763 
-11.999999204043878 
-11.999999260528265 
-11.9999992679618 

 Time 
135.37788462638855 
