Parameters 
 
[-0.5 -0.5 -0.5 -0.5 -0.5 -0.5 -0.5 -0.5 -0.5 -0.5 -0.5 -0.5 -0.5 -0.5
 -0.5 -0.5 -0.5 -0.5 -0.5 -0.5 -0.5 -0.5 -0.5 -0.5 -0.5 -0.5 -0.5 -0.5
 -0.5 -0.5 -0.5 -0.5 -0.5 -0.5 -0.5 -0.5 -0.5 -0.5 -0.5 -0.5 -0.5 -0.5
 -0.5 -0.5 -0.5 -0.5 -0.5 -0.5 -0.5 -0.5 -0.5 -0.5 -0.5 -0.5 -0.5 -0.5] 
[-0.63180674 -0.6110112  -0.60697647 -0.59454861 -0.58364214 -0.57407081
 -0.56567118 -0.55829981 -0.55183082 -0.54615376 -0.54117166 -0.53679946
 -0.52290264 -0.44803318 -0.43374021 -0.40782161 -0.40207184 -0.40676617
 -0.41088584 -0.41450118 -0.41767395 -0.42045831 -0.42290182 -0.4250462
 -0.42692807 -0.42857957 -0.44309107 -0.56304101 -0.40683016 -0.39519595
 -0.40107556 -0.40885263 -0.41597031 -0.42211238 -0.427332   -0.43173055
 -0.43540778 -0.4384766  -0.44119246 -0.44470122 -0.45535042 -0.47302716
 -0.51178567 -0.50282172 -0.50126136 -0.50019467 -0.49977411 -0.49954742
 -0.49937499 -0.49913119 -0.49865412 -0.49758828 -0.49543707 -0.4892557
 -0.48520835 -0.53805757] 
[-0.74915283 -0.70665839 -0.69976111 -0.67606882 -0.65558066 -0.6381121
 -0.62318544 -0.61038693 -0.59938405 -0.58990996 -0.58169475 -0.57374185
 -0.5453139  -0.40038809 -0.37093709 -0.32521788 -0.32020369 -0.32940928
 -0.33741187 -0.34416114 -0.34986789 -0.35472034 -0.35886301 -0.3624074
 -0.36549567 -0.3691924  -0.39643853 -0.62770064 -0.30896342 -0.29096565
 -0.30656122 -0.32516053 -0.34153847 -0.35486672 -0.36553032 -0.37403571
 -0.38081687 -0.38629528 -0.39127744 -0.39821016 -0.41638077 -0.45098145
 -0.49105797 -0.50086228 -0.49881249 -0.49937905 -0.4990584  -0.49890719
 -0.49868547 -0.49828406 -0.49739879 -0.49522136 -0.49062538 -0.47564437
 -0.47144031 -0.57759552] 
[-0.84740053 -0.78581231 -0.77644117 -0.74464852 -0.71717341 -0.69416366
 -0.67480298 -0.65842601 -0.64451886 -0.63268791 -0.62246168 -0.6113235
 -0.56719803 -0.3577894  -0.3129702  -0.25365207 -0.25407524 -0.26704836
 -0.2780846  -0.28705059 -0.29441226 -0.3005181  -0.30561883 -0.30989617
 -0.31362742 -0.31914025 -0.35699023 -0.69450957 -0.21118749 -0.19341177
 -0.22137426 -0.25166801 -0.27740045 -0.29744787 -0.31276986 -0.32448269
 -0.33349328 -0.34064473 -0.34743873 -0.35758886 -0.38101862 -0.43351579
 -0.44422983 -0.50346494 -0.49492465 -0.4984861  -0.49798973 -0.4979619
 -0.49772168 -0.49722927 -0.49602135 -0.492767   -0.48550799 -0.45972887
 -0.45858593 -0.61778114] 
[-0.92723629 -0.85105788 -0.83882702 -0.80272515 -0.77100761 -0.74466291
 -0.72263693 -0.70412481 -0.68850681 -0.67532168 -0.66388513 -0.64973833
 -0.58864293 -0.32069274 -0.26107536 -0.19304427 -0.20137985 -0.2171153
 -0.23022481 -0.24051906 -0.24877079 -0.25547459 -0.26097344 -0.2655047
 -0.26948029 -0.27638461 -0.32274724 -0.76313558 -0.11965556 -0.10845464
 -0.14900982 -0.189449   -0.22276368 -0.24798745 -0.26669673 -0.28059347
 -0.29103647 -0.29930506 -0.3076483  -0.32095525 -0.34816991 -0.41984598
 -0.39474602 -0.50511912 -0.49135634 -0.49663388 -0.49638629 -0.49647834
 -0.49631397 -0.4958107  -0.49436972 -0.49012504 -0.47994182 -0.44215675
 -0.44673778 -0.65792742] 
[-0.9909302  -0.90547862 -0.89017566 -0.85294369 -0.81927745 -0.79131798
 -0.7679595  -0.74836368 -0.73188061 -0.71803682 -0.70593258 -0.68888861
 -0.60974828 -0.2891815  -0.21531978 -0.14283638 -0.15925965 -0.1769708
 -0.19133168 -0.20228111 -0.21086743 -0.21771501 -0.223239   -0.2277162
 -0.23167409 -0.23952753 -0.29246863 -0.83221327 -0.0391725  -0.03918841
 -0.09072651 -0.13845927 -0.17669353 -0.20509096 -0.2257768  -0.24088224
 -0.25210151 -0.26110366 -0.27087904 -0.28736847 -0.31742551 -0.40903224
 -0.35390737 -0.50199714 -0.48788979 -0.49365707 -0.49405747 -0.49434924
 -0.49435632 -0.49392493 -0.49232845 -0.48719753 -0.4737611  -0.42359238
 -0.43603111 -0.69739671] 
[-1.04116681 -0.95163615 -0.93362967 -0.89738073 -0.86343731 -0.83508799
 -0.81135105 -0.7914229  -0.77467804 -0.76067226 -0.7482985  -0.72848893
 -0.63060798 -0.26297439 -0.17499534 -0.10193899 -0.12527998 -0.14444704
 -0.15945182 -0.17059208 -0.17914309 -0.18584352 -0.19116293 -0.19540349
 -0.19917926 -0.20759091 -0.26535908 -0.89954498  0.028422    0.01441432
 -0.0458597  -0.09796326 -0.13848329 -0.16808778 -0.18939398 -0.20480955
 -0.21623891 -0.22567244 -0.23679087 -0.25643558 -0.28869005 -0.40018444
 -0.32183291 -0.4949209  -0.48368102 -0.48967129 -0.49088324 -0.49150625
 -0.49176848 -0.49148451 -0.48979892 -0.48387068 -0.46683698 -0.40463878
 -0.42655594 -0.73563577] 
[-1.08064265 -0.9914516  -0.97152211 -0.93744262 -0.90433103 -0.87642563
 -0.85297589 -0.83324926 -0.8166775  -0.80287393 -0.79054616 -0.76815798
 -0.65130621 -0.24152667 -0.13929945 -0.06891379 -0.09764303 -0.11790148
 -0.13313001 -0.14415082 -0.15243176 -0.15880941 -0.16379327 -0.16769933
 -0.17119565 -0.17984756 -0.24088241 -0.9624093   0.0836751   0.05427792
 -0.01265005 -0.06678754 -0.10750078 -0.13669768 -0.15746966 -0.17240922
 -0.18354378 -0.19311965 -0.2054235  -0.22803281 -0.26195575 -0.39257991
 -0.29643176 -0.48519908 -0.47838711 -0.48472355 -0.48681837 -0.48789211
 -0.48848271 -0.48840928 -0.48669233 -0.48002002 -0.45911149 -0.38577087
 -0.41830566 -0.77224635] 
[-1.11174105 -1.02628529 -1.00535469 -0.97399434 -0.9424008  -0.91549155
 -0.89278585 -0.87363748 -0.85755252 -0.84422081 -0.83220007 -0.80748289
 -0.67191221 -0.22416004 -0.10755546 -0.0423294  -0.07505228 -0.09611503
 -0.11127878 -0.1219755  -0.12984313 -0.13579945 -0.14038169 -0.1439101
 -0.14707558 -0.15572262 -0.21866015 -1.01788657  0.12826774  0.08299064
  0.01104857 -0.04351626 -0.08301757 -0.11068562 -0.13007693 -0.14392752
 -0.15434119 -0.16376397 -0.17698158 -0.20214971 -0.23720035 -0.38569731
 -0.27596531 -0.47370125 -0.47196203 -0.47883946 -0.48184934 -0.4834628
 -0.48444106 -0.48462802 -0.48292771 -0.47552793 -0.4505967  -0.36731249
 -0.41114706 -0.80703642] 
[-1.13639677 -1.05707249 -1.03601732 -1.00753754 -0.97785652 -0.95229886
 -0.93064467 -0.91233641 -0.89696149 -0.88429916 -0.87280215 -0.84606127
 -0.69247581 -0.21017626 -0.07922305 -0.02094345 -0.05655148 -0.07817141
 -0.0930687  -0.10330826 -0.11068028 -0.11616709 -0.12032313 -0.12346496
 -0.12627978 -0.1347404  -0.19841397 -1.06316756  0.16414879  0.10309115
  0.02735087 -0.02665668 -0.06416085 -0.08967399 -0.10718754 -0.11955814
 -0.1289403  -0.13792684 -0.15168086 -0.17879854 -0.2143572  -0.37919458
 -0.25924201 -0.46096527 -0.46445903 -0.4720499  -0.47597907 -0.47818932
 -0.47959804 -0.48008201 -0.47843424 -0.47030019 -0.44135183 -0.3494551
 -0.40480336 -0.84004273] 
[-1.15610558 -1.08445711 -1.06401552 -1.03835998 -1.01079123 -0.98680256
 -0.96639919 -0.94910728 -0.93459623 -0.92274308 -0.91194455 -0.88352746
 -0.71302557 -0.19894318 -0.0538663  -0.00374179 -0.04140963 -0.06336509
 -0.07785223 -0.08755085 -0.0943857  -0.09938755 -0.10311873 -0.10588569
 -0.10835149 -0.11649611 -0.17993079 -1.09578731  0.19312033  0.11676699
  0.03813115 -0.01477617 -0.0499616  -0.07309995 -0.08855814 -0.09928649
 -0.10746643 -0.11578027 -0.12963695 -0.1579563  -0.19331783 -0.37286723
 -0.24544983 -0.44734794 -0.45596132 -0.46439533 -0.46922417 -0.47205931
 -0.47392414 -0.47472862 -0.47315605 -0.46427439 -0.43145769 -0.3322957
 -0.39884396 -0.87153417] 
[-1.17199707 -1.10889692 -1.08963831 -1.06663879 -1.04125318 -1.01895212
 -0.9999187  -0.98375402 -0.97020616 -0.9592546  -0.94928757 -0.91956783
 -0.7335698  -0.18995465 -0.03112453  0.01008316 -0.02904873 -0.05113965
 -0.06511363 -0.07422236 -0.08050601 -0.08502851 -0.08835187 -0.09076749
 -0.09290002 -0.10063998 -0.16304056 -1.11373477  0.21669245  0.12577271
  0.04493633 -0.00660423 -0.03944564 -0.06026733 -0.07373179 -0.08284622
 -0.08978934 -0.09726921 -0.11080431 -0.13953293 -0.17394494 -0.36660831
 -0.23401318 -0.43310898 -0.4465637  -0.45592647 -0.46161543 -0.46507857
 -0.46740861 -0.46854431 -0.46705712 -0.4574209  -0.42099945 -0.31587405
 -0.39267627 -0.90200785] 
[-1.18491961e+00 -1.13073619e+00 -1.11306522e+00 -1.09250383e+00
 -1.06928712e+00 -1.04872006e+00 -1.03111481e+00 -1.01613722e+00
 -1.00360836e+00 -9.93611290e-01 -9.84567832e-01 -9.53928613e-01
 -7.54100150e-01 -1.82868478e-01 -1.06922627e-02  2.11704639e-02
 -1.89998195e-02 -4.10477571e-02 -5.44358176e-02 -6.29308963e-02
 -6.86680435e-02 -7.27301066e-02 -7.56716902e-02 -7.77656435e-02
 -7.95893320e-02 -8.68674724e-02 -1.47601642e-01 -1.11544308e+00
  2.36067312e-01  1.31449991e-01  4.89716596e-02 -1.09169558e-03
 -3.17229905e-02 -5.04400726e-02 -6.21150701e-02 -6.97703114e-02
 -7.55483996e-02 -8.21181292e-02 -9.49737181e-02 -1.23366615e-01
 -1.56086106e-01 -3.60377199e-01 -2.24505092e-01 -4.18451794e-01
 -4.36368109e-01 -4.46704654e-01 -4.53198313e-01 -4.57271730e-01
 -4.60060929e-01 -4.61526497e-01 -4.60124384e-01 -4.49739969e-01
 -4.10058869e-01 -3.00200117e-01 -3.85536020e-01 -9.32187048e-01] 
[-1.19551468 -1.15025167 -1.13442804 -1.11607243 -1.09495458 -1.07611459
 -1.05994892 -1.04617802 -1.03468898 -1.02566625 -1.01759975 -0.98641839
 -0.77459727 -0.17752906  0.00769367  0.03002697 -0.01087582 -0.03272476
 -0.04547781 -0.05335401 -0.05856199 -0.06219056 -0.064781   -0.06658541
 -0.06812945 -0.07491264 -0.13349129 -1.09972109  0.25217629  0.13479015
  0.05113144  0.00257421 -0.02604692 -0.04293114 -0.05307992 -0.05949145
 -0.0642413  -0.06990051 -0.08181652 -0.10924146 -0.13958454 -0.35417688
 -0.21659632 -0.40354296 -0.42548166 -0.43680127 -0.44403235 -0.44868165
 -0.45191078 -0.45369402 -0.45236851 -0.44125754 -0.39871268 -0.28527058
 -0.37647286 -0.96302645] 
[-1.20427404 -1.16767935 -1.15384302 -1.1374653  -1.11834067 -1.10118188
 -1.08643151 -1.07385532 -1.06339898 -1.05534322 -1.04827206 -1.01690676
 -0.79503796 -0.173983    0.02426249  0.03705719 -0.00435397 -0.02587065
 -0.03795867 -0.04522446 -0.04992892 -0.05315539 -0.05542702 -0.05697419
 -0.05826965 -0.06454294 -0.12059935 -1.06571779  0.26573244  0.13650845
  0.05205311  0.00498973 -0.02183394 -0.03715859 -0.04604669 -0.0514406
 -0.05532537 -0.06012858 -0.07094749 -0.09691501 -0.12428655 -0.34803736
 -0.21002547 -0.38852202 -0.41401429 -0.42629616 -0.43418931 -0.43936745
 -0.44300643 -0.44508599 -0.44382268 -0.43202099 -0.38703373 -0.2710767
 -0.36432955 -0.99572761] 
[-1.21158118e+00 -1.18322904e+00 -1.17142532e+00 -1.15681168e+00
 -1.13955328e+00 -1.12400214e+00 -1.11061633e+00 -1.09919878e+00
 -1.08974630e+00 -1.08262835e+00 -1.07654075e+00 -1.04532006e+00
 -8.15403260e-01 -1.72495100e-01  3.92151629e-02  4.25863038e-02
  8.36314391e-04 -2.02371100e-02 -3.16456994e-02 -3.83195367e-02
 -4.25512959e-02 -4.54090200e-02 -4.73940546e-02 -4.87150207e-02
 -4.97929107e-02 -5.55550420e-02 -1.08824279e-01 -1.01301469e+00
  2.77281330e-01  1.37113881e-01  5.21772441e-02  6.57377513e-03
 -1.86525836e-02 -3.26639047e-02 -4.05291665e-02 -4.51123292e-02
 -4.82936886e-02 -5.23271568e-02 -6.19799959e-02 -8.61436134e-02
 -1.10046535e-01 -3.42003116e-01 -2.04580602e-01 -3.73506719e-01
 -4.02076147e-01 -4.15275223e-01 -4.23750441e-01 -4.29401542e-01
 -4.33411965e-01 -4.35759300e-01 -4.34539917e-01 -4.22094968e-01
 -3.75092515e-01 -2.57606493e-01 -3.47716132e-01 -1.03176345e+00] 
[-1.2177405  -1.19709157 -1.18729376 -1.1742486  -1.15871831 -1.14468276
 -1.13259211 -1.12227957 -1.11378593 -1.10755999 -1.10241952 -1.07163522
 -0.83568679 -0.17356746  0.05272856  0.04687762  0.00492236 -0.01561788
 -0.02634534 -0.03245281 -0.03624557 -0.03876817 -0.04049756 -0.04162128
 -0.04251124 -0.04777116 -0.09807086 -0.94192322  0.28724366  0.13696692
  0.051802    0.00761162 -0.01619594 -0.02910353 -0.03614517 -0.04009235
 -0.04271475 -0.046077   -0.05456126 -0.07669936 -0.09673098 -0.33612235
 -0.20008731 -0.35859631 -0.38977492 -0.40382767 -0.41280327 -0.41886605
 -0.42320372 -0.42578513 -0.4245893  -0.41155727 -0.36295818 -0.24484292
 -0.32498727 -1.0729041 ] 
[-1.22299816 -1.20944225 -1.20157077 -1.1899179  -1.17597378 -1.16335055
 -1.15247349 -1.14320039 -1.1356093  -1.1302177  -1.12596906 -1.09587234
 -0.85590269 -0.17795606  0.06495862  0.05014577  0.00809522 -0.01184123
 -0.02189607 -0.02746759 -0.03085625 -0.03307653 -0.03457928 -0.03553219
 -0.03626172 -0.04103585 -0.08824892 -0.85400381  0.29594857  0.13632367
  0.05112655  0.00829361 -0.01425086 -0.02622796 -0.03260655 -0.03605823
 -0.03824254 -0.04103099 -0.04838812 -0.06837834 -0.08422359 -0.33043587
 -0.19640047 -0.34387383 -0.37721351 -0.39204327 -0.40143834 -0.40784907
 -0.4124664  -0.41524505 -0.41405181 -0.40049478 -0.35069864 -0.23275912
 -0.29424539 -1.12122259] 
[-1.22755713 -1.22044248 -1.21438042 -1.20396256 -1.191464   -1.18014433
 -1.17039241 -1.16208596 -1.15533407 -1.1507115  -1.14728606 -1.1180869
 -0.87609205 -0.18666646  0.07604291  0.0525667   0.01051531 -0.00876402
 -0.01816279 -0.02323176 -0.0262512  -0.0282004  -0.02950325 -0.03030912
 -0.03090309 -0.03521322 -0.07927304 -0.75267553  0.30365867  0.13536794
  0.05028328  0.00874534 -0.01267099 -0.0238589  -0.02970114 -0.03276685
 -0.03460986 -0.03691307 -0.04320966 -0.06100292 -0.07243435 -0.32496225
 -0.19339833 -0.32940789 -0.36448817 -0.3800098  -0.38974619 -0.39644119
 -0.40128932 -0.40422704 -0.40301608 -0.38899963 -0.33837993 -0.22131023
 -0.25341868 -1.17903228] 
[-1.23158805 -1.23024056 -1.22584588 -1.21652342 -1.20533467 -1.19520864
 -1.18649071 -1.17907467 -1.17309498 -1.16917214 -1.16649305 -1.13836201
 -0.89632571 -0.20089864  0.0861028   0.05428536  0.01231708 -0.00626685
 -0.01503216 -0.01963357 -0.02231778 -0.02402516 -0.02515244 -0.02583237
 -0.02631288 -0.0301844  -0.07106305 -0.64354504  0.31058831  0.13423375
  0.0493602   0.00904941 -0.01135595 -0.02186951 -0.0272744  -0.03003794
 -0.03161492 -0.0335091  -0.03882313 -0.05442171 -0.06131587 -0.31967515
 -0.19097811 -0.3152543  -0.35168718 -0.36781104 -0.37781483 -0.38473238
 -0.38976293 -0.39282176 -0.39157436 -0.37716558 -0.32606501 -0.21042054
 -0.20050473 -1.24866652] 
[-1.23523681 -1.23897227 -1.2360872  -1.22773647 -1.21772895 -1.20868873
 -1.200914   -1.1943116  -1.18903622 -1.18574278 -1.18372928 -1.15680134
 -0.91669998 -0.22191074  0.09524526  0.0554217   0.01361304 -0.00425011
 -0.012409   -0.01657826 -0.01895975 -0.02045237 -0.021426   -0.02199851
 -0.02238489 -0.0258455  -0.06354531 -0.53393245  0.31691625  0.13302075
  0.0484162   0.00926025 -0.01023646 -0.0201692  -0.0252139  -0.02773884
 -0.02910718 -0.0306558  -0.03506807 -0.04851069 -0.05089011 -0.31446926
 -0.1890526  -0.30145746 -0.33889002 -0.3555252  -0.36572771 -0.37280951
 -0.37797595 -0.38111937 -0.37981908 -0.36508499 -0.3138121  -0.19996508
 -0.13410626 -1.33197192] 
[-1.23862883 -1.24676137 -1.24521944 -1.23773098 -1.22878465 -1.22072668
 -1.21380707 -1.20794317 -1.20330532 -1.20057218 -1.19914318 -1.17352264
 -0.93732054 -0.25079291  0.10356456  0.05607538  0.01449706 -0.00263072
 -0.0102132  -0.01398529 -0.0160947  -0.01739731 -0.01823689 -0.01871814
 -0.01902703 -0.02210566 -0.05665501 -0.43137615  0.32279338  0.13180435
  0.04749103  0.00941402 -0.00926417 -0.01869276 -0.02343757 -0.02577201
 -0.0269752  -0.02823055 -0.0318215  -0.04317833 -0.04128305 -0.30911792
 -0.18754754 -0.28805169 -0.32616708 -0.34322381 -0.35356225 -0.36075439
 -0.36601311 -0.36920692 -0.36783995 -0.35284625 -0.30167275 -0.18974715
 -0.05433747 -1.42942769] 
[-1.24186986e+00 -1.25371985e+00 -1.25335140e+00 -1.24662823e+00
 -1.23863224e+00 -1.23145877e+00 -1.22531040e+00 -1.22011300e+00
 -1.21604850e+00 -1.21380946e+00 -1.21288631e+00 -1.18865204e+00
 -9.58271053e-01 -2.88181096e-01  1.11143802e-01  5.63295579e-02
  1.50472731e-02 -1.33940082e-03 -8.37726490e-03 -1.17860974e-02
 -1.36519667e-02 -1.47870454e-02 -1.55099990e-02 -1.59139499e-02
 -1.61595309e-02 -1.88855064e-02 -5.03388140e-02 -3.41703106e-01
  3.28345759e-01  1.30641872e-01  4.66116584e-02  9.53491874e-03
 -8.40485604e-03 -1.73926304e-02 -2.18850131e-02 -2.40656175e-02
 -2.51369897e-02 -2.61434336e-02 -2.89950811e-02 -3.83753275e-02
 -3.27505406e-02 -3.03241642e-01 -1.86399488e-01 -2.75062466e-01
 -3.13579568e-01 -3.30971113e-01 -3.41388891e-01 -3.48642447e-01
 -3.53953389e-01 -3.57166382e-01 -3.55721819e-01 -3.40531880e-01
 -2.89689463e-01 -1.79481781e-01  3.60970504e-02 -1.53906717e+00] 
[-1.24504254e+00 -1.25994804e+00 -1.26058478e+00 -1.25454077e+00
 -1.24739370e+00 -1.24101361e+00 -1.23555782e+00 -1.23095908e+00
 -1.22740733e+00 -1.22560022e+00 -1.22510870e+00 -1.20231893e+00
 -9.79570076e-01 -3.33980116e-01  1.18056520e-01  5.62540719e-02
  1.53285862e-02 -3.18446591e-04 -6.84427055e-03 -9.92222462e-03
 -1.15708750e-02 -1.25586801e-02 -1.31804167e-02 -1.35190944e-02
 -1.37132884e-02 -1.61157496e-02 -4.45569312e-02 -2.67772735e-01
  3.33672343e-01  1.29575447e-01  4.57960585e-02  9.63923085e-03
 -7.63388020e-03 -1.62337050e-02 -2.05114049e-02 -2.25665779e-02
 -2.35327513e-02 -2.43307272e-02 -2.65327173e-02 -3.41033052e-02
 -2.56552722e-02 -2.96333107e-01 -1.85554158e-01 -2.62507645e-01
 -3.01179838e-01 -3.18823812e-01 -3.29270554e-01 -3.36541881e-01
 -3.41868986e-01 -3.45073276e-01 -3.43543075e-01 -3.28217082e-01
 -2.77893320e-01 -1.68808460e-01  1.31381017e-01 -1.65589708e+00] 
[-1.24819890e+00 -1.26553430e+00 -1.26701364e+00 -1.26157212e+00
 -1.25518184e+00 -1.24951112e+00 -1.24467499e+00 -1.24061178e+00
 -1.23751639e+00 -1.23608379e+00 -1.23595553e+00 -1.21465123e+00
 -1.00113430e+00 -3.87211096e-01  1.24368295e-01  5.59081787e-02
  1.53948215e-02  4.80219772e-04 -5.56617851e-03 -8.34380038e-03
 -9.79931237e-03 -1.06579995e-02 -1.11920865e-02 -1.14757755e-02
 -1.16285206e-02 -1.37360178e-02 -3.92824667e-02 -2.09508408e-01
  3.38838138e-01  1.28632301e-01  4.50551119e-02  9.73775197e-03
 -6.93330000e-03 -1.51897038e-02 -1.92831017e-02 -2.12353690e-02
 -2.21188481e-02 -2.27483617e-02 -2.44038131e-02 -3.04063795e-02
 -2.03481042e-02 -2.87890975e-01 -1.84964997e-01 -2.50398546e-01
 -2.89011852e-01 -3.06831080e-01 -3.17262496e-01 -3.24513268e-01
 -3.29824622e-01 -3.32995815e-01 -3.31374688e-01 -3.15968879e-01
 -2.66302402e-01 -1.57360864e-01  2.23602379e-01 -1.77277400e+00] 
[-1.25135207e+00 -1.27055457e+00 -1.27272427e+00 -1.26781684e+00
 -1.26210012e+00 -1.25706196e+00 -1.25277855e+00 -1.24919279e+00
 -1.24650182e+00 -1.24539144e+00 -1.24556474e+00 -1.22577115e+00
 -1.02277618e+00 -4.46116133e-01  1.30138434e-01  5.53428661e-02
  1.52906326e-02  1.09663561e-03 -4.50241711e-03 -7.00824152e-03
 -8.29249405e-03 -9.03825327e-03 -9.49659247e-03 -9.73405392e-03
 -9.85355422e-03 -1.16937845e-02 -3.44967759e-02 -1.64882126e-01
  3.43866045e-01  1.27823817e-01  4.43934774e-02  9.83722808e-03
 -6.28992389e-03 -1.42406801e-02 -1.81744730e-02 -2.00420165e-02
 -2.08624887e-02 -2.13638221e-02 -2.25879392e-02 -2.73307153e-02
 -1.69687700e-02 -2.77645430e-01 -1.84592027e-01 -2.38741068e-01
 -2.77111769e-01 -2.95034839e-01 -3.05412424e-01 -3.12609491e-01
 -3.17877320e-01 -3.20994510e-01 -3.19279693e-01 -3.03845629e-01
 -2.54922448e-01 -1.44887319e-01  3.05310297e-01 -1.88278378e+00] 
[-1.25447393e+00 -1.27507243e+00 -1.27779512e+00 -1.27336074e+00
 -1.26824276e+00 -1.26376741e+00 -1.25997577e+00 -1.25681442e+00
 -1.25448056e+00 -1.25364531e+00 -1.25406553e+00 -1.23579179e+00
 -1.04424573e+00 -5.08533702e-01  1.35421352e-01  5.46026997e-02
  1.50531591e-02  1.56416087e-03 -3.61870480e-03 -5.87917955e-03
 -7.01193674e-03 -7.65914284e-03 -8.05214055e-03 -8.25080893e-03
 -8.34378168e-03 -9.94341025e-03 -3.01824722e-02 -1.31105479e-01
  3.48734882e-01  1.27145666e-01  4.38102475e-02  9.94130481e-03
 -5.69401451e-03 -1.33712772e-02 -1.71656249e-02 -1.89630709e-02
 -1.97372705e-02 -2.01480402e-02 -2.10555913e-02 -2.48662735e-02
 -1.52987772e-02 -2.65729727e-01 -1.84400841e-01 -2.27536728e-01
 -2.65508618e-01 -2.83470167e-01 -2.93760817e-01 -3.00875931e-01
 -3.06076464e-01 -3.09122107e-01 -3.07313068e-01 -2.91896943e-01
 -2.43750747e-01 -1.31353119e-01  3.71930272e-01 -1.98154470e+00] 
[-1.25750437e+00 -1.27914017e+00 -1.28229698e+00 -1.27828129e+00
 -1.27369508e+00 -1.26971958e+00 -1.26636454e+00 -1.26357954e+00
 -1.26155997e+00 -1.26095788e+00 -1.26157742e+00 -1.24481540e+00
 -1.06528956e+00 -5.72349863e-01  1.40267327e-01  5.37270211e-02
  1.47134123e-02  1.91061015e-03 -2.88606519e-03 -4.92555333e-03
 -5.92458256e-03 -6.48595043e-03 -6.82267862e-03 -6.98884154e-03
 -7.06074713e-03 -8.44524859e-03 -2.63181333e-02 -1.05493002e-01
  3.53389384e-01  1.26580855e-01  4.33000874e-02  1.00513217e-02
 -5.13836369e-03 -1.25695166e-02 -1.62408511e-02 -1.79796611e-02
 -1.87205917e-02 -1.90712192e-02 -1.97587903e-02 -2.29181918e-02
 -1.48106798e-02 -2.52640286e-01 -1.84361758e-01 -2.16783620e-01
 -2.54225006e-01 -2.72165817e-01 -2.82341390e-01 -2.89350859e-01
 -2.94464086e-01 -2.97423796e-01 -2.95521903e-01 -2.80163983e-01
 -2.32782198e-01 -1.16950637e-01  4.22352672e-01 -2.06781506e+00] 
[-1.26036953 -1.28280082 -1.28629332 -1.28264812 -1.27853392 -1.27500173
 -1.27203363 -1.26958167 -1.26783791 -1.26743192 -1.26820986 -1.25293322
 -1.08569091 -0.63579675  0.14472258  0.0527505   0.01429735  0.00215917
 -0.00228001 -0.00412084 -0.00500205 -0.00548879 -0.00577714 -0.0059161
 -0.00597135 -0.00716483 -0.02287696 -0.08585945  0.35775953  0.12610516
  0.04285485  0.01016706 -0.0046176  -0.01182596 -0.01538763 -0.01707648
 -0.01779307 -0.01810404 -0.01863825 -0.02133436 -0.01488144 -0.23901703
 -0.18444911 -0.20647722 -0.24327784 -0.26114479 -0.27118165 -0.27806593
 -0.28307532 -0.28593761 -0.28394578 -0.26868008 -0.22201481 -0.10202227
  0.45789348 -2.14256179] 
[-1.26300004e+00 -1.28609062e+00 -1.28984073e+00 -1.28652359e+00
 -1.28282828e+00 -1.27968879e+00 -1.27706314e+00 -1.27490539e+00
 -1.27340304e+00 -1.27316065e+00 -1.27406221e+00 -1.26022674e+00
 -1.10528155e+00 -6.97542073e-01  1.48829042e-01  5.17032641e-02
  1.38266819e-02  2.32916265e-03 -1.77984632e-03 -3.44241662e-03
 -4.21999349e-03 -4.64195477e-03 -4.88876103e-03 -5.00497770e-03
 -5.04712010e-03 -6.07216113e-03 -1.98282018e-02 -7.05794661e-02
  3.61779749e-01  1.25692621e-01  4.24651563e-02  1.02873591e-02
 -4.12770119e-03 -1.11330852e-02 -1.45959602e-02 -1.62412399e-02
 -1.69388198e-02 -1.72210604e-02 -1.76380193e-02 -1.99604900e-02
 -1.49973666e-02 -2.25424639e-01 -1.84640657e-01 -1.96610980e-01
 -2.32679072e-01 -2.50424945e-01 -2.60303485e-01 -2.67046764e-01
 -2.71938938e-01 -2.74694917e-01 -2.72617282e-01 -2.57471550e-01
 -2.11452664e-01 -8.69607789e-02  4.80915883e-01 -2.20769456e+00] 
[-1.26534239e+00 -1.28904101e+00 -1.29298950e+00 -1.28996338e+00
 -1.28663983e+00 -1.28384793e+00 -1.28152499e+00 -1.27962678e+00
 -1.27833523e+00 -1.27822817e+00 -1.27922402e+00 -1.26676934e+00
 -1.12393729e+00 -7.56650340e-01  1.52624185e-01  5.06109405e-02
  1.33193876e-02  2.43659194e-03 -1.36813034e-03 -2.87098263e-03
 -3.55754580e-03 -3.92336439e-03 -4.13455110e-03 -4.23176856e-03
 -4.26364276e-03 -5.14111007e-03 -1.71393166e-02 -5.84952903e-02
  3.65400945e-01  1.25319225e-01  4.21215129e-02  1.04105970e-02
 -3.66557327e-03 -1.04848815e-02 -1.38578072e-02 -1.54641776e-02
 -1.61454289e-02 -1.64027890e-02 -1.67154062e-02 -1.86796843e-02
 -1.48404150e-02 -2.12251784e-01 -1.84917148e-01 -1.87176768e-01
 -2.22436346e-01 -2.40019562e-01 -2.49723776e-01 -2.56313552e-01
 -2.61077950e-01 -2.63721053e-01 -2.61562630e-01 -2.46558630e-01
 -2.01106181e-01 -7.21356958e-02  4.93904208e-01 -2.26521387e+00] 
[-1.26736278e+00 -1.29168009e+00 -1.29578426e+00 -1.29301707e+00
 -1.29002358e+00 -1.28753916e+00 -1.28548357e+00 -1.28381404e+00
 -1.28270618e+00 -1.28270999e+00 -1.28377555e+00 -1.27262782e+00
 -1.14156997e+00 -8.12503315e-01  1.56141103e-01  4.94947701e-02
  1.27902042e-02  2.49468784e-03 -1.03016192e-03 -2.39010814e-03
 -2.99684318e-03 -3.31406764e-03 -3.49474775e-03 -3.57610287e-03
 -3.59997402e-03 -4.34893143e-03 -1.47775738e-02 -4.87938731e-02
  3.68594411e-01  1.24964646e-01  4.18149445e-02  1.05349459e-02
 -3.22883493e-03 -9.87646364e-03 -1.31666990e-02 -1.47375667e-02
 -1.54034837e-02 -1.56355177e-02 -1.58428400e-02 -1.74227363e-02
 -1.42718530e-02 -1.99715248e-01 -1.85261928e-01 -1.78165133e-01
 -2.12553698e-01 -2.29937950e-01 -2.39454991e-01 -2.45881664e-01
 -2.50510217e-01 -2.53035892e-01 -2.50802306e-01 -2.35956353e-01
 -1.90990759e-01 -5.78552372e-02  4.99049357e-01 -2.31683351e+00] 
[-1.26904594e+00 -1.29403353e+00 -1.29826458e+00 -1.29572874e+00
 -1.29302848e+00 -1.29081596e+00 -1.28899634e+00 -1.28752810e+00
 -1.28657997e+00 -1.28667364e+00 -1.28778840e+00 -1.27786366e+00
 -1.15812111e+00 -8.64723938e-01  1.59408791e-01  4.83718957e-02
  1.22509937e-02  2.51430435e-03 -7.53584350e-04 -1.98581333e-03
 -2.52260856e-03 -2.79782196e-03 -2.95240226e-03 -3.02051939e-03
 -3.03818785e-03 -3.67584396e-03 -1.27111012e-02 -4.09025638e-02
  3.71350603e-01  1.24612607e-01  4.15372744e-02  1.06585560e-02
 -2.81560530e-03 -9.30383391e-03 -1.25173641e-02 -1.40552438e-02
 -1.47058597e-02 -1.49100318e-02 -1.50048260e-02 -1.61594463e-02
 -1.32752961e-02 -1.87908013e-01 -1.85660639e-01 -1.69565525e-01
 -2.03032109e-01 -2.20185967e-01 -2.29505749e-01 -2.35762243e-01
 -2.40249056e-01 -2.42654489e-01 -2.40351721e-01 -2.25675371e-01
 -1.81124773e-01 -4.43539583e-02  4.98142062e-01 -2.36388875e+00] 
[-1.27039183e+00 -1.29612515e+00 -1.30046556e+00 -1.29813750e+00
 -1.29569799e+00 -1.29372588e+00 -1.29211442e+00 -1.29082322e+00
 -1.29001376e+00 -1.29017933e+00 -1.29132621e+00 -1.28253382e+00
 -1.17355763e+00 -9.13115782e-01  1.62452535e-01  4.72557684e-02
  1.17111177e-02  2.50429253e-03 -5.28028120e-04 -1.64621810e-03
 -2.12179208e-03 -2.36072260e-03 -2.49299432e-03 -2.55006633e-03
 -2.56295791e-03 -3.10467925e-03 -1.09094669e-02 -3.44129636e-02
  3.73675665e-01  1.24250626e-01  4.12812285e-02  1.07796523e-02
 -2.42437409e-03 -8.76368113e-03 -1.19054642e-02 -1.34122304e-02
 -1.40470833e-02 -1.42201621e-02 -1.41937733e-02 -1.48845800e-02
 -1.19017540e-02 -1.76848545e-01 -1.86100958e-01 -1.61366464e-01
 -1.93870035e-01 -2.10766516e-01 -2.19881351e-01 -2.25962760e-01
 -2.30303817e-01 -2.32587669e-01 -2.30221857e-01 -2.15722673e-01
 -1.71527628e-01 -3.17947192e-02  4.92599320e-01 -2.40736768e+00] 
[-1.27141197e+00 -1.29797724e+00 -1.30241833e+00 -1.30027802e+00
 -1.29807064e+00 -1.29631109e+00 -1.29488322e+00 -1.29374766e+00
 -1.29305835e+00 -1.29328057e+00 -1.29444540e+00 -1.28669130e+00
 -1.18786876e+00 -9.57617384e-01  1.65294327e-01  4.61566245e-02
  1.11777920e-02  2.47182163e-03 -3.44806748e-04 -1.36123783e-03
 -1.78325898e-03 -1.99088055e-03 -2.10409982e-03 -2.15195725e-03
 -2.16119674e-03 -2.62057297e-03 -9.34401554e-03 -2.90286935e-02
  3.75587533e-01  1.23869538e-01  4.10404550e-02  1.08965955e-02
 -2.05390349e-03 -8.25323220e-03 -1.13273903e-02 -1.28044481e-02
 -1.34228500e-02 -1.35616605e-02 -1.34065729e-02 -1.36058471e-02
 -1.02310832e-02 -1.66516280e-01 -1.86572359e-01 -1.53555709e-01
 -1.85063852e-01 -2.01680003e-01 -2.10584264e-01 -2.16487531e-01
 -2.20680426e-01 -2.22842595e-01 -2.20419869e-01 -2.06102191e-01
 -1.62218134e-01 -2.02773205e-02  4.83530706e-01 -2.44797898e+00] 
[-1.27212606e+00 -1.29961080e+00 -1.30415050e+00 -1.30218099e+00
 -1.30018052e+00 -1.29860897e+00 -1.29734301e+00 -1.29634418e+00
 -1.29575882e+00 -1.29602483e+00 -1.29719584e+00 -1.29038546e+00
 -1.20106316e+00 -9.98267767e-01  1.67953276e-01  4.50819818e-02
  1.06564217e-02  2.42265825e-03 -1.96655871e-04 -1.12232116e-03
 -1.49751913e-03 -1.67814242e-03 -1.77510151e-03 -1.81527124e-03
 -1.82174214e-03 -2.21069040e-03 -7.98806450e-03 -2.45303872e-02
  3.77112372e-01  1.23462985e-01  4.08095023e-02  1.10079179e-02
 -1.70315591e-03 -7.77013924e-03 -1.07801091e-02 -1.22285114e-02
 -1.28296932e-02 -1.29314592e-02 -1.26423449e-02 -1.23358876e-02
 -8.34926113e-03 -1.56873110e-01 -1.87065905e-01 -1.46120403e-01
 -1.76608248e-01 -1.92924731e-01 -2.01614559e-01 -2.07338191e-01
 -2.11381878e-01 -2.13423286e-01 -2.10949646e-01 -1.96815328e-01
 -1.53213311e-01 -9.84951698e-03  4.71805809e-01 -2.48622007e+00] 
[-1.27255913e+00 -1.30104562e+00 -1.30568662e+00 -1.30387355e+00
 -1.30205783e+00 -1.30065261e+00 -1.29952941e+00 -1.29865069e+00
 -1.29815513e+00 -1.29845411e+00 -1.29962158e+00 -1.29366213e+00
 -1.21316602e+00 -1.03517989e+00  1.70445994e-01  4.40371188e-02
  1.01509085e-02  2.36140676e-03 -7.75100714e-05 -9.22224345e-04
 -1.25649282e-03 -1.41384718e-03 -1.49693714e-03 -1.53069207e-03
 -1.53508495e-03 -1.86397998e-03 -6.81701185e-03 -2.07523312e-02
  3.78281603e-01  1.23026941e-01  4.05837769e-02  1.11123434e-02
 -1.37124043e-03 -7.31239320e-03 -1.02610458e-02 -1.16815765e-02
 -1.22647623e-02 -1.23272217e-02 -1.19011454e-02 -1.10877547e-02
 -6.33669340e-03 -1.47874972e-01 -1.87574060e-01 -1.39047227e-01
 -1.68496551e-01 -1.84497262e-01 -1.92970298e-01 -1.98514110e-01
 -2.02408689e-01 -2.04331089e-01 -2.01812318e-01 -1.87861392e-01
 -1.44527599e-01 -5.18183873e-04  4.58110404e-01 -2.52243436e+00] 
[-1.27273930e+00 -1.30230036e+00 -1.30704847e+00 -1.30537970e+00
 -1.30372921e+00 -1.30247124e+00 -1.30147396e+00 -1.30070072e+00
 -1.30028260e+00 -1.30060552e+00 -1.30176141e+00 -1.29656382e+00
 -1.22421596e+00 -1.06851975e+00  1.72786941e-01  4.30255141e-02
  9.66392760e-03  2.29171495e-03  1.76874048e-05 -7.54817338e-04
 -1.05330833e-03 -1.19061499e-03 -1.26188070e-03 -1.29028155e-03
 -1.29313318e-03 -1.57095143e-03 -5.80837840e-03 -1.75667992e-02
  3.79129530e-01  1.22559283e-01  4.03594868e-02  1.12087950e-02
 -1.05737299e-03 -6.87825692e-03 -9.76799523e-03 -1.11612300e-02
 -1.17256752e-02 -1.17470837e-02 -1.11833044e-02 -9.87277593e-03
 -4.26313107e-03 -1.39477498e-01 -1.88090514e-01 -1.32322540e-01
 -1.60721020e-01 -1.76392729e-01 -1.84647884e-01 -1.90012776e-01
 -1.93759296e-01 -1.95565108e-01 -1.93006709e-01 -1.79237963e-01
 -1.36172411e-01  7.74046193e-03  4.42989678e-01 -2.55685578e+00] 
[-1.27269599e+00 -1.30339257e+00 -1.30825545e+00 -1.30672067e+00
 -1.30521823e+00 -1.30409068e+00 -1.30320450e+00 -1.30252388e+00
 -1.30217246e+00 -1.30251182e+00 -1.30364951e+00 -1.29912969e+00
 -1.23426199e+00 -1.09848970e+00  1.74988734e-01  4.20492342e-02
  9.19717010e-03  2.21644815e-03  9.31464016e-05 -6.14917390e-04
 -8.82127133e-04 -1.00216445e-03 -1.06335271e-03 -1.08728314e-03
 -1.08900812e-03 -1.32347600e-03 -4.94179623e-03 -1.48734478e-02
  3.79691493e-01  1.22059418e-01  4.01335759e-02  1.12963945e-02
 -7.60846805e-04 -6.46621306e-03 -9.29905190e-03 -1.06654050e-02
 -1.12104151e-02 -1.11895054e-02 -1.04891300e-02 -8.69981434e-03
 -2.18618529e-03 -1.31638417e-01 -1.88610031e-01 -1.25932511e-01
 -1.53273080e-01 -1.68605109e-01 -1.76642357e-01 -1.81830122e-01
 -1.85430411e-01 -1.87122579e-01 -1.84529740e-01 -1.70941204e-01
 -1.28155964e-01  1.49720589e-02  4.26880327e-01 -2.58964228e+00] 
[-1.27245861e+00 -1.30433871e+00 -1.30932477e+00 -1.30791518e+00
 -1.30654567e+00 -1.30553375e+00 -1.30474561e+00 -1.30414633e+00
 -1.30385226e+00 -1.30420189e+00 -1.30531597e+00 -1.30139569e+00
 -1.24336059e+00 -1.12531504e+00  1.77062422e-01  4.11092654e-02
  8.75155265e-03  2.13783583e-03  1.52366970e-04 -4.98146547e-04
 -7.37993257e-04 -8.43154497e-04 -8.95755907e-04 -9.15952022e-04
 -9.16868212e-04 -1.11460757e-03 -4.19895276e-03 -1.25920547e-02
  3.80002492e-01  1.21527953e-01  3.99036540e-02  1.13744552e-02
 -4.81010632e-04 -6.07492311e-03 -8.85255541e-03 -1.01923164e-02
 -1.07172578e-02 -1.06531852e-02 -9.81880332e-03 -7.57525863e-03
 -1.51643685e-04 -1.24318344e-01 -1.89128305e-01 -1.19863243e-01
 -1.46143527e-01 -1.61127459e-01 -1.68947663e-01 -1.73960815e-01
 -1.77417335e-01 -1.78999201e-01 -1.76376776e-01 -1.62966122e-01
 -1.20483311e-01  2.12368466e-02  4.10134102e-01 -2.62090048e+00] 
[-1.27205559e+00 -1.30515410e+00 -1.31027179e+00 -1.30897981e+00
 -1.30772988e+00 -1.30682058e+00 -1.30611901e+00 -1.30559116e+00
 -1.30534634e+00 -1.30570114e+00 -1.30678722e+00 -1.30339464e+00
 -1.25157302e+00 -1.14923335e+00  1.79017725e-01  4.02057901e-02
  8.32739445e-03  2.05759396e-03  1.98255301e-04 -4.00809770e-04
 -6.16703641e-04 -7.09048033e-04 -7.54333397e-04 -7.71408331e-04
 -7.71757408e-04 -9.38423227e-04 -3.56349978e-03 -1.06574824e-02
  3.80096187e-01  1.20966418e-01  3.96679224e-02  1.14424707e-02
 -2.17252765e-04 -5.70319501e-03 -8.42704720e-03 -9.74041062e-03
 -1.02447165e-02 -1.01370066e-02 -9.17236384e-03 -6.50333653e-03
  1.80540227e-03 -1.17480823e-01 -1.89641830e-01 -1.14100879e-01
 -1.39322703e-01 -1.53952119e-01 -1.61556876e-01 -1.66398507e-01
 -1.69714225e-01 -1.71189426e-01 -1.68541937e-01 -1.55306782e-01
 -1.13156509e-01  2.66038995e-02  3.93035122e-01 -2.65070351e+00] 
[-1.27151370e+00 -1.30585300e+00 -1.31111016e+00 -1.30992919e+00
 -1.30878708e+00 -1.30796891e+00 -1.30734382e+00 -1.30687872e+00
 -1.30667612e+00 -1.30703199e+00 -1.30808652e+00 -1.30515636e+00
 -1.25896309e+00 -1.17048601e+00  1.80863236e-01  3.93384122e-02
  7.92456493e-03  1.97702649e-03  2.33221511e-04 -3.19790866e-04
 -5.14696766e-04 -5.95994348e-04 -6.35046203e-04 -6.49510711e-04
 -6.49474616e-04 -7.89882071e-04 -3.02093656e-03 -9.01613646e-03
  3.80004215e-01  1.20377018e-01  3.94251020e-02  1.15001012e-02
  3.10104726e-05 -5.34995747e-03 -8.02123592e-03 -9.30832514e-03
 -9.79150029e-03 -9.64000306e-03 -8.54972992e-03 -5.48652853e-03
  3.65913754e-03 -1.11092096e-01 -1.90147793e-01 -1.08631699e-01
 -1.32800634e-01 -1.47070883e-01 -1.54462396e-01 -1.59136052e-01
 -1.62314330e-01 -1.63686713e-01 -1.61018352e-01 -1.47956495e-01
 -1.06174885e-01  3.11466935e-02  3.75812756e-01 -2.67910374e+00] 
[-1.27085766e+00 -1.30644856e+00 -1.31185204e+00 -1.31077624e+00
 -1.30973155e+00 -1.30899443e+00 -1.30843696e+00 -1.30802699e+00
 -1.30786052e+00 -1.30821411e+00 -1.30923433e+00 -1.30670777e+00
 -1.26559523e+00 -1.18931176e+00  1.82606600e-01  3.85063352e-02
  7.54260480e-03  1.89710907e-03  2.59261939e-04 -2.52463755e-04
 -4.28957125e-04 -5.00728066e-04 -5.34467912e-04 -5.46747530e-04
 -5.46461649e-04 -6.64701041e-04 -2.55847582e-03 -7.62343661e-03
  3.79755764e-01  1.19762435e-01  3.91743615e-02  1.15471571e-02
  2.64342891e-04 -5.01423940e-03 -7.63396957e-03 -8.89485667e-03
 -9.35648011e-03 -9.16133223e-03 -7.95072830e-03 -4.52597179e-03
  5.39156968e-03 -1.05120798e-01 -1.90643966e-01 -1.03442205e-01
 -1.26567157e-01 -1.40475149e-01 -1.47656112e-01 -1.52165690e-01
 -1.55210193e-01 -1.56483736e-01 -1.53798387e-01 -1.40907972e-01
 -9.95353406e-02  3.49398064e-02  3.58651429e-01 -2.70614172e+00] 
[-1.27010987e+00 -1.30695286e+00 -1.31250826e+00 -1.31153241e+00
 -1.31057593e+00 -1.30991097e+00 -1.30941331e+00 -1.30905179e+00
 -1.30891619e+00 -1.30926486e+00 -1.31024863e+00 -1.30807315e+00
 -1.27153297e+00 -1.20594175e+00  1.84254656e-01  3.77085008e-02
  7.18082381e-03  1.81855752e-03  2.78028267e-04 -1.96616932e-04
 -3.56933407e-04 -4.20482349e-04 -4.49694132e-04 -4.60143473e-04
 -4.59707150e-04 -5.59246271e-04 -2.16490024e-03 -6.44197888e-03
  3.79377340e-01  1.19125655e-01  3.89152502e-02  1.15835828e-02
  4.83294066e-04 -4.69515357e-03 -7.26421312e-03 -8.49893507e-03
 -8.93866240e-03 -8.70025551e-03 -7.37512084e-03 -3.62180749e-03
  6.99116194e-03 -9.95376882e-02 -1.91128619e-01 -9.85191866e-02
 -1.20612014e-01 -1.34156042e-01 -1.41129546e-01 -1.45479203e-01
 -1.48393819e-01 -1.49572578e-01 -1.46873832e-01 -1.34153458e-01
 -9.32326827e-02  3.80565512e-02  3.41698266e-01 -2.73185213e+00] 
[-1.26929034e+00 -1.30737694e+00 -1.31308846e+00 -1.31220779e+00
 -1.31133137e+00 -1.31073073e+00 -1.31028603e+00 -1.30996710e+00
 -1.30985783e+00 -1.31019948e+00 -1.31114522e+00 -1.30927421e+00
 -1.27683786e+00 -1.22059614e+00  1.85813565e-01  3.69436946e-02
  6.83837839e-03  1.74188362e-03  2.90885461e-04 -1.50389240e-04
 -2.96468541e-04 -3.52914515e-04 -3.78264814e-04 -3.87179478e-04
 -3.86664354e-04 -4.70438592e-04 -1.83041595e-03 -5.44017475e-03
  3.78892686e-01  1.18469836e-01  3.86476358e-02  1.16094403e-02
  6.88403062e-04 -4.39188336e-03 -6.91103016e-03 -8.11960221e-03
 -8.53716688e-03 -8.25612103e-03 -6.82262471e-03 -2.77345924e-03
  8.45160443e-03 -9.43154312e-02 -1.91600440e-01 -9.38497771e-02
 -1.14924940e-01 -1.28104518e-01 -1.34873971e-01 -1.39068048e-01
 -1.41856822e-01 -1.42944877e-01 -1.40236062e-01 -1.27684842e-01
 -8.72599539e-02  4.05673510e-02  3.25069235e-01 -2.75626777e+00] 
[-1.26841670e+00 -1.30773081e+00 -1.31360124e+00 -1.31281133e+00
 -1.31200772e+00 -1.31146449e+00 -1.31106672e+00 -1.31078525e+00
 -1.31069838e+00 -1.31103138e+00 -1.31193801e+00 -1.31033036e+00
 -1.28156859e+00 -1.23348167e+00  1.87288906e-01  3.62106230e-02
  6.51433217e-03  1.66744026e-03  2.98960256e-04 -1.12215338e-04
 -2.45739948e-04 -2.96042366e-04 -3.18097730e-04 -3.25724214e-04
 -3.25180816e-04 -3.95671716e-04 -1.54650784e-03 -4.59122127e-03
  3.78322815e-01  1.17798192e-01  3.83716471e-02  1.16248922e-02
  8.80200738e-04 -4.10367217e-03 -6.57356812e-03 -7.75599478e-03
 -8.15120846e-03 -7.82834903e-03 -6.29292584e-03 -1.97984586e-03
  9.77073908e-03 -8.94284374e-02 -1.92058467e-01 -8.94215007e-02
 -1.09495727e-01 -1.22311450e-01 -1.28880507e-01 -1.32923473e-01
 -1.35590549e-01 -1.36591966e-01 -1.33876168e-01 -1.21493756e-01
 -8.16087452e-02  4.25386901e-02  3.08854186e-01 -2.77942192e+00] 
[-1.26750427e+00 -1.30802353e+00 -1.31405423e+00 -1.31335095e+00
 -1.31261368e+00 -1.31212177e+00 -1.31176562e+00 -1.31151711e+00
 -1.31144926e+00 -1.31177237e+00 -1.31263922e+00 -1.31125887e+00
 -1.28578049e+00 -1.24479029e+00  1.88685769e-01  3.55079687e-02
  6.20770242e-03  1.59545770e-03  3.03181659e-04 -8.07794522e-05
 -2.03208607e-04 -2.48189783e-04 -2.67431587e-04 -2.73975527e-04
 -2.73438447e-04 -3.32741709e-04 -1.30580047e-03 -3.87230423e-03
  3.77686126e-01  1.17113908e-01  3.80876226e-02  1.16301869e-02
  1.05921101e-03 -3.82981484e-03 -6.25104597e-03 -7.40732996e-03
 -7.78008219e-03 -7.41641913e-03 -5.78568684e-03 -1.23953893e-03
  1.09496373e-02 -8.48527474e-02 -1.92502030e-01 -8.52223046e-02
 -1.04314284e-01 -1.16767702e-01 -1.23140210e-01 -1.27036603e-01
 -1.29586182e-01 -1.30504981e-01 -1.27785070e-01 -1.15571651e-01
 -7.62694866e-02  4.40324996e-02  2.93121083e-01 -2.80134972e+00] 
[-1.26656622e+00 -1.30826326e+00 -1.31445424e+00 -1.31383366e+00
 -1.31315697e+00 -1.31271099e+00 -1.31239177e+00 -1.31217228e+00
 -1.31212054e+00 -1.31243285e+00 -1.31325964e+00 -1.31207507e+00
 -1.28952515e+00 -1.25469849e+00  1.90008816e-01  3.48344289e-02
  5.91749474e-03  1.52607257e-03  3.04314732e-04 -5.49762023e-05
 -1.67575658e-04 -2.07940294e-04 -2.24777452e-04 -2.30410478e-04
 -2.29902413e-04 -2.79786397e-04 -1.10192705e-03 -3.26396746e-03
  3.76998559e-01  1.16420075e-01  3.77960648e-02  1.16256439e-02
  1.22595134e-03 -3.56965070e-03 -5.94274433e-03 -7.07289381e-03
 -7.42315070e-03 -7.01985937e-03 -5.30055089e-03 -5.50876388e-04
  1.19918209e-02 -8.05659468e-02 -1.92930695e-01 -8.12405836e-02
 -9.93706795e-02 -1.11464188e-01 -1.17644137e-01 -1.21398524e-01
 -1.23834823e-01 -1.24674955e-01 -1.21953609e-01 -1.09909871e-01
 -7.12317102e-02  4.51058641e-02  2.77919603e-01 -2.82208868e+00] 
[-1.26561376e+00 -1.30845725e+00 -1.31480733e+00 -1.31426566e+00
 -1.31364439e+00 -1.31323958e+00 -1.31295319e+00 -1.31275925e+00
 -1.31272111e+00 -1.31302197e+00 -1.31380872e+00 -1.31279253e+00
 -1.29285030e+00 -1.26336714e+00  1.91262342e-01  3.41887398e-02
  5.64272826e-03  1.45935092e-03  3.02988741e-04 -3.38774521e-05
 -1.37745503e-04 -1.74097503e-04 -1.88877327e-04 -1.93742767e-04
 -1.93277653e-04 -2.35233491e-04 -9.29408015e-04 -2.74960321e-03
  3.76273796e-01  1.15719641e-01  3.74976008e-02  1.16116404e-02
  1.38093276e-03 -3.32255792e-03 -5.64799709e-03 -6.75203150e-03
 -7.07983378e-03 -6.63823671e-03 -4.83714301e-03  8.79568713e-05
  1.29026131e-02 -7.65471007e-02 -1.93344229e-01 -7.74651959e-02
 -9.46551777e-02 -1.06391917e-01 -1.12383401e-01 -1.16000347e-01
 -1.18327564e-01 -1.19092891e-01 -1.16372621e-01 -1.04499709e-01
 -6.64842837e-02  4.58109581e-02  2.63284219e-01 -2.84167879e+00] 
[-1.26465628e+00 -1.30861201e+00 -1.31511888e+00 -1.31465246e+00
 -1.31408198e+00 -1.31371413e+00 -1.31345693e+00 -1.31328550e+00
 -1.31325881e+00 -1.31354780e+00 -1.31429481e+00 -1.31342323e+00
 -1.29579978e+00 -1.27094190e+00  1.92450323e-01  3.35696916e-02
  5.38245337e-03  1.39530631e-03  2.99720563e-04 -1.67042873e-05
 -1.12794444e-04 -1.45651405e-04 -1.58668871e-04 -1.62886489e-04
 -1.62471914e-04 -1.97756274e-04 -7.83540032e-04 -2.31503232e-03
  3.75523470e-01  1.15015375e-01  3.71929477e-02  1.15885992e-02
  1.52465942e-03 -3.08794893e-03 -5.36618465e-03 -6.44413922e-03
 -6.74959955e-03 -6.27114890e-03 -4.39507001e-03  6.78872469e-04
  1.36886057e-02 -7.27766962e-02 -1.93742555e-01 -7.38854720e-02
 -9.01582690e-02 -1.01542040e-01 -1.07349222e-01 -1.10833255e-01
 -1.13055549e-01 -1.13749830e-01 -1.11032997e-01 -9.93324586e-02
 -6.20156142e-02  4.61951408e-02  2.49236850e-01 -2.86016228e+00] 
[-1.26370159e+00 -1.30873325e+00 -1.31539368e+00 -1.31499895e+00
 -1.31447509e+00 -1.31414047e+00 -1.31390926e+00 -1.31375767e+00
 -1.31374057e+00 -1.31401745e+00 -1.31472526e+00 -1.31397774e+00
 -1.29841361e+00 -1.27755377e+00  1.93576451e-01  3.29761360e-02
  5.13576354e-03  1.33391405e-03  2.94934142e-04 -2.80334925e-06
 -9.19440633e-05 -1.21749738e-04 -1.33255390e-04 -1.36925326e-04
 -1.36564370e-04 -1.66235838e-04 -6.60295745e-04 -1.94815330e-03
  3.74757382e-01  1.14309845e-01  3.68828831e-02  1.15569779e-02
  1.65762805e-03 -2.86526668e-03 -5.09672817e-03 -6.14865748e-03
 -6.43195722e-03 -5.91821773e-03 -3.97391974e-03  1.22383908e-03
  1.43572272e-02 -6.92365874e-02 -1.94125727e-01 -7.04912171e-02
 -8.58706909e-02 -9.69058719e-02 -1.02532958e-01 -1.05888552e-01
 -1.08010018e-01 -1.08636900e-01 -1.05925735e-01 -9.43994554e-02
 -5.78138238e-02  4.63011572e-02  2.35789145e-01 -2.87758319e+00] 
[-1.26275607e+00 -1.30882606e+00 -1.31563597e+00 -1.31530947e+00
 -1.31482846e+00 -1.31452375e+00 -1.31431571e+00 -1.31418163e+00
 -1.31417253e+00 -1.31443718e+00 -1.31510654e+00 -1.31446537e+00
 -1.30072814e+00 -1.28331997e+00  1.94644167e-01  3.24069890e-02
  4.90180244e-03  1.27512222e-03  2.88976633e-04  8.37313615e-06
 -7.45386524e-05 -1.01673658e-04 -1.11880331e-04 -1.15086378e-04
 -1.14779008e-04 -1.39728980e-04 -5.56233978e-04 -1.63864522e-03
  3.73983706e-01  1.13605404e-01  3.65682208e-02  1.15172592e-02
  1.78032715e-03 -2.65398150e-03 -4.83908484e-03 -5.86506544e-03
 -6.12645087e-03 -5.57908333e-03 -3.57326036e-03  1.72485473e-03
  1.49163983e-02 -6.59099394e-02 -1.94493900e-01 -6.72727088e-02
 -8.17834449e-02 -9.24749228e-02 -9.79261405e-02 -1.01157692e-01
 -1.03182349e-01 -1.03745358e-01 -1.01041978e-01 -8.96921127e-02
 -5.38668984e-02  4.61674046e-02  2.22944426e-01 -2.89398687e+00] 
