Energy 
 
-5.5082757847241295 
-6.364421207578097 
-5.551705127658587 
-5.640157682504795 
-6.605107233189702 
-6.785995022940365 
-9.042395819258548 
-6.662927454562065 
-4.606491946177629 
-8.447823010107664 
-10.789230735526182 
-11.369361059323195 
-11.968234361385607 
-12.511607378448225 
-13.014356244624832 
-13.483504885283672 
-13.903131312967124 
-14.300033313376828 
-14.687220844751653 
-15.127729423046533 
-15.548772776463254 
-15.835454191711227 
-16.115825376165954 
-16.37530761956052 
-16.68819073246837 
-16.934097333206147 
-17.167911353621204 
-17.360948213149676 
-17.515589466908178 
-17.688233514021277 
-17.836712940709546 
-17.969762090722778 
-18.096804577726182 
-18.253822087432763 
-18.360617613842837 
-18.456720549475214 
-18.543581874553748 
-18.62015351861829 
-18.70317182902479 
-18.780323702276828 
-18.853207426210552 
-18.922384357136234 
-19.005770683333306 
-19.067623512199503 
-19.17196687145929 
-19.26398579609352 
-19.359117771880555 
-19.43643224608561 
-19.514643016286882 
-19.58892594463744 
-19.66361371659213 
-19.743662316953515 
-19.82825802431129 
-19.874101136708873 
-19.718852236876323 
-20.056760666939415 
-20.234501281877062 
-20.353335092337055 
-20.455896946399605 
-19.9418899169363 
-20.606985883786766 
-20.78170957222058 
-20.914305069245618 
-21.05437313777025 
-21.185813545177428 
-21.312369012296998 
-21.433109001790434 
-21.529883334385673 
-21.649059183078325 
-21.75694549059177 
-21.856762782667666 
-21.963873767692764 
-22.06072809082485 
-22.147987773633556 
-22.225822266973296 
-22.295525287010175 
-22.347814863342695 
-22.41938374995885 
-22.433560047699242 
-22.515980448479773 
-22.368938400826433 
-22.38212122998928 
-22.586938284236915 
-22.63002067745758 
-22.657455952467174 
-22.68136842206985 
-22.703340831017847 
-22.716601407820757 
-22.74301923312401 
-22.761763225190155 
-22.780136633614863 
-22.796353399655533 
-22.81178397033968 
-22.826504335938594 
-22.84068400916249 
-22.8542226676 
-22.867335004624255 
-22.880318980255048 
-22.89275024137248 
-22.901774817388173 
-22.894517065800493 
-22.917781408349043 
-22.937110635818783 
-22.9486870002752 
-22.9552052169245 
-22.94388715405899 
-22.922881401936976 
-22.982927894558934 
-22.992579985810814 
-23.001169167522548 
-23.0092403980337 
-23.01712258979331 
-23.024629317917267 
-23.031825336448083 
-23.038694686154386 
-23.045268846454842 
-23.051572562201855 
-23.0576579645463 
-23.063596252112724 
-23.06931818025363 
-23.07463613799715 
-23.07973550662214 
-23.084632931560765 
-23.089355550985392 
-23.093917470904042 
-23.09830149390705 
-23.101756911335425 
-23.106267305232866 
-23.107589785806844 
-23.099053502343903 
-23.101536541957916 
-23.107410989414458 
-23.115249444220147 
-23.124960361893525 
-23.123208049824314 
-23.128761213922864 
-23.136843966112128 
-23.142194997962573 
-23.145874317280697 
-23.148402101441494 
-23.151567798366255 
-23.15425695583507 
-23.155724012518395 
-23.158562044182403 
-23.161064889820967 
-23.163166086477354 
-23.16524329443691 
-23.16757231527404 
-23.16919877394575 
-23.164413292860278 
-23.171517430532436 
-23.17523126021889 
-23.17765275048019 
-23.179644658492734 
-23.181413188840946 
-23.183111358930574 
-23.184698048119504 
-23.186312897031506 
-23.187892359047485 
-23.189405547554856 
-23.19087072965559 
-23.192294286557203 
-23.19367691942015 
-23.194970211225904 
-23.195952881671193 
-23.19477410699421 
-23.197723592050966 
-23.199681304907696 
-23.201018148420545 
-23.202147379827032 
-23.203241777301 
-23.204304764935337 
-23.205343145647365 
-23.20634278442686 
-23.207314534820767 
-23.208260320524698 
-23.2091796166921 
-23.21007272817056 
-23.2109326198606 
-23.211752029222737 
-23.21253851877648 
-23.213304502979977 
-23.214047612769726 
-23.214779818111687 
-23.21533936787798 
-23.21613884836965 
-23.216872137060925 
-23.217536094413145 
-23.218185099602366 
-23.218808160309205 
-23.219424321251665 
-23.220023478755856 
-23.220607392069873 
-23.221182881059207 
-23.221755810793965 
-23.222312424982647 
-23.22285469197335 
-23.22338181013547 
-23.22389379291298 
-23.224374151603065 
-23.22484065008099 
-23.22529918381948 
-23.225742163496346 
-23.22620977227272 
-23.226650880761728 
-23.227080105390524 
-23.22749807270756 
-23.227910091409267 
-23.228309459089974 
-23.22869815991951 
-23.22907190320316 
-23.229436079391544 
-23.229790517354253 
-23.230133259186978 
-23.23046395139427 
-23.2307856403704 
-23.231099560911527 
-23.231405816700505 
-23.231706368011924 
-23.23199987088607 
-23.232286014214107 
-23.232565308227784 
-23.23283890784346 
-23.233112521370007 
-23.233374610012135 
-23.233628657843653 
-23.233876443128636 
-23.23411735819639 
-23.23435238276107 
-23.23458186198743 
-23.23480614388965 
-23.235024413709823 
-23.23523964880577 
-23.235452310957697 
-23.23566019170471 
-23.23586260503269 
-23.236059286010267 
-23.236251699488946 
-23.236440966360323 
-23.236625251537138 
-23.236805676175532 
-23.236981919950583 
-23.237155952327196 
-23.237326203241103 
-23.237491860525825 
-23.237652829562755 
-23.237809575309903 
-23.237963090165472 
-23.238116119174773 
-23.238265037029937 
-23.238410531801165 
-23.23855231144346 
-23.238686712287247 
-23.238817230937617 
-23.238943655063874 
-23.239068368098238 
-23.239189741452712 
-23.239309029226586 
-23.239426517181602 
-23.239534378241554 
-23.23965426374349 
-23.239767194184036 
-23.239876736354148 
-23.239981074997424 
-23.240082560698216 
-23.240181671633447 
-23.24027849542329 
-23.240372790309287 
-23.240464390458765 
-23.240554663367618 
-23.240642273351558 
-23.240728354351706 
-23.240812868187916 
-23.240895885687376 
-23.24097683292689 
-23.241055783078703 
-23.241132520303374 
-23.241205346747662 
-23.241275741008877 
-23.241344370244974 
-23.24141127155551 
-23.241479909792083 
-23.241545605924877 
-23.241609295560846 
-23.241672007441572 
-23.241733964790264 
-23.24179428253093 
-23.241852290809717 
-23.241908315005197 
-23.241962755648004 
-23.24201653507327 
-23.24206948746959 
-23.24212139493729 
-23.242171769440276 
-23.242220578594257 
-23.242268450040186 
-23.242315257665428 
-23.24236077386068 
-23.242405077003376 
-23.24244841857615 
-23.24249063733582 
-23.242532389073208 
-23.242573182063147 
-23.242613093497916 
-23.24265208411189 
-23.242690340220335 
-23.24272757709011 
-23.24276402865611 
-23.242799220397007 
-23.2428347749393 
-23.242869334204027 
-23.24290226815645 
-23.242933764736467 
-23.24296452225265 
-23.242994533310835 
-23.24302378402439 
-23.243052398004377 
-23.243080305749473 
-23.243107607476077 
-23.24313460335312 
-23.243160917037258 
-23.243186519798485 
-23.243211505592487 
-23.243235899141297 
-23.243259728219147 
-23.243282938543572 
-23.243305619081973 
-23.24332770110632 
-23.243349297663396 
-23.24337039573564 
-23.243391037563757 
-23.243411293588313 
-23.24343106971086 
-23.24345051166972 
-23.243469868982288 
-23.24348880908699 
-23.243507159381785 
-23.243525119400488 
-23.243542692409452 
-23.243559894940564 
-23.243576384324722 
-23.243592501903894 
-23.243608294145346 
-23.243624022008586 
-23.243639340518445 
-23.243654236097797 
-23.24366882773965 
-23.243683153454192 
-23.243697208530424 
-23.243711082270096 
-23.243724668451023 
-23.243737960104184 
-23.243751000861387 
-23.24376377298545 
-23.24377629740429 
-23.24378858916103 
-23.2438006511847 
-23.243812474509294 
-23.24382421116643 
-23.24383528616458 
-23.243846129419172 
-23.243857383518122 
-23.24386831654906 
-23.24387891969229 
-23.243889309962324 
-23.243899458425204 
-23.243909395740417 
-23.24391913693681 
-23.2439286873236 
-23.24393806463726 
-23.243947212208962 
-23.243956182056515 
-23.243964881353932 
-23.243973412592076 
-23.243982374072722 
-23.243991088205014 
-23.24399958584953 
-23.24400792354702 
-23.24401593852512 
-23.2440237902793 
-23.244031497094493 
-23.244039034093426 
-23.244046196162238 
-23.244053234757097 
-23.244060147658843 
-23.244067079820155 
-23.24407387900737 
-23.24408054524995 
-23.244087085504297 
-23.244093513774832 
-23.244099889548654 
-23.244106149401347 
-23.24411226339695 
-23.24411828284674 
-23.244124232147374 
-23.24413009044877 
-23.244135883383517 
-23.244141597453485 
-23.244147241086274 
-23.244152744394817 
-23.24415816315051 
-23.244163417642866 
-23.244168565910897 
-23.244173636360074 
-23.244178664620218 
-23.244183644505412 
-23.244188589975575 
-23.244193562624794 
-23.244198490792687 
-23.244203327441724 
-23.244208019377545 
-23.244212621153327 
-23.244217162264086 
-23.244221637230037 
-23.24422601739189 
-23.244230248948753 
-23.24423443894052 
-23.244238630280115 
-23.244242774965826 
-23.244246871425528 
-23.24425092636671 
-23.24425496927724 
-23.244258966388735 
-23.244262901470883 
-23.244266799292845 
-23.244270689088324 
-23.244274528127498 
-23.244278252588163 
-23.244281944938077 
-23.244285599185694 
-23.244289216342192 
-23.24429279960828 
-23.244296343243413 
-23.244299844465278 
-23.244303323530062 
-23.244306763253455 
-23.24431015270612 
-23.244313511600065 
-23.24431685442737 
-23.244320120181307 
-23.24432335507155 
-23.24432656436187 
-23.244329747663645 
-23.2443329040159 
-23.244336025314926 
-23.24433914052074 
-23.244342194909787 
-23.244345217631118 
-23.244348206443078 
-23.244351168219612 
-23.244354111997218 
-23.24435702259833 
-23.244359906154923 
-23.244362761019932 
-23.244365583559908 
-23.244368382194597 
-23.24437114960622 
-23.24437387425233 
-23.244376582085636 
-23.24437926883311 
-23.24438190203564 
-23.244384519319162 
-23.24438712020151 
-23.244389706127755 
-23.244392282314248 
-23.244394847975027 
-23.244397401091756 
-23.24439993241911 
-23.244402447862793 
-23.244404953616346 
-23.244407439932893 
-23.244409914061407 
-23.24441237521731 
-23.24441482332403 
-23.244417262322187 
-23.244419688734055 
-23.244422117443715 
-23.24442453191378 
-23.244426936836465 
-23.24442932975094 
-23.2444317176 
-23.244434100157385 
-23.244436531382615 
-23.24443894741886 
-23.244441348791668 
-23.244443740475706 
-23.24444611973623 
-23.24444848131091 
-23.244450834097613 
-23.24445318636625 
-23.244455528838476 
-23.24445786538976 
-23.24446022396838 
-23.24446257693619 
-23.244464917411655 
-23.244467233837135 
-23.244469536317208 
-23.24447182913196 
-23.244474118575525 
-23.244476399902926 

 Time 
19718.54871892929 
