Energy 
 
-1.297903060621635 
-2.3755297338308594 
-2.8739001537235986 
-3.1119490707533655 
-2.131845016651086 
-2.732690852175077 
-3.027569169101517 
-3.4224231862312515 
-3.8415726341873837 
-4.155924358761199 
-4.475739476860847 
-4.78791697535716 
-4.996324327864129 
-5.183159847411131 
-5.249069026394533 
-5.535927400513351 
-5.705132965534901 
-5.828571814966407 
-5.936451363515988 
-6.03041701883721 
-6.103308218904431 
-6.164542405005946 
-6.223000513055637 
-6.280951820371799 
-6.3374439154667614 
-6.390485611431089 
-6.440459611612831 
-6.490420775244662 
-6.548542623601757 
-6.605458388721042 
-6.664050275393657 
-6.723412801517364 
-6.775102080525482 
-6.819890524548434 
-6.843956541164332 
-6.894372490654846 
-6.917106802375723 
-6.989116605741539 
-7.047131437852148 
-7.0986235202337795 
-7.162368440778929 
-7.23455310842172 
-7.371447155289495 
-7.487907729714133 
-7.630207685448241 
-7.800092606848922 
-8.00416530390806 
-9.026591838394774 
-9.999411055621692 
-10.503986616621294 
-10.797160886199965 
-11.00342338198291 
-11.160879138850962 
-11.286470199028216 
-11.389408595518281 
-11.487439740176939 
-11.557932413830963 
-11.611067161303644 
-11.651070056132113 
-11.67184299098631 
-11.570831282979698 
-11.738630550306537 
-11.770400426265425 
-11.795939227429848 
-11.818429666088099 
-11.839322797972429 
-11.858917461727057 
-11.87745076852137 
-11.894413501263816 
-11.904779465453949 
-11.927095742154425 
-11.943774303626467 
-11.958944957104901 
-11.973424265230804 
-11.987289749294415 
-12.000910877299706 
-12.013182483144792 
-12.02527877182904 
-12.037143215413128 
-12.048746949086464 
-12.060291231120141 
-12.071821727900618 
-12.083088260223418 
-12.09388768016001 
-12.104351196762703 
-12.114196643639396 
-12.108807774888174 
-12.129500739950354 
-12.142082138688991 
-12.14970116547899 
-12.157708378343186 
-12.168569879701543 
-12.176685178470136 
-12.184458408373738 
-12.19224115118371 
-12.19989770130515 
-12.207376969104654 
-12.21474844924427 
-12.222002583100894 
-12.22910321773684 
-12.23611617183196 
-12.243128295505732 
-12.249865355087156 
-12.256532100565432 
-12.262483906550669 
-12.268365795342072 
-12.274252058614284 
-12.28007465916696 
-12.286046961875176 
-12.291941103201864 
-12.297815950483278 
-12.30359334108192 
-12.309357518076586 
-12.315107342432995 
-12.320844177849903 
-12.326561380339415 
-12.332235327263012 
-12.337809805945273 
-12.34333132960958 
-12.348826092128899 
-12.354291435942084 
-12.359769366024786 
-12.365206090755542 
-12.370620503768897 
-12.376019197412015 
-12.381355817574875 
-12.38652549335453 
-12.390912475603177 
-12.395217528546606 
-12.399456815506147 
-12.40352106649938 
-12.407562324993778 
-12.41151658495348 
-12.41548191543572 
-12.419625662425315 
-12.423665835244993 
-12.427602965311793 
-12.431509221439129 
-12.435373501492721 
-12.439173415894384 
-12.442902400176143 
-12.446560164047135 
-12.45017538810947 
-12.453651721250477 
-12.457076455697246 
-12.460442879650289 
-12.463734313783196 
-12.466979424754443 
-12.47015951671638 
-12.473267414577515 
-12.476382164999977 
-12.479421544557402 
-12.482398945493214 
-12.485275010084663 
-12.488173765536663 
-12.4910064849555 
-12.493740083026283 
-12.496363012006368 
-12.498898953312633 
-12.501378264907535 
-12.503790543848188 
-12.50612770022717 
-12.50847154279791 
-12.510755914858473 
-12.512999695804492 
-12.51519295192768 
-12.517333732452158 
-12.51939893373297 
-12.521416679965606 
-12.52338495007048 
-12.525302612553272 
-12.52716424944833 
-12.528982498612898 
-12.53073447003156 
-12.53244638029767 
-12.53411422945591 
-12.535749899552933 
-12.537333230605064 
-12.538800145366329 
-12.540233403037854 
-12.541638394227238 
-12.543021851133147 
-12.544382895135339 
-12.54571203914177 
-12.547001834603867 
-12.548264126553045 
-12.54949863344983 
-12.55070163973082 
-12.5518778193187 
-12.553028754945995 
-12.554158073796435 
-12.555259376867875 
-12.556336937557244 
-12.55739594777537 
-12.558427973763502 
-12.559448855368254 
-12.56044731889419 
-12.561423935145687 
-12.562378018772304 
-12.563314887554528 
-12.564233801460919 
-12.565134719875598 
-12.566030590171223 
-12.566905075907556 
-12.56775940007371 
-12.568581418530439 
-12.569385215138459 
-12.570172602834278 
-12.570946772543655 
-12.571700870258304 
-12.572424795617994 
-12.573132567736643 
-12.573826101741355 
-12.57450530244203 
-12.575185626508905 
-12.57584716503991 
-12.576500678812641 
-12.577134766292742 
-12.577755989465494 
-12.578366905442518 
-12.57896327965747 
-12.57953986815127 
-12.580076096145364 
-12.580596620361119 
-12.581115168961473 
-12.581620887574875 
-12.582116670633315 
-12.582601394054977 
-12.583076431219423 
-12.583543050024794 
-12.584000592559253 
-12.584450325409863 
-12.584878464124667 
-12.585296144651215 
-12.58570645536616 
-12.586108849642189 
-12.586503494702702 
-12.586890579639231 
-12.587270457475626 
-12.587640738758962 
-12.588004808278834 
-12.588362635312421 
-12.588713860773188 
-12.589055218632048 
-12.589390264955648 
-12.589719146731234 
-12.590048002410454 
-12.59037098010855 
-12.590688001499078 
-12.59099998233871 
-12.591306495541886 
-12.591604851950056 
-12.591897281221936 
-12.592184196184158 
-12.592466496569635 
-12.59274602949175 
-12.593020124587126 
-12.593288013289033 
-12.593552183294573 
-12.593812329148076 
-12.594067198374985 
-12.594318132220359 
-12.594564037253836 
-12.594804233324522 
-12.595039961516285 
-12.595271031997147 
-12.595495907590012 
-12.595713331666543 
-12.595926751907633 
-12.596137772794131 
-12.59634514965245 
-12.59654985480217 
-12.596750959858193 
-12.596948303297777 
-12.597143101714316 
-12.597335480872022 
-12.597524279532259 
-12.59770880044382 
-12.597888646114505 
-12.59806572165511 
-12.598239909628234 
-12.598411185857273 
-12.59857910059298 
-12.598743096375927 
-12.598902806832792 
-12.599057351927527 
-12.599209454100004 
-12.599358994140761 
-12.59950697975904 
-12.599652514973513 
-12.599795591768007 
-12.599937562934654 
-12.600077734152418 
-12.600215889903657 
-12.600350183497177 
-12.600482277773889 
-12.600614164293132 
-12.600743989401339 
-12.600872379636563 
-12.600999012079235 
-12.60112311759109 
-12.601246145582486 
-12.601367394100578 
-12.60148501376558 
-12.601600998849712 
-12.601715773579551 
-12.601829221356736 
-12.601941171144729 
-12.602051648657024 
-12.602160575488615 
-12.602268695848206 
-12.602375245094976 
-12.602480181753549 
-12.60258343331175 
-12.60268531254989 
-12.602786503240631 
-12.602885723016522 
-12.602983666396375 
-12.603080344173632 
-12.60317466296679 
-12.60326767946235 
-12.603358671437018 
-12.603448498264566 
-12.603537363434393 
-12.603624978439385 
-12.603711668786225 
-12.603797293509032 
-12.60388189336958 
-12.60396538721651 
-12.604047852066621 
-12.604129167701705 
-12.604209333542242 
-12.604287682869938 
-12.604365089278364 
-12.604441704790693 
-12.604521077332501 
-12.604599705444738 
-12.604677397196388 
-12.604754536339778 
-12.604830478160423 
-12.604905428042454 
-12.604979384395506 
-12.605052069538006 
-12.605124389507353 
-12.605196148471288 
-12.605267109110443 
-12.605337334861133 
-12.605406385989935 
-12.605475266069401 
-12.605543444829161 
-12.605610794337517 
-12.605678969388403 
-12.605747812048078 
-12.605816177725618 
-12.605881415798335 
-12.605946014026005 
-12.606010234886561 
-12.606073804827282 
-12.606136653910875 
-12.606199183520435 
-12.606261389226054 
-12.606322950960003 
-12.606383277130918 
-12.606442556537612 
-12.606501228886456 
-12.606559342175768 
-12.606616538373235 
-12.606675492878521 
-12.606733851356319 
-12.60679165891603 
-12.606849292005226 
-12.606906305826586 
-12.606962869013495 
-12.607019098900516 
-12.607074927614528 
-12.60713007285066 
-12.607184969984033 
-12.607239129685745 
-12.607292726734183 
-12.60734590578394 
-12.607398429517573 
-12.607450959659108 
-12.607502948177096 
-12.607554528660547 
-12.60760570719919 
-12.607656444555438 
-12.6077067238828 
-12.607756875225174 
-12.607806365701142 
-12.607855685045466 
-12.607904337820798 
-12.607952400545546 
-12.607999760340778 
-12.608046672863784 
-12.608092870121334 
-12.608137651568047 
-12.608181869668702 
-12.608225400462063 
-12.608268600146806 
-12.608311447436021 
-12.608353950486046 
-12.6083963180908 
-12.608438340934693 
-12.608479999670868 
-12.608521295384962 
-12.60856168414021 
-12.608601792518732 
-12.608641518521893 
-12.608681498759404 
-12.608721158497577 
-12.608760361951756 
-12.608799286213925 
-12.608837977225127 
-12.608876383293651 
-12.608914506120076 
-12.608953191980508 
-12.60899145068545 
-12.609029458133792 
-12.609067133445205 
-12.609104551347546 
-12.60914125836742 
-12.609177709625488 
-12.609213885405623 
-12.60924959381055 
-12.60928505897398 
-12.609320174380711 
-12.609355055088596 
-12.609389682645423 
-12.609424081784056 
-12.609458155528184 
-12.609491497896656 
-12.609524581129905 
-12.609557447142333 
-12.60959008595374 
-12.609622434812273 
-12.609654593883086 
-12.60968710988533 
-12.609719436547955 
-12.60975180936243 
-12.60978396927169 
-12.609815521772733 
-12.609846881782424 
-12.609878252276706 
-12.609909185697159 
-12.609940437729586 
-12.609971494021883 
-12.61000234842671 
-12.610033023220927 
-12.610063649766929 
-12.610094091455892 
-12.61012390072515 
-12.610153530218687 
-12.610182968705033 
-12.610212235688367 
-12.610241453316666 
-12.610270975716102 
-12.610300335415022 
-12.610329543375224 
-12.610358195612992 
-12.610386818842366 
-12.61041528073077 
-12.610443344266198 
-12.610471497382719 
-12.610499486934456 
-12.610527307381163 
-12.610555105845812 
-12.610582765561599 
-12.610610253801209 
-12.610637644449058 
-12.610664860060176 
-12.610691963252622 
-12.61071912119315 
-12.610746096045116 
-12.610773030789261 
-12.610799835199087 
-12.610826411493292 
-12.61085291185895 
-12.610879325509844 
-12.61090565224252 
-12.610931923659576 
-12.610958061187159 
-12.610983916845525 
-12.611009635761624 
-12.611035362957649 
-12.611060955505897 
-12.611086357674518 
-12.611111628839186 
-12.611136772434804 
-12.611161410102417 
-12.611185908562387 
-12.611210249899868 
-12.611234540281822 
-12.611258477694168 
-12.611282354732955 
-12.611305959842088 
-12.611329444103717 
-12.611352848566957 
-12.611376743427376 
-12.611400514481623 
-12.611424168284614 

 Time 
135009.87233662605 
