Parameters 
 
[-0.5 -0.5 -0.5 -0.5 -0.5 -0.5] 
[-5.88784181e+08 -2.30511773e+01  7.71990820e+00  2.94392113e+08
  1.40360737e+01 -2.94392068e+08] 
[-5.88784181e+08 -2.33493975e+01  8.47674296e+00  2.94392114e+08
  1.30421939e+01 -2.94392069e+08] 
[-5.88784182e+08 -2.39689281e+01  8.02635264e+00  2.94392115e+08
  1.22456543e+01 -2.94392068e+08] 
[-5.88784182e+08 -2.34573794e+01  7.98027989e+00  2.94392114e+08
  1.31634778e+01 -2.94392068e+08] 
[-5.88784185e+08 -2.63481045e+01  8.18071765e+00  2.94392120e+08
  7.96727861e+00 -2.94392068e+08] 
[-5.88784184e+08 -2.61341822e+01  8.16710545e+00  2.94392119e+08
  8.35265756e+00 -2.94392068e+08] 
[-5.88784184e+08 -2.57949485e+01  8.29997800e+00  2.94392119e+08
  8.86189064e+00 -2.94392068e+08] 
[-5.88784184e+08 -2.57799828e+01  7.78910393e+00  2.94392118e+08
  9.22663246e+00 -2.94392068e+08] 
[-5.88784184e+08 -2.57390251e+01  7.77922078e+00  2.94392118e+08
  9.31029393e+00 -2.94392068e+08] 
[-5.88784184e+08 -2.57560722e+01  7.83074100e+00  2.94392118e+08
  9.25119421e+00 -2.94392068e+08] 
[-5.88784184e+08 -2.57621081e+01  7.84675252e+00  2.94392118e+08
  9.23521979e+00 -2.94392068e+08] 
[-5.88784184e+08 -2.57723018e+01  7.86337810e+00  2.94392118e+08
  9.21214596e+00 -2.94392068e+08] 
[-5.88784184e+08 -2.57847322e+01  7.87882888e+00  2.94392118e+08
  9.18636822e+00 -2.94392068e+08] 
[-5.88784184e+08 -2.58174252e+01  7.90072841e+00  2.94392118e+08
  9.12150414e+00 -2.94392068e+08] 
[-5.88784184e+08 -2.58488759e+01  7.90376803e+00  2.94392118e+08
  9.06816914e+00 -2.94392069e+08] 
[-5.88784184e+08 -2.58820435e+01  7.89513532e+00  2.94392118e+08
  9.02038373e+00 -2.94392069e+08] 
[-5.88784184e+08 -2.59169268e+01  7.87608515e+00  2.94392118e+08
  8.97639038e+00 -2.94392069e+08] 
[-5.88784184e+08 -2.60111408e+01  7.82350078e+00  2.94392118e+08
  8.84857108e+00 -2.94392069e+08] 
[-5.88784184e+08 -2.60282594e+01  7.72774302e+00  2.94392118e+08
  8.88615034e+00 -2.94392069e+08] 
[-5.88784184e+08 -2.60683505e+01  7.73471141e+00  2.94392118e+08
  8.81648129e+00 -2.94392069e+08] 
[-5.88784183e+08 -2.60960844e+01  7.70111233e+00  2.94392118e+08
  8.79492684e+00 -2.94392069e+08] 
[-5.88784183e+08 -2.61308220e+01  7.69169223e+00  2.94392118e+08
  8.74606441e+00 -2.94392069e+08] 
[-5.88784183e+08 -2.61468733e+01  7.66975173e+00  2.94392118e+08
  8.73997847e+00 -2.94392069e+08] 
[-5.88784183e+08 -2.61618080e+01  7.67226649e+00  2.94392118e+08
  8.72117210e+00 -2.94392069e+08] 
[-5.88784183e+08 -2.61770674e+01  7.68387665e+00  2.94392118e+08
  8.69677340e+00 -2.94392069e+08] 
[-5.88784183e+08 -2.61941097e+01  7.67654227e+00  2.94392118e+08
  8.68077501e+00 -2.94392069e+08] 
[-5.88784183e+08 -2.62090392e+01  7.65740542e+00  2.94392118e+08
  8.67763861e+00 -2.94392069e+08] 
[-5.88784183e+08 -2.62208062e+01  7.68164623e+00  2.94392119e+08
  8.65267509e+00 -2.94392069e+08] 
[-5.88784183e+08 -2.62319872e+01  7.67262613e+00  2.94392119e+08
  8.65131058e+00 -2.94392069e+08] 
[-5.88784183e+08 -2.62444810e+01  7.68163662e+00  2.94392119e+08
  8.63606916e+00 -2.94392069e+08] 
[-5.88784183e+08 -2.62571199e+01  7.68347366e+00  2.94392119e+08
  8.62572664e+00 -2.94392069e+08] 
[-5.88784183e+08 -2.62697774e+01  7.68689400e+00  2.94392119e+08
  8.61454913e+00 -2.94392069e+08] 
[-5.88784183e+08 -2.62821885e+01  7.69132314e+00  2.94392119e+08
  8.60327005e+00 -2.94392069e+08] 
[-5.88784183e+08 -2.62940425e+01  7.69443968e+00  2.94392119e+08
  8.59400638e+00 -2.94392069e+08] 
[-5.88784183e+08 -2.63054408e+01  7.69692821e+00  2.94392119e+08
  8.58654500e+00 -2.94392069e+08] 
[-5.88784183e+08 -2.63158526e+01  7.70278453e+00  2.94392119e+08
  8.57853800e+00 -2.94392069e+08] 
[-5.88784183e+08 -2.63261544e+01  7.71403371e+00  2.94392119e+08
  8.56731607e+00 -2.94392069e+08] 
[-5.88784183e+08 -2.63360575e+01  7.72038403e+00  2.94392119e+08
  8.56015979e+00 -2.94392069e+08] 
[-5.88784183e+08 -2.63458325e+01  7.72512159e+00  2.94392119e+08
  8.55437792e+00 -2.94392069e+08] 
[-5.88784183e+08 -2.63555162e+01  7.72991149e+00  2.94392119e+08
  8.54831397e+00 -2.94392069e+08] 
[-5.88784183e+08 -2.63650285e+01  7.73355402e+00  2.94392119e+08
  8.54342082e+00 -2.94392069e+08] 
[-5.88784183e+08 -2.63743594e+01  7.73799690e+00  2.94392119e+08
  8.53838262e+00 -2.94392070e+08] 
[-5.88784183e+08 -2.63830312e+01  7.74023174e+00  2.94392119e+08
  8.53593230e+00 -2.94392070e+08] 
[-5.88784183e+08 -2.63917121e+01  7.74096743e+00  2.94392119e+08
  8.53467240e+00 -2.94392070e+08] 
[-5.88784183e+08 -2.63998687e+01  7.74176657e+00  2.94392119e+08
  8.53447087e+00 -2.94392070e+08] 
[-5.88784183e+08 -2.64075786e+01  7.74577613e+00  2.94392119e+08
  8.53312311e+00 -2.94392070e+08] 
[-5.88784183e+08 -2.64152984e+01  7.75057812e+00  2.94392119e+08
  8.53128669e+00 -2.94392070e+08] 
[-5.88784183e+08 -2.64223774e+01  7.75353897e+00  2.94392119e+08
  8.53176024e+00 -2.94392070e+08] 
[-5.88784183e+08 -2.64294241e+01  7.75600491e+00  2.94392119e+08
  8.53267439e+00 -2.94392070e+08] 
[-5.88784183e+08 -2.64360757e+01  7.75749460e+00  2.94392119e+08
  8.53491737e+00 -2.94392070e+08] 
[-5.88784183e+08 -2.64429490e+01  7.75968469e+00  2.94392119e+08
  8.53659137e+00 -2.94392070e+08] 
[-5.88784183e+08 -2.64497459e+01  7.76157041e+00  2.94392119e+08
  8.53874229e+00 -2.94392070e+08] 
[-5.88784183e+08 -2.64564861e+01  7.76330713e+00  2.94392119e+08
  8.54124080e+00 -2.94392070e+08] 
[-5.88784183e+08 -2.64633560e+01  7.76462709e+00  2.94392119e+08
  8.54407758e+00 -2.94392070e+08] 
[-5.88784183e+08 -2.64698630e+01  7.76657664e+00  2.94392119e+08
  8.54712414e+00 -2.94392070e+08] 
[-5.88784183e+08 -2.64765846e+01  7.76821791e+00  2.94392119e+08
  8.55008306e+00 -2.94392070e+08] 
[-5.88784183e+08 -2.64832087e+01  7.76947993e+00  2.94392119e+08
  8.55356442e+00 -2.94392070e+08] 
[-5.88784183e+08 -2.64894842e+01  7.77124189e+00  2.94392119e+08
  8.55734804e+00 -2.94392070e+08] 
[-5.88784183e+08 -2.64964073e+01  7.77162747e+00  2.94392119e+08
  8.56129651e+00 -2.94392070e+08] 
[-5.88784183e+08 -2.65029703e+01  7.77306046e+00  2.94392119e+08
  8.56503215e+00 -2.94392070e+08] 
[-5.88784183e+08 -2.65093483e+01  7.77427593e+00  2.94392119e+08
  8.56949632e+00 -2.94392070e+08] 
[-5.88784183e+08 -2.65163337e+01  7.77440381e+00  2.94392119e+08
  8.57401759e+00 -2.94392070e+08] 
[-5.88784184e+08 -2.65230143e+01  7.77448704e+00  2.94392119e+08
  8.57886072e+00 -2.94392070e+08] 
[-5.88784184e+08 -2.65295700e+01  7.77511176e+00  2.94392119e+08
  8.58362909e+00 -2.94392070e+08] 
[-5.88784184e+08 -2.65362486e+01  7.77693595e+00  2.94392119e+08
  8.58660882e+00 -2.94392070e+08] 
[-5.88784184e+08 -2.65427793e+01  7.77838150e+00  2.94392119e+08
  8.59020628e+00 -2.94392070e+08] 
[-5.88784184e+08 -2.65490104e+01  7.78003188e+00  2.94392118e+08
  8.59415590e+00 -2.94392070e+08] 
[-5.88784184e+08 -2.65552066e+01  7.78239874e+00  2.94392118e+08
  8.59755786e+00 -2.94392070e+08] 
[-5.88784184e+08 -2.65615184e+01  7.78509975e+00  2.94392118e+08
  8.60071343e+00 -2.94392070e+08] 
[-5.88784184e+08 -2.65680606e+01  7.78678953e+00  2.94392118e+08
  8.60410409e+00 -2.94392070e+08] 
[-5.88784184e+08 -2.65744695e+01  7.78822497e+00  2.94392118e+08
  8.60797224e+00 -2.94392070e+08] 
[-5.88784184e+08 -2.65805489e+01  7.78874555e+00  2.94392118e+08
  8.61314328e+00 -2.94392070e+08] 
[-5.88784184e+08 -2.65866182e+01  7.79047883e+00  2.94392118e+08
  8.61746714e+00 -2.94392070e+08] 
[-5.88784184e+08 -2.65925592e+01  7.79578202e+00  2.94392118e+08
  8.61939181e+00 -2.94392070e+08] 
[-5.88784184e+08 -2.65983310e+01  7.79975902e+00  2.94392118e+08
  8.62248247e+00 -2.94392070e+08] 
[-5.88784184e+08 -2.66040914e+01  7.80236962e+00  2.94392118e+08
  8.62641832e+00 -2.94392070e+08] 
[-5.88784184e+08 -2.66099563e+01  7.80459640e+00  2.94392118e+08
  8.63059461e+00 -2.94392070e+08] 
[-5.88784184e+08 -2.66161357e+01  7.80639953e+00  2.94392118e+08
  8.63455993e+00 -2.94392070e+08] 
[-5.88784184e+08 -2.66221740e+01  7.80785113e+00  2.94392118e+08
  8.63901187e+00 -2.94392070e+08] 
[-5.88784184e+08 -2.66281436e+01  7.80958615e+00  2.94392118e+08
  8.64335712e+00 -2.94392070e+08] 
[-5.88784184e+08 -2.66342634e+01  7.81126620e+00  2.94392118e+08
  8.64753702e+00 -2.94392070e+08] 
[-5.88784184e+08 -2.66404069e+01  7.81474197e+00  2.94392118e+08
  8.65026800e+00 -2.94392070e+08] 
[-5.88784184e+08 -2.66463458e+01  7.81728431e+00  2.94392118e+08
  8.65400753e+00 -2.94392070e+08] 
[-5.88784184e+08 -2.66521903e+01  7.81984351e+00  2.94392118e+08
  8.65787683e+00 -2.94392070e+08] 
[-5.88784184e+08 -2.66580113e+01  7.82247625e+00  2.94392118e+08
  8.66149523e+00 -2.94392070e+08] 
[-5.88784184e+08 -2.66637383e+01  7.82496101e+00  2.94392118e+08
  8.66535429e+00 -2.94392070e+08] 
[-5.88784184e+08 -2.66693684e+01  7.82709154e+00  2.94392118e+08
  8.66962869e+00 -2.94392070e+08] 
[-5.88784184e+08 -2.66749454e+01  7.82963474e+00  2.94392118e+08
  8.67367503e+00 -2.94392070e+08] 
[-5.88784184e+08 -2.66804429e+01  7.83274696e+00  2.94392118e+08
  8.67656135e+00 -2.94392070e+08] 
[-5.88784184e+08 -2.66856928e+01  7.83642321e+00  2.94392118e+08
  8.67953034e+00 -2.94392070e+08] 
[-5.88784184e+08 -2.66908890e+01  7.83993134e+00  2.94392118e+08
  8.68261441e+00 -2.94392070e+08] 
[-5.88784184e+08 -2.66961942e+01  7.84385125e+00  2.94392118e+08
  8.68518107e+00 -2.94392070e+08] 
[-5.88784184e+08 -2.67015331e+01  7.84791964e+00  2.94392118e+08
  8.68758620e+00 -2.94392070e+08] 
[-5.88784184e+08 -2.67068418e+01  7.85217871e+00  2.94392118e+08
  8.68963965e+00 -2.94392070e+08] 
[-5.88784184e+08 -2.67120006e+01  7.85600963e+00  2.94392118e+08
  8.69207301e+00 -2.94392070e+08] 
[-5.88784184e+08 -2.67170728e+01  7.85920147e+00  2.94392118e+08
  8.69504139e+00 -2.94392070e+08] 
[-5.88784184e+08 -2.67222822e+01  7.86267560e+00  2.94392118e+08
  8.69762209e+00 -2.94392070e+08] 
[-5.88784184e+08 -2.67275085e+01  7.86615469e+00  2.94392118e+08
  8.70010603e+00 -2.94392070e+08] 
[-5.88784184e+08 -2.67328539e+01  7.86949169e+00  2.94392118e+08
  8.70253797e+00 -2.94392070e+08] 
[-5.88784184e+08 -2.67376528e+01  7.87232672e+00  2.94392118e+08
  8.70565088e+00 -2.94392070e+08] 
[-5.88784184e+08 -2.67426051e+01  7.87551701e+00  2.94392118e+08
  8.70825723e+00 -2.94392070e+08] 
[-5.88784184e+08 -2.67474052e+01  7.87881989e+00  2.94392118e+08
  8.71088872e+00 -2.94392070e+08] 
[-5.88784184e+08 -2.67522173e+01  7.88226195e+00  2.94392118e+08
  8.71332523e+00 -2.94392070e+08] 
[-5.88784184e+08 -2.67570620e+01  7.88564686e+00  2.94392118e+08
  8.71543131e+00 -2.94392070e+08] 
[-5.88784184e+08 -2.67621045e+01  7.88872358e+00  2.94392118e+08
  8.71744759e+00 -2.94392070e+08] 
[-5.88784184e+08 -2.67669230e+01  7.89228668e+00  2.94392118e+08
  8.71928414e+00 -2.94392070e+08] 
[-5.88784184e+08 -2.67717658e+01  7.89598631e+00  2.94392118e+08
  8.72092109e+00 -2.94392070e+08] 
[-5.88784184e+08 -2.67764253e+01  7.89996108e+00  2.94392118e+08
  8.72246076e+00 -2.94392070e+08] 
[-5.88784184e+08 -2.67811008e+01  7.90373622e+00  2.94392118e+08
  8.72402384e+00 -2.94392070e+08] 
[-5.88784184e+08 -2.67858317e+01  7.90739450e+00  2.94392118e+08
  8.72550360e+00 -2.94392070e+08] 
[-5.88784184e+08 -2.67905890e+01  7.91105314e+00  2.94392118e+08
  8.72704867e+00 -2.94392070e+08] 
[-5.88784184e+08 -2.67953274e+01  7.91453163e+00  2.94392118e+08
  8.72865026e+00 -2.94392070e+08] 
[-5.88784184e+08 -2.68000773e+01  7.91806170e+00  2.94392118e+08
  8.73023238e+00 -2.94392070e+08] 
[-5.88784184e+08 -2.68048494e+01  7.92153412e+00  2.94392118e+08
  8.73165712e+00 -2.94392070e+08] 
[-5.88784184e+08 -2.68096528e+01  7.92498654e+00  2.94392118e+08
  8.73295825e+00 -2.94392070e+08] 
[-5.88784184e+08 -2.68144778e+01  7.92836587e+00  2.94392118e+08
  8.73418502e+00 -2.94392070e+08] 
[-5.88784184e+08 -2.68194444e+01  7.93193840e+00  2.94392118e+08
  8.73504340e+00 -2.94392070e+08] 
[-5.88784184e+08 -2.68245140e+01  7.93561293e+00  2.94392118e+08
  8.73568347e+00 -2.94392070e+08] 
[-5.88784184e+08 -2.68296676e+01  7.93871480e+00  2.94392118e+08
  8.73654166e+00 -2.94392070e+08] 
[-5.88784184e+08 -2.68349011e+01  7.94152585e+00  2.94392118e+08
  8.73696113e+00 -2.94392070e+08] 
[-5.88784184e+08 -2.68401634e+01  7.94441895e+00  2.94392118e+08
  8.73722505e+00 -2.94392070e+08] 
[-5.88784184e+08 -2.68451162e+01  7.94761887e+00  2.94392118e+08
  8.73757825e+00 -2.94392070e+08] 
[-5.88784184e+08 -2.68499372e+01  7.95072668e+00  2.94392118e+08
  8.73806975e+00 -2.94392070e+08] 
[-5.88784185e+08 -2.68543520e+01  7.95320868e+00  2.94392118e+08
  8.73944390e+00 -2.94392070e+08] 
[-5.88784185e+08 -2.68587996e+01  7.95582967e+00  2.94392118e+08
  8.74060694e+00 -2.94392070e+08] 
[-5.88784185e+08 -2.68631365e+01  7.95864884e+00  2.94392118e+08
  8.74171944e+00 -2.94392070e+08] 
[-5.88784185e+08 -2.68673904e+01  7.96170913e+00  2.94392118e+08
  8.74273545e+00 -2.94392070e+08] 
[-5.88784185e+08 -2.68716930e+01  7.96477546e+00  2.94392118e+08
  8.74362016e+00 -2.94392070e+08] 
[-5.88784185e+08 -2.68760606e+01  7.96784505e+00  2.94392118e+08
  8.74434415e+00 -2.94392070e+08] 
[-5.88784185e+08 -2.68804846e+01  7.97117520e+00  2.94392118e+08
  8.74464007e+00 -2.94392070e+08] 
[-5.88784185e+08 -2.68849512e+01  7.97441421e+00  2.94392118e+08
  8.74488175e+00 -2.94392070e+08] 
[-5.88784185e+08 -2.68895602e+01  7.97652099e+00  2.94392118e+08
  8.74603790e+00 -2.94392070e+08] 
[-5.88784185e+08 -2.68942545e+01  7.97895940e+00  2.94392118e+08
  8.74680863e+00 -2.94392070e+08] 
[-5.88784185e+08 -2.68989607e+01  7.98151444e+00  2.94392118e+08
  8.74738227e+00 -2.94392070e+08] 
[-5.88784185e+08 -2.69037061e+01  7.98402818e+00  2.94392118e+08
  8.74742423e+00 -2.94392070e+08] 
[-5.88784185e+08 -2.69084487e+01  7.98663798e+00  2.94392118e+08
  8.74755499e+00 -2.94392070e+08] 
[-5.88784185e+08 -2.69130075e+01  7.98974786e+00  2.94392118e+08
  8.74751539e+00 -2.94392070e+08] 
[-5.88784185e+08 -2.69175762e+01  7.99290256e+00  2.94392118e+08
  8.74729765e+00 -2.94392070e+08] 
[-5.88784185e+08 -2.69221610e+01  7.99596358e+00  2.94392118e+08
  8.74704777e+00 -2.94392070e+08] 
[-5.88784185e+08 -2.69266975e+01  7.99880748e+00  2.94392118e+08
  8.74702648e+00 -2.94392070e+08] 
[-5.88784185e+08 -2.69312479e+01  8.00162863e+00  2.94392118e+08
  8.74695032e+00 -2.94392070e+08] 
[-5.88784185e+08 -2.69358045e+01  8.00452529e+00  2.94392118e+08
  8.74672905e+00 -2.94392070e+08] 
[-5.88784185e+08 -2.69404403e+01  8.00737562e+00  2.94392118e+08
  8.74641738e+00 -2.94392070e+08] 
[-5.88784185e+08 -2.69450889e+01  8.01018235e+00  2.94392118e+08
  8.74607151e+00 -2.94392070e+08] 
[-5.88784185e+08 -2.69497304e+01  8.01310554e+00  2.94392118e+08
  8.74554468e+00 -2.94392070e+08] 
[-5.88784185e+08 -2.69543820e+01  8.01595627e+00  2.94392118e+08
  8.74500380e+00 -2.94392070e+08] 
[-5.88784185e+08 -2.69591069e+01  8.01876885e+00  2.94392118e+08
  8.74438633e+00 -2.94392070e+08] 
[-5.88784185e+08 -2.69639092e+01  8.02147651e+00  2.94392118e+08
  8.74368258e+00 -2.94392070e+08] 
[-5.88784185e+08 -2.69686926e+01  8.02437900e+00  2.94392118e+08
  8.74279706e+00 -2.94392070e+08] 
[-5.88784185e+08 -2.69734117e+01  8.02706952e+00  2.94392118e+08
  8.74207517e+00 -2.94392070e+08] 
[-5.88784185e+08 -2.69778792e+01  8.02939790e+00  2.94392118e+08
  8.74183492e+00 -2.94392070e+08] 
[-5.88784185e+08 -2.69824014e+01  8.03169523e+00  2.94392118e+08
  8.74148759e+00 -2.94392070e+08] 
[-5.88784185e+08 -2.69869085e+01  8.03402156e+00  2.94392118e+08
  8.74110131e+00 -2.94392070e+08] 
[-5.88784185e+08 -2.69914177e+01  8.03636075e+00  2.94392118e+08
  8.74067428e+00 -2.94392070e+08] 
[-5.88784185e+08 -2.69959701e+01  8.03875119e+00  2.94392118e+08
  8.74013362e+00 -2.94392070e+08] 
[-5.88784185e+08 -2.70005368e+01  8.04114074e+00  2.94392118e+08
  8.73953028e+00 -2.94392070e+08] 
[-5.88784185e+08 -2.70051986e+01  8.04352905e+00  2.94392118e+08
  8.73875180e+00 -2.94392070e+08] 
[-5.88784185e+08 -2.70098225e+01  8.04591575e+00  2.94392118e+08
  8.73798195e+00 -2.94392070e+08] 
[-5.88784185e+08 -2.70144321e+01  8.04826367e+00  2.94392118e+08
  8.73711846e+00 -2.94392070e+08] 
[-5.88784185e+08 -2.70190948e+01  8.05028441e+00  2.94392118e+08
  8.73646233e+00 -2.94392070e+08] 
[-5.88784185e+08 -2.70236368e+01  8.05251447e+00  2.94392118e+08
  8.73569741e+00 -2.94392070e+08] 
[-5.88784185e+08 -2.70281563e+01  8.05482158e+00  2.94392118e+08
  8.73483501e+00 -2.94392070e+08] 
[-5.88784185e+08 -2.70326827e+01  8.05710566e+00  2.94392118e+08
  8.73400971e+00 -2.94392070e+08] 
[-5.88784185e+08 -2.70371759e+01  8.05930451e+00  2.94392118e+08
  8.73310666e+00 -2.94392070e+08] 
[-5.88784185e+08 -2.70416360e+01  8.06150631e+00  2.94392118e+08
  8.73220526e+00 -2.94392070e+08] 
[-5.88784185e+08 -2.70460917e+01  8.06370630e+00  2.94392118e+08
  8.73131681e+00 -2.94392070e+08] 
[-5.88784185e+08 -2.70505414e+01  8.06588240e+00  2.94392118e+08
  8.73041371e+00 -2.94392070e+08] 
[-5.88784185e+08 -2.70549648e+01  8.06817819e+00  2.94392118e+08
  8.72937991e+00 -2.94392070e+08] 
[-5.88784185e+08 -2.70594330e+01  8.07040639e+00  2.94392118e+08
  8.72829480e+00 -2.94392070e+08] 
[-5.88784185e+08 -2.70638735e+01  8.07260044e+00  2.94392118e+08
  8.72722759e+00 -2.94392070e+08] 
[-5.88784185e+08 -2.70683068e+01  8.07472874e+00  2.94392118e+08
  8.72618375e+00 -2.94392070e+08] 
[-5.88784185e+08 -2.70726880e+01  8.07678184e+00  2.94392118e+08
  8.72519643e+00 -2.94392070e+08] 
[-5.88784185e+08 -2.70770260e+01  8.07901892e+00  2.94392118e+08
  8.72404090e+00 -2.94392070e+08] 
[-5.88784185e+08 -2.70813467e+01  8.08121958e+00  2.94392118e+08
  8.72289112e+00 -2.94392070e+08] 
[-5.88784185e+08 -2.70856637e+01  8.08332321e+00  2.94392118e+08
  8.72179682e+00 -2.94392070e+08] 
[-5.88784185e+08 -2.70899540e+01  8.08536897e+00  2.94392118e+08
  8.72072795e+00 -2.94392070e+08] 
[-5.88784185e+08 -2.70942070e+01  8.08735632e+00  2.94392118e+08
  8.71969327e+00 -2.94392070e+08] 
[-5.88784185e+08 -2.70985843e+01  8.08944976e+00  2.94392118e+08
  8.71844050e+00 -2.94392070e+08] 
[-5.88784185e+08 -2.71029530e+01  8.09148672e+00  2.94392118e+08
  8.71720574e+00 -2.94392070e+08] 
[-5.88784185e+08 -2.71072995e+01  8.09347716e+00  2.94392118e+08
  8.71599560e+00 -2.94392070e+08] 
[-5.88784185e+08 -2.71116045e+01  8.09553358e+00  2.94392118e+08
  8.71473057e+00 -2.94392070e+08] 
[-5.88784185e+08 -2.71158872e+01  8.09753585e+00  2.94392118e+08
  8.71349800e+00 -2.94392070e+08] 
[-5.88784185e+08 -2.71201558e+01  8.09949845e+00  2.94392118e+08
  8.71228258e+00 -2.94392070e+08] 
[-5.88784185e+08 -2.71244021e+01  8.10143030e+00  2.94392118e+08
  8.71106282e+00 -2.94392070e+08] 
[-5.88784185e+08 -2.71286194e+01  8.10337729e+00  2.94392118e+08
  8.70980114e+00 -2.94392070e+08] 
[-5.88784185e+08 -2.71327932e+01  8.10533128e+00  2.94392118e+08
  8.70855689e+00 -2.94392070e+08] 
[-5.88784185e+08 -2.71369455e+01  8.10723657e+00  2.94392118e+08
  8.70733696e+00 -2.94392070e+08] 
[-5.88784185e+08 -2.71410644e+01  8.10908782e+00  2.94392118e+08
  8.70615669e+00 -2.94392070e+08] 
[-5.88784185e+08 -2.71451469e+01  8.11088701e+00  2.94392118e+08
  8.70496558e+00 -2.94392070e+08] 
[-5.88784185e+08 -2.71491985e+01  8.11270386e+00  2.94392118e+08
  8.70376203e+00 -2.94392070e+08] 
[-5.88784185e+08 -2.71532306e+01  8.11448765e+00  2.94392118e+08
  8.70257379e+00 -2.94392070e+08] 
[-5.88784185e+08 -2.71572347e+01  8.11623367e+00  2.94392118e+08
  8.70141486e+00 -2.94392070e+08] 
[-5.88784185e+08 -2.71612138e+01  8.11799709e+00  2.94392118e+08
  8.70027766e+00 -2.94392070e+08] 
[-5.88784185e+08 -2.71651670e+01  8.11972926e+00  2.94392118e+08
  8.69916181e+00 -2.94392070e+08] 
[-5.88784185e+08 -2.71691126e+01  8.12143379e+00  2.94392118e+08
  8.69804523e+00 -2.94392070e+08] 
[-5.88784185e+08 -2.71729146e+01  8.12316116e+00  2.94392118e+08
  8.69707686e+00 -2.94392070e+08] 
[-5.88784185e+08 -2.71766714e+01  8.12483616e+00  2.94392118e+08
  8.69615473e+00 -2.94392070e+08] 
[-5.88784185e+08 -2.71803771e+01  8.12648728e+00  2.94392118e+08
  8.69528279e+00 -2.94392070e+08] 
[-5.88784185e+08 -2.71840550e+01  8.12810731e+00  2.94392118e+08
  8.69443261e+00 -2.94392070e+08] 
[-5.88784185e+08 -2.71877140e+01  8.12971099e+00  2.94392118e+08
  8.69361904e+00 -2.94392070e+08] 
[-5.88784185e+08 -2.71913306e+01  8.13129472e+00  2.94392118e+08
  8.69284291e+00 -2.94392070e+08] 
[-5.88784185e+08 -2.71950222e+01  8.13295054e+00  2.94392118e+08
  8.69193095e+00 -2.94392070e+08] 
[-5.88784185e+08 -2.71986695e+01  8.13459898e+00  2.94392118e+08
  8.69103705e+00 -2.94392070e+08] 
[-5.88784185e+08 -2.72022545e+01  8.13617422e+00  2.94392118e+08
  8.69021584e+00 -2.94392070e+08] 
[-5.88784185e+08 -2.72058314e+01  8.13773073e+00  2.94392118e+08
  8.68938463e+00 -2.94392070e+08] 
[-5.88784185e+08 -2.72093700e+01  8.13925808e+00  2.94392118e+08
  8.68858042e+00 -2.94392070e+08] 
[-5.88784185e+08 -2.72128783e+01  8.14071078e+00  2.94392118e+08
  8.68783064e+00 -2.94392070e+08] 
[-5.88784185e+08 -2.72163565e+01  8.14213857e+00  2.94392118e+08
  8.68709561e+00 -2.94392070e+08] 
[-5.88784185e+08 -2.72197841e+01  8.14359655e+00  2.94392118e+08
  8.68635787e+00 -2.94392070e+08] 
[-5.88784185e+08 -2.72231739e+01  8.14502471e+00  2.94392118e+08
  8.68564200e+00 -2.94392069e+08] 
[-5.88784185e+08 -2.72265427e+01  8.14644116e+00  2.94392118e+08
  8.68492044e+00 -2.94392069e+08] 
[-5.88784185e+08 -2.72298744e+01  8.14784682e+00  2.94392118e+08
  8.68421954e+00 -2.94392069e+08] 
[-5.88784185e+08 -2.72331253e+01  8.14918646e+00  2.94392118e+08
  8.68360665e+00 -2.94392069e+08] 
[-5.88784185e+08 -2.72363367e+01  8.15058435e+00  2.94392118e+08
  8.68296105e+00 -2.94392069e+08] 
[-5.88784185e+08 -2.72394833e+01  8.15176184e+00  2.94392118e+08
  8.68251367e+00 -2.94392069e+08] 
[-5.88784185e+08 -2.72425725e+01  8.15291265e+00  2.94392118e+08
  8.68209565e+00 -2.94392069e+08] 
[-5.88784185e+08 -2.72456088e+01  8.15402379e+00  2.94392118e+08
  8.68164735e+00 -2.94392069e+08] 
[-5.88784185e+08 -2.72486176e+01  8.15512914e+00  2.94392118e+08
  8.68120403e+00 -2.94392069e+08] 
[-5.88784185e+08 -2.72515692e+01  8.15623963e+00  2.94392118e+08
  8.68079934e+00 -2.94392069e+08] 
[-5.88784185e+08 -2.72545075e+01  8.15734326e+00  2.94392118e+08
  8.68039554e+00 -2.94392069e+08] 
[-5.88784185e+08 -2.72574058e+01  8.15844035e+00  2.94392118e+08
  8.68000887e+00 -2.94392069e+08] 
[-5.88784185e+08 -2.72602619e+01  8.15952965e+00  2.94392118e+08
  8.67964796e+00 -2.94392069e+08] 
[-5.88784185e+08 -2.72630806e+01  8.16059422e+00  2.94392118e+08
  8.67932139e+00 -2.94392069e+08] 
[-5.88784185e+08 -2.72658603e+01  8.16165006e+00  2.94392118e+08
  8.67901857e+00 -2.94392069e+08] 
[-5.88784185e+08 -2.72685888e+01  8.16270700e+00  2.94392118e+08
  8.67874626e+00 -2.94392069e+08] 
[-5.88784185e+08 -2.72712339e+01  8.16379750e+00  2.94392118e+08
  8.67848394e+00 -2.94392069e+08] 
[-5.88784185e+08 -2.72738795e+01  8.16486666e+00  2.94392118e+08
  8.67822337e+00 -2.94392069e+08] 
[-5.88784185e+08 -2.72764825e+01  8.16595073e+00  2.94392118e+08
  8.67796836e+00 -2.94392069e+08] 
[-5.88784185e+08 -2.72790438e+01  8.16704353e+00  2.94392118e+08
  8.67772456e+00 -2.94392069e+08] 
[-5.88784185e+08 -2.72815558e+01  8.16809578e+00  2.94392118e+08
  8.67748395e+00 -2.94392069e+08] 
[-5.88784185e+08 -2.72840201e+01  8.16911773e+00  2.94392118e+08
  8.67728013e+00 -2.94392069e+08] 
[-5.88784185e+08 -2.72864726e+01  8.17008836e+00  2.94392118e+08
  8.67712120e+00 -2.94392069e+08] 
[-5.88784185e+08 -2.72888822e+01  8.17103718e+00  2.94392118e+08
  8.67698614e+00 -2.94392069e+08] 
[-5.88784185e+08 -2.72912630e+01  8.17197212e+00  2.94392118e+08
  8.67686779e+00 -2.94392069e+08] 
[-5.88784185e+08 -2.72936101e+01  8.17290022e+00  2.94392118e+08
  8.67676875e+00 -2.94392069e+08] 
[-5.88784185e+08 -2.72959647e+01  8.17381229e+00  2.94392118e+08
  8.67663971e+00 -2.94392069e+08] 
[-5.88784185e+08 -2.72982770e+01  8.17471555e+00  2.94392118e+08
  8.67654279e+00 -2.94392069e+08] 
[-5.88784185e+08 -2.73005601e+01  8.17558432e+00  2.94392118e+08
  8.67646098e+00 -2.94392069e+08] 
[-5.88784185e+08 -2.73028003e+01  8.17644656e+00  2.94392118e+08
  8.67640772e+00 -2.94392069e+08] 
[-5.88784185e+08 -2.73050130e+01  8.17729753e+00  2.94392118e+08
  8.67637250e+00 -2.94392069e+08] 
[-5.88784185e+08 -2.73071728e+01  8.17813043e+00  2.94392118e+08
  8.67638240e+00 -2.94392069e+08] 
[-5.88784185e+08 -2.73093256e+01  8.17894234e+00  2.94392118e+08
  8.67637026e+00 -2.94392069e+08] 
[-5.88784185e+08 -2.73114245e+01  8.17974537e+00  2.94392118e+08
  8.67639956e+00 -2.94392069e+08] 
[-5.88784185e+08 -2.73134824e+01  8.18053567e+00  2.94392118e+08
  8.67645946e+00 -2.94392069e+08] 
[-5.88784185e+08 -2.73154869e+01  8.18129454e+00  2.94392118e+08
  8.67651226e+00 -2.94392069e+08] 
[-5.88784185e+08 -2.73174494e+01  8.18204780e+00  2.94392118e+08
  8.67659458e+00 -2.94392069e+08] 
[-5.88784185e+08 -2.73193777e+01  8.18279888e+00  2.94392118e+08
  8.67669878e+00 -2.94392069e+08] 
[-5.88784185e+08 -2.73212752e+01  8.18355397e+00  2.94392118e+08
  8.67681224e+00 -2.94392069e+08] 
[-5.88784185e+08 -2.73231282e+01  8.18430409e+00  2.94392118e+08
  8.67695581e+00 -2.94392069e+08] 
[-5.88784185e+08 -2.73249412e+01  8.18504597e+00  2.94392118e+08
  8.67712697e+00 -2.94392069e+08] 
[-5.88784185e+08 -2.73267037e+01  8.18575230e+00  2.94392118e+08
  8.67730011e+00 -2.94392069e+08] 
[-5.88784185e+08 -2.73284389e+01  8.18644244e+00  2.94392118e+08
  8.67749005e+00 -2.94392069e+08] 
[-5.88784185e+08 -2.73301189e+01  8.18709656e+00  2.94392118e+08
  8.67765308e+00 -2.94392069e+08] 
[-5.88784185e+08 -2.73317616e+01  8.18774354e+00  2.94392118e+08
  8.67784589e+00 -2.94392069e+08] 
[-5.88784185e+08 -2.73333676e+01  8.18838335e+00  2.94392118e+08
  8.67806702e+00 -2.94392069e+08] 
[-5.88784185e+08 -2.73349373e+01  8.18902526e+00  2.94392118e+08
  8.67832819e+00 -2.94392069e+08] 
[-5.88784185e+08 -2.73364676e+01  8.18966406e+00  2.94392118e+08
  8.67859081e+00 -2.94392069e+08] 
[-5.88784185e+08 -2.73379649e+01  8.19029393e+00  2.94392118e+08
  8.67887747e+00 -2.94392069e+08] 
[-5.88784185e+08 -2.73394275e+01  8.19091436e+00  2.94392118e+08
  8.67918997e+00 -2.94392069e+08] 
[-5.88784185e+08 -2.73408571e+01  8.19152755e+00  2.94392118e+08
  8.67952369e+00 -2.94392069e+08] 
[-5.88784185e+08 -2.73422499e+01  8.19216645e+00  2.94392118e+08
  8.67985033e+00 -2.94392069e+08] 
[-5.88784185e+08 -2.73436004e+01  8.19279580e+00  2.94392118e+08
  8.68021229e+00 -2.94392069e+08] 
[-5.88784185e+08 -2.73449077e+01  8.19339918e+00  2.94392118e+08
  8.68055754e+00 -2.94392069e+08] 
[-5.88784185e+08 -2.73461826e+01  8.19398817e+00  2.94392118e+08
  8.68093209e+00 -2.94392069e+08] 
[-5.88784185e+08 -2.73474244e+01  8.19456519e+00  2.94392118e+08
  8.68133446e+00 -2.94392069e+08] 
[-5.88784185e+08 -2.73486369e+01  8.19513008e+00  2.94392118e+08
  8.68176107e+00 -2.94392069e+08] 
[-5.88784185e+08 -2.73498115e+01  8.19568821e+00  2.94392118e+08
  8.68222007e+00 -2.94392069e+08] 
[-5.88784185e+08 -2.73509577e+01  8.19623518e+00  2.94392118e+08
  8.68270064e+00 -2.94392069e+08] 
[-5.88784185e+08 -2.73520767e+01  8.19676743e+00  2.94392118e+08
  8.68320538e+00 -2.94392069e+08] 
[-5.88784185e+08 -2.73531410e+01  8.19728788e+00  2.94392118e+08
  8.68376045e+00 -2.94392069e+08] 
[-5.88784185e+08 -2.73541737e+01  8.19781467e+00  2.94392118e+08
  8.68431372e+00 -2.94392069e+08] 
[-5.88784185e+08 -2.73551836e+01  8.19832803e+00  2.94392118e+08
  8.68488250e+00 -2.94392069e+08] 
[-5.88784185e+08 -2.73561681e+01  8.19882998e+00  2.94392118e+08
  8.68546915e+00 -2.94392069e+08] 
[-5.88784185e+08 -2.73571278e+01  8.19932317e+00  2.94392118e+08
  8.68607062e+00 -2.94392069e+08] 
[-5.88784185e+08 -2.73580761e+01  8.19978437e+00  2.94392118e+08
  8.68670072e+00 -2.94392069e+08] 
[-5.88784185e+08 -2.73590023e+01  8.20021742e+00  2.94392118e+08
  8.68735911e+00 -2.94392069e+08] 
[-5.88784185e+08 -2.73599025e+01  8.20064699e+00  2.94392118e+08
  8.68803005e+00 -2.94392069e+08] 
[-5.88784185e+08 -2.73607666e+01  8.20111431e+00  2.94392118e+08
  8.68864534e+00 -2.94392069e+08] 
[-5.88784185e+08 -2.73615917e+01  8.20153641e+00  2.94392118e+08
  8.68921765e+00 -2.94392069e+08] 
[-5.88784185e+08 -2.73623919e+01  8.20195437e+00  2.94392118e+08
  8.68980262e+00 -2.94392069e+08] 
[-5.88784185e+08 -2.73631578e+01  8.20233724e+00  2.94392118e+08
  8.69035660e+00 -2.94392069e+08] 
[-5.88784185e+08 -2.73638996e+01  8.20271566e+00  2.94392118e+08
  8.69092472e+00 -2.94392069e+08] 
[-5.88784185e+08 -2.73646297e+01  8.20308708e+00  2.94392118e+08
  8.69151862e+00 -2.94392069e+08] 
[-5.88784185e+08 -2.73653473e+01  8.20344680e+00  2.94392118e+08
  8.69211848e+00 -2.94392069e+08] 
[-5.88784185e+08 -2.73660401e+01  8.20379898e+00  2.94392118e+08
  8.69272063e+00 -2.94392069e+08] 
[-5.88784185e+08 -2.73667191e+01  8.20415417e+00  2.94392118e+08
  8.69334078e+00 -2.94392069e+08] 
[-5.88784185e+08 -2.73673733e+01  8.20449961e+00  2.94392118e+08
  8.69398270e+00 -2.94392069e+08] 
[-5.88784185e+08 -2.73679901e+01  8.20482281e+00  2.94392118e+08
  8.69465894e+00 -2.94392069e+08] 
[-5.88784185e+08 -2.73685783e+01  8.20513409e+00  2.94392118e+08
  8.69536068e+00 -2.94392069e+08] 
[-5.88784185e+08 -2.73691485e+01  8.20546004e+00  2.94392118e+08
  8.69606621e+00 -2.94392069e+08] 
[-5.88784185e+08 -2.73697020e+01  8.20576488e+00  2.94392118e+08
  8.69679262e+00 -2.94392069e+08] 
[-5.88784185e+08 -2.73702360e+01  8.20606404e+00  2.94392118e+08
  8.69752947e+00 -2.94392069e+08] 
[-5.88784185e+08 -2.73707523e+01  8.20635850e+00  2.94392118e+08
  8.69827433e+00 -2.94392069e+08] 
[-5.88784185e+08 -2.73712291e+01  8.20664913e+00  2.94392118e+08
  8.69905144e+00 -2.94392069e+08] 
[-5.88784185e+08 -2.73716887e+01  8.20693434e+00  2.94392118e+08
  8.69983635e+00 -2.94392069e+08] 
[-5.88784185e+08 -2.73721247e+01  8.20720387e+00  2.94392118e+08
  8.70062862e+00 -2.94392069e+08] 
[-5.88784185e+08 -2.73725393e+01  8.20747106e+00  2.94392118e+08
  8.70141459e+00 -2.94392069e+08] 
[-5.88784185e+08 -2.73729362e+01  8.20773277e+00  2.94392118e+08
  8.70221120e+00 -2.94392069e+08] 
[-5.88784185e+08 -2.73733178e+01  8.20798858e+00  2.94392118e+08
  8.70301602e+00 -2.94392069e+08] 
[-5.88784185e+08 -2.73736543e+01  8.20821687e+00  2.94392118e+08
  8.70385521e+00 -2.94392069e+08] 
[-5.88784185e+08 -2.73739929e+01  8.20842663e+00  2.94392118e+08
  8.70469337e+00 -2.94392069e+08] 
[-5.88784185e+08 -2.73743154e+01  8.20861876e+00  2.94392118e+08
  8.70555647e+00 -2.94392069e+08] 
[-5.88784185e+08 -2.73746183e+01  8.20880730e+00  2.94392118e+08
  8.70643150e+00 -2.94392069e+08] 
[-5.88784185e+08 -2.73749169e+01  8.20899056e+00  2.94392118e+08
  8.70730646e+00 -2.94392069e+08] 
[-5.88784185e+08 -2.73752015e+01  8.20917401e+00  2.94392118e+08
  8.70818394e+00 -2.94392069e+08] 
[-5.88784185e+08 -2.73754763e+01  8.20935823e+00  2.94392118e+08
  8.70905908e+00 -2.94392069e+08] 
[-5.88784185e+08 -2.73757335e+01  8.20954020e+00  2.94392118e+08
  8.70994590e+00 -2.94392069e+08] 
[-5.88784185e+08 -2.73759727e+01  8.20971837e+00  2.94392118e+08
  8.71084353e+00 -2.94392069e+08] 
[-5.88784185e+08 -2.73762014e+01  8.20989344e+00  2.94392118e+08
  8.71173779e+00 -2.94392069e+08] 
[-5.88784185e+08 -2.73764173e+01  8.21006827e+00  2.94392118e+08
  8.71263388e+00 -2.94392069e+08] 
[-5.88784185e+08 -2.73766218e+01  8.21024484e+00  2.94392118e+08
  8.71353198e+00 -2.94392069e+08] 
[-5.88784185e+08 -2.73768096e+01  8.21041326e+00  2.94392118e+08
  8.71444120e+00 -2.94392069e+08] 
[-5.88784185e+08 -2.73769765e+01  8.21056720e+00  2.94392118e+08
  8.71533611e+00 -2.94392069e+08] 
[-5.88784185e+08 -2.73771344e+01  8.21072122e+00  2.94392118e+08
  8.71623195e+00 -2.94392069e+08] 
[-5.88784185e+08 -2.73772805e+01  8.21087515e+00  2.94392118e+08
  8.71713062e+00 -2.94392069e+08] 
[-5.88784185e+08 -2.73774153e+01  8.21102900e+00  2.94392118e+08
  8.71803155e+00 -2.94392069e+08] 
[-5.88784185e+08 -2.73775452e+01  8.21117963e+00  2.94392118e+08
  8.71892803e+00 -2.94392069e+08] 
[-5.88784185e+08 -2.73776837e+01  8.21132054e+00  2.94392118e+08
  8.71980528e+00 -2.94392069e+08] 
[-5.88784185e+08 -2.73778173e+01  8.21145902e+00  2.94392118e+08
  8.72067837e+00 -2.94392069e+08] 
[-5.88784185e+08 -2.73779359e+01  8.21161619e+00  2.94392118e+08
  8.72154098e+00 -2.94392069e+08] 
[-5.88784185e+08 -2.73780443e+01  8.21177261e+00  2.94392118e+08
  8.72240640e+00 -2.94392069e+08] 
[-5.88784185e+08 -2.73781411e+01  8.21192609e+00  2.94392118e+08
  8.72327820e+00 -2.94392069e+08] 
[-5.88784185e+08 -2.73782275e+01  8.21207824e+00  2.94392118e+08
  8.72415534e+00 -2.94392069e+08] 
[-5.88784185e+08 -2.73783220e+01  8.21224095e+00  2.94392118e+08
  8.72501174e+00 -2.94392069e+08] 
[-5.88784185e+08 -2.73783881e+01  8.21238882e+00  2.94392118e+08
  8.72590109e+00 -2.94392069e+08] 
[-5.88784185e+08 -2.73784369e+01  8.21252585e+00  2.94392118e+08
  8.72681526e+00 -2.94392069e+08] 
[-5.88784185e+08 -2.73784774e+01  8.21266373e+00  2.94392118e+08
  8.72772856e+00 -2.94392069e+08] 
[-5.88784185e+08 -2.73785076e+01  8.21280433e+00  2.94392118e+08
  8.72864112e+00 -2.94392069e+08] 
[-5.88784185e+08 -2.73785290e+01  8.21293934e+00  2.94392118e+08
  8.72955791e+00 -2.94392069e+08] 
[-5.88784185e+08 -2.73785431e+01  8.21306211e+00  2.94392118e+08
  8.73048079e+00 -2.94392069e+08] 
[-5.88784185e+08 -2.73785401e+01  8.21318850e+00  2.94392118e+08
  8.73141169e+00 -2.94392069e+08] 
[-5.88784185e+08 -2.73785283e+01  8.21331362e+00  2.94392118e+08
  8.73234269e+00 -2.94392069e+08] 
[-5.88784185e+08 -2.73785080e+01  8.21343727e+00  2.94392118e+08
  8.73327374e+00 -2.94392069e+08] 
[-5.88784185e+08 -2.73784853e+01  8.21353864e+00  2.94392118e+08
  8.73421946e+00 -2.94392069e+08] 
[-5.88784185e+08 -2.73784470e+01  8.21364419e+00  2.94392118e+08
  8.73516496e+00 -2.94392069e+08] 
[-5.88784185e+08 -2.73784116e+01  8.21373898e+00  2.94392118e+08
  8.73610489e+00 -2.94392069e+08] 
[-5.88784185e+08 -2.73783682e+01  8.21383273e+00  2.94392118e+08
  8.73704053e+00 -2.94392069e+08] 
[-5.88784185e+08 -2.73783146e+01  8.21393806e+00  2.94392118e+08
  8.73796583e+00 -2.94392069e+08] 
[-5.88784185e+08 -2.73782503e+01  8.21404232e+00  2.94392118e+08
  8.73889158e+00 -2.94392069e+08] 
[-5.88784185e+08 -2.73781837e+01  8.21414271e+00  2.94392118e+08
  8.73981050e+00 -2.94392069e+08] 
[-5.88784185e+08 -2.73781095e+01  8.21424375e+00  2.94392118e+08
  8.74072813e+00 -2.94392069e+08] 
[-5.88784185e+08 -2.73780238e+01  8.21434376e+00  2.94392118e+08
  8.74164976e+00 -2.94392069e+08] 
[-5.88784185e+08 -2.73779529e+01  8.21443626e+00  2.94392118e+08
  8.74254479e+00 -2.94392069e+08] 
[-5.88784185e+08 -2.73778749e+01  8.21452710e+00  2.94392118e+08
  8.74343938e+00 -2.94392069e+08] 
[-5.88784185e+08 -2.73777869e+01  8.21461729e+00  2.94392118e+08
  8.74432444e+00 -2.94392069e+08] 
[-5.88784185e+08 -2.73776964e+01  8.21470913e+00  2.94392118e+08
  8.74520082e+00 -2.94392069e+08] 
[-5.88784185e+08 -2.73775929e+01  8.21479722e+00  2.94392118e+08
  8.74608473e+00 -2.94392069e+08] 
[-5.88784185e+08 -2.73774790e+01  8.21487503e+00  2.94392118e+08
  8.74698556e+00 -2.94392069e+08] 
[-5.88784185e+08 -2.73773537e+01  8.21498964e+00  2.94392118e+08
  8.74785289e+00 -2.94392069e+08] 
[-5.88784185e+08 -2.73772340e+01  8.21508334e+00  2.94392118e+08
  8.74872347e+00 -2.94392069e+08] 
[-5.88784185e+08 -2.73771052e+01  8.21517316e+00  2.94392118e+08
  8.74959691e+00 -2.94392069e+08] 
[-5.88784185e+08 -2.73769719e+01  8.21526223e+00  2.94392118e+08
  8.75046723e+00 -2.94392069e+08] 
[-5.88784185e+08 -2.73768330e+01  8.21534756e+00  2.94392118e+08
  8.75133849e+00 -2.94392069e+08] 
[-5.88784185e+08 -2.73766761e+01  8.21542199e+00  2.94392118e+08
  8.75222770e+00 -2.94392069e+08] 
[-5.88784185e+08 -2.73765135e+01  8.21549485e+00  2.94392118e+08
  8.75311522e+00 -2.94392069e+08] 
[-5.88784185e+08 -2.73763512e+01  8.21556171e+00  2.94392118e+08
  8.75400185e+00 -2.94392069e+08] 
[-5.88784185e+08 -2.73761807e+01  8.21562607e+00  2.94392118e+08
  8.75488144e+00 -2.94392069e+08] 
[-5.88784185e+08 -2.73759920e+01  8.21568052e+00  2.94392118e+08
  8.75577375e+00 -2.94392069e+08] 
[-5.88784185e+08 -2.73757919e+01  8.21573302e+00  2.94392118e+08
  8.75667178e+00 -2.94392069e+08] 
[-5.88784185e+08 -2.73755823e+01  8.21577760e+00  2.94392118e+08
  8.75757320e+00 -2.94392069e+08] 
[-5.88784185e+08 -2.73753662e+01  8.21583143e+00  2.94392118e+08
  8.75846239e+00 -2.94392069e+08] 
[-5.88784185e+08 -2.73751458e+01  8.21588388e+00  2.94392118e+08
  8.75935103e+00 -2.94392069e+08] 
[-5.88784185e+08 -2.73749215e+01  8.21593477e+00  2.94392118e+08
  8.76023717e+00 -2.94392069e+08] 
[-5.88784185e+08 -2.73746899e+01  8.21598073e+00  2.94392118e+08
  8.76112971e+00 -2.94392069e+08] 
[-5.88784185e+08 -2.73744548e+01  8.21602441e+00  2.94392118e+08
  8.76202050e+00 -2.94392069e+08] 
[-5.88784185e+08 -2.73742165e+01  8.21606631e+00  2.94392118e+08
  8.76290799e+00 -2.94392069e+08] 
[-5.88784185e+08 -2.73739734e+01  8.21610744e+00  2.94392118e+08
  8.76379421e+00 -2.94392069e+08] 
[-5.88784185e+08 -2.73737267e+01  8.21614713e+00  2.94392118e+08
  8.76467776e+00 -2.94392069e+08] 
[-5.88784185e+08 -2.73734729e+01  8.21618273e+00  2.94392118e+08
  8.76556640e+00 -2.94392069e+08] 
[-5.88784185e+08 -2.73732157e+01  8.21621705e+00  2.94392118e+08
  8.76645218e+00 -2.94392069e+08] 
[-5.88784185e+08 -2.73729557e+01  8.21625030e+00  2.94392118e+08
  8.76733715e+00 -2.94392069e+08] 
[-5.88784185e+08 -2.73726973e+01  8.21629183e+00  2.94392118e+08
  8.76820598e+00 -2.94392069e+08] 
[-5.88784185e+08 -2.73724359e+01  8.21633438e+00  2.94392118e+08
  8.76907048e+00 -2.94392069e+08] 
[-5.88784185e+08 -2.73721756e+01  8.21637678e+00  2.94392118e+08
  8.76992866e+00 -2.94392069e+08] 
[-5.88784185e+08 -2.73719123e+01  8.21641671e+00  2.94392118e+08
  8.77078512e+00 -2.94392069e+08] 
[-5.88784185e+08 -2.73716560e+01  8.21645124e+00  2.94392118e+08
  8.77162896e+00 -2.94392069e+08] 
[-5.88784185e+08 -2.73714026e+01  8.21648474e+00  2.94392118e+08
  8.77246739e+00 -2.94392069e+08] 
[-5.88784185e+08 -2.73711416e+01  8.21651170e+00  2.94392118e+08
  8.77331850e+00 -2.94392069e+08] 
[-5.88784185e+08 -2.73708715e+01  8.21653865e+00  2.94392118e+08
  8.77417457e+00 -2.94392069e+08] 
[-5.88784185e+08 -2.73705955e+01  8.21656226e+00  2.94392118e+08
  8.77502601e+00 -2.94392069e+08] 
[-5.88784185e+08 -2.73703162e+01  8.21658481e+00  2.94392118e+08
  8.77587583e+00 -2.94392069e+08] 
[-5.88784185e+08 -2.73700336e+01  8.21660628e+00  2.94392118e+08
  8.77672396e+00 -2.94392069e+08] 
[-5.88784185e+08 -2.73697497e+01  8.21663221e+00  2.94392118e+08
  8.77757219e+00 -2.94392069e+08] 
[-5.88784185e+08 -2.73694639e+01  8.21665810e+00  2.94392118e+08
  8.77841957e+00 -2.94392069e+08] 
[-5.88784185e+08 -2.73691795e+01  8.21668538e+00  2.94392118e+08
  8.77926032e+00 -2.94392069e+08] 
[-5.88784185e+08 -2.73688919e+01  8.21671127e+00  2.94392118e+08
  8.78009938e+00 -2.94392069e+08] 
[-5.88784185e+08 -2.73686042e+01  8.21673205e+00  2.94392118e+08
  8.78094136e+00 -2.94392069e+08] 
[-5.88784185e+08 -2.73683142e+01  8.21675375e+00  2.94392118e+08
  8.78177612e+00 -2.94392069e+08] 
[-5.88784185e+08 -2.73680240e+01  8.21677054e+00  2.94392118e+08
  8.78260844e+00 -2.94392069e+08] 
[-5.88784185e+08 -2.73677320e+01  8.21678667e+00  2.94392118e+08
  8.78343693e+00 -2.94392069e+08] 
[-5.88784185e+08 -2.73674398e+01  8.21679828e+00  2.94392118e+08
  8.78426295e+00 -2.94392069e+08] 
[-5.88784185e+08 -2.73671452e+01  8.21680882e+00  2.94392118e+08
  8.78508592e+00 -2.94392069e+08] 
[-5.88784185e+08 -2.73668568e+01  8.21682390e+00  2.94392118e+08
  8.78589621e+00 -2.94392069e+08] 
[-5.88784185e+08 -2.73665622e+01  8.21684107e+00  2.94392118e+08
  8.78670678e+00 -2.94392069e+08] 
[-5.88784185e+08 -2.73662647e+01  8.21685706e+00  2.94392118e+08
  8.78751576e+00 -2.94392069e+08] 
[-5.88784185e+08 -2.73659551e+01  8.21687707e+00  2.94392118e+08
  8.78833225e+00 -2.94392069e+08] 
[-5.88784185e+08 -2.73656471e+01  8.21689342e+00  2.94392118e+08
  8.78914283e+00 -2.94392069e+08] 
[-5.88784185e+08 -2.73653369e+01  8.21690817e+00  2.94392118e+08
  8.78995094e+00 -2.94392069e+08] 
[-5.88784185e+08 -2.73650244e+01  8.21692180e+00  2.94392118e+08
  8.79075537e+00 -2.94392069e+08] 
[-5.88784185e+08 -2.73647086e+01  8.21693498e+00  2.94392118e+08
  8.79155687e+00 -2.94392069e+08] 
[-5.88784185e+08 -2.73643894e+01  8.21693981e+00  2.94392118e+08
  8.79235751e+00 -2.94392069e+08] 
[-5.88784185e+08 -2.73640652e+01  8.21696063e+00  2.94392118e+08
  8.79314120e+00 -2.94392069e+08] 
[-5.88784185e+08 -2.73637427e+01  8.21698571e+00  2.94392118e+08
  8.79391334e+00 -2.94392069e+08] 
[-5.88784185e+08 -2.73634152e+01  8.21700273e+00  2.94392118e+08
  8.79468877e+00 -2.94392069e+08] 
[-5.88784185e+08 -2.73630858e+01  8.21701475e+00  2.94392118e+08
  8.79546145e+00 -2.94392069e+08] 
[-5.88784185e+08 -2.73627661e+01  8.21701871e+00  2.94392118e+08
  8.79621975e+00 -2.94392069e+08] 
[-5.88784185e+08 -2.73624430e+01  8.21703212e+00  2.94392118e+08
  8.79696671e+00 -2.94392069e+08] 
[-5.88784185e+08 -2.73621179e+01  8.21703531e+00  2.94392118e+08
  8.79771948e+00 -2.94392069e+08] 
[-5.88784185e+08 -2.73617914e+01  8.21703522e+00  2.94392118e+08
  8.79847182e+00 -2.94392069e+08] 
[-5.88784185e+08 -2.73614644e+01  8.21703214e+00  2.94392118e+08
  8.79922418e+00 -2.94392069e+08] 
[-5.88784185e+08 -2.73611362e+01  8.21702735e+00  2.94392118e+08
  8.79997501e+00 -2.94392069e+08] 
[-5.88784185e+08 -2.73607977e+01  8.21702529e+00  2.94392118e+08
  8.80073355e+00 -2.94392069e+08] 
[-5.88784185e+08 -2.73604544e+01  8.21701696e+00  2.94392118e+08
  8.80149476e+00 -2.94392069e+08] 
[-5.88784185e+08 -2.73601096e+01  8.21700653e+00  2.94392118e+08
  8.80225444e+00 -2.94392069e+08] 
[-5.88784185e+08 -2.73597629e+01  8.21699561e+00  2.94392118e+08
  8.80301397e+00 -2.94392069e+08] 
[-5.88784185e+08 -2.73594131e+01  8.21698008e+00  2.94392118e+08
  8.80378059e+00 -2.94392069e+08] 
[-5.88784185e+08 -2.73590624e+01  8.21696644e+00  2.94392118e+08
  8.80454259e+00 -2.94392069e+08] 
[-5.88784185e+08 -2.73587102e+01  8.21695104e+00  2.94392118e+08
  8.80530296e+00 -2.94392069e+08] 
[-5.88784185e+08 -2.73583559e+01  8.21693424e+00  2.94392118e+08
  8.80606226e+00 -2.94392069e+08] 
[-5.88784185e+08 -2.73579985e+01  8.21692272e+00  2.94392118e+08
  8.80681263e+00 -2.94392069e+08] 
[-5.88784185e+08 -2.73576405e+01  8.21691234e+00  2.94392118e+08
  8.80755846e+00 -2.94392069e+08] 
[-5.88784185e+08 -2.73572806e+01  8.21690541e+00  2.94392118e+08
  8.80829721e+00 -2.94392069e+08] 
[-5.88784185e+08 -2.73569203e+01  8.21689659e+00  2.94392118e+08
  8.80903315e+00 -2.94392069e+08] 
[-5.88784185e+08 -2.73565608e+01  8.21688550e+00  2.94392118e+08
  8.80976570e+00 -2.94392069e+08] 
[-5.88784185e+08 -2.73562017e+01  8.21687144e+00  2.94392118e+08
  8.81049641e+00 -2.94392069e+08] 
[-5.88784185e+08 -2.73558443e+01  8.21685480e+00  2.94392118e+08
  8.81122292e+00 -2.94392069e+08] 
[-5.88784185e+08 -2.73554864e+01  8.21683692e+00  2.94392118e+08
  8.81194651e+00 -2.94392069e+08] 
[-5.88784185e+08 -2.73551284e+01  8.21681391e+00  2.94392118e+08
  8.81267184e+00 -2.94392069e+08] 
[-5.88784185e+08 -2.73547691e+01  8.21678304e+00  2.94392118e+08
  8.81340121e+00 -2.94392069e+08] 
[-5.88784185e+08 -2.73544086e+01  8.21675047e+00  2.94392118e+08
  8.81412960e+00 -2.94392069e+08] 
[-5.88784185e+08 -2.73540442e+01  8.21671646e+00  2.94392118e+08
  8.81485913e+00 -2.94392069e+08] 
[-5.88784185e+08 -2.73536780e+01  8.21667897e+00  2.94392118e+08
  8.81558347e+00 -2.94392069e+08] 
[-5.88784185e+08 -2.73533113e+01  8.21664007e+00  2.94392118e+08
  8.81630666e+00 -2.94392069e+08] 
[-5.88784185e+08 -2.73529445e+01  8.21660095e+00  2.94392118e+08
  8.81702700e+00 -2.94392069e+08] 
[-5.88784185e+08 -2.73525773e+01  8.21656191e+00  2.94392118e+08
  8.81774489e+00 -2.94392069e+08] 
[-5.88784185e+08 -2.73522087e+01  8.21652075e+00  2.94392118e+08
  8.81845804e+00 -2.94392069e+08] 
[-5.88784185e+08 -2.73518398e+01  8.21647938e+00  2.94392118e+08
  8.81916876e+00 -2.94392069e+08] 
[-5.88784185e+08 -2.73514695e+01  8.21643799e+00  2.94392118e+08
  8.81987812e+00 -2.94392069e+08] 
[-5.88784185e+08 -2.73511131e+01  8.21639125e+00  2.94392118e+08
  8.82056879e+00 -2.94392069e+08] 
[-5.88784185e+08 -2.73507534e+01  8.21634297e+00  2.94392118e+08
  8.82125732e+00 -2.94392069e+08] 
[-5.88784185e+08 -2.73504017e+01  8.21629117e+00  2.94392118e+08
  8.82193381e+00 -2.94392069e+08] 
[-5.88784185e+08 -2.73500491e+01  8.21623962e+00  2.94392118e+08
  8.82260868e+00 -2.94392069e+08] 
[-5.88784185e+08 -2.73496993e+01  8.21618690e+00  2.94392118e+08
  8.82327782e+00 -2.94392069e+08] 
[-5.88784185e+08 -2.73493363e+01  8.21612937e+00  2.94392118e+08
  8.82395942e+00 -2.94392069e+08] 
[-5.88784185e+08 -2.73489732e+01  8.21607330e+00  2.94392118e+08
  8.82463778e+00 -2.94392069e+08] 
[-5.88784185e+08 -2.73486064e+01  8.21601493e+00  2.94392118e+08
  8.82531766e+00 -2.94392069e+08] 
[-5.88784185e+08 -2.73482383e+01  8.21595586e+00  2.94392118e+08
  8.82599051e+00 -2.94392069e+08] 
[-5.88784185e+08 -2.73478690e+01  8.21589708e+00  2.94392118e+08
  8.82666277e+00 -2.94392069e+08] 
[-5.88784185e+08 -2.73474998e+01  8.21583931e+00  2.94392118e+08
  8.82733247e+00 -2.94392069e+08] 
[-5.88784185e+08 -2.73471230e+01  8.21578228e+00  2.94392118e+08
  8.82800812e+00 -2.94392069e+08] 
[-5.88784185e+08 -2.73467554e+01  8.21572335e+00  2.94392118e+08
  8.82867053e+00 -2.94392069e+08] 
[-5.88784185e+08 -2.73463879e+01  8.21566528e+00  2.94392118e+08
  8.82933074e+00 -2.94392069e+08] 
[-5.88784185e+08 -2.73460205e+01  8.21560823e+00  2.94392118e+08
  8.82998837e+00 -2.94392069e+08] 
[-5.88784185e+08 -2.73456519e+01  8.21555478e+00  2.94392118e+08
  8.83063931e+00 -2.94392069e+08] 
[-5.88784185e+08 -2.73452831e+01  8.21550355e+00  2.94392118e+08
  8.83129033e+00 -2.94392069e+08] 
[-5.88784185e+08 -2.73449149e+01  8.21544893e+00  2.94392118e+08
  8.83194459e+00 -2.94392069e+08] 
[-5.88784185e+08 -2.73445485e+01  8.21539779e+00  2.94392118e+08
  8.83259040e+00 -2.94392069e+08] 
[-5.88784185e+08 -2.73441823e+01  8.21534729e+00  2.94392118e+08
  8.83323352e+00 -2.94392069e+08] 
[-5.88784185e+08 -2.73438167e+01  8.21529737e+00  2.94392118e+08
  8.83387380e+00 -2.94392069e+08] 
[-5.88784185e+08 -2.73434582e+01  8.21524390e+00  2.94392118e+08
  8.83450351e+00 -2.94392069e+08] 
[-5.88784185e+08 -2.73430978e+01  8.21518913e+00  2.94392118e+08
  8.83513764e+00 -2.94392069e+08] 
[-5.88784185e+08 -2.73427405e+01  8.21513820e+00  2.94392118e+08
  8.83576445e+00 -2.94392069e+08] 
[-5.88784185e+08 -2.73423805e+01  8.21508803e+00  2.94392118e+08
  8.83639249e+00 -2.94392069e+08] 
[-5.88784185e+08 -2.73420202e+01  8.21503909e+00  2.94392118e+08
  8.83701782e+00 -2.94392069e+08] 
[-5.88784185e+08 -2.73416602e+01  8.21499055e+00  2.94392118e+08
  8.83764079e+00 -2.94392069e+08] 
[-5.88784185e+08 -2.73413000e+01  8.21494237e+00  2.94392118e+08
  8.83826210e+00 -2.94392069e+08] 
[-5.88784185e+08 -2.73409401e+01  8.21489452e+00  2.94392118e+08
  8.83888106e+00 -2.94392069e+08] 
[-5.88784185e+08 -2.73405804e+01  8.21484711e+00  2.94392118e+08
  8.83949804e+00 -2.94392069e+08] 
[-5.88784185e+08 -2.73402217e+01  8.21479953e+00  2.94392118e+08
  8.84011136e+00 -2.94392069e+08] 
[-5.88784185e+08 -2.73398595e+01  8.21475210e+00  2.94392118e+08
  8.84072478e+00 -2.94392069e+08] 
[-5.88784185e+08 -2.73394979e+01  8.21470509e+00  2.94392118e+08
  8.84133616e+00 -2.94392069e+08] 
[-5.88784185e+08 -2.73391367e+01  8.21465879e+00  2.94392118e+08
  8.84194614e+00 -2.94392069e+08] 
[-5.88784185e+08 -2.73387804e+01  8.21461567e+00  2.94392118e+08
  8.84254851e+00 -2.94392069e+08] 
[-5.88784185e+08 -2.73384249e+01  8.21457171e+00  2.94392118e+08
  8.84314804e+00 -2.94392069e+08] 
[-5.88784185e+08 -2.73380668e+01  8.21452839e+00  2.94392118e+08
  8.84374920e+00 -2.94392069e+08] 
[-5.88784185e+08 -2.73377080e+01  8.21448266e+00  2.94392118e+08
  8.84434754e+00 -2.94392069e+08] 
[-5.88784185e+08 -2.73373494e+01  8.21443840e+00  2.94392118e+08
  8.84494626e+00 -2.94392069e+08] 
[-5.88784185e+08 -2.73369911e+01  8.21439468e+00  2.94392118e+08
  8.84554280e+00 -2.94392069e+08] 
[-5.88784185e+08 -2.73366295e+01  8.21435075e+00  2.94392118e+08
  8.84613978e+00 -2.94392069e+08] 
[-5.88784185e+08 -2.73362687e+01  8.21430729e+00  2.94392118e+08
  8.84673572e+00 -2.94392069e+08] 
[-5.88784185e+08 -2.73359070e+01  8.21426750e+00  2.94392118e+08
  8.84732623e+00 -2.94392069e+08] 
[-5.88784185e+08 -2.73355441e+01  8.21422646e+00  2.94392118e+08
  8.84791402e+00 -2.94392069e+08] 
[-5.88784185e+08 -2.73351801e+01  8.21418688e+00  2.94392118e+08
  8.84849544e+00 -2.94392069e+08] 
[-5.88784185e+08 -2.73348184e+01  8.21414616e+00  2.94392118e+08
  8.84907388e+00 -2.94392069e+08] 
[-5.88784185e+08 -2.73344567e+01  8.21410492e+00  2.94392118e+08
  8.84965134e+00 -2.94392069e+08] 
[-5.88784185e+08 -2.73340948e+01  8.21406581e+00  2.94392118e+08
  8.85022535e+00 -2.94392069e+08] 
[-5.88784185e+08 -2.73337330e+01  8.21402599e+00  2.94392118e+08
  8.85079932e+00 -2.94392069e+08] 
[-5.88784185e+08 -2.73333719e+01  8.21398569e+00  2.94392118e+08
  8.85137206e+00 -2.94392069e+08] 
[-5.88784185e+08 -2.73330137e+01  8.21394547e+00  2.94392118e+08
  8.85194131e+00 -2.94392069e+08] 
[-5.88784185e+08 -2.73326504e+01  8.21390244e+00  2.94392118e+08
  8.85251576e+00 -2.94392069e+08] 
[-5.88784185e+08 -2.73322859e+01  8.21385985e+00  2.94392118e+08
  8.85309021e+00 -2.94392069e+08] 
[-5.88784185e+08 -2.73319219e+01  8.21381703e+00  2.94392118e+08
  8.85366286e+00 -2.94392069e+08] 
[-5.88784185e+08 -2.73315588e+01  8.21377388e+00  2.94392118e+08
  8.85423384e+00 -2.94392069e+08] 
[-5.88784185e+08 -2.73311962e+01  8.21373349e+00  2.94392118e+08
  8.85480148e+00 -2.94392069e+08] 
[-5.88784185e+08 -2.73308371e+01  8.21369068e+00  2.94392118e+08
  8.85536648e+00 -2.94392069e+08] 
[-5.88784185e+08 -2.73304774e+01  8.21364559e+00  2.94392118e+08
  8.85592833e+00 -2.94392069e+08] 
[-5.88784185e+08 -2.73301184e+01  8.21360040e+00  2.94392118e+08
  8.85648863e+00 -2.94392069e+08] 
[-5.88784185e+08 -2.73297592e+01  8.21355299e+00  2.94392118e+08
  8.85704658e+00 -2.94392069e+08] 
[-5.88784185e+08 -2.73293997e+01  8.21350804e+00  2.94392118e+08
  8.85760079e+00 -2.94392069e+08] 

 Time 
457.59782910346985 
