Energy 
 
-3.7139007149001446 
-5.942167393409094 
-5.2033245555171215 
-5.900197131349356 
-4.182125965399527 
-2.9236104344001146 
-2.7966941720358336 
-0.3984317170872186 
-2.438633204898029 
-4.630889214976641 
-6.556240499693514 
-6.590564351551434 
-7.807758184515091 
-7.950597508500545 
-7.492055422535781 
-7.609356438227594 
-7.75085271693218 
-7.914158746511594 
-8.737874096958228 
-8.64847226838785 
-10.650561910061683 
-11.588556188918512 
-11.264565617160953 
-10.620879410838146 
-9.775313240128561 
-10.456635963177723 
-11.011441942931425 
-12.084561204384537 
-11.96070654547352 
-10.811036974190813 
-9.737611974974822 
-12.167487462405493 
-13.319381894714304 
-12.198796843358084 
-13.042030055856447 
-13.034317152599884 
-12.137595409677612 
-11.853842584273153 
-11.466293006099612 
-11.023604805118849 
-10.522422555305356 
-9.919390532568785 
-10.573278817900846 
-11.034212523631446 
-11.327700045302397 
-11.46977266268004 
-11.493324096305619 
-11.489536734813395 
-11.60814497652091 
-11.457123302269288 
-11.508243356816383 
-11.408398700734168 
-11.327691174019181 
-11.14115626847287 
-10.900312998590978 
-10.604381875733946 
-10.659374786767433 
-10.545920269201131 
-10.260166150215065 
-10.015157063469893 
-9.684930344778305 
-9.19575675674615 
-8.413018626821916 
-7.220999803966004 
-5.830851339513459 
-3.1581158945613583 
-2.355156726711532 
-2.8255956230369135 
-1.8917952715019257 
-5.650310908797007 
-4.119542384684019 
-3.6726682638194856 
-4.22189589040578 
-5.69450433826062 
-6.2452080263336835 
-6.704584065190623 
-7.503194979207926 
-8.922949768624184 
-8.764757599868318 
-8.987978038224924 
-8.49380861553684 
-7.692309701367203 
-7.394899851899927 
-7.300280430095088 
-7.466436801757552 
-7.60558303618142 
-7.454280472702134 
-7.730082655895255 
-7.945554628246093 
-8.01166688471217 
-8.008993158828579 
-8.538327054405404 
-8.747434084584839 
-9.0347442056766 
-10.187961051391143 
-9.392958285475611 
-10.525525968049857 
-10.997534702213654 
-11.52431236807847 
-11.92065082559799 
-12.4600314973748 
-12.914165884725339 
-12.985154718530666 
-13.142056951739434 
-13.229102537074588 
-13.189943304272743 
-13.121908516222625 
-13.014203917698197 
-13.04480583990204 
-12.91653828327034 
-12.738163676921431 
-12.52269397768288 
-12.304134131472162 
-11.935735825035943 
-11.573765793754067 
-11.107143847368121 
-10.547279786810275 
-10.196627250417457 
-9.821466295724859 
-9.228423492539292 
-8.738955674555038 
-8.613535345426925 
-8.219999140019187 
-7.632795315845171 
-7.017228570096856 
-6.4202208994613335 
-5.910087983952983 
-5.500663123108716 
-5.1707999710498695 
-5.043315163693305 
-5.099554874410861 
-5.047300757911421 
-4.860765625553109 
-4.661384876748128 
-4.532393957069787 
-4.420695654549369 
-4.459409305670513 
-4.509392552045493 
-4.588555934436692 
-4.763065428335807 
-4.98692677565739 
-5.26368723370076 
-5.595664228106956 
-5.988937528952986 
-6.319587684499131 
-6.751191550738621 
-7.2451764778655345 
-7.806322294513542 
-8.38168622458283 
-8.96487279856902 
-9.549546868284258 
-10.13206009966445 
-10.701846404929258 
-11.256052657607052 
-11.815642455398672 
-12.365466054722644 
-12.911828962261712 
-13.432257531512219 
-13.96951187861681 
-14.504546799025773 
-15.085619281361609 
-15.51752851135218 
-15.883071112750716 
-16.13109741310922 
-16.315362184505055 
-16.45587162815245 
-16.568308840718387 
-16.63381525675017 
-16.663937531436645 
-16.659721167752558 
-16.62367473142824 
-16.555504582638306 
-16.482930698636743 
-16.401845961079015 
-16.302877823514734 
-16.20683362753351 
-16.10143926626377 
-16.049757378747607 
-16.01031623027672 
-16.028360943526728 
-16.04196501000681 
-16.087617896834512 
-16.206093333192076 
-16.29001978803633 
-16.44018119848193 
-16.569403450142072 
-16.748916180476705 
-16.939753191184295 
-17.163400355219828 
-17.44721529067417 
-17.524108417413448 
-17.53684106778652 
-17.481096057246553 
-17.35401269007407 
-17.256309768735978 
-17.10555391291341 
-16.917372054643145 
-16.721713137125615 
-16.52362190778656 
-16.331753505349884 
-16.183197938280298 
-16.084866890522157 
-16.024653643652066 
-15.993884930277652 
-15.992170297110674 
-16.020280246191323 
-16.070672308296423 
-16.13686699018968 
-16.21212660460067 
-16.282687333926646 
-16.35445887678922 
-16.405620332624643 
-16.444937842377445 
-16.47678037280085 
-16.478072955768184 
-16.466411895052957 
-16.447270740686143 
-16.42018754151697 
-16.384443748784047 
-16.318084033124855 
-16.251832562291135 
-16.18323428559767 
-16.114487778513855 
-16.040769575476844 
-15.964424422354499 
-15.89109154575356 
-15.817560116575663 
-15.743578559087624 
-15.675712079346761 
-15.611207037340002 
-15.501851387107564 
-15.391792677883801 
-15.279945612649133 
-15.172679614247583 
-15.091157178766364 
-15.011401636976043 
-14.94506829605427 
-14.916560993073205 
-14.902504580398528 
-14.904240316279822 
-14.91709327787934 
-14.955585628789356 
-15.004726868670438 
-15.074167700668811 
-15.096256452148678 
-15.140208844761455 
-15.197283906957512 
-15.27355203801645 
-15.362700235819231 
-15.462685717358966 
-15.556572655602853 
-15.593807735537268 
-15.621798166925032 
-15.626499305167428 
-15.536209772833766 
-15.54501656854415 
-15.517996312010796 
-15.442952653748744 
-15.326468602142594 
-15.184366565350151 
-15.009306872340744 
-14.804431696863869 
-14.578781429033924 
-14.346748403664737 
-14.1409124766701 
-13.942423234657976 
-13.734533795503566 
-13.529168820674965 
-13.321136004806897 
-13.127816489230083 
-12.942769469168162 
-12.759590969883714 
-12.589803374147309 
-12.421477926410937 
-12.26084843208196 
-12.127416396201935 
-11.989498125870107 
-11.874953397776398 
-11.770946373023518 
-11.687610237051922 
-11.617827255450631 
-11.560845999129183 
-11.510482993451463 
-11.47221290982623 
-11.454696019138552 
-11.445945899357909 
-11.44519392250643 
-11.451069367428452 
-11.469023727585673 
-11.497839162250504 
-11.53321568298961 
-11.575605494588954 
-11.623660339476245 
-11.67201949752225 
-11.725618611034031 
-11.784007341780498 
-11.844509539840567 
-11.907391905846687 
-11.969466002918288 
-12.03550274731332 
-12.103499406007574 
-12.177104764247712 
-12.251312862653426 
-12.32965313415778 
-12.407801678136245 
-12.490147544444541 
-12.579460923684891 
-12.660967057788568 
-12.745240404191554 
-12.832948762159388 
-12.9291422929787 
-13.024570515043987 
-13.117914336320984 
-13.211754237490794 
-13.306920034962156 
-13.400391475416047 
-13.492393991169731 
-13.583809160819285 
-13.675713471842231 
-13.769339033401158 
-13.862146117539787 
-13.952770118449333 
-14.041384445713183 
-14.12806046771026 
-14.200134124304315 
-14.27383222317398 
-14.344075896845375 
-14.414855323972613 
-14.490333807860376 
-14.562757759414591 
-14.632931343971023 
-14.699489562921151 
-14.763868195073337 
-14.825725369524964 
-14.885839212807312 
-14.943580498785135 
-14.998678079140678 
-15.050813282783755 
-15.100496161031371 
-15.14822443727223 
-15.193387488230723 
-15.236143777931737 
-15.276866881272639 
-15.315241237013245 
-15.351662887478698 
-15.386499566205684 
-15.41976630842401 
-15.451146961995462 
-15.48109655434491 
-15.50930623238562 
-15.535816153756393 
-15.560978017058487 
-15.584978159836249 
-15.607908936262595 
-15.62954127418591 
-15.649807516204664 
-15.669309961155841 
-15.687611344203336 
-15.704926324634574 
-15.721327104665235 
-15.736710617723988 
-15.751142508428831 
-15.765034279220261 
-15.778252300104455 
-15.791007713606188 
-15.80328792177383 
-15.814897878199215 
-15.825871000178786 
-15.83625574609711 
-15.845958153863704 
-15.85502439692466 
-15.863630713630737 
-15.871830734025641 
-15.87969358651068 
-15.887160763801017 
-15.89413563393257 
-15.900875104318986 
-15.907315976305146 
-15.913556068713373 
-15.919448902709325 
-15.924943757206824 
-15.930147072592959 
-15.935101913848397 
-15.939729615324232 
-15.944063515930816 
-15.948207982855248 
-15.951989768523672 
-15.955565943462734 
-15.958889170306712 
-15.962148068154082 
-15.965276044169762 
-15.968270936256154 
-15.971147730674595 
-15.973898902889415 
-15.976529729352103 
-15.979237104789696 
-15.98164129044584 
-15.983939819729805 
-15.986232581110908 
-15.988415011040004 
-15.990462128459978 
-15.992442796832863 
-15.994346411894256 
-15.996156299868415 
-15.99785763684185 
-15.999488704421656 
-16.00103972877762 
-16.002530224441077 
-16.003957718254686 
-16.00528566608351 
-16.00655886692726 
-16.00778344775182 
-16.00896162265071 
-16.01015659913721 
-16.011298696053025 
-16.0124000558314 
-16.01343554446092 
-16.014426532591308 
-16.015277278080255 
-16.01610659267647 
-16.016914882397543 
-16.01769665012959 
-16.018446958044862 
-16.01918179363867 
-16.019902876423924 
-16.020605052874473 
-16.021312815977147 
-16.022014119667627 
-16.022698006624466 
-16.023375014904452 
-16.024002085737134 
-16.024610345693894 
-16.02519353427531 
-16.02575719552303 
-16.026335052468056 
-16.026916112231532 
-16.027467874449208 
-16.028025047304723 
-16.028558763346616 
-16.029074435825876 
-16.029567374345817 
-16.030062119108305 
-16.03054494499849 
-16.03101409377023 
-16.031474782465114 
-16.03191398108394 
-16.032345273588042 
-16.032770576872988 
-16.03319127190209 
-16.033599154553162 
-16.034006115666553 
-16.03441927976708 
-16.03482854443046 
-16.035231926850027 
-16.035619767274913 
-16.035999609366176 
-16.036353645043064 
-16.03670475757458 
-16.037052376872754 
-16.03739541606837 
-16.037745103158894 
-16.0380777541396 
-16.038406968047642 
-16.038725541118165 
-16.03904802915551 
-16.039363920790912 
-16.039672713036822 
-16.03997133496506 
-16.040273350795086 
-16.040588218843546 
-16.04090265001332 
-16.041208669602607 
-16.041502115439926 
-16.04180402498728 
-16.042100544840462 
-16.042394408941448 
-16.042684253403383 
-16.042967902734226 
-16.043246886840176 
-16.04352072586438 
-16.043793485156822 
-16.0440470451991 
-16.044301367725947 
-16.0445550122675 
-16.044808796333697 
-16.045059285019107 
-16.045331066445687 
-16.04562952992111 
-16.04595645204346 
-16.04627653779901 
-16.046584976980075 
-16.046865838756013 
-16.047128910950494 
-16.04738731383219 
-16.047649016553766 
-16.047905477356732 
-16.048165003508345 
-16.04842122350425 
-16.048668360704593 
-16.048899679992324 

 Time 
708730.0969984531 
