Energy 
 
-0.5876987239232458 
-2.3630651300050376 
-1.0616541882242503 
0.2913016793165284 
-0.6942919382701029 
-3.1900714959677963 
-5.857194678400287 
-6.656996032592701 
-7.202031280482289 
-7.439389163692553 
-7.683298384472183 
-7.950011729513836 
-8.177842098143465 
-8.458721794240972 
-8.771869087876198 
-8.990456844516919 
-9.170343064781768 
-9.32962141583113 
-9.449552020792975 
-9.55446197897028 
-9.65310239457711 
-9.722987399709453 
-9.784618941761718 
-9.82910081393242 
-9.870563158059994 
-9.909183964308287 
-9.939756249393136 
-9.982157733325867 
-10.015153925111038 
-10.038909620874247 
-10.061143738529704 
-10.082009714398845 
-10.101448966428123 
-10.119565405262625 
-10.136577924522804 
-10.152698735546123 
-10.167691332719938 
-10.181512259271779 
-10.194329039953189 
-10.206319910181852 
-10.218152376229371 
-10.229147307850134 
-10.239551992685783 
-10.249369175222476 
-10.258767972828345 
-10.267659815389692 
-10.276794245008897 
-10.285568275791336 
-10.293219467537403 
-10.3003626611194 
-10.306932839982553 
-10.31313918735311 
-10.320031302721333 
-10.326250526442195 
-10.331933821960426 
-10.337355298560452 
-10.342677180887126 
-10.347803335908251 
-10.352521483244884 
-10.35837092718 
-10.363560774232509 
-10.368735569887917 
-10.374175551700258 
-10.379217772601054 
-10.384253991230677 
-10.388995500593312 
-10.393409929855483 
-10.39763241516966 
-10.401769118597619 
-10.405608538663273 
-10.409265874089733 
-10.412681539100435 
-10.415233141629713 
-10.413654162517954 
-10.413607635006098 
-10.420160441454179 
-10.426205037251218 
-10.426436362984006 
-10.431976209363672 
-10.435628768088044 
-10.43813918258084 
-10.440480894006885 
-10.442881126111793 
-10.445164871926357 
-10.447452794187509 
-10.44963195989081 
-10.451781364606862 
-10.453724318149819 
-10.455648515512213 
-10.457473162399863 
-10.459226464681088 
-10.461056813478917 
-10.46279339188246 
-10.464503579716622 
-10.466091306071124 
-10.467588770296596 
-10.469057624676847 
-10.470457366082623 
-10.471894467497673 
-10.47323012625977 
-10.47447535414774 
-10.475691328064507 
-10.47683654281362 
-10.477923888135008 
-10.478977828005508 
-10.479974997149824 
-10.480972332695664 
-10.48179358677724 
-10.482585700849588 
-10.483351944041058 
-10.483988063517213 
-10.484599243176936 
-10.485178974557572 
-10.485731225058263 
-10.486260583931298 
-10.486767412350515 
-10.487250774116443 
-10.487714047223035 
-10.48815642785434 
-10.48857487289597 
-10.488970777219224 
-10.489339554435897 
-10.489695374572182 
-10.490034650364125 
-10.490358504652932 
-10.490710485089943 
-10.491040490727997 
-10.491372253293127 
-10.491687644493467 
-10.492039643042867 
-10.492369688071443 
-10.49264665271443 
-10.492899202965283 
-10.49313565885706 
-10.493348754268316 
-10.493557894738792 
-10.493755079296909 
-10.493940830232845 
-10.494115641015847 
-10.494280698963303 
-10.4944372767651 
-10.494586602217172 
-10.49472763400575 
-10.494860076475689 
-10.494985595298044 
-10.495105295699343 
-10.495222984843046 
-10.49533666047187 
-10.495441712112894 
-10.495540832887407 
-10.495634092015278 
-10.495718484918875 
-10.495798724540736 
-10.495873703102484 
-10.495945072045831 
-10.496013492122172 
-10.496078860838663 
-10.496140241239809 
-10.49619908207557 
-10.496255600970802 
-10.496309735248104 
-10.496361825715923 
-10.496412468462433 
-10.496461011471013 
-10.496508077372024 
-10.496553433734785 
-10.496597190880708 
-10.496640220929661 
-10.496681510964905 
-10.496721313520021 
-10.496759601260052 
-10.496796553544772 
-10.496832240637364 
-10.496866717189787 
-10.496899872288575 
-10.496931193070706 
-10.496961641801196 
-10.496990884946728 
-10.497019239520096 
-10.497046687022861 
-10.497073352601536 
-10.497099269066927 
-10.49712430892217 
-10.497148690389107 
-10.497172420144205 
-10.497195549187515 
-10.49721816070366 
-10.497240234969023 
-10.497261929414963 
-10.49728303723826 
-10.497303670482273 
-10.497323822312937 
-10.497343507066509 
-10.497362859091877 
-10.497381756493052 
-10.497400266251528 
-10.497418425471148 
-10.497436111950437 
-10.49745327436239 
-10.497470025008624 
-10.4974863928602 
-10.497502474346916 
-10.497518126849137 
-10.497533510173605 
-10.49754856727616 
-10.4975633874426 
-10.497578058980691 
-10.497592527366026 
-10.497606787995526 
-10.497620555646135 
-10.49763402662386 
-10.497647548956513 
-10.497660709048729 
-10.497673796803243 
-10.497686543309825 
-10.497698643027311 
-10.497710526223933 
-10.497722178244489 
-10.497733536395144 
-10.497744719827647 
-10.497755751973921 
-10.49776646477427 
-10.497777011233369 
-10.49778731566138 
-10.497797297069496 
-10.49780703507774 
-10.497816771173593 
-10.497826362414191 
-10.497836009243315 
-10.497845542199252 
-10.497854881188879 
-10.497863991130373 
-10.497873095237665 
-10.497881986049034 
-10.49789075153407 
-10.497899290656655 
-10.49790770180164 
-10.497915984150954 
-10.4979242159945 
-10.49793242750983 
-10.497940513456692 
-10.49794841838856 
-10.497956215800874 
-10.497963961701913 
-10.497971560442801 
-10.497979051362288 
-10.49798652080852 
-10.497993954132209 
-10.498001410231446 
-10.498008668103187 
-10.498015891751011 
-10.498023010589526 
-10.49803005214328 
-10.498037017278065 
-10.498043979644345 
-10.49805085722067 
-10.498057652347597 
-10.498064416610584 
-10.498071150642495 
-10.49807776021879 
-10.49808429947886 
-10.49809064314833 
-10.498096917330251 
-10.498103121040769 
-10.498109279661167 
-10.498115357157515 
-10.498121369605759 
-10.498127378503805 
-10.49813330127177 
-10.498139145979815 
-10.498144925849758 
-10.49815064179056 
-10.498156306984491 
-10.498161912419858 
-10.498167467876273 
-10.498172964183857 
-10.498178412692624 
-10.498183818804382 
-10.498189185831958 
-10.498194469941803 
-10.49819970291564 
-10.498204819610194 
-10.498209874572042 
-10.49821500521441 
-10.498220105643739 
-10.49822516244114 
-10.49823016699041 
-10.498235293036185 
-10.498240369422563 
-10.498245413949151 
-10.498250672224536 
-10.498255958763034 
-10.49826121714498 
-10.498266432253166 
-10.498271636816764 
-10.498276860174267 
-10.49828207481471 
-10.498287198638199 
-10.498292238020486 
-10.49829738748502 
-10.498302494406078 
-10.498307554678133 
-10.49831257079003 
-10.498317580699169 
-10.498322509904085 
-10.498327354356125 
-10.498332139373227 
-10.498336768914392 
-10.49834135825358 
-10.498345840361063 
-10.498350295839046 
-10.49835477488481 
-10.498359188048337 
-10.498363550971135 
-10.498368008744304 
-10.498372353949218 
-10.498376656976028 
-10.498380919420084 
-10.498385147563294 
-10.498389341524868 
-10.498393501490334 
-10.4983976340765 
-10.498401708974118 
-10.49840568444047 
-10.49840957672623 
-10.498413487185257 
-10.498417375947845 
-10.498421208004292 
-10.498425014663688 
-10.498428796111211 
-10.498432553054794 
-10.498436376457828 
-10.498440186343606 
-10.498443885379691 
-10.498447532950381 
-10.498451159006574 
-10.498454773734856 
-10.498458417538581 
-10.498462024138792 
-10.498465611691465 
-10.498469253221652 
-10.498472875409512 
-10.498476466758172 
-10.498480162582279 
-10.498483843246976 
-10.498487429648778 
-10.498490940684738 
-10.498494412123696 
-10.498497912704583 
-10.498501372479174 
-10.49850482484571 
-10.498508263035806 
-10.498511680986125 
-10.498515038631808 
-10.498518375278543 
-10.498521731300828 
-10.498525087312569 
-10.498528416073466 
-10.498531740982274 
-10.498535006273162 
-10.498538261703768 
-10.498541531265577 
-10.498544784570674 
-10.498548022560211 
-10.498551245000604 
-10.498554504903964 
-10.498557821841299 
-10.498561124562226 
-10.498564409269784 
-10.498567684890055 
-10.498570916567365 
-10.498574139214826 
-10.498577349218275 
-10.498580548036804 
-10.498583773326203 
-10.498586984200367 
-10.498590159297676 
-10.49859329625546 
-10.498596422386045 
-10.498599522162753 
-10.498602601667105 
-10.498605668217461 
-10.498608720498899 
-10.49861169217694 
-10.49861461085462 
-10.498617509234812 
-10.498620367893611 
-10.498623216765555 
-10.49862605427452 
-10.498628880036412 
-10.498631693198012 
-10.498634490269097 
-10.498637272828068 
-10.498640049467639 
-10.498642815296114 
-10.49864557045671 
-10.498648327615017 
-10.498651072581527 
-10.498653813584948 
-10.498656533385974 
-10.498659204830123 
-10.498661904881358 
-10.498664594368432 
-10.498667228411424 
-10.498669851647977 
-10.498672441597218 
-10.498675019136815 
-10.498677591244036 
-10.498680188344137 
-10.49868278108253 
-10.49868536175954 
-10.498687941944736 
-10.49869051502093 
-10.498693083964888 
-10.498695650980542 
-10.498698213005838 
-10.498700767105436 
-10.498703303037738 
-10.49870583788823 
-10.4987083809357 
-10.498710915756803 
-10.498713433795784 
-10.498715942502066 
-10.49871843647689 
-10.498720924526818 
-10.498723398845696 
-10.498725887283715 
-10.498728368580622 
-10.498730841195005 
-10.49873332090816 
-10.49873579559711 
-10.49873826940707 
-10.498740753563453 
-10.49874319147812 
-10.498745628262698 
-10.498748062210879 
-10.498750473389432 
-10.498752875652537 
-10.498755250876258 
-10.498757618133467 
-10.498759977974846 
-10.49876234038675 
-10.498764689861511 
-10.498767030403348 
-10.498769363474288 
-10.498771685411583 
-10.498773997795476 
-10.498776302972638 
-10.498778600949876 
-10.498780891824206 
-10.498783172999461 
-10.498785446365229 
-10.498787713471964 
-10.498789978031052 
-10.498792237326914 
-10.49879448525477 
-10.498796708695867 
-10.498798926150897 
-10.498801141223721 
-10.49880334306647 
-10.498805533546875 
-10.498807714614978 
-10.498809889163194 
-10.49881205749485 
-10.498814218191244 
-10.498816394436751 
-10.498818577771228 
-10.498820761948952 
-10.498822950676239 
-10.498825134814407 
-10.498827296837248 
-10.498829450353963 
-10.498831597691153 
-10.498833745574085 
-10.498835879978143 
-10.498838012842349 
-10.498840151675873 
-10.498842282815401 
-10.49884441098221 
-10.498846516886214 
-10.498848616959258 
-10.49885071251194 
-10.498852787623493 
-10.49885485241406 
-10.498856910666834 
-10.498858976176706 
-10.498861035552876 
-10.498863095153526 
-10.498865129091557 
-10.498867157296843 
-10.498869180342009 
-10.498871206582782 
-10.498873231034544 
-10.498875231186215 
-10.498877235165038 
-10.498879231477611 
-10.498881210809055 
-10.498883157932784 
-10.498885096346282 
-10.498887031499724 

 Time 
37744.71163272858 
