Energy 
 
0.6479341368878508 
-2.2551738827084455 
-0.83540599202379 
-4.480358221786737 
-5.251633878425869 
-3.1754239901674794 
-3.595289026308585 
-3.8825228124056776 
-4.530164892334973 
-5.1691619156197355 
-5.348713906306304 
-5.539899814679991 
-5.6151951634321176 
-5.680868257263747 
-5.732159103301173 
-5.7739063460403015 
-5.823441022639245 
-5.8670729474889844 
-5.924479087859062 
-5.9455672510728474 
-5.97520048446264 
-6.008488858221572 
-6.029696684834452 
-6.039436843595521 
-6.048002898785417 
-6.055587847914257 
-6.073758560203145 
-6.087646283816358 
-6.097546869431332 
-6.106761685424935 
-6.116913658790612 
-6.125021985692759 
-6.132039260143834 
-6.138484175384588 
-6.144088460987244 
-6.1493770344834315 
-6.154408019409635 
-6.15938284876715 
-6.164858432581621 
-6.170850184273172 
-6.175745349837641 
-6.180171657768462 
-6.184321224376693 
-6.188258420213101 
-6.192047130670403 
-6.195504057335871 
-6.199639486980191 
-6.203068925268984 
-6.206454300369945 
-6.209628715355443 
-6.212663559298785 
-6.215714924282806 
-6.218805943890576 
-6.221929459589236 
-6.224998055589413 
-6.227977866131741 
-6.230993326150355 
-6.233936686653866 
-6.236792705524384 
-6.239517615289558 
-6.242188961927158 
-6.244812927639868 
-6.247391028624363 
-6.2498982848283084 
-6.25234325443225 
-6.254769901939045 
-6.257141826476344 
-6.259594530700996 
-6.261972322023518 
-6.264293026375438 
-6.2665756002206745 
-6.268808368109291 
-6.2710190845371265 
-6.273155171142799 
-6.2752402893847 
-6.277251495184539 
-6.279205510045044 
-6.2810927695546095 
-6.282921418947238 
-6.284865502821141 
-6.2867139287085445 
-6.2884745660941945 
-6.2900214022111935 
-6.291494822124888 
-6.292917720911699 
-6.29429443044846 
-6.295625021135631 
-6.296960111806797 
-6.2982505173648455 
-6.299503332527474 
-6.300650659617318 
-6.301757161173432 
-6.302858682577409 
-6.303895352716364 
-6.30489409184633 
-6.305858048495339 
-6.3067862118855365 
-6.307663096849691 
-6.308506087265847 
-6.309338764087536 
-6.310137139226281 
-6.310896332604694 
-6.311586803823941 
-6.312260537784454 
-6.31290329326214 
-6.313519781327485 
-6.314087716735602 
-6.314610086376786 
-6.315096820029421 
-6.315560449417802 
-6.315999470225474 
-6.316416386902685 
-6.316812338679475 
-6.317193964193149 
-6.317562358754795 
-6.317916685635627 
-6.318257884887697 
-6.318588401056759 
-6.3189077224035834 
-6.319216118190817 
-6.319514129504269 
-6.31980162737441 
-6.320079424087701 
-6.320347144198138 
-6.320605477612869 
-6.320854582640126 
-6.3210949263286755 
-6.321319214344154 
-6.321537283806786 
-6.321747233172831 
-6.321948675891919 
-6.322144522810696 
-6.322329481171467 
-6.322507067773454 
-6.322679300766906 
-6.322846028783955 
-6.323007468820294 
-6.323163036992823 
-6.323314742140273 
-6.3234601931900185 
-6.32360126726768 
-6.323738554831591 
-6.323869071646525 
-6.323994818761223 
-6.324117256395975 
-6.324231419408293 
-6.324340934862026 
-6.324446869453284 
-6.324548094016734 
-6.3246398067124625 
-6.324727805878858 
-6.324813412064308 
-6.324896714705521 
-6.324977027736294 
-6.325054045001644 
-6.325127025574792 
-6.325194652636475 
-6.325259467467728 
-6.3253223031676 
-6.325382640268813 
-6.325441128472875 
-6.325497285768879 
-6.325551712387878 
-6.325604065235005 
-6.325653431992792 
-6.325701012117584 
-6.325747205056373 
-6.325791708422981 
-6.3258348443279315 
-6.325876333687164 
-6.325916493360489 
-6.325955336384689 
-6.325992843166374 
-6.32602900908084 
-6.326063120896219 
-6.326096385242861 
-6.326128508338099 
-6.32615969742016 
-6.326190105204505 
-6.326219449664964 
-6.3262479420704505 
-6.326275487642987 
-6.3263021472961185 
-6.326327910605036 
-6.326352942343835 
-6.3263769991764125 
-6.326399295791657 
-6.326420826212438 
-6.326441335677648 
-6.32646112128638 
-6.326480284540444 
-6.326498828642525 
-6.3265167716878485 
-6.32653409403104 
-6.326550969234289 
-6.3265673899767805 
-6.326583193389646 
-6.326598309423937 
-6.326612842918946 
-6.326626914001365 
-6.32664020235364 
-6.3266529943902885 
-6.326665423093586 
-6.326677563453245 
-6.326689300996595 
-6.3267005868724855 
-6.326711506899254 
-6.326722068962871 
-6.326732403696123 
-6.326742382259386 
-6.326752002206467 
-6.326761295633628 
-6.326770217811361 
-6.326778845393375 
-6.326787252731598 
-6.326795370024999 
-6.32680323170952 
-6.326810826996583 
-6.326818166539507 
-6.326825259962455 
-6.326832069795326 
-6.32683863139438 
-6.326844976211111 
-6.326851165150311 
-6.32685692156545 
-6.326862420436584 
-6.326867686098273 
-6.326872771110106 
-6.326877713675259 
-6.326882497440057 
-6.326887127245632 
-6.326891579949842 
-6.326895910685097 
-6.326900099869311 
-6.326904141043971 
-6.326908045071249 
-6.326911820834098 
-6.3269154522720825 
-6.3269189661200285 
-6.326922375935683 
-6.326925705894607 
-6.326928905204117 
-6.326931972224452 
-6.326934935835085 
-6.326937802897306 
-6.326940526538685 
-6.326943158039859 
-6.3269456895266964 
-6.326948146270196 
-6.3269505364809175 
-6.326952842612668 
-6.326955069803865 
-6.326957226473485 
-6.326959315360482 
-6.3269613063503956 
-6.326963231049801 
-6.326965105004175 
-6.326966915274243 
-6.326968663768494 
-6.3269703592786675 
-6.326972001221572 
-6.3269735734306565 
-6.326975095721493 
-6.326976569756692 
-6.3269779967595445 
-6.326979378083326 
-6.326980709823944 
-6.32698199892212 
-6.326983247894934 
-6.326984437707651 
-6.326985592358767 
-6.3269867113536105 
-6.326987804042659 
-6.326988849914254 
-6.326989867804197 
-6.32699085467034 
-6.326991811245453 
-6.326992738953051 
-6.326993639414944 
-6.326994510882603 
-6.326995356309711 
-6.326996175241134 
-6.32699696999552 
-6.326997743101533 
-6.3269984925718825 
-6.326999220198308 
-6.3269999263322925 
-6.327000612164836 
-6.327001278012471 
-6.327001924726062 
-6.327002555281751 
-6.32700316785272 
-6.327003762887557 
-6.327004341925053 
-6.327004897406463 
-6.327005437224994 
-6.327005962669122 
-6.327006473360778 
-6.327006964600467 
-6.327007443742581 
-6.327007910060086 
-6.3270083618375486 
-6.327008801976225 
-6.32700923033447 
-6.327009647205315 
-6.327010052737945 
-6.327010446906199 
-6.3270108294482625 
-6.327011201138492 
-6.3270115634044055 
-6.3270119188949705 
-6.32701226523578 
-6.327012604176602 
-6.327012933844352 
-6.3270132551242835 
-6.327013569133365 
-6.327013875967246 
-6.327014174765199 
-6.327014466865604 
-6.327014752157533 
-6.327015029295399 
-6.327015299865193 
-6.327015564141444 
-6.327015823487153 
-6.327016076973041 
-6.327016323866229 
-6.327016563595476 
-6.327016798063533 
-6.327017027478136 
-6.3270172557424464 
-6.327017479270293 
-6.327017698213802 
-6.327017912316948 
-6.327018122065448 
-6.327018326512491 
-6.327018527056291 
-6.327018721977132 
-6.327018913280464 
-6.327019101077573 
-6.327019286841923 
-6.327019469978094 
-6.327019650514756 
-6.3270198282329995 
-6.327020001093848 
-6.3270201710152065 
-6.327020338375651 
-6.327020502958768 
-6.327020663569288 
-6.327020819425378 
-6.327020972063447 
-6.327021122398994 
-6.327021269679576 
-6.327021414933419 
-6.327021557943247 
-6.327021699025316 
-6.327021838466244 
-6.327021975618326 
-6.327022110956452 
-6.327022243862887 
-6.327022374381357 
-6.32702250363841 
-6.327022632046655 
-6.327022758423829 
-6.327022883067449 
-6.327023006456582 
-6.327023128872311 
-6.3270232499155 
-6.327023365766046 
-6.327023479870546 
-6.32702359300659 
-6.327023703313461 
-6.327023812648854 
-6.327023918847285 
-6.327024024150858 
-6.327024128684954 
-6.32702423170563 
-6.327024333712304 
-6.327024435077549 
-6.327024535703332 
-6.327024635580758 
-6.32702473489611 
-6.327024833406176 
-6.327024931300495 
-6.327025028419806 
-6.327025123881096 
-6.327025219068369 
-6.327025314101995 
-6.327025407464118 
-6.327025500183096 
-6.3270255918010525 
-6.327025682900273 
-6.3270257735247935 
-6.327025863621669 
-6.327025953298634 
-6.327026042493404 
-6.327026131257106 
-6.327026219554051 
-6.327026307426809 
-6.327026394671441 
-6.327026481437255 
-6.3270265677608455 
-6.327026653663367 
-6.327026740766098 
-6.327026827481513 
-6.327026914060853 
-6.327027001043221 
-6.3270270881788875 
-6.327027175105908 
-6.3270272616198575 
-6.327027347747412 
-6.327027432960282 
-6.327027517803092 
-6.327027602282238 
-6.327027686404407 
-6.327027770102847 
-6.327027853425163 
-6.327027936076395 
-6.327028018458683 
-6.327028100356581 
-6.327028181925665 
-6.327028263228042 
-6.327028344246252 
-6.327028425140464 
-6.327028505723962 
-6.327028586002617 
-6.327028666113996 
-6.327028746380005 
-6.327028826310327 
-6.3270289060079445 
-6.327028985439683 
-6.327029064778364 
-6.327029143826622 
-6.327029222628484 
-6.327029301165399 
-6.327029379439322 
-6.327029457577826 
-6.3270295349390215 
-6.3270296120072285 
-6.327029688841094 
-6.32702976558374 
-6.327029841965231 
-6.327029918258792 
-6.327029993782485 
-6.327030068978153 
-6.327030143942202 
-6.3270302186758896 
-6.327030293012101 
-6.327030367164666 
-6.327030441246025 
-6.3270305166983025 
-6.327030591787066 
-6.327030666718155 
-6.327030741378522 
-6.3270308158195885 
-6.327030890045998 
-6.327030964066067 
-6.327031037860824 
-6.327031111475131 
-6.327031184904861 
-6.327031258095012 
-6.3270313310890565 
-6.327031403842127 
-6.327031476423295 
-6.32703154879458 
-6.327031621287387 
-6.327031693500801 
-6.3270317654750166 
-6.327031837212209 
-6.327031909427268 
-6.3270319814909435 
-6.327032053346472 
-6.327032125089964 
-6.327032197054773 
-6.32703226751515 
-6.327032337581642 
-6.32703240743549 
-6.327032476937173 
-6.327032545920652 
-6.327032614789996 
-6.327032683697524 
-6.327032752459966 
-6.327032821008748 
-6.327032889416917 
-6.327032957663622 
-6.3270330257374905 
-6.327033093212077 
-6.32703316057822 
-6.327033227812501 
-6.327033295887349 
-6.327033363852609 
-6.327033431741776 
-6.327033499440659 
-6.327033566967988 
-6.327033634411222 
-6.327033701632377 
-6.32703376871264 
-6.327033835154084 
-6.327033901434037 
-6.327033967658641 
-6.327034033219553 

 Time 
2466.168459892273 
