Energy 
 
-6.631992949672862 
-6.658551546637071 
-9.291272884827865 
-6.871230609013457 
-7.511849910865981 
-8.123100146077139 
-6.737288117194489 
-5.464121738152819 
-5.320460034835265 
-5.882020657593249 
-4.3494869511117376 
-3.0150376786295854 
-3.091367441692027 
-5.223470442637403 
-6.216649384822471 
-7.491840171119007 
-8.22435963990786 
-8.465125099310162 
-8.738903013772916 
-8.82855461734382 
-8.66951716259651 
-8.827053685149725 
-9.015954544895727 
-9.562832125804508 
-9.49013062975566 
-9.524678984045025 
-9.76209836706883 
-10.014672460996138 
-10.409086114561521 
-10.651337765971768 
-10.992157085992904 
-11.30665301280518 
-11.636037314086497 
-11.872056281834507 
-11.740008656448229 
-11.654046178812205 
-12.30963771969972 
-12.443054818008246 
-12.488172201444929 
-12.371946610904542 
-12.497695342242551 
-12.611297584984024 
-12.72015620093148 
-12.974960560035214 
-13.087386522144314 
-13.168161678122942 
-13.36758133797777 
-13.712206680390368 
-13.759754025157523 
-13.86013247689986 
-13.895238628448928 
-14.346645371844895 
-14.752398953490182 
-15.094213854831121 
-15.342837632279627 
-14.964138449810587 
-14.974344087855126 
-15.106368319711152 
-15.255639137954958 
-15.355391139957783 
-15.52842593992343 
-15.514320034502429 
-15.339177359999447 
-15.70350944827017 
-15.762492760392098 
-15.824059706730463 
-16.547499220617052 
-16.56047753252787 
-16.55874982409763 
-16.71895689685875 
-16.519850071591097 
-16.66532249414984 
-16.697994834671004 
-16.60644997633395 
-16.791904987852714 
-16.961605203444776 
-16.982401908034284 
-17.022584319370726 
-17.036756348519738 
-17.037438197105242 
-17.114626511343268 
-17.149097006309017 
-17.154562462114715 
-17.129821759032847 
-17.07260811060829 
-17.020588574524893 
-16.983423055157957 
-16.8891897539082 
-16.803012010675005 
-16.684288559805754 
-16.56449331734838 
-16.45005175605773 
-16.435592640774555 
-16.461821404800798 
-16.50600692682822 
-16.540216052344842 
-16.710443120545374 
-16.683799129185044 
-16.59036980831504 
-16.88016894556596 
-17.099659850724596 
-17.278716521375557 
-17.352242148339432 
-17.826889754431832 
-17.32294477038359 
-17.14721503577192 
-16.987027266819403 
-16.609397847882633 
-16.19714525777649 
-15.576626008723329 
-15.440447608311404 
-14.631827715220574 
-13.722556161858787 
-13.093037229174682 
-12.413188588720695 
-10.539889930095342 
-9.640603431951648 
-9.475070693555791 
-9.361308582042414 
-9.09222240554766 
-8.90630167766732 
-8.692828393580339 
-8.381971190162842 
-7.71533012693202 
-8.021207928047351 
-7.7254466643179125 
-7.709130320809238 
-7.820358110276686 
-7.875184687406659 
-7.679944614373857 
-7.790092826164628 
-7.836224099870819 
-7.763664555973115 
-7.797083927658031 
-7.826236771730394 
-7.787683355832128 
-8.242092719768062 
-7.951521075059809 
-7.662775072750102 
-7.324386402579864 
-6.9342820014285 
-6.464931512459383 
-5.904682055404125 
-5.3528768128727515 
-4.6961469172975505 
-4.055305189115713 
-3.474120825418627 
-2.925992967236679 
-2.408370222720786 
-1.8448213339462254 
-1.330842274506315 
-0.7557565929418709 
-0.22064358156453695 
0.23818264278992185 
0.6159903045012173 
1.0236991433087312 
1.0238993097354996 
0.20911634418672698 
-0.9877712323200045 
-0.13876809289673941 
-1.0616458629967926 
-1.3143058514311396 
-1.429067941019723 
-1.5692351300548715 
-1.5665613808404326 
-2.34000597933546 
-1.9928065632353833 
-1.6000911617563611 
-1.691691657993264 
-2.454904978774695 
-3.804000434269316 
-4.869113991983273 
-5.219797250214686 
-5.692186230079245 
-6.091203809377529 
-6.515585956776793 
-6.8769615928714805 
-7.324883465895189 
-7.711787885999911 
-8.095053264385943 
-8.418950354633962 
-8.795816874681037 
-9.185689395917926 
-9.567980367599933 
-9.876661486941561 
-10.146198448534454 
-10.386338998631093 
-10.585988564070139 
-10.753823603329739 
-10.862549171381627 
-10.918490347037798 
-10.80387621060222 
-10.578536054440292 
-10.460838441115882 
-10.343575353232266 
-10.179824395056837 
-9.989073832289495 
-9.768653594987939 
-9.57120216916617 
-9.371242128752932 
-9.297657029925464 
-9.125053723202885 
-9.227480354474022 
-9.274198198535121 
-9.256345860919843 
-9.173905358800056 
-9.24456001512528 
-9.18673025051524 
-9.164233748220067 
-9.138322631983758 
-9.274790670945086 
-9.240982956769585 
-9.777567585045983 
-9.347469559456949 
-11.090560787725199 
-10.416610100291244 
-10.921528799566687 
-10.933575863665215 
-10.761203737461956 
-10.660209429548045 
-10.591931784010422 
-10.7772744503274 
-10.961087605750711 
-11.205785963105955 
-11.352948838295084 
-11.574860025353354 
-11.768348989555497 
-12.010279208495312 
-12.264697577662604 
-12.485317000220878 
-12.67568011219753 
-12.830680991353955 
-12.9351936618796 
-13.045825670658036 
-13.100724293670936 
-13.158117487840713 
-13.20628501443256 
-13.243206430310735 
-13.274248352354135 
-13.314732428651075 
-13.341341006606175 
-13.371386246768777 
-13.404400828817352 
-13.418711260205262 
-13.431884985093285 
-13.442921619101309 
-13.453227231489386 
-13.471290032814462 
-13.487681845181946 
-13.485752630343194 
-13.492365916540626 
-13.502443678488488 
-13.51707251925485 
-13.504845434725004 
-13.494041464919874 
-13.49364516074047 
-13.496844627311575 
-13.50239900754235 
-13.509356297481672 
-13.508523114178157 
-13.515983053543973 
-13.526765127111855 
-13.532431449726314 
-13.53255502721085 
-13.52506876534889 
-13.51517491244772 
-13.504377310247728 
-13.485588462048147 
-13.460858323920531 
-13.431421961288033 
-13.418536070133591 
-13.404691084718618 
-13.38744473560008 
-13.363217120391841 
-13.332381729520872 
-13.29421890252705 
-13.327830206134589 
-13.313023580408197 
-13.285974976750884 
-13.251553148668648 
-13.204209384002828 
-13.157024491402895 
-13.052123141498528 
-12.946546891329549 
-12.831911121862046 
-12.705004926843293 
-12.585736258175677 
-12.466406462468289 
-12.326518518109582 
-12.195800833098952 
-12.055153490899404 
-11.952639703084849 
-11.852292319879876 
-11.72848193674164 
-11.617204413132171 
-11.509292227235662 
-11.41090484035073 
-11.313944070299424 
-11.198817084999057 
-11.092948874846817 
-10.991291610448856 
-10.893529947564119 
-10.79794784831845 
-10.705087853251126 
-10.614838543393086 
-10.526948067013826 
-10.431083140264347 
-10.32417886909795 
-10.204655347916136 
-10.068405780346817 
-9.914286031632635 
-9.751328596247014 
-9.55679493410555 
-9.316572760348905 
-9.044191687601128 
-8.720187395044126 
-8.28606179405206 
-7.817403648760445 
-7.326982662270856 
-6.78542360534091 
-6.257664499148129 
-5.391493574353425 
-4.585081845112692 
-3.535770996356387 
-2.705502406892447 
-1.9877659007398756 
-1.334167912723145 
-0.8344496707581602 
-0.2841530614098876 
-0.15983053112351187 
-1.2653826515165247 
-1.1090863421317396 
-0.8781965281806008 
-0.7382582055922161 
-0.7875646164711998 
-0.9098701648033926 
-1.0488515236706908 
-1.1362715331897606 
-1.3312013006868522 
-1.6158312636897114 
-1.9583518307307632 
-2.316929251189675 
-2.70754664771282 
-3.1379367538067022 
-3.666585546189624 
-4.22937767923559 
-4.821612403751787 
-5.445252552430846 
-6.074248238156943 
-6.685605314064189 
-7.285886914917206 
-7.5548110663645485 
-7.82726271722629 
-8.003775463332985 
-8.017402479178456 
-8.069079716677939 
-8.157791987146293 
-8.272439860811026 
-8.34299553540732 
-8.389344249671552 
-8.404228369328166 
-8.373229461804407 
-8.303782538941682 
-8.233849519220799 
-8.117436916898932 
-7.955536069802505 
-7.749812986371904 
-7.519130771734169 
-7.332761593256599 
-7.266646825319919 
-7.283096825861036 
-7.374147373803249 
-7.518954914662432 
-7.656097093819379 
-7.753632421957973 
-7.809999757249367 
-7.79943383909829 
-7.759005979332196 
-7.698058974850634 
-7.645229209003398 
-7.601846968047461 
-7.569396244770417 
-7.550211692080842 
-7.545382357375246 
-7.550143806398669 
-7.567264112960229 
-7.593203564741033 
-7.612325615205504 
-7.6741536069434275 
-7.742358297141239 
-7.818223304882496 
-7.901290014581626 
-7.996001565873195 
-8.109239942799546 
-8.224218407421246 
-8.334331124219016 
-8.44628766460261 
-8.554630532833874 
-8.657390966662788 
-8.74706425671344 
-8.835145685709362 
-8.918696491807932 
-8.994832856190015 
-9.064773297200949 
-9.125637669257909 
-9.186451620324736 
-9.246262040471807 
-9.306155283601273 
-9.370242543460593 
-9.43314845236271 
-9.49724772790738 
-9.563791262053853 
-9.630768079019553 
-9.69848544402782 
-9.768289305455845 
-9.839155474708065 
-9.910745373525758 
-9.984502428174995 
-10.059886236789476 
-10.136616552149313 
-10.211047881130824 
-10.28699630168613 
-10.361351110629435 
-10.438565657969077 
-10.521837063060806 
-10.606664518804898 
-10.693436665607365 
-10.782349446325277 
-10.873754726639369 
-10.969498758323022 
-11.068910715254702 
-11.171267311691075 
-11.278286666915713 
-11.391255487575762 
-11.510889340985319 
-11.636951337656996 
-11.770607317054434 
-11.913272939103601 
-12.057639275483561 
-12.2161548306974 
-12.381179048973985 
-12.553943606463168 
-12.7315015116668 
-12.913883119902275 
-13.09738388388446 
-13.277276666819146 
-13.450847501952238 
-13.61567813970064 
-13.77132814686302 
-13.916406797214266 
-14.053642210713122 
-14.170089942003496 
-14.26865275603155 
-14.342698726598561 
-14.401494786805463 
-14.441704015909611 
-14.458843675024118 
-14.457151922037166 
-14.438708987683228 
-14.41571972295677 
-14.384999260525458 
-14.334687304247673 
-14.28424941487745 
-14.235239488136216 
-14.175913947220721 
-14.10415593705789 
-14.027853058995914 
-13.95047516250563 
-13.878350886819387 
-13.82016824657357 
-13.769603026566166 
-13.72362136215245 
-13.687355559966846 
-13.666600148680573 
-13.66683358422746 
-13.670975876257236 
-13.684180821155731 
-13.718601203913932 
-13.764476762368329 
-13.820681033865181 
-13.885547506845542 
-13.956999433453525 
-14.03300298203052 
-14.115709701191328 
-14.205666058035472 
-14.299538248539019 
-14.396587457670476 
-14.496109586758909 
-14.599033837534133 
-14.703758681009921 
-14.804618738395225 
-14.90656541984836 
-15.008923328703965 
-15.107132782496631 
-15.204926890867071 
-15.306900923271222 
-15.423046932632275 
-15.53884840507184 
-15.64697876836011 
-15.7532650371834 

 Time 
27654.537265062332 
