Energy 
 
-3.7139007149001446 
-9.921803599808719 
-11.854934273799943 
-12.761254453416313 
-13.229679432974123 
-13.422466308400448 
-13.532984874295671 
-13.566144437667742 
-13.590083098485955 
-13.611282765697194 
-13.6274398781513 
-13.630758564201663 
-13.635029887907862 
-13.63923858531934 
-13.643739639366636 
-13.648534809512242 
-13.652698943243802 
-13.657192269141913 
-13.6616476610738 
-13.666209396051205 
-13.671529561384354 
-13.677099180247211 
-13.682482807692246 
-13.687913220143226 
-13.693300666287772 
-13.69897991285924 
-13.704091849028956 
-13.708857764185268 
-13.71374829425391 
-13.718778252407308 
-13.723077073265289 
-13.727517084087545 
-13.731998778460525 
-13.736589150418345 
-13.741255922190767 
-13.746071225447654 
-13.750028490651403 
-13.75595258761819 
-13.760756375984794 
-13.765637227126723 
-13.770595745945277 
-13.775474958669465 
-13.788384162974339 
-13.800161926400559 
-13.808905857909968 
-13.818342205808637 
-13.825889561608776 
-13.834826210777306 
-13.844225622337452 
-13.853610829191332 
-13.863296486441513 
-13.872912581607547 
-13.882288471673027 
-13.893747939745737 
-13.905673796532694 
-13.915743234873691 
-13.926303914886912 
-13.936914053904932 
-13.948181988547237 
-13.958143818052932 
-13.968332913436658 
-13.977153991300728 
-13.985910342840658 
-13.995044312721232 
-14.006260067733157 
-14.028414090010639 
-14.039577751577133 
-14.050519826594346 
-14.060135323576148 
-14.069243083498158 
-14.080983456707115 
-14.126972757615793 
-14.142378338328314 
-14.156025287475558 
-14.165831845602614 
-14.17431083663098 
-14.180732051625458 
-14.189147082002538 
-14.20013981254003 
-14.215112307174168 
-14.223897682185427 
-14.2314386989029 
-14.238862637045182 
-14.245974921190914 
-14.252782084817277 
-14.259598320343022 
-14.264120744231871 
-14.268110071808378 
-14.27260045761632 
-14.276789842369583 
-14.280878911452888 
-14.284889461308484 
-14.288907860386912 
-14.29291185497107 
-14.30466911625653 
-14.325250864604026 
-14.34003039788977 
-14.353045003824288 
-14.359679175570395 
-14.365543833610044 
-14.371250929894709 
-14.374982669879481 
-14.378645847250192 
-14.382271862623707 
-14.38672209139133 
-14.3907018520457 
-14.39467065000395 
-14.398568170833617 
-14.402537997924828 
-14.410477940744101 
-14.417370646368033 
-14.424321152027781 
-14.431126997703553 
-14.437793731588716 
-14.444850039623084 
-14.45161966741847 
-14.457695752368473 
-14.463772784322403 
-14.469756030868137 
-14.475886562270105 
-14.482010197711377 
-14.487956540944058 
-14.49354039161613 
-14.499611762025605 
-14.510331244188155 
-14.518865497640025 
-14.526923487186313 
-14.53531411269066 
-14.541400452192914 
-14.547253423782657 
-14.552902350864503 
-14.558052766230393 
-14.563516648173454 
-14.57236932087589 
-14.580778054016985 
-14.590264878044092 
-14.600682692397264 
-14.609716203968055 
-14.616966689877236 
-14.623542964942729 
-14.632161303506745 
-14.641679065532227 
-14.652589307976587 
-14.664012920690425 
-14.67149495183004 
-14.680804512300048 
-14.68858930408486 
-14.694955880655648 
-14.700623413637103 
-14.707102552999881 
-14.714817086522036 
-14.722187683080673 
-14.729354154391963 
-14.736035960167804 
-14.742769689443705 
-14.749080602680575 
-14.755261970219426 
-14.761160744377204 
-14.767073476341743 
-14.773104370212257 
-14.779709094258706 
-14.786488560575453 
-14.793250844902477 
-14.798944498756885 
-14.804497103819237 
-14.809988022406436 
-14.814871885189334 
-14.819159640580384 
-14.823418482814104 
-14.827651812494187 
-14.831621933950414 
-14.835519790505415 
-14.839325169579404 
-14.842791823833128 
-14.846436020078798 
-14.849825276439848 
-14.85289678766439 
-14.855741880178643 
-14.858568442354912 
-14.861248919659765 
-14.863878022033338 
-14.866330792837353 
-14.868776654912045 
-14.871359520888554 
-14.873918735567607 
-14.876481776942677 
-14.879090355982168 
-14.88168833559082 
-14.884311956985414 
-14.88689242985841 
-14.889460447692384 
-14.891999691006163 
-14.894430774596707 
-14.896858948230452 
-14.899286136837826 
-14.901693998818672 
-14.90410666152154 
-14.906942867770159 
-14.909838999766624 
-14.912707309322236 
-14.915561561327937 
-14.918447982809482 
-14.920912646942899 
-14.923364589172385 
-14.925719642431417 
-14.92805130255258 
-14.93037847566103 
-14.932614136215115 
-14.934814938089815 
-14.936980187237017 
-14.939153102010101 
-14.941313445510183 
-14.943535727786113 
-14.94574647204027 
-14.948037713469343 
-14.950354255403948 
-14.952693717656938 
-14.955011697333411 
-14.957311048276893 
-14.95959063426166 
-14.961834878545996 
-14.964057028252341 
-14.966260818640679 
-14.968582807541276 
-14.970859190661717 
-14.973108087438554 
-14.975380868548513 
-14.977990923961631 
-14.980544833410047 
-14.982981280373501 
-14.985361384790746 
-14.987626721531168 
-14.989907081799187 
-14.992175696453486 
-14.994431261253354 
-14.996631028099308 
-14.998822479726853 
-15.001035138393451 
-15.003212814848036 
-15.00539104965804 
-15.007548794445785 
-15.009706262304771 
-15.011847665577573 
-15.013974833637247 
-15.016131564428637 
-15.018258503480386 
-15.020301041805102 
-15.022346255593142 
-15.024389362466337 
-15.026428474328442 
-15.028444840248774 
-15.030391271555114 
-15.032329664309648 
-15.034216056937506 
-15.036092265213473 
-15.037958023667507 
-15.039813862683136 
-15.041647854199889 
-15.043505893332842 
-15.045363864745793 
-15.047214058146455 
-15.049054325599691 
-15.050913939630075 
-15.052785095931853 
-15.054626687572172 
-15.056448184600239 
-15.05823750338119 
-15.060013633712124 
-15.061749289993699 
-15.063471072945637 
-15.065177152303551 
-15.06687631352872 
-15.068560567323175 
-15.070242003248614 
-15.07191729872724 
-15.073602111478486 
-15.0752553442595 
-15.076901903914045 
-15.078541371645226 
-15.080196237246327 
-15.08184347122919 
-15.083485247275432 
-15.085095715910928 
-15.086698672816773 
-15.08830992379914 
-15.089911199297331 
-15.091507937388922 
-15.093099183407286 
-15.094683571001458 
-15.096257372993025 
-15.097850818801042 
-15.09948907446561 
-15.101150645908163 
-15.102803939071201 
-15.10444878514513 
-15.106084346833494 
-15.107700400441466 
-15.10925481621322 
-15.110800923151093 
-15.112350336665035 
-15.1138855232828 
-15.1154122607905 
-15.116932496365902 
-15.118446399552145 
-15.119966561991149 
-15.121486543040064 
-15.123002780144523 
-15.124512184388315 
-15.12601784116234 
-15.127518034060934 
-15.128992803791439 
-15.130464266354268 
-15.131917821033227 
-15.133361052956767 
-15.134797753486755 
-15.136221923684788 
-15.137654789059438 
-15.139079935633276 
-15.140525787735509 
-15.141966846199349 
-15.143353973529996 
-15.144740107785186 
-15.146111550674064 
-15.14749256053796 
-15.148868831282277 
-15.150226045594437 
-15.151577603732475 
-15.152927085913436 
-15.15426842412465 
-15.155607052223955 
-15.15692987974526 
-15.158233240106266 
-15.159518763544524 
-15.160804371223662 
-15.16209191887342 
-15.163362952555627 
-15.164623128870334 
-15.165893880732783 
-15.167155052388436 
-15.168411846521646 
-15.16967339594046 
-15.170923429546916 
-15.172170050384004 
-15.173375028585646 
-15.174567829402193 
-15.175748797480464 
-15.176932472262813 
-15.17810800572322 
-15.179260469188346 
-15.18040934822103 
-15.181555705729474 
-15.182698759181026 
-15.183826920613924 
-15.184951480285122 
-15.186072623726462 
-15.187202323682435 
-15.188333641928905 
-15.189462258290481 
-15.19059198746377 
-15.191723383237932 
-15.192850003546507 
-15.193977086407262 
-15.195100941733642 
-15.196221937097777 
-15.197339856631178 
-15.198454804161198 
-15.19956577030181 
-15.200663667093064 
-15.201757901594297 
-15.202848733224222 
-15.203937861642665 
-15.205019596153253 
-15.206097704708359 
-15.207173172847858 
-15.208246230101679 
-15.209318704376042 
-15.210402480495963 
-15.211481324379614 
-15.212557855164494 
-15.213625346287454 
-15.21469219828281 
-15.21575987604238 
-15.216826022838347 
-15.21788701847925 
-15.218946601016896 
-15.220003644222992 
-15.22103954752753 
-15.222073705240483 
-15.223107123675677 
-15.22413721983137 
-15.225165290346764 
-15.22618564329467 
-15.227203836423334 
-15.228213261440283 
-15.229222988684352 
-15.23023431508462 
-15.231216214725519 
-15.232197014460395 
-15.233176133651172 
-15.23416070200509 
-15.235143640848598 
-15.236126770862768 
-15.23709362658477 
-15.238058492722189 
-15.239012258718029 
-15.239966429712101 
-15.240918975935276 
-15.241870025392739 
-15.24281854744544 
-15.243762998508444 
-15.24470685023682 
-15.24564908958276 
-15.246591260449597 
-15.247532196707068 
-15.248473410153697 
-15.24944513361803 
-15.250405217971064 
-15.251364274799224 
-15.252321021369996 
-15.253275998467652 
-15.254228900546812 
-15.25516617366163 
-15.256101308450887 
-15.257030473769852 
-15.25795757997602 
-15.258883073262215 
-15.259807622518515 
-15.260718070622719 
-15.261621910649245 
-15.262530990576012 
-15.263439903258483 
-15.264348102434164 
-15.265247551689749 
-15.266145030006069 
-15.267040584996892 
-15.26793466169051 
-15.26881270130861 
-15.269689108351086 
-15.270561557663576 
-15.271430089229904 
-15.27229705828952 
-15.27316271625396 
-15.274026973966738 
-15.274887266879684 
-15.275751711977463 
-15.276609828259286 
-15.277461741871276 
-15.278314289122033 
-15.279166850154805 
-15.280018594175788 
-15.280869125731064 
-15.281718649439338 
-15.282567024677883 
-15.283399982574613 
-15.284230909799113 
-15.28506141686731 
-15.285889676808202 
-15.286715828647308 
-15.287539286206277 
-15.288361488563005 
-15.289182690032721 
-15.289998280861964 
-15.290813020345794 
-15.29162598857622 
-15.29243642510203 
-15.293244859018419 
-15.29405280835654 
-15.294861356535023 
-15.295671087516741 
-15.29647969085115 
-15.297287214445854 
-15.298092987412836 
-15.298892979245108 
-15.299686915104704 
-15.300479751342735 
-15.30127079870366 
-15.302062784339713 
-15.302857753738529 
-15.303649009403234 
-15.304439350018187 
-15.305229973151537 
-15.306015176446184 
-15.306792239572484 
-15.307568009345625 
-15.30834217262296 
-15.30911464386931 
-15.30988980904176 
-15.31066238729765 
-15.311433968215109 
-15.312206948167063 
-15.312978595783493 
-15.313746220441846 
-15.314513703191073 
-15.315279913644746 
-15.316045005689597 
-15.316791549217774 
-15.317538192022813 
-15.318284758019702 
-15.319024076048194 
-15.319762172631783 

 Time 
4926.014819860458 
