Energy 
 
0.6479341368878508 
-1.3112784109931364 
-0.9391755839575969 
-1.4775539751041649 
-2.027179851617665 
-3.14651834322804 
-3.909771322111345 
-4.357723303634279 
-4.607800003050878 
-4.790272592685656 
-4.968810149254422 
-5.10618403655277 
-5.694225092864656 
-5.964854845349642 
-6.105380039038358 
-6.203953468085061 
-6.2434379898890064 
-6.253695155822907 
-6.266925497516563 
-6.272360604991839 
-6.276928960851998 
-6.280764509260181 
-6.2854101508040845 
-6.289020612192498 
-6.292455426304089 
-6.295684352977955 
-6.2962447735947595 
-6.300845884277116 
-6.303970486410156 
-6.306721168216443 
-6.309057338118871 
-6.311092485246773 
-6.3129106869614455 
-6.314541551058808 
-6.316031265326378 
-6.317259068005109 
-6.318397780668745 
-6.319369258639934 
-6.320214330081228 
-6.3209309230869986 
-6.321576015212973 
-6.322144340413271 
-6.3226540847540225 
-6.323095805159586 
-6.323483464142148 
-6.323830489661085 
-6.324138380923078 
-6.3243882225623995 
-6.324614817260199 
-6.324821914218988 
-6.325001807887103 
-6.325165582099781 
-6.32531435025231 
-6.32545017483117 
-6.325573023658542 
-6.325688857874026 
-6.325792060576074 
-6.325883961782695 
-6.32596774539363 
-6.326044330834205 
-6.326116577944986 
-6.326182385306176 
-6.3262420434915 
-6.326297446267246 
-6.326348985641225 
-6.326394157667211 
-6.326436293502746 
-6.326475313684097 
-6.326511889399816 
-6.326546272191086 
-6.32657915198436 
-6.3266093228467 
-6.326637494319178 
-6.326664068357632 
-6.326689047539196 
-6.326713092920059 
-6.3267353971668046 
-6.32675511711936 
-6.326773733195486 
-6.326791521108372 
-6.3268084413872625 
-6.326824820854901 
-6.32684025091567 
-6.326854748137549 
-6.3268693409485435 
-6.326883033657765 
-6.326895814661575 
-6.326907921530106 
-6.3269193778333 
-6.326930175216791 
-6.326940218486563 
-6.326949676925756 
-6.32695787219104 
-6.3269656609502425 
-6.326973075791844 
-6.326980165953464 
-6.326986934212502 
-6.32699339896012 
-6.326999094954509 
-6.3270044501950045 
-6.327009586375731 
-6.327014508648375 
-6.327019207725593 
-6.327023759448054 
-6.327028132405353 
-6.327032341622495 
-6.3270363904012346 
-6.327040286647539 
-6.327044026399889 
-6.327047615584052 
-6.327051045387421 
-6.327054315731308 
-6.327057379361385 
-6.327060411678071 
-6.327063316476913 
-6.327066063560221 
-6.327068693011286 
-6.327071177984161 
-6.327073566871204 
-6.327075833605289 
-6.327078000378848 
-6.327080067460983 
-6.327082022061713 
-6.327083847912614 
-6.327085564212947 
-6.327087179077095 
-6.327088712741854 
-6.327090170230516 
-6.32709156995007 
-6.327092928247399 
-6.327094221953313 
-6.32709549212087 
-6.3270967092692 
-6.327097879894317 
-6.327099021611169 
-6.327100112823843 
-6.32710116092013 
-6.327102180954398 
-6.32710316238604 
-6.327104102081945 
-6.327104954454535 
-6.327105775614051 
-6.327106567588086 
-6.327107318719491 
-6.327108040349342 
-6.327108736877034 
-6.327109405985231 
-6.327110053822964 
-6.327110677251961 
-6.327111278140548 
-6.327111861556121 
-6.32711242325475 
-6.327112966623763 
-6.327113492785446 
-6.3271140021129915 
-6.3271144911012165 
-6.327114962891741 
-6.327115418253552 
-6.327115856601514 
-6.327116279848928 
-6.327116690385642 
-6.327117088030783 
-6.32711747332108 
-6.327117846607447 
-6.327118207272092 
-6.327118542698759 
-6.327118868222705 
-6.327119183904647 
-6.327119478717902 
-6.327119764131336 
-6.327120042020061 
-6.327120312372276 
-6.32712057198029 
-6.327120825311406 
-6.3271210737402 
-6.327121315878147 
-6.327121549543175 
-6.327121774641611 
-6.327121990498636 
-6.3271222019708935 
-6.327122410736901 
-6.327122611356395 
-6.327122806618208 
-6.32712299726409 
-6.32712317879904 
-6.32712335434532 
-6.3271235386027875 
-6.327123714946885 
-6.32712388602879 
-6.327124054389648 
-6.327124219564763 
-6.327124379187889 
-6.327124528867907 
-6.327124675529036 
-6.327124819447503 
-6.327124960773663 
-6.327125102037364 
-6.3271252410153265 
-6.327125380382526 
-6.327125511589479 
-6.327125640950136 
-6.327125768439138 
-6.327125892577073 
-6.3271260147191315 
-6.3271261349218815 
-6.327126253514905 
-6.327126370298466 
-6.3271264846066 
-6.327126597212542 
-6.327126708249816 
-6.327126817786881 
-6.327126926292585 
-6.327127033372955 
-6.327127139054191 
-6.327127243382858 
-6.327127346340483 
-6.327127448066275 
-6.327127548602402 
-6.327127647891131 
-6.327127745791577 
-6.327127842584803 
-6.327127938293906 
-6.327128032737627 
-6.327128126144054 
-6.327128218211405 
-6.327128309497131 
-6.327128400435573 
-6.327128490277943 
-6.327128579228519 
-6.327128667341125 
-6.3271287546218655 
-6.327128841084416 
-6.32712892697777 
-6.3271290114925165 
-6.327129095203816 
-6.327129178283144 
-6.327129260941326 
-6.327129343089351 
-6.32712942440093 
-6.327129505266241 
-6.32712958534682 
-6.327129668953727 
-6.327129751760296 
-6.327129833933265 
-6.327129915429615 
-6.327129996312941 
-6.327130076888099 
-6.3271301570608705 
-6.327130236785907 
-6.327130315896859 
-6.327130394410768 
-6.327130472401378 
-6.327130550060986 
-6.327130628490654 
-6.327130706191364 
-6.327130783243351 
-6.327130859391239 
-6.327130934969031 
-6.327131010091785 
-6.327131085267249 
-6.327131160129723 
-6.32713123455895 
-6.327131308990345 
-6.327131380703756 
-6.327131452837932 
-6.3271315264380625 
-6.327131599656512 
-6.327131672474973 
-6.327131744764399 
-6.327131816729293 
-6.32713188835384 
-6.327131959809865 
-6.327132031368853 
-6.32713210276011 
-6.327132173698409 
-6.327132244328224 
-6.327132314534297 
-6.3271323844212795 
-6.327132453696687 
-6.3271325226796415 
-6.327132591636143 
-6.327132660714658 
-6.327132727756201 
-6.327132794245771 
-6.3271328601588355 
-6.327132925805102 
-6.327132992215633 
-6.327133058125714 
-6.32713312377707 
-6.327133191648067 
-6.327133258665751 
-6.327133325365394 
-6.327133392659993 
-6.327133459654565 
-6.327133526372202 
-6.327133592719708 
-6.327133658642257 
-6.327133726177214 
-6.327133793417234 
-6.3271338606150795 
-6.327133927578345 
-6.32713399417505 
-6.327134060318357 
-6.327134126210245 
-6.327134188900089 
-6.327134251628212 
-6.327134314062024 
-6.327134376279016 
-6.3271344382542685 
-6.3271345030536565 
-6.327134568238483 
-6.327134633120992 
-6.32713469759466 
-6.327134761804258 
-6.32713482553099 
-6.327134889066456 
-6.3271349522868965 
-6.32713501514734 
-6.327135076832823 
-6.3271351382344045 
-6.327135199369019 
-6.327135260378928 
-6.327135321133144 
-6.32713538174603 
-6.3271354425981805 
-6.327135503211888 
-6.327135563643115 
-6.327135623792762 
-6.3271356831847765 
-6.327135743148523 
-6.3271358031274785 
-6.327135862850364 
-6.327135922255751 
-6.327135981435338 
-6.32713604057531 
-6.327136099722098 
-6.327136158563733 
-6.327136216862145 
-6.327136274065177 
-6.32713633126497 
-6.327136386990203 
-6.327136442541247 
-6.327136497798821 
-6.32713655285754 
-6.327136607569943 
-6.327136662101543 
-6.327136716667319 
-6.3271367710737 
-6.327136825439666 
-6.327136879602694 
-6.327136932492663 
-6.327136985426264 
-6.327137038265916 
-6.327137091016568 
-6.327137143584959 
-6.3271371970900665 
-6.327137250486577 
-6.327137303768517 
-6.327137356846069 
-6.327137409728327 
-6.327137462602803 
-6.3271375153194 
-6.327137567890285 
-6.327137620241571 
-6.327137672472057 
-6.327137724716968 
-6.327137776775144 
-6.327137828672236 
-6.327137880439942 
-6.327137931919174 
-6.327137983206953 
-6.327138034360617 
-6.327138085397663 
-6.327138136209866 
-6.327138186831483 
-6.327138237343089 
-6.327138287729427 
-6.327138338133436 
-6.327138388360588 
-6.327138438555967 
-6.327138488535971 
-6.327138538362571 
-6.327138587996004 
-6.327138637585119 
-6.3271386869241715 
-6.327138736083629 
-6.32713878505191 
-6.327138833747215 
-6.3271388822019725 
-6.32713893052138 
-6.327138978702381 
-6.32713902667296 
-6.327139074624489 
-6.327139122462073 
-6.327139170095316 
-6.327139217782867 
-6.327139265638218 
-6.3271393134025695 
-6.327139361095158 
-6.327139408577375 
-6.327139457045976 
-6.327139505317138 
-6.327139553395895 
-6.3271396013134815 
-6.327139648442729 
-6.3271396954494055 
-6.327139742221585 
-6.327139788859241 
-6.327139835225734 
-6.327139882496691 
-6.327139929628679 
-6.327139976590125 
-6.327140023436339 
-6.327140070176588 
-6.327140116779382 
-6.327140163362458 
-6.327140209742501 
-6.327140255953575 
-6.327140301998487 
-6.327140347898465 
-6.3271403937202875 
-6.327140439434974 
-6.327140485022053 
-6.327140530627957 
-6.3271405761247 
-6.327140621562375 
-6.327140666948662 
-6.32714071214201 
-6.327140757310285 
-6.32714080182313 
-6.327140846289634 
-6.32714089069143 
-6.32714093501356 
-6.327140979222139 
-6.327141023309601 
-6.327141067424125 
-6.32714111143978 
-6.327141155277068 
-6.32714119903169 
-6.327141242721609 
-6.3271412860774285 
-6.32714132929713 
-6.327141372212061 
-6.327141414714323 
-6.3271414572172455 
-6.327141499726375 
-6.327141542093173 
-6.327141585075491 
-6.327141628095577 
-6.327141670906705 
-6.327141713724321 
-6.327141756366128 
-6.327141798919351 
-6.327141841125475 
-6.327141883699031 
-6.327141926183376 
-6.327141968552201 
-6.327142010779269 
-6.327142052016698 
-6.327142093159504 
-6.327142134210867 
-6.327142175155753 
-6.327142215906966 
-6.327142256555252 
-6.327142297113181 
-6.327142337589135 
-6.327142378006556 
-6.3271424192037635 
-6.3271424602262405 
-6.327142501182964 
-6.327142541708488 
-6.327142581936892 
-6.327142622414758 
-6.327142662801267 
-6.327142703121132 
-6.327142742921408 
-6.327142782677563 
-6.327142822347628 
-6.327142862465592 
-6.32714290241153 
-6.327142942241895 
-6.327142981962573 
-6.327143021583414 
-6.327143061266166 
-6.327143100842554 
-6.327143140347875 
-6.327143179806946 
-6.327143219155864 
-6.3271432584568315 
-6.327143297604098 
-6.327143336714141 
-6.327143375751556 
-6.3271434146701075 
-6.327143453207633 
-6.327143491538793 
-6.3271435296462455 
-6.32714356772018 
-6.327143605709884 
-6.327143643620882 
-6.3271436814680175 

 Time 
9912.702353715897 
