Energy 
 
-3.9359959197678958 
-4.932252408642465 
-6.175430603074679 
-6.05286028566425 
-5.3137551086457595 
-5.61999461804008 
-5.690205728193549 
-5.724118210571573 
-7.243464233221548 
-6.269830538121003 
-6.515597337666646 
-7.119299140901902 
-7.946040186868368 
-7.954745864441684 
-8.971225313366977 
-7.835926949109134 
-7.689289349206137 
-7.509948289110744 
-7.701173591628491 
-7.319861842791627 
-7.410897535929842 
-8.126023214293125 
-8.244164482603507 
-7.624970917860719 
-7.888352945727919 
-7.86640107432874 
-8.401366860488137 
-8.427412658698671 
-8.589136321455966 
-8.927654209693431 
-9.075841243238436 
-9.016228670427878 
-9.185527028485293 
-8.785930509313246 
-8.648761707019117 
-8.544013925897552 
-8.502309918049377 
-8.377617815260095 
-8.285737728313027 
-8.198781016427922 
-7.981492915849577 
-8.689471534522866 
-8.709374832000943 
-8.694595222961722 
-10.215134231678332 
-10.342434714578582 
-9.906388412389557 
-9.685009807425857 
-9.13842418539695 
-9.907170085399384 
-9.385225355948824 
-9.204333245368243 
-8.97547851451473 
-9.131722596729473 
-8.603039532236723 
-8.701281147471091 
-8.658383310381742 
-9.548214860699536 
-9.554280027098972 
-8.939379958912129 
-9.045234583619587 
-8.892647093473755 
-8.797980815704713 
-9.13434753812304 
-9.440087585505992 
-9.069769724939878 
-9.086549180907202 
-9.186867325007967 
-10.128352506444012 
-9.6876527496989 
-9.655274736694665 
-9.488175284659423 
-10.683196825140868 
-10.518732293447025 
-9.992919644045877 
-9.125466710401327 
-10.022652445334991 
-10.325055532925687 
-10.20888842703961 
-10.553632272092676 
-10.592422206281856 
-10.511670201461497 
-10.298747331262817 
-10.25314216277611 
-10.170011129224688 
-9.892865336818682 
-9.896906488287327 
-9.879322968326694 
-9.577951723035111 
-9.320610681181865 
-9.09917754891338 
-9.394858902541428 
-9.334578308417415 
-9.361075004717918 
-9.163373152354334 
-9.130876334271028 
-9.067698265919784 
-9.135155506735284 
-9.066612039938109 
-9.17249266758385 
-9.148985689242014 
-9.093821877769063 
-9.085050606826028 
-9.083620263790756 
-9.07597207490139 
-9.208415422816495 
-9.114559991165063 
-9.11737621194465 
-9.151238554248339 
-9.13348039941244 
-9.189796679912778 
-9.375738733758924 
-9.91547626427642 
-9.976543531495404 
-10.168852102470831 
-10.021683531911647 
-10.13549132174852 
-10.000261942909857 
-10.004594761208827 
-10.126606750284196 
-10.199693476797515 
-10.460503824997712 
-10.523859543245484 
-10.89660942117322 
-10.794705811533854 
-10.765536192476633 
-11.15063972606058 
-10.98349125023713 
-10.976143449930284 
-10.888178056643165 
-10.921376023313702 
-10.956441109320098 
-11.103010281133749 
-11.037072171099883 
-10.962602034363192 
-11.00862738494894 
-11.115741341548501 
-11.021479390590224 
-11.044433111312477 
-11.019759479437752 
-11.014516570857962 
-11.028424971742922 
-11.049663062885504 
-11.171408195983023 
-11.117810912514688 
-11.227183891634125 
-11.255414173338053 
-11.12776551959528 
-11.157210565109583 
-11.152600174340499 
-11.159792767801232 
-11.09004723545116 
-11.0513402543654 
-11.06797767926626 
-11.076954286413553 
-11.040693802990317 
-11.087383725314321 
-11.080500501923256 
-11.05961563247629 
-11.168369893579603 
-11.09365450620507 
-11.133052082803733 
-11.40607797901297 
-12.419440590883363 
-12.379256481655617 
-12.377424702491153 
-12.143232307310283 
-14.509762319812479 
-13.038852387480228 
-12.064710307379162 
-12.03666872360295 
-11.902178838222378 
-11.84577549672481 
-13.595381346063334 
-13.60976476214545 
-13.286019479680466 
-13.247963687794586 
-12.607626836073967 
-12.801386097652921 
-12.752856955121391 
-12.576322568222333 
-12.482681335481107 
-12.505347223387723 
-12.516202543223162 
-12.34449552720586 
-12.611710265644673 
-12.514184374976047 
-12.577668571607914 
-12.603160803917541 
-12.515075898178791 
-12.448527045932472 
-12.444418497671471 
-12.46223867899488 
-12.44096908983865 
-12.47304727224526 
-12.472470899673038 
-12.499073816299324 
-12.528027844990323 
-12.474958999487948 
-12.465847331273327 
-12.59549610315061 
-12.683703417520437 
-12.584200089301522 
-12.850839282307893 
-12.903694951269005 
-12.72239128154253 
-12.606354206587024 
-13.3005726053111 
-13.329723801642828 
-13.250523789720376 
-13.279703050182041 
-13.363506005390342 
-13.37148205922913 
-13.344705591468546 
-13.690031343103508 
-13.63728501819097 
-13.544022387707505 
-13.401980798023297 
-13.417016056057887 
-13.355331199096351 
-14.38247683704482 
-14.021018100537802 
-13.268446521016234 
-13.464859415989348 
-13.514214846603403 
-12.872518743842216 
-12.869613571299134 
-12.85141741570502 
-13.282559843074552 
-13.34055218821781 
-13.10331667059314 
-13.180593103555807 
-13.213646661121388 
-13.193491721335043 
-13.12128682234512 
-13.149877938885487 
-13.243638239558155 
-13.25066116180295 
-13.315615147207577 
-13.230339249673797 
-13.179455468248415 
-13.153359840248049 
-13.113305248117191 
-13.234409604005682 
-13.283629818219797 
-13.27265222964582 
-13.367072166811038 
-13.209040592213713 
-13.21161427108127 
-13.38350053173838 
-13.384547220030605 
-13.378526298849875 
-13.283040168469945 
-13.466497700903048 
-13.543707230463449 
-13.503901333864087 
-13.517545518206646 
-13.429193075120944 
-13.404063901505241 
-13.40981582522733 
-13.69183508297673 
-13.611015767074624 
-13.97483125150875 
-14.235954124041927 
-14.428721163974629 
-14.111782791464911 
-14.210189641438413 
-14.112893722916072 
-14.01815312493133 
-14.271400586079755 
-14.463669340255326 
-14.31725036688844 
-14.41684143193459 
-14.462848413220879 
-14.420764572359193 
-14.44915400577307 
-14.471174502486873 
-14.427400130727753 
-14.43011548569816 
-14.472453538264709 
-14.475934422530353 
-14.483338876070903 
-14.490453743334857 
-14.496215320036962 
-14.515346384181088 
-14.536806272303341 
-14.550628857697443 
-14.540305678048327 
-14.539329658590471 
-14.525314531128384 
-14.521919917142334 
-14.546572119974371 
-14.549779522900247 
-14.540949536774358 
-14.601705146619121 
-14.69666871898559 
-14.648960645624825 
-14.598142967617315 
-14.516767235632697 
-14.525913610223704 
-14.475566686175505 
-14.408074978043025 
-14.398910418575452 
-14.348199284223053 
-14.32277349077925 
-14.308405870593923 
-14.230466019179538 
-14.23824117398351 
-14.288778843477564 
-14.291600112129554 
-14.290382951463265 
-14.454007246944245 
-14.354757580221566 
-14.389283868257932 
-14.451563700141584 
-14.45318566037165 
-14.40255335495128 
-14.493851142481073 
-14.457908175440748 
-14.411740422529856 
-14.414061366366326 
-14.465374814076961 
-14.48355726922344 
-14.465916729431225 
-14.483211677626993 
-14.578298913216699 
-14.59604784002816 
-14.53944169116578 
-14.45057441135316 
-14.433302150634386 
-14.57043313049504 
-14.511261154575926 
-14.562827283166836 
-14.589206567550802 
-14.69590400979322 
-14.641144326015432 
-14.556105800466742 
-15.444938339502254 
-15.41793064099964 
-15.360335539929777 
-14.735173807450739 
-14.395400099345832 
-14.297340933810439 
-13.42854537290662 
-13.45662682132264 
-13.857086718524878 
-13.826091176234105 
-13.29566191466693 
-13.184407379367142 
-13.099351379272846 
-13.086069514186459 
-12.78828067997461 
-12.754710489751998 
-12.762700190866337 
-12.73994721969381 
-12.667516401268458 
-12.63624060442978 
-12.627165346354303 
-12.632416902381149 
-12.581966233836281 
-12.68190548571656 
-12.766002238808984 
-12.72019787528007 
-12.64147729594402 
-13.312774790752359 
-13.280877918650265 
-12.86545658302808 
-12.557623462557357 
-13.337103211842196 
-13.412732708166912 
-12.778163203562206 
-12.35958594403688 
-12.30443241362714 
-12.561568763130442 
-12.389662518933754 
-12.793689893861178 
-12.816334962275345 
-12.976838595947408 
-13.012166663972252 
-12.992080006408328 
-13.193854294671164 
-13.341040990175287 
-13.378534685423872 
-13.441739761377997 
-13.354463825897938 
-13.353234103551728 
-13.53164842042939 
-13.71628179039438 
-13.740107893432526 
-13.727188821517931 
-14.269649269764535 
-14.323995304672028 
-14.11551187237482 
-14.107232291175082 
-14.110605767686744 
-14.109311574935832 
-14.107386705502268 
-14.123410993388882 
-14.134111511480144 
-14.113980566571467 
-14.19884185147165 
-14.235806322947683 
-14.21534383024503 
-14.223694721067504 
-14.204799967587686 
-14.206667756707592 
-14.213101189891795 
-14.219753006168546 
-14.316116351486428 
-14.267408201862413 
-14.3032215729329 
-14.277647603457876 
-14.271262440342847 
-14.413203221487134 
-14.384109610699952 
-14.36002022670513 
-14.54297098273349 
-14.498212292678343 
-14.493102837424097 
-14.427930998340337 
-14.493745482360353 
-14.454526228153775 
-14.466789729643933 
-14.433905255199491 
-14.405375493559655 
-14.403735816105549 
-14.447174262951522 
-14.515868111366114 
-14.681032160280104 
-14.509376121617114 
-14.563628953426045 
-14.528074624255455 
-14.442032414969358 
-14.434473884758255 
-14.482048889981066 
-14.453643632614556 
-14.446591645128043 
-14.433038989500641 
-14.524265626049464 
-14.69138178015741 
-14.696630975442261 
-14.742128189943658 
-14.804504751244098 
-14.718847953363651 
-14.769631595311475 
-14.771954689773567 
-14.80537700873096 
-14.783623494956588 
-14.801209653996263 
-14.821901552245798 
-15.675130028518483 
-15.699365226298752 
-15.810074511061838 
-16.012150019170363 
-15.988993112921152 
-15.811649888637868 
-15.668409204786883 
-15.508570663218167 
-15.588854014706007 
-15.248351740556718 
-15.247154763714871 
-15.028788145965477 
-14.973867206756145 
-14.743466956583703 
-14.516857448214825 
-14.411515225463791 
-14.371693554503354 
-14.295090475748967 
-14.488048502348372 
-14.639172384751848 
-14.62433650061754 
-14.7494367154768 
-14.71099490690771 
-14.55854806247479 
-14.472627344419436 
-14.519854987043605 
-14.536042705829312 
-14.44987698266922 
-14.478367130847893 
-14.691860223006707 
-14.605580467303078 
-14.541136841480832 
-14.531562115175527 
-14.572176721099044 
-14.597334068874979 
-14.669740364233526 
-14.580676763163352 
-14.516677755572768 
-14.50208159257406 
-14.413982991892704 
-14.397566137643018 
-14.802283915881503 
-15.3104606350954 
-15.483665798374854 
-14.88753481140097 
-14.512165939944364 
-13.894695418356985 
-13.939447021424163 
-14.52888694537706 
-13.797351771954201 

 Time 
69158.66617584229 
