Energy 
 
-0.5876987239232458 
-1.4656958979510581 
-1.4445945210352416 
-2.8018679447709527 
-1.8046536301935103 
-2.3736089643987386 
-2.627101570454297 
-2.7921000099229323 
-2.984410061793134 
-3.279098485298504 
-3.5231671199302235 
-3.766837454098769 
-3.9416455137689472 
-4.411374230923494 
-4.68112819339604 
-4.9783620940530176 
-5.268431332991517 
-5.537079848532402 
-5.770148083265554 
-6.000864579425945 
-6.311507066388645 
-6.157416789597672 
-5.873294742702454 
-6.912545503917833 
-7.2918238183352075 
-7.550865289309004 
-7.78533115618975 
-8.009997396653663 
-8.231502244871301 
-8.439848608275396 
-8.662976244869515 
-8.872971891248328 
-9.06168685314425 
-9.228830691891563 
-9.339272401050389 
-9.481707745875157 
-9.594805637951808 
-9.684520374735696 
-9.763500873202032 
-9.832492204296358 
-9.892658981015991 
-9.944691288149759 
-9.768203768520454 
-9.95313613848712 
-10.058879600903783 
-10.094085560040849 
-10.122477687618819 
-10.147136272539713 
-10.169056441594362 
-10.188229849564394 
-10.205654239076067 
-10.21756511978353 
-10.235320951482379 
-10.247530453203328 
-10.258327488309064 
-10.270068761988524 
-10.281909463913632 
-10.296185334479599 
-10.306545137153666 
-10.315987065228219 
-10.324926086114772 
-10.333463297160367 
-10.341592121662469 
-10.349228058793457 
-10.356279316228733 
-10.363137428004782 
-10.369674189806066 
-10.375934244177225 
-10.382457724948692 
-10.388577097045145 
-10.394349649304958 
-10.39971849525067 
-10.404859019561169 
-10.410356596223105 
-10.415391016226362 
-10.420123870702318 
-10.424627605862613 
-10.42849776645882 
-10.432184685593649 
-10.435611499370875 
-10.439025486824642 
-10.442088666726296 
-10.444996012315407 
-10.447758631832455 
-10.450403559931857 
-10.45290658149094 
-10.455307613481203 
-10.45771794801423 
-10.459891942149792 
-10.462031118088543 
-10.464025701287795 
-10.46583498930955 
-10.467547433933877 
-10.469191519743324 
-10.47073239372479 
-10.472207620500368 
-10.473619108874281 
-10.474941536593098 
-10.476195560825893 
-10.477379696608203 
-10.478528180428162 
-10.479625992626762 
-10.480656487998115 
-10.48161661635227 
-10.482563189065589 
-10.4835317674133 
-10.484457493120097 
-10.485307496560845 
-10.486036739967592 
-10.486718407487768 
-10.487379013931273 
-10.488024433716204 
-10.488723880556218 
-10.489397321945331 
-10.490132886462467 
-10.49078237119608 
-10.491382334660088 
-10.491944722840302 
-10.492475001780804 
-10.492975197520185 
-10.493445264068068 
-10.493885666269072 
-10.494211461128044 
-10.49316708507948 
-10.495134296376042 
-10.495509488552273 
-10.49583193202008 
-10.496124245563223 
-10.496398050046407 
-10.496651620199454 
-10.49689662751469 
-10.497132046433522 
-10.497356234058975 
-10.497581502601426 
-10.497796262253646 
-10.497986565929754 
-10.49816058751027 
-10.498322324521553 
-10.498468601874412 
-10.498608536213975 
-10.498740728899683 
-10.498867148382503 
-10.498988717108276 
-10.499105648026774 
-10.499217762842047 
-10.499324360729208 
-10.4994243057235 
-10.499520845628808 
-10.49961367653227 
-10.499702062839326 
-10.499786555929095 
-10.499867879563613 
-10.49994601483726 
-10.50002118810306 
-10.500093469630032 
-10.500163171794837 
-10.500231630048962 
-10.500297267002665 
-10.500360652002874 
-10.500422496489344 
-10.500481589999582 
-10.500538230702253 
-10.5005941954888 
-10.500647908761076 
-10.500697258804783 
-10.50074451610403 
-10.500791204678038 
-10.50083625662724 
-10.50087951501009 
-10.50092116395261 
-10.500961369815867 
-10.500999496850477 
-10.501035537989889 
-10.501070168729806 
-10.50110347503356 
-10.501132906701024 
-10.50116122071172 
-10.50118860673532 
-10.501215287976375 
-10.5012410135139 
-10.501265524050428 
-10.50128972621739 
-10.501313011283877 
-10.501335584768967 
-10.50135725710972 
-10.501378228907097 
-10.501398275939557 
-10.501417453310845 
-10.501435837526476 
-10.501453689471463 
-10.50147078370975 
-10.501487120465677 
-10.50150279325943 
-10.501516017942269 
-10.50152872022505 
-10.501541063109814 
-10.501553102566895 
-10.501564762968007 
-10.501576079834765 
-10.50158739977988 
-10.501598320853981 
-10.501608964184562 
-10.501619183652501 
-10.501629060679717 
-10.501638634796814 
-10.501647656173834 
-10.501656397155996 
-10.501664875923353 
-10.501673111122063 
-10.501681088089882 
-10.501688692206102 
-10.501696046391915 
-10.501703123612666 
-10.501709992422013 
-10.50171664455918 
-10.50172300367721 
-10.501729182443649 
-10.501735165272182 
-10.501740940775989 
-10.501746557656993 
-10.501751939079824 
-10.501757166996754 
-10.501762240694028 
-10.501767211295057 
-10.501771991280362 
-10.501776633990888 
-10.501781167259585 
-10.501785488999447 
-10.501789693963493 
-10.501793770011176 
-10.501797759683932 
-10.50180159899476 
-10.501805329390127 
-10.501808977435093 
-10.501812490925698 
-10.50181586290105 
-10.501819149354807 
-10.501822340540368 
-10.501825444973507 
-10.501828477037307 
-10.501831423041097 
-10.501834278561148 
-10.501836999535985 
-10.501839682147091 
-10.501842284291687 
-10.501844803492139 
-10.501847256762911 
-10.501849635638967 
-10.501851940635401 
-10.50185414150202 
-10.50185629177749 
-10.501858385825171 
-10.501860424165322 
-10.501862402857121 
-10.501864323027057 
-10.501866176834088 
-10.501867975354859 
-10.501869723967149 
-10.501871424370949 
-10.50187307233232 
-10.501874691088583 
-10.501876235453105 
-10.501877720260978 
-10.501879161346178 
-10.50188053449151 
-10.501881861474951 
-10.501883151353846 
-10.501884375411528 
-10.50188556503695 
-10.501886727878336 
-10.501887858778066 
-10.50188892374285 
-10.50188995821272 
-10.50189095971311 
-10.501891933700954 
-10.50189287905444 
-10.501893777184419 
-10.501894652006763 
-10.501895487401155 
-10.501896304138203 
-10.50189709865431 
-10.501897872146957 
-10.501898619881167 
-10.501899347596781 
-10.501900056709918 
-10.501900747476185 
-10.501901421701499 
-10.501902060545495 
-10.501902682791396 
-10.501903274702759 
-10.501903851013331 
-10.501904412619265 
-10.501904960471396 
-10.501905488580297 
-10.501906003351353 
-10.501906505522111 
-10.501906995084907 
-10.501907467451286 
-10.50190793200783 
-10.501908384924166 
-10.50190882558462 
-10.50190925584277 
-10.501909673179322 
-10.501910080309552 
-10.501910468595657 
-10.501910847746778 
-10.501911217937927 
-10.501911577258673 
-10.50191192602895 
-10.501912266975834 
-10.501912599556794 
-10.501912922711902 
-10.501913237619554 
-10.501913545294492 
-10.50191384449748 
-10.501914136695891 
-10.501914422120702 
-10.501914699961246 
-10.501914970263705 
-10.501915234375574 
-10.501915492457847 
-10.501915745531608 
-10.501915993614645 
-10.501916236042064 
-10.501916472749906 
-10.5019167033965 
-10.501916929375225 
-10.501917150219548 
-10.501917365872798 
-10.501917576606697 
-10.501917782284123 
-10.501917983282388 
-10.501918179343678 
-10.501918370735291 
-10.501918557839486 
-10.501918740570087 
-10.501918918862913 
-10.501919093073827 
-10.50191926326968 
-10.501919429244317 
-10.50191959094029 
-10.501919749155322 
-10.501919903561205 
-10.5019200541841 
-10.501920200971547 
-10.501920344318378 
-10.501920484111501 
-10.501920619588175 
-10.501920753803262 
-10.501920884743928 
-10.50192101256329 
-10.501921137337831 
-10.50192125925251 
-10.501921378412053 
-10.501921494515964 
-10.50192160786392 
-10.501921718159718 
-10.501921825838881 
-10.501921931810145 
-10.501922035070017 
-10.501922135907838 
-10.501922234015638 
-10.501922329176853 
-10.501922422460082 
-10.501922513636565 
-10.501922602889968 
-10.501922690273656 
-10.50192277498462 
-10.501922857696993 
-10.501922937974804 
-10.501923016582667 
-10.501923093230289 
-10.501923168300081 
-10.501923242003599 
-10.50192331391077 
-10.501923384453383 
-10.5019234534611 
-10.501923521004775 
-10.501923586952428 
-10.501923651307617 
-10.501923714144223 
-10.501923775420597 
-10.501923835066997 
-10.501923893135999 
-10.50192394970325 
-10.501924004751693 
-10.50192405844932 
-10.501924110657708 
-10.501924161413005 
-10.50192421105411 
-10.50192425940525 
-10.501924306603144 
-10.501924352626888 
-10.501924397196477 
-10.501924440624595 
-10.50192448295387 
-10.501924524325293 
-10.501924564780067 
-10.501924604357242 
-10.50192464306832 
-10.501924680673941 
-10.501924717431592 
-10.501924753318665 
-10.501924788402683 
-10.501924822391945 
-10.501924855651753 
-10.501924888127693 
-10.501924919895531 
-10.501924951033695 
-10.501924981488205 
-10.501925011229298 
-10.501925040328928 
-10.501925068748772 
-10.50192509649871 
-10.50192512322578 
-10.501925149550013 
-10.501925175323699 
-10.501925200478588 
-10.501925225094153 
-10.501925249190517 
-10.501925272838683 
-10.501925295978264 
-10.501925318576067 
-10.501925340702867 
-10.501925362281392 
-10.501925383386098 
-10.501925404024496 
-10.501925423866306 
-10.501925443303305 
-10.501925462328684 
-10.501925480938299 
-10.50192549910696 
-10.501925516794216 
-10.501925534171892 
-10.501925551182183 
-10.501925567812966 
-10.501925584153 
-10.501925600157055 
-10.501925615776667 
-10.501925631061402 
-10.50192564603048 
-10.501925660688832 
-10.50192567503486 
-10.50192568913866 
-10.501925702971198 
-10.501925716622985 
-10.501925729930315 
-10.50192574298685 
-10.501925755746603 
-10.501925768225025 
-10.501925780437862 
-10.501925792386256 
-10.501925804047309 
-10.501925815442927 
-10.501925826571703 
-10.501925837478911 
-10.50192584813381 
-10.501925858566226 
-10.501925868715148 
-10.501925878666615 
-10.501925888420804 
-10.501925898064222 
-10.50192590756651 
-10.50192591691064 
-10.501925926094728 
-10.50192593510668 
-10.50192594394723 
-10.501925952639533 
-10.5019259611686 
-10.50192596954889 
-10.501925977768748 
-10.501925985869345 
-10.501925993814726 
-10.5019260016525 
-10.501926009334632 
-10.5019260168744 
-10.501926024265245 
-10.501926031527702 
-10.501926038643829 
-10.50192604563046 
-10.501926052453436 
-10.501926059153918 
-10.501926065743435 
-10.501926072256698 
-10.50192607864749 
-10.501926084934109 
-10.501926091117511 
-10.501926097198735 
-10.501926103136825 
-10.501926108987918 
-10.501926114717055 
-10.501926120342846 
-10.501926125837624 
-10.501926131241495 
-10.501926136593461 
-10.501926141866997 
-10.501926147051563 
-10.501926152156866 
-10.501926157174879 
-10.50192616207745 

 Time 
84317.64176678658 
