Energy 
 
-6.447666291553563 
-9.118470027752277 
-8.778647647565183 
-9.962116646863834 
-10.048762818136245 
-9.979307159300639 
-9.943518919492252 
-10.94992938054244 
-11.720075605699257 
-11.724771883456125 
-12.491725922478896 
-11.63915520310981 
-11.748394198328363 
-13.44390878086608 
-13.500769986972333 
-14.156884875327018 
-14.123086307505263 
-12.434317048292264 
-12.70615387530879 
-12.3417681232546 
-12.415123731247762 
-12.361811164259251 
-13.594869893269875 
-13.555246955645659 
-12.690223032029087 
-12.419343570977073 
-12.474709486039352 
-12.419645559156596 
-12.13639213102655 
-13.234189215995846 
-13.07753383298121 
-14.389099100361054 
-14.593354670584713 
-14.690290660935506 
-14.691034402340584 
-14.420761862789718 
-15.044932177380018 
-14.742483031496239 
-14.756377255658382 
-14.764951868809327 
-14.741870124358556 
-14.881872901091786 
-14.802237442455878 
-15.58101313352646 
-15.987096586554086 
-15.798220429152153 
-15.674408105678742 
-15.76986143914589 
-15.89928334802087 
-16.128016034588633 
-16.205682524896726 
-16.523306298395962 
-16.667333241926574 
-16.669247637452287 
-16.537065730592683 
-16.657971859631868 
-16.608435960352278 
-16.615312209000493 
-16.66082124617014 
-16.648495103202578 
-16.94435841788953 
-17.12060862524763 
-16.931015014020193 
-16.76076660869832 
-16.82816530220926 
-16.600595346854984 
-16.638002425698037 
-16.9024724860483 
-16.88374610175521 
-17.524340279836398 
-17.503756520084842 
-17.331345854982054 
-17.08013060079257 
-17.082197356586132 
-17.254273877589117 
-17.22677789642536 
-17.50642508014368 
-17.481880839663066 
-17.316870533018616 
-17.405175169917346 
-17.48843554578262 
-17.577672747438097 
-17.57754959555522 
-17.60249499819721 
-17.559979217367555 
-17.569045932239444 
-17.58715796223995 
-17.59346033927673 
-17.633597294532994 
-17.751526067546642 
-17.69485274495027 
-17.579498797319776 
-17.575626476867203 
-17.56206951195266 
-17.74159447048979 
-17.87500807610895 
-17.913343250494297 
-17.96238898957037 
-17.862035529255117 
-17.863176758816227 
-17.880329253636223 
-17.852466541186235 
-17.90640469820464 
-17.904485373175156 
-17.86996396881633 
-17.970277602932686 
-17.95097471398846 
-17.947524257427524 
-17.89773098847889 
-17.899040961052528 
-17.911577924093756 
-18.100245006580714 
-18.077769365417037 
-18.085335277771566 
-18.072684239205163 
-18.156070081064506 
-19.181407108426956 
-19.130652787936103 
-19.110895789319038 
-19.5125196284634 
-19.311697897373012 
-19.228221713142297 
-19.250064156342255 
-19.082981124627405 
-18.963338328675786 
-19.005974964006764 
-19.027170882287493 
-19.020595031829018 
-19.04943182096243 
-19.04720642690733 
-19.014677306369375 
-19.01772229135002 
-19.010528997974824 
-19.050615854065697 
-19.04031405954953 
-19.089711479207068 
-19.511238774856096 
-19.290043304851082 
-19.261339832405145 
-19.14682853545913 
-18.92614902125339 
-18.997142347891504 
-18.8688685062594 
-18.819655397594982 
-18.806270673626777 
-19.002800137990256 
-18.93222023871831 
-19.426414809603564 
-19.55944465516721 
-19.015005834969248 
-19.01485619955117 
-19.025112580883576 
-19.097114862773974 
-19.02911841195191 
-19.012854406794496 
-19.102154496261672 
-19.777606464883537 
-19.527443939221413 
-19.528815471789848 
-19.73584205392169 
-19.68247407039747 
-19.675519039219306 
-19.6814043128248 
-19.57947473617814 
-19.59412725460678 
-19.54737031813357 
-19.51406856829941 
-19.404467350902348 
-19.435634997058923 
-19.474357851476654 
-19.690294000117316 
-19.673981056160926 
-19.694651558051707 
-19.742674884903334 
-19.72913556801305 
-19.67942203943173 
-19.74338786067672 
-19.73780518612865 
-19.717095379068496 
-19.724984665035848 
-19.72592942795632 
-19.711856699865077 
-19.705180995711903 
-19.78352242019077 
-19.830427117823746 
-19.87209097435737 
-20.1589175072139 
-20.035405933656115 
-20.01959749564839 
-19.867212117955777 
-19.80204526607166 
-19.77717638013939 
-19.77021677196429 
-19.717727831948267 
-19.750836053139686 
-19.81627494324208 
-19.793074641317997 
-19.74005788846123 
-19.950519336355608 
-20.121661340424513 
-20.09682273483098 
-19.98411373869567 
-19.962701190499597 
-19.949452739215594 
-19.943818485969093 
-19.963693327874537 
-20.153178135862085 
-20.067526917418004 
-20.04795909213879 
-20.094662137554195 
-20.091902000464824 
-20.067940298856872 
-20.055399568470946 
-20.08302814269001 
-20.354371762232212 
-20.172767591203723 
-20.20759847802156 
-20.278545807928037 
-20.173096619067433 
-20.145810440636044 
-20.077152197484693 
-20.243529901457592 
-20.240397730351575 
-20.211788676986775 
-20.161138685864824 
-20.142750032105273 
-20.085404779170247 
-20.577085711149067 
-20.51123176197558 
-20.12411753471005 
-20.0943517454865 
-20.42633226844535 
-20.53547831593481 
-20.552528074770834 
-20.45447668005284 
-20.502628654418277 
-20.49257334654442 
-20.53151232526802 
-20.600904338247556 
-20.59259131100119 
-20.59072182623023 
-20.612065135434932 
-20.600799131641843 
-20.604494156563042 
-20.750245175210082 
-20.80848932076719 
-20.79046307614084 
-20.707046145113992 
-20.89847589829574 
-20.88695242695194 
-20.88660873575649 
-20.797604044167965 
-20.811736716719643 
-20.820139005498934 
-20.819023508348508 
-20.80227244506529 
-20.82263462178044 
-20.8713948745639 
-20.896210043912987 
-20.9039441356234 
-20.85168879450902 
-20.82125925483783 
-20.766712670115993 
-20.746682262288523 
-20.736990777703365 
-20.73997927011332 
-20.729326221220628 
-20.733174217228648 
-20.741087031680856 
-20.750148906619003 
-20.73694706053076 
-20.73444474139262 
-20.773850118484212 
-20.77893093922041 
-20.76948832060795 
-20.765899975552554 
-20.750558867528632 
-20.816034578591566 
-20.931855940873668 
-20.933173062787613 
-20.803555845334404 
-21.112681738940836 
-20.922622349890958 
-20.950092733131445 
-20.95022380931618 
-20.89681859977771 
-20.934965901147866 
-21.03055030222121 
-21.02834010429095 
-21.04281596361328 
-20.96261918437147 
-20.95706964650472 
-20.98542667105543 
-20.944173887678136 
-20.886614384660547 
-20.849552967041582 
-20.827415787571482 
-20.769795359952425 
-20.76526942019485 
-20.71272813013176 
-20.660106407303793 
-20.665549074602268 
-20.677309667102385 
-20.700666723648506 
-20.7573181603554 
-20.736095500895843 
-20.76756679981719 
-20.760367345087523 
-20.76354937030021 
-20.791351696064837 
-20.794131003332176 
-20.79826287832494 
-20.847629522320887 
-20.830652216712515 
-20.83539662900823 
-20.796170487374063 
-20.793298396982497 
-20.787654175372 
-20.75928192062567 
-20.762847128241873 
-20.756236803856098 
-20.752916816213133 
-20.79766188678868 
-20.8118497549088 
-20.807301468293574 
-20.80857928683975 
-20.770234457058212 
-20.76690689429936 
-20.75002376581826 
-20.75710114859162 
-20.75729738802691 
-20.75881786194501 
-20.824713663120185 
-20.84444889728148 
-20.797708504519104 
-20.875497159716264 
-20.841980308772182 
-20.84819550655792 
-20.90689801877549 
-20.95441670356066 
-20.926782148221875 
-20.9612135688103 
-20.970711913755842 
-20.97023271817066 
-20.979693616735346 
-20.984283660502584 
-21.074337871122072 
-21.004744781255912 
-21.036268925468505 
-21.03478181445805 
-21.033071521600657 
-21.044882055639516 
-21.041136201327845 
-21.03771247476852 
-21.03381038989637 
-21.152482332140266 
-21.16273044735299 
-21.137131496265557 
-21.096199309261507 
-21.0802195425851 
-21.074126272014396 
-21.082286045558554 
-21.09495802459919 
-21.103822465106802 
-21.117730882436234 
-21.14208981291152 
-21.146638291972657 
-21.146595835487627 
-21.146898878429397 
-21.16049345653468 
-21.178736954866856 
-21.199221137779325 
-21.19463727266831 
-21.200947314237013 
-21.17653532767206 
-21.178929261338087 
-21.165958008272952 
-21.14721442674282 
-21.179605527991704 
-21.157673458886624 
-21.1732976338329 
-21.161761050243147 
-21.16405050289929 
-21.179484773504065 
-21.175956781136758 
-21.195132032870518 
-21.205172208571945 
-21.227437780969847 
-21.21487947759126 
-21.187936366410803 
-21.161339847623566 
-21.224454583289155 
-21.20223761831624 
-21.210897776023437 
-21.20933927266281 
-21.2164662952555 
-21.23321760678533 
-21.24574808569482 
-21.24620451333685 
-21.23094489283122 
-21.238290727680408 
-21.237488060777768 
-21.241329091388923 
-21.236727920686825 
-21.24219490407896 
-21.242398235212935 
-21.251715834225358 
-21.251745924553173 
-21.276332438757112 
-21.25801098868251 
-21.28250733135294 
-21.279803161975792 
-21.312724735339142 
-21.28079898104538 
-21.31464386661666 
-21.341530350344897 
-21.328566064961752 
-21.91471988565802 
-21.912893785580433 
-21.390331796727736 
-21.39546368881301 
-21.36232786730747 
-21.27543906854734 
-20.959684588984743 
-20.736179349024642 
-20.89115902117902 
-21.06372763233023 
-21.36938100516335 
-21.06541491770435 
-21.250934736878058 
-21.24923618959835 
-21.188930217629405 
-21.166600256199914 
-21.12558347274632 
-21.11763578013634 
-21.257697284190403 
-21.280784099281192 
-21.268678271114716 
-21.31573281208276 
-21.32401102419388 
-21.317908926785357 
-21.348107120785297 
-21.32718706695445 
-21.311088817475802 
-21.340010390014445 
-21.37129362098062 
-21.37582067288254 
-21.376740703835694 
-21.362363142374075 
-21.370056269670528 
-21.37216843348564 
-21.36910953405645 
-21.384810692122247 
-21.439927039989318 
-21.4020466900078 
-21.4019639206211 
-21.379970479801646 
-21.396876559736345 
-21.387407891549028 
-21.387574578503077 
-21.38171407103784 
-21.376280567268424 
-21.369786879540722 
-21.372629473259526 
-21.364713599050994 
-21.536050260840902 
-21.503651323687457 
-21.471644604747848 
-21.383916604005858 
-21.26311055541499 
-21.1538157447974 
-21.158536535956028 
-21.155288758641493 
-21.132873306548436 
-21.16867483948212 
-21.39327005225123 
-21.43456054850893 
-21.403559596053466 
-21.404185756845465 
-21.436633126853575 
-21.435935809968225 
-21.44276028881684 
-21.425697558703725 
-21.40600966381573 
-21.45183731479246 
-21.447048611200227 
-21.626922541547025 
-21.522362446303802 
-21.519300438352175 
-21.524881634740993 
-21.603516558735592 
-21.583485787585612 
-21.523138993200273 
-21.53481622699472 
-21.52886783593559 
-21.52082701218359 
-21.52832763278428 
-21.530974939317478 
-21.526169660790075 
-21.520890430863933 

 Time 
42902.845880270004 
