Parameters 
 
[-0.5 -0.5 -0.5 -0.5 -0.5 -0.5 -0.5 -0.5 -0.5 -0.5 -0.5 -0.5 -0.5 -0.5
 -0.5 -0.5 -0.5 -0.5 -0.5 -0.5 -0.5 -0.5 -0.5 -0.5 -0.5 -0.5 -0.5 -0.5
 -0.5 -0.5 -0.5 -0.5 -0.5 -0.5 -0.5 -0.5 -0.5 -0.5 -0.5 -0.5 -0.5 -0.5
 -0.5 -0.5 -0.5 -0.5 -0.5 -0.5] 
[-30.91160519 -25.48277834 -24.19824641 -23.35377678 -18.36466419
 -16.28058087 -16.13441891 -12.02908161 -10.41183517 -11.25506268
  -5.54083     13.3188542    4.46401982   3.69086526   3.99592114
   3.72617443   5.44319529   3.28170368   3.40813855   2.93939401
   5.06147943   4.93825862   2.12579475  -3.5541796   19.92502465
  18.92233176  17.54939195  14.39077804  15.59590166  12.40547637
  13.54488662  12.83023987  10.24933247  10.00769537  13.66670715
  10.32079012  -0.52482783  -1.88374939  -1.94144352   0.54137257
   0.42597379   0.90440341  -0.90043365   0.87524311   0.98992541
   1.39931752  -0.46610565  -5.13635243] 
[-4.06842090e+01 -1.54407491e+01 -2.21606835e+01 -3.39256790e+01
 -1.31865462e+01 -2.07763555e+01 -2.14663727e+01 -1.46169094e+01
 -8.27080593e+00 -1.25592543e+01  1.26264710e-02  1.60962384e+01
  2.62135345e+00  1.94421562e+00  8.56451781e+00  1.48442145e+00
  9.97649592e+00  3.43756742e+00  3.86098080e+00  5.09545184e+00
 -4.22276383e-01  4.02276912e+00  7.54803595e+00 -1.46967013e+00
  2.12277919e+01  1.62515920e+01  1.97268139e+01  2.54801824e+01
  1.23857180e+01  1.51689193e+01  1.26930787e+01  1.00424873e+01
  6.98735112e+00  1.21321540e+01  1.84415489e+01  1.02851550e+01
  4.86283088e+00 -2.43074102e+00 -1.87094489e+00  1.18890323e+00
 -1.43340698e+00 -3.44745673e+00 -1.37186661e+00  1.47428980e+00
  2.66110810e+00  6.42960996e-02 -8.03688423e-01 -1.08456298e+01] 
[-42.41115044 -16.88204089 -20.90642429 -36.75645996 -11.09699789
 -28.81892898 -19.69879862 -14.90962681 -10.3903502  -14.17055334
   1.36999747  13.5139761    3.88031741   1.17960533   9.53414183
   3.27151041  14.91279903   3.45661622   4.84784162   6.74009866
  -0.64104676   3.55051035   8.12926669  -0.80955003  21.25044606
  21.8491327   21.0765543   27.76972613  10.27436507  20.21502462
  14.42444447   6.06696504   2.42508246  14.55377137  18.53450158
   8.48173348   0.82937008  -3.64455566  -6.37011712  -2.19553817
   2.92708292  -2.14517041  -2.45065313   3.22839018   3.23668509
   1.9096846   -2.97831013 -10.04869732] 
[-45.0166011  -21.25299393 -16.14148653 -37.21319306 -10.50864276
 -32.82734272 -19.47316636  -9.36002883 -12.14415134 -11.35415848
   2.01330433  17.49496182   4.92873186  -5.45446295   6.46122044
   3.14931055  15.82806375   3.34451063   4.1902372    5.80734963
   2.91510498   1.87376585   8.11990588  -0.55394841  20.00922074
  23.51438097  24.76712873  31.48530072   6.92576915  20.49253727
  15.01282504   6.20787531   6.00474591  13.82013018  18.47077329
  12.00255436   1.20304969  -0.87911515  -4.37155184  -5.00046285
   3.11111143  -2.40276627  -0.79779281   2.52015938   1.88274895
  -1.16427021  -3.17568781 -10.14057522] 
