Energy 
 
-6.631992949672862 
-6.642650737035684 
-6.805949035560417 
-7.57110065566864 
-7.631742852361796 
-7.87990072085732 
-6.913089113557691 
-6.603547866807094 
-7.788451139545284 
-8.249827555995594 
-7.834527255531155 
-8.572894030637407 
-7.244029761080068 
-8.855835895009466 
-9.922562725108854 
-11.44793750694441 
-12.462106139404938 
-13.127038099266526 
-13.546472521115742 
-13.931893494633535 
-14.309553514907059 
-14.65836833530695 
-14.992103528388819 
-15.31270824813238 
-15.686231334596744 
-16.029606025694 
-16.60925065034762 
-16.966543599984504 
-17.254690226709375 
-17.504658971529825 
-17.773279042343493 
-18.01113011630224 
-18.233676235498596 
-18.510544663623385 
-18.748059885363055 
-18.946039996583988 
-19.122314829946745 
-19.24695627962597 
-19.356560825700047 
-19.449205914694705 
-19.529098560736603 
-19.599176238637984 
-19.660601509521992 
-19.71201500670624 
-19.76248635300339 
-19.80811918404222 
-19.84665946635047 
-19.880553710100834 
-19.894651032839086 
-19.932963422647475 
-19.97018537306208 
-19.996651739067 
-20.018894525008793 
-20.044104513850545 
-20.06624409608311 
-20.08692238282839 
-20.10736186894203 
-20.126331346696468 
-20.14377948328487 
-20.161234446647043 
-20.17832109366735 
-20.192928931613757 
-20.206596773250624 
-20.22047781179982 
-20.233343820424743 
-20.245477286343796 
-20.25707391548551 
-20.26833638235218 
-20.2789227073264 
-20.292357847890276 
-20.30305989160845 
-20.313119747638048 
-20.323919729792856 
-20.33484965335259 
-20.34177924901703 
-20.33596476861102 
-20.352468826452785 
-20.365202575413484 
-20.37267901072784 
-20.37955566611657 
-20.3860996202892 
-20.392291355249732 
-20.398447765461757 
-20.40417141241588 
-20.409688545083462 
-20.415089979717358 
-20.420875162543112 
-20.42665699012738 
-20.43255918258233 
-20.43790295390928 
-20.443050164164926 
-20.44864458324527 
-20.453699410071472 
-20.458277484734328 
-20.462670281739555 
-20.466837788409823 
-20.470811647090542 
-20.474619553402555 
-20.47695428468844 
-20.481919906101975 
-20.48568934801731 
-20.488910595845272 
-20.49191950110595 
-20.49496907215775 
-20.497762525001974 
-20.49900807635504 
-20.502868345472308 
-20.505428169481263 
-20.507767709299596 
-20.509890685645566 
-20.512325470912568 
-20.514494433475683 
-20.516543679898092 
-20.51854705692028 
-20.520573265875363 
-20.522484942910975 
-20.524338398433922 
-20.526092292734077 
-20.527751394113345 
-20.52937037811054 
-20.530976340561356 
-20.53256042716726 
-20.53408420364378 
-20.535520588847493 
-20.536901048851377 
-20.538227557753537 
-20.539518368027814 
-20.54079041197637 
-20.542046625372244 
-20.543249144480015 
-20.544419902791844 
-20.545560041563334 
-20.546672747884468 
-20.547750011773395 
-20.548784110877612 
-20.549794525823803 
-20.550010223564758 
-20.5488595660873 
-20.552598332141457 
-20.553968676685134 
-20.554947376675777 
-20.555887297762187 
-20.55673076638081 
-20.557571130086227 
-20.55838833294763 
-20.55916221422699 
-20.559873147850226 
-20.560563052094277 
-20.56121189357789 
-20.561837000331195 
-20.562489352437083 
-20.563128011060154 
-20.563733359960757 
-20.564322211408705 
-20.564889607384302 
-20.56544906040711 
-20.565986624662493 
-20.56651848971342 
-20.567038690611056 
-20.567565090199622 
-20.568078328701514 
-20.5685816028762 
-20.569108558822215 
-20.56955423928719 
-20.56861433243867 
-20.570121139899975 
-20.57089756634084 
-20.5713985558615 
-20.571847482725598 
-20.572282448843485 
-20.572704720384074 
-20.57312126659456 
-20.573520266514233 
-20.573918926760804 
-20.57431114761277 
-20.574707914052453 
-20.575093582177466 
-20.575470549286067 
-20.575841990507293 
-20.576200364686336 
-20.576553121242732 
-20.576902201638518 
-20.57724556055096 
-20.577582114652287 
-20.577917021763355 
-20.578248031290816 
-20.57857397289338 
-20.578895086621284 
-20.579208619426765 
-20.579524922363547 
-20.57983612214681 
-20.580141435088535 
-20.580442578117957 
-20.580735644393272 
-20.580965729514084 
-20.581274178984362 
-20.581016420165035 
-20.58189147311229 
-20.582174674293583 
-20.582445897235228 
-20.582703181021508 
-20.58294098725264 
-20.58317410203864 
-20.583086426970183 
-20.583134214023296 
-20.58392894068389 
-20.58424270197715 
-20.584498324950758 
-20.5847441668576 
-20.58498675033534 
-20.585226186328633 
-20.585461874995005 
-20.585696009923794 
-20.585925480599087 
-20.586153101962687 
-20.58637523655288 
-20.586596497557668 
-20.586817437633695 
-20.587035426700528 
-20.58714795844959 
-20.587470725313167 
-20.587696192328764 
-20.587910381947477 
-20.58812437749713 
-20.58833759030752 
-20.58855439267186 
-20.58876742610785 
-20.588977822934286 
-20.589183453660556 
-20.589387000635735 
-20.589591848531683 
-20.589793966700412 
-20.589991290083614 
-20.59018648205744 
-20.59037985816114 
-20.590571675202348 
-20.590761374843094 
-20.59095132636464 
-20.59113837678848 
-20.591323997351004 
-20.591510872009323 
-20.591696412684747 
-20.591881392794143 
-20.592065622469697 
-20.592256613338265 
-20.592440174719766 
-20.592622516111515 
-20.592802789611817 
-20.592981591404524 
-20.59315870963319 
-20.59333540828645 
-20.593510674255334 
-20.59368462782074 
-20.593857246256754 
-20.594027454760045 
-20.594195707495945 
-20.594362470107928 
-20.594527961375203 
-20.594691220897406 
-20.59485263816064 
-20.595012599233677 
-20.595172917301916 
-20.595331520560475 
-20.5954900275484 
-20.595647374872048 
-20.595804461315428 
-20.59596022450482 
-20.596115237369244 
-20.596268442728203 
-20.596419840293187 
-20.596570770949157 
-20.59672064820113 
-20.596877892545454 
-20.59703293253773 
-20.597186872515376 
-20.597339711356437 
-20.597492409356473 
-20.597640875563666 
-20.59778996048091 
-20.597937539774986 
-20.598085120835734 
-20.598231714202623 
-20.59837664867178 
-20.59852050356797 
-20.59866346720565 
-20.598806367650592 
-20.598948854077296 
-20.599090872428967 
-20.59923170458266 
-20.59937167723256 
-20.599511838578422 
-20.59965093997697 
-20.599788679970963 
-20.599925541290283 
-20.60006150505254 
-20.600196791031365 
-20.600335670145384 
-20.60047038235993 
-20.600605462767373 
-20.600740966876884 
-20.60087620833213 
-20.60100997813603 
-20.60114234268546 
-20.601274171389637 
-20.60140296403849 
-20.601531038024316 
-20.60165860628181 
-20.60178582449477 
-20.601912944118176 
-20.60203907814186 
-20.602162963125668 
-20.602285270268542 
-20.602406710053923 
-20.602527562474723 
-20.602647860400527 
-20.60276758658812 
-20.602895227754626 
-20.60301780577528 
-20.60313935423611 
-20.603259672192408 
-20.60337943778981 
-20.603498355574168 
-20.603616587770663 
-20.603734615879358 
-20.60384993512797 
-20.60396417166599 
-20.604077701156456 
-20.604190686919484 
-20.604302958554847 
-20.604414665229672 
-20.60452878431788 
-20.60464226831714 
-20.604755380822183 
-20.60486788054745 
-20.604979707295655 
-20.605091227432844 
-20.60520178891346 
-20.605313722651562 
-20.6054273586084 
-20.60554034966102 
-20.6056536946067 
-20.605767266931643 
-20.605881343203414 
-20.605994676839707 
-20.60610762369306 
-20.606219986444835 
-20.606332258469507 
-20.60644392992169 
-20.606554988568572 
-20.606666318599004 
-20.60677804924838 
-20.60688942683965 
-20.606999507757596 
-20.607108783787027 
-20.607217418691903 
-20.607325545477778 
-20.607433089447795 
-20.607539884452898 
-20.6076453391293 
-20.60774996871412 
-20.60785385201589 
-20.60795719543217 
-20.608060512536866 
-20.6081638633593 
-20.608266693519028 
-20.608370036085958 
-20.60847299269784 
-20.608575526208632 
-20.608677916255324 
-20.60877946516739 
-20.608880474742527 
-20.608981006991403 
-20.60908142174368 
-20.609181337798116 
-20.609280776637064 
-20.60937949978863 
-20.609478756071347 
-20.609578187996007 
-20.609677005524834 
-20.609775322839987 
-20.60987265179685 
-20.609969694253977 
-20.610066368415396 
-20.610162345019095 
-20.61025790933813 
-20.610353509062975 
-20.610448806653036 
-20.61054352821861 
-20.61063791174682 
-20.610731606968585 
-20.610825065377252 
-20.610917502424982 
-20.611011960738686 
-20.611104414796273 
-20.611196337820953 
-20.611288229096935 
-20.611379596971076 
-20.61147061883124 
-20.611562155254497 
-20.611653587164415 
-20.611744236797783 
-20.61183432422252 
-20.611925188118022 
-20.612015326346103 
-20.61210481190607 
-20.61219369243414 
-20.612283466726648 
-20.612372749292117 
-20.61246290084229 
-20.612552579496317 
-20.612641676278784 
-20.61273265907804 
-20.612823171608188 
-20.612913106848787 
-20.613001992960605 
-20.613092444783327 
-20.613181828564237 
-20.613270627696895 
-20.613358906325566 
-20.61344633534092 
-20.613533178533874 
-20.61361946117217 
-20.61370487119933 
-20.613788526499448 
-20.613871545154023 
-20.613953956948873 
-20.6140346882867 
-20.61411515031012 
-20.61419514182566 
-20.614274732084702 
-20.614354781479875 
-20.614435083905818 
-20.614515230696295 
-20.614594905426273 
-20.6146741653805 
-20.614752812249982 
-20.61483101076716 
-20.61490872140186 
-20.614986515544366 
-20.615062902706832 
-20.615138859519657 
-20.615214289359095 
-20.61528773840344 
-20.61536098675777 
-20.615435877221657 
-20.615510374753505 
-20.615582909932993 
-20.615654932516662 
-20.615726502228977 
-20.615797353736912 
-20.615867756692715 
-20.6159375175484 
-20.61600694662899 
-20.616076005027764 
-20.616144636506448 
-20.616212363462708 
-20.616279546042016 
-20.61634624190603 
-20.61641253529413 
-20.61647850361698 
-20.61654374350993 
-20.616607993239832 
-20.616671849689652 
-20.61673538606289 
-20.61679856918087 
-20.616861856678618 
-20.61692529721129 
-20.616988217634486 
-20.617050733145206 
-20.617112795005514 
-20.617173730676985 
-20.617233953489187 
-20.61729421003503 
-20.617354190767074 
-20.61741387242799 
-20.617473194108904 
-20.617532150680756 
-20.617591141258927 
-20.617649849723662 
-20.617708632093677 
-20.617766987930835 
-20.617824779594322 
-20.6178823411237 
-20.61793975036205 
-20.61799679033656 
-20.61805333395811 
-20.61810897263631 
-20.618164323196307 
-20.618219404574823 
-20.618274299592077 
-20.618329637693066 
-20.6183846655089 
-20.618439391760568 
-20.618493804994586 
-20.618547915787243 
-20.618601648167697 
-20.618655154041917 
-20.618708433396623 
-20.618761424570483 
-20.618814482689057 

 Time 
52991.21125411987 
