Energy 
 
-2.0597577698762626 
-2.7110458129211175 
-2.4167490101876496 
-2.616177844691779 
-3.7418799544904258 
-5.820225721330459 
-5.409778262134768 
-6.045735989713819 
-7.513675984573803 
-8.20691651435484 
-8.767280544605502 
-9.267234994282262 
-9.758816107636921 
-10.187805267164572 
-10.861030994256154 
-11.278089060368734 
-11.614437080293794 
-11.87166388927769 
-12.100637422074858 
-12.375472617900598 
-12.600280654881518 
-12.771305178420693 
-12.944819308573024 
-13.097122207118801 
-13.23585170207411 
-13.35312345834178 
-13.450208300527418 
-13.532157653389367 
-13.601866548928516 
-13.66526678517361 
-13.71175533243523 
-13.684772083613367 
-13.824366875816898 
-13.873891520167232 
-13.913609304962907 
-13.952360622646964 
-13.984153825371687 
-14.00992909032147 
-13.993834375041144 
-14.057583321169666 
-14.084048200001302 
-14.11070682271257 
-14.135186344396292 
-14.159554782259237 
-14.182537193368042 
-14.204621543031779 
-14.225001198319758 
-14.24678276104204 
-14.267261044491763 
-14.28837017700041 
-14.307793683102618 
-14.325684056863027 
-14.32701363367827 
-14.355670969702734 
-14.37438309736918 
-14.390111906847011 
-14.404478541821568 
-14.414189124230683 
-14.430021693548541 
-14.442628480050935 
-14.453943165535376 
-14.459448405551111 
-14.426756004727618 
-14.421967011033413 
-14.419083607858372 
-14.413244446571069 
-14.41774704686785 
-14.504941866448455 
-14.509427769476595 
-14.50109196483907 
-14.45832756553719 
-14.394723591568537 
-14.480492871582392 
-14.523487574362187 
-14.570457779880265 
-14.578294889268385 
-14.574804589803444 
-14.579869764835967 
-14.583559696603293 
-14.588410577044431 
-14.60637855551484 
-14.614031185345047 
-14.618895828246957 
-14.623661570606162 
-14.628209320361313 
-14.63262689392071 
-14.636879757435223 
-14.64110623000995 
-14.64522367869046 
-14.649019940450803 
-14.65226929566052 
-14.656382816432313 
-14.660062315656733 
-14.663467154442188 
-14.666676117256792 
-14.66972618223334 
-14.67267923955927 
-14.675386168127016 
-14.677980358871052 
-14.68048536211246 
-14.682478817705546 
-14.680961016311699 
-14.683744240013 
-14.68740734386077 
-14.691033827160181 
-14.693609172128188 
-14.695807208232711 
-14.697792961302577 
-14.69964098204135 
-14.701419330131648 
-14.70303229338795 
-14.703765524995779 
-14.701522665669588 
-14.702906147884784 
-14.706949197834971 
-14.708275470236583 
-14.708924657949376 
-14.709982520536737 
-14.711835878177865 
-14.71227346864259 
-14.713879687500105 
-14.717209475541422 
-14.71856002522544 
-14.719560463128767 
-14.720487664596199 
-14.721360347137647 
-14.722200160181538 
-14.723003798582925 
-14.723778371973166 
-14.724532949868461 
-14.725263438645307 
-14.725968500422482 
-14.726663057113429 
-14.727316324070564 
-14.727823488587722 
-14.728629101335121 
-14.729235317288941 
-14.729825158268257 
-14.730390491302693 
-14.730939236588325 
-14.731482250407247 
-14.732006366212273 
-14.732511669492 
-14.733001505284339 
-14.733433751510164 
-14.73384497955364 
-14.734244369390627 
-14.734624582340823 
-14.734989787123908 
-14.735348272161435 
-14.73569234559866 
-14.736024463614875 
-14.736355348300096 
-14.736678956155654 
-14.736992996474372 
-14.737296835136004 
-14.73758826481313 
-14.737870149291208 
-14.738137948544555 
-14.73839322480481 
-14.73863124609399 
-14.738864459477567 
-14.739089871667552 
-14.739318220297598 
-14.739537247010327 
-14.739747728007371 
-14.739955719446538 
-14.74015589544857 
-14.740349206895026 
-14.740536449622823 
-14.740717482218834 
-14.740894876054735 
-14.741066021996147 
-14.74122948620488 
-14.741389156904251 
-14.741544553712565 
-14.74169545589094 
-14.74184124339199 
-14.741981639617153 
-14.742115186364664 
-14.742244073728372 
-14.74236903860485 
-14.742491192162888 
-14.742610542471382 
-14.742724703074568 
-14.742836046363637 
-14.74294349144828 
-14.743048215353436 
-14.743149149396787 
-14.74324620954841 
-14.743340677245689 
-14.743433262637662 
-14.743523389879194 
-14.74361135110283 
-14.743697876955128 
-14.743782175134644 
-14.743864332897527 
-14.743943639976985 
-14.74402077439492 
-14.74409592201466 
-14.744169590939391 
-14.744242124381877 
-14.744312893624244 
-14.744381713534695 
-14.744448983638769 
-14.744514597610516 
-14.744578065394974 
-14.744639822080527 
-14.744699801151114 
-14.74475784814159 
-14.74481447024614 
-14.744869732201105 
-14.744923458291852 
-14.744975650944562 
-14.74502645096365 
-14.74507705195019 
-14.745126245047107 
-14.74517413578606 
-14.745219520682307 
-14.74526350129553 
-14.745306218626826 
-14.745348017197909 
-14.745388599451681 
-14.74542812100971 
-14.745467198735161 
-14.745505198854078 
-14.745542198651654 
-14.745578350555226 
-14.745613208989035 
-14.745646797428531 
-14.745679362202475 
-14.74571092460112 
-14.745741551258424 
-14.745771405226932 
-14.745800508733634 
-14.745828848248046 
-14.74585641978858 
-14.74588449615692 
-14.745911771356322 
-14.745938057631427 
-14.745963636616096 
-14.745988534371556 
-14.746012798580837 
-14.74603638616689 
-14.746059517102806 
-14.746082019334217 
-14.746103942019353 
-14.74612479767153 
-14.74614485833603 
-14.746164415640598 
-14.746183728153836 
-14.746202433182585 
-14.746220639526587 
-14.746238130524869 
-14.746254853130438 
-14.746271128329468 
-14.746287044533261 
-14.746302609070618 
-14.746317769466831 
-14.746332611113967 
-14.746346972431045 
-14.746360986243834 
-14.746374651864627 
-14.74638794421253 
-14.746400900831535 
-14.746413546608437 
-14.74642572898275 
-14.74643762902734 
-14.74644922996499 
-14.74646054564234 
-14.746471570790815 
-14.746482305862385 
-14.746492764484264 
-14.746503087776318 
-14.746513027847465 
-14.746522717225803 
-14.746532104402135 
-14.746541239599564 
-14.746550156072447 
-14.746558922554248 
-14.746567619601116 
-14.746576096923988 
-14.74658436505519 
-14.746592418335299 
-14.746600235701306 
-14.746607863543383 
-14.746615334162751 
-14.74662261634006 
-14.746629699302279 
-14.746636610683302 
-14.746643341310266 
-14.746649909083544 
-14.746656372627257 
-14.74666266587701 
-14.746668789341735 
-14.746674778103053 
-14.746680626857469 
-14.746686336659378 
-14.746691904668742 
-14.74669735660187 
-14.746702681723145 
-14.746707876951769 
-14.746712821196846 
-14.746717649695974 
-14.746722368734366 
-14.746726893937797 
-14.746731300539095 
-14.746735600822475 
-14.746739809668036 
-14.746743929616729 
-14.746747953349784 
-14.746751886269754 
-14.746755734018443 
-14.74675950025457 
-14.746763191957328 
-14.746766831465868 
-14.746770414898991 
-14.746773918904161 
-14.74677733711732 
-14.746780674575852 
-14.746783940424098 
-14.746787151794445 
-14.746790289612989 
-14.746793363398528 
-14.746796366210646 
-14.746799249593064 
-14.746802046337686 
-14.74680480569346 
-14.746807509519922 
-14.746810156545463 
-14.7468127621235 
-14.746815336880825 
-14.746817859060034 
-14.746820323985581 
-14.74682274062838 
-14.746825096925258 
-14.746827404425618 
-14.746829660444192 
-14.746831845293844 
-14.746833984382851 
-14.746836089117672 
-14.746838154111298 
-14.746840184861064 
-14.746842109690583 
-14.746843990009223 
-14.746845837008198 
-14.74684765144346 
-14.746849432211794 
-14.746851239316989 
-14.746853017554413 
-14.746854761463805 
-14.746856476734635 
-14.746858129817284 
-14.7468597459644 
-14.746861322048696 
-14.746862872928629 
-14.746864397518015 
-14.746865900038706 
-14.74686737733613 
-14.746868832043763 
-14.746870262748649 
-14.746871670057125 
-14.746873051674669 
-14.746874414640342 
-14.7468757554709 
-14.746877073911147 
-14.746878370912972 
-14.746879648644322 
-14.746880907183662 
-14.746882129159303 
-14.746883335107498 
-14.74688452526093 
-14.746885696671772 
-14.746886839645153 
-14.74688796643498 
-14.746889080538082 
-14.746890178916308 
-14.746891261774662 
-14.746892328713542 
-14.746893381157369 
-14.746894420002253 
-14.74689544666791 
-14.74689645996849 
-14.74689746083579 
-14.746898448726329 
-14.746899422884331 
-14.746900375656958 
-14.746901316718041 
-14.746902260464502 
-14.746903180996544 
-14.74690408917773 
-14.746904986256332 
-14.74690587396381 
-14.746906753086549 
-14.746907626188536 
-14.74690848870259 
-14.746909328851435 
-14.746910159715735 
-14.746910981615555 
-14.746911794769577 
-14.746912598242915 
-14.746913384594716 
-14.746914162421424 
-14.746914936723702 
-14.74691570433455 
-14.746916465660005 
-14.746917218694126 
-14.746917957162541 
-14.746918688750561 
-14.746919408985814 
-14.74692013443513 
-14.746920851739223 
-14.746921560310366 
-14.746922259062313 
-14.746922951227994 
-14.746923636915245 
-14.746924328055664 
-14.746925012639224 
-14.746925691099662 
-14.746926355826934 
-14.746927014648726 
-14.746927668803066 
-14.7469283176374 
-14.746928962722546 
-14.7469296094553 
-14.746930244443627 
-14.746930873251893 
-14.746931495656312 
-14.746932111053287 
-14.74693272219244 
-14.746933328514562 
-14.746933930018859 
-14.74693452706513 
-14.746935120420405 
-14.74693571025999 
-14.74693629593741 
-14.746936877980646 
-14.746937466485356 
-14.746938051063015 
-14.746938631301324 
-14.74693920816178 
-14.746939782157746 
-14.746940355536893 
-14.746940926220345 
-14.746941492864078 
-14.746942057114186 
-14.746942618161905 
-14.746943177084562 
-14.74694373201366 
-14.746944283050832 
-14.74694482940663 
-14.746945372844012 
-14.746945911081966 
-14.746946446468055 
-14.746946983912855 
-14.746947517855187 
-14.746948034879232 
-14.74694855046439 
-14.746949062153213 
-14.746949571438714 
-14.746950081721128 
-14.74695058857123 
-14.746951092699248 
-14.746951594747902 
-14.7469520948451 
-14.746952589946858 
-14.746953083355624 
-14.746953579466682 
-14.746954073300206 
-14.74695456511521 
-14.746955055523962 
-14.746955541359872 
-14.746956024405376 
-14.746956507474522 
-14.746956988482404 
-14.746957467869587 
-14.746957942863164 
-14.746958414153138 
-14.746958883930803 
-14.746959351767746 
-14.746959815618558 
-14.746960276659435 
-14.746960736329747 
-14.746961193985717 
-14.746961648950043 
-14.746962095601354 
-14.746962540640457 
-14.74696298551032 
-14.746963428626144 
-14.746963875528428 
-14.746964320690026 
-14.746964753611007 
-14.746965185067577 
-14.746965614821985 
-14.746966042041205 
-14.746966468818655 
-14.746966894056962 
-14.746967317746972 
-14.746967739816208 
-14.74696815911086 

 Time 
4481.95426940918 
