H = 1.0 * ZZ + 2.0 * XI + 2.0 * IX

Ground energy:
[ 1.64754468,  3.38855466 , 1.64754468,  3.38855466 , 2.80561005,  2.59357903,
  3.59730227,  1.10480563,  2.84387029,  2.52727851,  2.59357903,  2.80561005,
  3.06487522,  1.94532096,  2.16995712,  2.65990397,  2.65278148,  2.76707902,
  2.25401799,  3.22439661,  2.81349124,  2.30228776,  2.33558363,  2.27963193,
  1.74649375,  3.46333795,  2.91368265,  1.8276252 ,  1.79023994,  3.34137979,
  2.01552142,  2.67022474,  1.32485946,  3.32405626,  2.84387029,  2.52727851,
  1.99517476,  2.97957364,  1.64754468,  3.38855466,  3.22439661,  2.25401799,
  1.94072207,  2.6301682 ,  2.16995712,  2.65990397,  1.94072207,  2.6301682
,  2.67022474,  2.01552142,  3.59730227,  1.10480563,  0.40545548,  3.17557847,
 -0.03807497,  0.93599843, -0.93999042, -0.42440109, -0.05125026, -1.97508544,
 -3.27238621, -2.36362278, -3.1783255 , -3.19497353, -3.48725252, -3.05593169,
 -3.59880034, -3.13452719, -3.55121214, -3.25126038, -3.17506772, -3.66232003,
 -3.40071673, -3.49116434, -3.17768149, -3.79798726, -3.62900027, -3.71769762,
 -3.87879999, -3.28613306, -3.80837627, -3.81148892, -3.62478785, -4.03607065,
 -4.03049162, -3.67556574, -3.9521712 , -3.82026203, -3.59929451, -4.03119102,
 -3.80478561, -3.96647223, -3.89343951, -4.02708293, -3.96256766, -3.98884471,
 -4.10927509, -4.05407015, -4.09504365, -4.06865972, -3.92601665, -4.02098727,
 -3.90014635, -3.81801856, -4.09507558, -4.02222266, -4.03382824, -4.07782639,
 -4.04779812, -3.99638815, -3.98481268, -3.98719239, -4.10285851, -4.03843781,
 -4.04425636, -4.09048503, -3.83312229, -3.80715929, -4.02376615, -4.0895613
, -4.0573917 , -4.08441253, -3.73518971, -3.68624148, -4.09186819, -4.0572653
, -4.08292422, -4.06322836, -3.84322955, -3.88152145, -3.92499388, -3.93196925,
 -4.01067172, -4.02505085, -4.08241986, -4.06713692, -3.9385463 , -3.94295773,
 -3.93849677, -3.97819419, -3.94669821, -3.94025737, -4.03156641, -4.02001454,
 -3.97577833, -4.00951319, -3.87515147, -3.91156835, -4.07327303, -4.04104761,
 -4.09115493, -4.09872904, -3.92280188, -3.95598585, -4.06382682, -4.07613925,
 -3.93905711, -3.93963054, -4.01755284, -3.98995363, -4.07687793, -4.08125303,
 -3.90764769, -3.89517233, -4.02086276, -4.01247394, -4.00855426, -3.98700769,
 -4.1005346 , -4.10462655, -4.03272204, -4.0642737 , -4.07711045, -4.08393072,
 -4.00398133, -3.99590543, -4.04558921, -4.08226088, -4.07377299, -4.0730548
, -4.05533703, -4.06970015, -4.07811435, -4.07895491, -4.00196953, -4.00283067,
 -4.10013579, -4.10638349, -4.03183846, -4.02788152, -4.0802307 , -4.08443567,
 -3.94610208, -3.95305957, -4.02367614, -4.0184736 , -4.02333164, -4.01942035,
 -3.92189567, -3.90460254, -4.02694861, -4.04029275, -4.0939439 , -4.07905446,
 -3.89696456, -3.89758511, -4.04140582, -4.06604063, -4.01779034, -4.03189835,
 -3.87922208, -3.86695687, -4.08167334, -4.06992416, -4.0082282 , -4.01804068,
 -3.87178677, -3.87807441, -4.09035321, -4.10288957, -4.07380285, -4.07876281,
 -3.87423599, -3.87913313, -4.01926934, -4.02947142, -4.033787  , -4.00074494,
 -3.92442342, -3.91651518, -3.96207   , -3.95346058, -3.95689569, -3.94524864,
 -4.02486302, -4.03170283, -4.03976219, -4.03178355, -4.01851644, -4.03369262,
 -3.9480963 , -3.97541531, -4.00917129, -4.01353099, -4.07360295, -4.08092207,
 -4.08252755, -4.08155896, -4.01366138, -4.01025316, -3.90923291, -3.9078777
, -4.04431519, -4.03290543, -3.96529227, -3.97340029, -3.9618195 , -3.94765883,
 -4.0852636 , -4.08497427, -3.9230163 , -3.93151079, -4.03719763, -4.02471693,
 -3.94219797, -3.93542979, -4.09709769, -4.08120707, -4.01076046, -4.01772122,
 -4.01132628, -4.03476373, -3.96805804, -3.9759081 , -4.07536842, -4.06282843,
 -3.95517797, -3.96184368, -4.03657567, -4.04188186, -4.04529135, -4.03697678,
 -3.93158335, -3.93078358, -3.94475797, -3.96241769, -4.0394378 , -4.03994971,
 -4.09771582, -4.08176965, -4.08140084, -4.08624006, -3.93010857, -3.93510938,
 -4.03975851, -4.02761856, -3.98052192, -3.95937338, -3.90701315, -3.88039124,
 -4.01247706, -4.0389283 , -3.96775502, -3.96937469, -3.79784767, -3.80640197,
 -3.93873988, -3.9305044 , -3.95834322, -3.96734008, -4.05648074, -4.08881308,
 -4.01640933, -4.03811861, -4.07721623, -4.06498565, -3.9605172 , -3.96759734,
 -4.10291551, -4.09733665, -3.98136244, -3.973959  , -4.03899569, -4.04546883,
 -4.0576635 , -4.08943419, -3.90720926, -3.89077922, -4.10770088, -4.10100167,
 -3.98064984, -3.9830723 , -3.96896332, -3.97515175, -3.97452959, -3.97005856,
 -4.09132789, -4.08585416, -4.1071802 , -4.10422642, -3.93618425, -3.94301593,
 -4.07636001, -4.08456974, -4.0847114 , -4.09801867, -3.94869171, -3.95191766,
 -4.08381241, -4.08630001, -4.05050846, -4.03934304, -3.91140831, -3.89469692,
 -4.09017145, -4.08619533, -4.05169575, -4.03881089, -4.04184104, -4.0330863
, -4.0901209 , -4.08637021, -3.8129769 , -3.81672745, -3.98371479, -3.98017013,
 -4.0301916 , -4.02197831, -4.04203203, -4.0475722 , -3.98441533, -3.98049763,
 -4.02481132, -4.02261857, -3.97911423, -3.97312341, -4.02107616, -4.0424911
, -4.10435626, -4.09764237, -3.94600988, -3.94243058, -4.09274269, -4.08623857,
 -4.02392807, -4.041433  , -4.10411556, -4.09849557, -4.07903567, -4.06873855,
 -4.07871674, -4.06929482, -3.98857964, -3.97995476, -4.06939429, -4.07894624,
 -3.94562278, -3.94632357, -4.06995215, -4.07873314, -3.95456874, -3.95696856,
 -3.98934699, -3.98080615, -4.10351553, -4.10705577, -4.04255735, -4.05282818,
 -3.99829452, -3.99862524, -3.99846599, -3.99872937, -4.02638952, -4.03081706,
 -4.10016965, -4.08515404, -3.97723871, -3.9714018 , -4.09172501, -4.06214835,
 -4.08645175, -4.0782268 , -3.95716631, -3.95850441, -4.09108652, -4.06383759,
 -3.95205726, -3.94575258, -4.08699948, -4.09896522, -4.08448422, -4.08187115,
 -3.98995293, -3.99107872, -3.99029669, -3.98458709, -4.00014896, -4.00046503,
 -4.10819011, -4.102926  , -4.03747325, -4.04529686, -4.08745859, -4.09892614,
 -4.08823848, -4.09337438, -4.08843651, -4.09165044, -3.96104115, -3.9591648
, -4.10521193, -4.10826064, -4.08275466, -4.08457703, -4.08455944, -4.08285155,
 -4.04898681, -4.06874696, -4.04243902, -4.03715685, -4.06671888, -4.0905148
, -3.95803507, -3.94580796, -4.09186155, -4.08881769, -4.00278026, -4.00135996,
 -4.04613031, -4.03894393, -4.04703726, -4.0512929 , -3.92359072, -3.91220412,
 -4.05979836, -4.07457998, -4.08728292, -4.08740812, -4.03527641, -4.02760416,
 -4.09877075, -4.08887977, -3.98291009, -3.96371071, -4.08402922, -4.08464231,
 -3.98112761, -3.99476067, -3.97055741, -3.98775993, -3.94092865, -3.93679357,
 -4.08750868, -4.08761215, -4.09028461, -4.0932029 , -4.10878712, -4.10527436,
 -4.03836078, -4.04869371, -4.08476514, -4.08439311, -4.02746667, -4.04935366,
 -3.95893673, -3.95176103, -3.99403971, -3.99617202, -3.98092045, -3.9978111
, -4.00237572, -4.00654693, -4.09147388, -4.06874604, -3.96797104, -3.96221872,
 -4.09410576, -4.09014681, -4.03996352, -4.04848448, -3.93795044, -3.94423013,
 -4.08488318, -4.08487742, -4.10540456, -4.10898639, -4.04075044, -4.04400145,
 -4.10542026, -4.10902073, -4.0476528 , -4.05611371, -4.03911953, -4.0280638
, -4.0522351 , -4.07005589, -4.08728793, -4.08902979, -3.99481629, -3.99274375,
 -3.84407101, -3.83777788, -4.06025096, -4.07697664, -4.08513079, -4.08535613,
 -4.04517637, -4.04077588, -3.84269201, -3.84099275, -4.0613169 , -4.07653806,
 -3.99537878, -3.99983249, -4.03049183, -4.05047198, -4.09957903, -4.10629129,
 -3.99520873, -3.99444998, -4.08529497, -4.08558939, -3.98958907, -3.97860689,
 -4.03154601, -4.03641393, -4.10612   , -4.10004813, -3.98727975, -3.97020695,
 -4.04297161, -4.04924775, -4.10571782, -4.10061763, -4.00110983, -3.98522426,
 -4.04039184, -4.02967659, -3.95662498, -3.96422746, -4.10088396, -4.10556438,
 -4.00639466, -4.00941216, -4.10632472, -4.10874798, -4.05699564, -4.04989336,
 -3.96375927, -3.9584443 , -4.08622115, -4.08534996, -3.98268563, -3.9887654
, -4.10526441, -4.10841682, -4.10096892, -4.0887655 , -4.00166524, -3.99779908,
 -3.85094199, -3.84346867, -4.03243746, -4.03807119, -4.03285093, -4.03779436,
 -3.99962263, -4.00066838, -4.06218606, -4.07793726, -4.08804717, -4.09020139,
 -4.04923798, -4.059059  , -4.04450575, -4.05001523, -3.98245472, -3.99147151,
 -4.03937837, -4.03350221, -4.05113987, -4.05609581, -3.95071127, -3.94524671,
 -3.99522589, -4.00055539, -4.10106042, -4.0895461 , -4.09391836, -4.09101231,
 -4.07848376, -4.0626668 , -4.03396856, -4.03962447, -3.95180458, -3.94572911,
 -4.03435596, -4.03950611, -4.05010656, -4.0595622 , -4.08948562, -4.08227162,
 -4.08934639, -4.08251547, -4.10858474, -4.1072521 , -4.00514052, -3.98747412,
 -4.01185411, -4.00888348, -4.09354403, -4.07149911, -4.00920395, -4.01187377,
 -4.08611434, -4.08745392, -4.04155094, -4.03338043, -4.05075313, -4.05970311,
 -3.96227945, -3.96791511, -4.0342037 , -4.04116547, -4.00147074, -4.00407049,
 -4.09060565, -4.08880619, -4.00531799, -3.98967244, -3.97854085, -3.98936923,
 -4.09317026, -4.09301928, -4.08397158, -4.0887952 , -4.08413545, -4.08871044,
 -3.99679416, -4.0033543 , -4.04360577, -4.0538532 , -3.94072378, -3.92729566,
 -4.07687246, -4.08432999, -3.99019468, -3.97916687, -4.07944598, -4.06420154,
 -3.99315395, -4.00382148, -4.03773003, -4.03843523, -3.85934278, -3.85216974,
 -4.09070858, -4.08900566, -4.08711957, -4.08755649, -4.09272161, -4.09950786,
 -4.03331853, -4.05607829, -3.9773789 , -3.97357357, -4.09217521, -4.10014017,
 -3.99333949, -4.00491931, -4.05591497, -4.03417922, -4.01165177, -4.01367257,
 -4.03778037, -4.0398312 , -4.00045192, -4.00262143, -3.97768582, -3.97446088,
 -4.09630405, -4.09232212, -4.03982665, -4.03818181, -4.01361496, -4.01253432,
 -4.0963165 , -4.09242181, -4.10686928, -4.10114297, -4.07448962, -4.09335556,
 -4.00282301, -4.00126738, -4.03458606, -4.04423966, -3.993074  , -3.98059908,
 -3.97464643, -3.97941947, -4.04927869, -4.0468541 , -4.09998375, -4.09275712,
 -3.99253089, -3.98188018, -3.9748489 , -3.96334691, -4.07993373, -4.06554394,
 -4.09294034, -4.10010505, -4.07958891, -4.06626672, -4.0562667 , -4.07464755,
 -4.07811684, -4.08534496, -4.09307933, -4.07572056, -4.01486727, -4.01346494,
 -3.99532042, -3.99982336, -4.07450842, -4.05685658, -4.10434371, -4.1105782
, -4.05271982, -4.06201441, -3.98099456, -3.9754962 , -4.04094012, -4.0399657
, -4.00402691, -4.00304784, -4.04097964, -4.04011243, -3.95886273, -3.95343574,
 -4.05740547, -4.03636909, -3.94455194, -3.93490039, -4.11033027, -4.10655726,
 -3.86143993, -3.86386858, -4.0087531 , -4.00525485, -4.0375935 , -4.056854
 ,-3.99551942, -3.98216025, -3.93512884, -3.94541358, -4.04511557, -4.03646952,
 -4.09094908, -4.09072918, -4.05670854, -4.0383213 , -3.99976832, -3.9895637
, -4.06202938, -4.05401078, -4.04687478, -4.05196309, -3.99077703, -3.99904038,
 -4.07406413, -4.05945253, -4.0774816 , -4.0868738 , -3.9347246 , -3.94777935,
 -4.07471229, -4.09490671, -3.9613104 , -3.95426718, -4.05437347, -4.0621974
, -4.09541289, -4.09323495, -4.0398427 , -4.04376993, -4.0782917 , -4.08666149,
 -4.00653833, -4.00394915, -4.09550541, -4.09333322, -4.01539633, -4.01711377,
 -4.11012025, -4.10557454, -3.97636412, -3.96948938, -3.98187617, -3.97967407,
 -3.95633717, -3.96111644, -3.9757713 , -3.97059678, -4.00351349, -4.00793275,
 -4.05531323, -4.04924776, -4.04109591, -4.05644325, -3.99326171, -3.99964772,
 -4.06651664, -4.08142986, -4.09603955, -4.09295686, -4.01000578, -4.00802704,
 -4.04696544, -4.05369335, -4.09274259, -4.09004257, -4.10774435, -4.10969956,
 -4.08437549, -4.09169653, -4.0475135 , -4.05345961, -4.05324358, -4.04781995,
 -3.97649292, -3.9718561 , -4.04506824, -4.04054603, -4.00856903, -4.00462294,
 -4.05716517, -4.06042514, -4.05011179, -4.05573209, -3.98284345, -3.98148791,
 -3.97675643, -3.9724687 , -3.97646359, -3.97293432, -4.06741468, -4.08155894,
 -4.08124597, -4.06793406, -4.10790015, -4.10975389, -3.99981062, -3.98433143,
 -4.09260557, -4.09071234, -4.01067619, -4.0094507 , -4.06059633, -4.05780879,
 -4.00293626, -4.00126662, -4.07586173, -4.09563442, -4.08676826, -4.08005175,
 -4.0637848 , -4.05534253, -4.08987734, -4.08858294, -4.05830525, -4.04178878,
 -4.09596835, -4.09395604, -4.01318425, -3.998966  , -4.10617317, -4.11004609,
 -4.10780338, -4.1099642 , -4.01250426, -4.00007436, -3.98096295, -3.98620118,
 -4.10766625, -4.11013433, -4.09224432, -4.09132654, -4.01130093, -4.0106594
, -4.09223982, -4.09138332, -3.98859568, -3.99840922, -4.00313207, -3.99460974,
 -3.979494  , -3.97353545, -4.02111461, -4.01668848, -4.09714287, -4.09485555,
 -4.0761449 , -4.06075308, -4.04174245, -4.04689218, -4.09118567, -4.09266722,
 -4.09122539, -4.09265461, -4.11005873, -4.10789896, -4.00151727, -4.01285676,
 -4.08635395, -4.09127341, -4.00666034, -4.01087117, -4.05990956, -4.06002169,
 -4.11027205, -4.10771224, -4.05829279, -4.05008243, -4.09505652, -4.09558637,
 -4.10186427, -4.09372326, -4.09387992, -4.1017787 , -4.10169589, -4.0940317
, -3.98840582, -3.98178707, -4.06368216, -4.05756422, -3.98175118, -3.9736806
, -3.95474957, -3.94201631, -4.06097904, -4.05967751, -4.01305638, -4.00267888,
 -4.0421537 , -4.06016723, -3.87156544, -3.87771925, -4.09799088, -4.09458661,
 -4.00555498, -4.00344127, -4.00861315, -4.0107556 , -4.0922966 , -4.08597128,
 -4.00013641, -3.99041959, -4.09589874, -4.09518057]


1th energy:
[ 2.8570706,   3.04183985,  3.11554038,  3.41185885,  2.98352233,  3.15590384,
  1.94097162,  4.00892488,  2.6242346 ,  3.48081648,  3.48081648,  2.6242346
,  3.11554038,  3.41185885,  2.82291276,  3.16833504,  3.71707483,  2.34438963,
  3.47928231,  2.51057537,  2.82291276,  3.16833504,  2.56881919,  3.66016849,
  3.26069563,  2.95238409,  3.66016849,  2.56881919,  2.21277915,  3.42236959,
  3.41185885,  3.11554038,  2.56881919,  3.66016849,  3.363455  ,  3.03327536,
  2.96843604,  3.07061757,  2.56881919,  3.66016849,  2.95238409,  3.26069563,
  3.11554038,  3.41185885,  3.74811391,  2.32286348,  2.1464452 ,  3.18048123,
  3.84291504,  1.78588224,  3.44711697,  2.66487388,  1.68485707,  1.88391826,
  2.01967911,  1.2574282 ,  1.33496998,  1.12544428,  0.75387491,  1.14387646,
  0.99647793,  0.79829416,  0.43850812,  0.9803332 ,  0.11337203,  0.96089007,
 -0.10012183,  0.68565913, -0.04016814,  0.08610634,  0.23462274, -0.10407807,
  0.0855617 , -0.00405428,  0.23627463,  0.09844195, -0.15400338,  0.05451043,
 -0.29166981,  0.40852576, -0.34059511, -0.07738576, -0.21745303, -0.23300125,
 -0.14130359, -0.16559879, -0.22234467, -0.12071314, -0.15426379, -0.43403468,
 -0.37407101, -0.2377897 , -0.45018917, -0.22921094, -0.13905983, -0.39870465,
 -0.24834235, -0.38124954, -0.50122697, -0.3484335 , -0.51901371, -0.30166597,
 -0.44717724, -0.51095726, -0.01144208, -0.24377962, -0.50372511, -0.43397333,
 -0.49108171, -0.50152346, -0.50230702, -0.44111209, -0.50409043, -0.49273932,
 -0.3271029 , -0.53675011, -0.43714369, -0.59740006, -0.44160897, -0.49652928,
 -0.27651268, -0.74462487, -0.65839823, -0.43685469, -0.28264332, -0.62337774,
 -0.4145962 , -0.35580264, -0.38974384, -0.38488983, -0.53570566, -0.4687809
, -0.79632923, -0.47646199, -0.6872905 , -0.49247697, -0.52032612, -0.89514089,
 -0.70759067, -0.81980684, -0.60990834, -0.93166807, -0.5312779 , -0.85983851,
 -0.95411854, -0.73580457, -0.78326709, -0.83846095, -0.70409782, -0.95436396,
 -0.80360326, -0.79139322, -0.57777126, -0.72922759, -0.86755518, -0.94571472,
 -0.95196758, -0.80843591, -0.83529772, -0.70106009, -0.97559099, -0.8336226
, -0.92083096, -0.79560954, -0.82013543, -0.80356681, -0.80399021, -0.84702687,
 -0.81697673, -0.70910738, -0.75655943, -0.71505415, -0.78067133, -0.80735175,
 -0.94767068, -0.9524048 , -0.86514264, -0.96712879, -0.9443553 , -0.95967121,
 -0.88407567, -0.96278668, -0.95909689, -0.88602108, -0.87301643, -0.8706061
, -0.89604881, -0.95798497, -0.74858442, -0.76198482, -0.80769846, -0.83546269,
 -0.84362778, -0.87231106, -0.96428052, -0.95178168, -0.89275965, -0.96137221,
 -0.66648186, -0.82209134, -0.68880901, -0.64447517, -0.81718005, -0.8740875
, -0.90493711, -0.96686902, -0.80066264, -0.83180432, -0.88371692, -0.95515566,
 -0.95050703, -0.96123924, -0.80528739, -0.83298809, -0.78523638, -0.71912475,
 -0.94491573, -0.93236265, -0.86461734, -0.88474373, -0.86613265, -0.84718165,
 -0.78784376, -0.76489563, -0.79305186, -0.75598974, -0.85939381, -0.85892793,
 -0.97199593, -0.89636441, -0.96951258, -0.9800147 , -0.77824852, -0.74485484,
 -0.971335  , -0.91357625, -0.96166965, -0.92223763, -0.77743987, -0.79632022,
 -0.74205725, -0.73122426, -0.8929662 , -0.94812344, -0.74008667, -0.7360619
, -0.73796265, -0.73933393, -0.90154137, -0.94403088, -0.90657261, -0.94120553,
 -0.96354417, -0.92464156, -0.87056867, -0.86273728, -0.9285845 , -0.96111583,
 -0.86699238, -0.9078804 , -0.78201082, -0.79722912, -0.95933845, -0.96548767,
 -0.94991272, -0.94382073, -0.75933973, -0.79209758, -0.78320105, -0.78991816,
 -0.9480268 , -0.94608332, -0.79330024, -0.79879932, -0.94220729, -0.94658696,
 -0.96355813, -0.93067576, -0.94711326, -0.94814523, -0.69095522, -0.71481124,
 -0.97512711, -0.97302878, -0.95162557, -0.94442156, -0.87423596, -0.87793461,
 -0.95050998, -0.90750317, -0.898564  , -0.89760845, -0.71624961, -0.69600071,
 -0.94897396, -0.94119042, -0.94563609, -0.95197106, -0.96923594, -0.96575096,
 -0.76538052, -0.80183621, -0.94475308, -0.92837295, -0.72463318, -0.69386132,
 -0.98217327, -0.97969042, -0.96734378, -0.96923359, -0.85777973, -0.87902917,
 -0.94797361, -0.94392437, -0.87965767, -0.88031625, -0.94394451, -0.91656232,
 -0.83779252, -0.76510205, -0.74769776, -0.76667927, -0.98375332, -0.97732715,
 -0.87871552, -0.89739481, -0.95550831, -0.94798725, -0.93604384, -0.9630577
, -0.88557899, -0.87931676, -0.7997914 , -0.78290565, -0.80273796, -0.79702544,
 -0.93394213, -0.94453588, -0.97660348, -0.97477291, -0.97677665, -0.98508456,
 -0.98576797, -0.97799815, -0.9848901 , -0.97724506, -0.82847191, -0.78842279,
 -0.95873171, -0.94705618, -0.73864691, -0.69950594, -0.96830135, -0.96941051,
 -0.87862869, -0.89079822, -0.95115925, -0.95436406, -0.77271956, -0.75536355,
 -0.94932422, -0.9508084 , -0.90739298, -0.89198912, -0.85068297, -0.8373549
, -0.94098522, -0.96190114, -0.97131442, -0.97182813, -0.97987405, -0.9851348
, -0.97704193, -0.9756437 , -0.9447222 , -0.95025422, -0.95103678, -0.95044144,
 -0.8960925 , -0.88783264, -0.95646661, -0.94879891, -0.92390621, -0.95325684,
 -0.73155844, -0.71933069, -0.87230364, -0.88373544, -0.84973475, -0.84246885,
 -0.80987362, -0.7978099 , -0.84195641, -0.85103777, -0.9522572 , -0.94334532,
 -0.8433504 , -0.85056353, -0.95040433, -0.93307002, -0.95396444, -0.92497847,
 -0.95331401, -0.94998052, -0.94572716, -0.92617239, -0.95436533, -0.94921083,
 -0.81756716, -0.82110213, -0.98439684, -0.98045707, -0.88580617, -0.87759577,
 -0.84438091, -0.85263512, -0.94455216, -0.92857328, -0.77292303, -0.7729366
, -0.9557717 , -0.95265868, -0.73627801, -0.72603172, -0.95613559, -0.94835112,
 -0.87807462, -0.88728262, -0.89097008, -0.89005739, -0.82209856, -0.79613001,
 -0.94533182, -0.96237756, -0.81005562, -0.80090748, -0.90170583, -0.91128268,
 -0.89334641, -0.86945951, -0.81142151, -0.80062864, -0.81939311, -0.82568742,
 -0.87228779, -0.89192717, -0.93874444, -0.94848382, -0.97246454, -0.96949832,
 -0.98025702, -0.98523123, -0.77166414, -0.7816902 , -0.92987451, -0.94601993,
 -0.95639348, -0.94968532, -0.82312402, -0.82501025, -0.95614246, -0.95019664,
 -0.85587293, -0.84804866, -0.96418755, -0.94596383, -0.97139668, -0.97092
 ,-0.95231129, -0.95684252, -0.82405047, -0.80130563, -0.8938537 , -0.87405679,
 -0.89049932, -0.89596533, -0.97071201, -0.94913572, -0.88925066, -0.88232224,
 -0.97016042, -0.97263372, -0.95257681, -0.95982233, -0.97270463, -0.97500422,
 -0.89304935, -0.87694295, -0.88133709, -0.89136935, -0.81070729, -0.8165372
, -0.98068844, -0.98645585, -0.95299405, -0.9549851 , -0.95057285, -0.958571
 ,-0.96312076, -0.94924169, -0.84092918, -0.81128464, -0.8935131 , -0.90391947,
 -0.89342949, -0.87907809, -0.73494515, -0.75003079, -0.95471446, -0.95735612,
 -0.86326828, -0.84588788, -0.89951178, -0.89939088, -0.88422546, -0.88988561,
 -0.95593932, -0.95628629, -0.97174887, -0.97216745, -0.77374259, -0.79383392,
 -0.95664033, -0.95796929, -0.77820046, -0.79051429, -0.80917407, -0.82322139,
 -0.84645872, -0.81020797, -0.95285657, -0.96152591, -0.94554994, -0.95598079,
 -0.81834957, -0.81107178, -0.8188018 , -0.84042997, -0.97542614, -0.96866351,
 -0.82132728, -0.81300791, -0.98822846, -0.97923677, -0.95376922, -0.93572929,
 -0.97551498, -0.96882277, -0.95767298, -0.95278556, -0.91086879, -0.9094812
, -0.92948508, -0.95102752, -0.81691572, -0.81619384, -0.95332977, -0.96259677,
 -0.95034373, -0.93085288, -0.89742393, -0.90456473, -0.82850045, -0.83676947,
 -0.9370462 , -0.95442463, -0.96256672, -0.95371835, -0.97003681, -0.97487321,
 -0.89868093, -0.90404769, -0.82102634, -0.81505836, -0.95391779, -0.96038209,
 -0.89468563, -0.88544879, -0.97772334, -0.97840314, -0.90338873, -0.8934874
, -0.84367265, -0.82232203, -0.94663028, -0.95663791, -0.97986888, -0.98806109,
 -0.9568365 , -0.95536039, -0.89670842, -0.90724623, -0.95867193, -0.95675683,
 -0.9399406 , -0.95327008, -0.97832221, -0.97784476, -0.84150683, -0.82707203,
 -0.82510066, -0.8173093 , -0.95876573, -0.95335294, -0.97775735, -0.9674737
, -0.82479881, -0.81599176, -0.81854725, -0.82535259, -0.9677661 , -0.95871313,
 -0.95323461, -0.95922088, -0.82380598, -0.81808677, -0.9701661 , -0.97638067,
 -0.96909535, -0.97667839, -0.92333105, -0.90195189, -0.95572553, -0.95749798,
 -0.95929211, -0.95724037, -0.89459213, -0.8893367 , -0.97294875, -0.97858672,
 -0.76460537, -0.74397377, -0.89490457, -0.90579934, -0.9575486 , -0.95788316,
 -0.95651816, -0.96006809, -0.95997795, -0.95668111, -0.90538488, -0.89594789,
 -0.95757887, -0.95794907, -0.97757496, -0.97949274, -0.85462868, -0.86870282,
 -0.82598894, -0.82010849, -0.91735498, -0.90962111, -0.92201171, -0.90578786,
 -0.96402626, -0.95473093, -0.95010648, -0.94685779, -0.94925233, -0.93720142,
 -0.96242465, -0.95565255, -0.98245704, -0.98662885, -0.90395866, -0.89944997,
 -0.76353904, -0.75096001, -0.97176397, -0.97488194, -0.96276721, -0.95551471,
 -0.94862801, -0.93838231, -0.90937475, -0.9193282 , -0.82043512, -0.82913098,
 -0.95397765, -0.96304356, -0.95720732, -0.95903426, -0.95646664, -0.96224054,
 -0.95526177, -0.94199152, -0.95888214, -0.95742716, -0.96104932, -0.95424206,
 -0.98223235, -0.98663636, -0.94602279, -0.96004111, -0.91041815, -0.91917078,
 -0.90773295, -0.92259796, -0.83626414, -0.81717688, -0.97410245, -0.97878648,
 -0.96212121, -0.95713665, -0.95538538, -0.96028192, -0.97975606, -0.97792445,
 -0.96993264, -0.97725113, -0.96091688, -0.95803473, -0.90068755, -0.91127835,
 -0.83116248, -0.84956534, -0.77149046, -0.75074051, -0.88990359, -0.90168653,
 -0.95979668, -0.96932328, -0.90453915, -0.90817028, -0.82696548, -0.82976696,
 -0.9813546 , -0.98779963, -0.98146244, -0.98774915, -0.95657049, -0.96449256,
 -0.98752028, -0.98152735, -0.98162861, -0.98747258, -0.81826858, -0.83880582,
 -0.90431162, -0.90932934, -0.95990028, -0.94771789, -0.92631921, -0.90605298,
 -0.95955896, -0.95714413, -0.95988234, -0.96972537, -0.95439159, -0.9618003
, -0.96231088, -0.95689091, -0.90383512, -0.91062431, -0.95604684, -0.94270059,
 -0.83073405, -0.82938481, -0.85700734, -0.8751977 , -0.96017242, -0.94798783,
 -0.839132  , -0.84749906, -0.83226745, -0.82859738, -0.82204434, -0.8386493
, -0.83678138, -0.82443402, -0.97734219, -0.97151555, -0.95036938, -0.95874977,
 -0.97404427, -0.97954769, -0.97891705, -0.97976099, -0.8359069 , -0.85011989,
 -0.98904881, -0.98057757, -0.96118545, -0.95600552, -0.98906655, -0.98062638,
 -0.82792861, -0.83518499, -0.96098113, -0.9594389 , -0.81576113, -0.78944863,
 -0.9250093 , -0.91055691, -0.81129035, -0.79503466, -0.95905336, -0.95067672,
 -0.83115692, -0.8295234 , -0.94457568, -0.95499282, -0.89755397, -0.89850148,
 -0.95758334, -0.96183699, -0.97174996, -0.95849864, -0.97795818, -0.97060365,
 -0.95523264, -0.96679892, -0.83430723, -0.85455509, -0.97793884, -0.97135699,
 -0.95984311, -0.9709381 , -0.96320185, -0.95886475, -0.83275506, -0.83303049,
 -0.97424095, -0.98007838, -0.95826879, -0.96180639, -0.97444654, -0.97996461,
 -0.91393271, -0.92194426, -0.98813757, -0.98184286, -0.8139252 , -0.79623683,
 -0.95964919, -0.97149175, -0.91282949, -0.92464911, -0.98770084, -0.9829841
, -0.86279832, -0.87612127, -0.98352486, -0.98731621, -0.97783709, -0.98165587,
 -0.91449567, -0.92375675, -0.94580947, -0.95529097, -0.96543464, -0.95243947,
 -0.95885203, -0.96357663, -0.90316838, -0.91592996, -0.9757291 , -0.9791791,
 -0.82610496, -0.84244457, -0.97173547, -0.95986059, -0.97831698, -0.97090571,
 -0.97783111, -0.97218805, -0.97166762, -0.96013084, -0.96291868, -0.95985751,
 -0.95931507, -0.96155425, -0.95065973, -0.96041546, -0.95570288, -0.96758262,
 -0.94077218, -0.95216126, -0.96309234, -0.9591519 , -0.9830356 , -0.98792643,
 -0.96034226, -0.97175878, -0.9592475 , -0.96312976, -0.96765581, -0.95589889,
 -0.9094753 , -0.90592985, -0.97142806, -0.97818465, -0.95921206, -0.96328537,
 -0.98794971, -0.98312941, -0.97774058, -0.9726694 , -0.97567757, -0.97964369,
 -0.98132932, -0.9787254 , -0.92437648, -0.91468112, -0.9598821 , -0.96336921,
 -0.97969773, -0.97573808, -0.76421471, -0.78135618, -0.85126987, -0.84674622,
 -0.76782206, -0.77844187, -0.96548879, -0.95885921, -0.98367977, -0.98714836,
 -0.95456211, -0.96504058, -0.8604504 , -0.83680616, -0.77886834, -0.76840674,
 -0.95833513, -0.96195313, -0.96187746, -0.95846434, -0.95872467, -0.94424859,
 -0.90605302, -0.89663518, -0.83472157, -0.83970323, -0.77832724, -0.77033081,
 -0.91392471, -0.90331921, -0.90650892, -0.89567977, -0.9766457 , -0.97457336,
 -0.96250292, -0.94960276, -0.98308301, -0.9878338 , -0.94485042, -0.95854178,
 -0.85286089, -0.84793896, -0.83494325, -0.84090884, -0.89743152, -0.90547471,
 -0.97678399, -0.97925527, -0.95578564, -0.96459085, -0.8029477 , -0.81861112,
 -0.97334359, -0.97725573, -0.96524565, -0.95526257, -0.96105737, -0.96164655,
 -0.90935543, -0.91484262, -0.91259745, -0.90597935, -0.96300287, -0.95820403,
 -0.80537622, -0.81746787, -0.96627509, -0.95926909, -0.95935586, -0.96455975,
 -0.96444635, -0.95952259, -0.97383006, -0.97693979, -0.96576798, -0.95524541,
 -0.95560482, -0.96555024, -0.9179236 , -0.92440311, -0.94195207, -0.95373888,
 -0.98180929, -0.97894026, -0.83575011, -0.84345807, -0.84063517, -0.86143757,
 -0.9099086 , -0.91532054, -0.96701977, -0.9593583 ]


2th energy: 
[4.36988525, 3.83390883, 3.97803095, 4.38570065, 4.20646383, 3.85954229,
 3.36434906, 4.31292007, 3.89942884, 3.98756611, 5.24343276, 3.20694186,
 3.90668265, 4.21907313, 4.21907313, 3.90668265, 4.20646383, 3.85954229,
 3.92583729, 4.21101691, 3.90668265, 4.21907313, 3.09723223, 4.74716733,
 3.85874047, 4.38435879, 4.30873114, 4.00952101, 5.24343276, 3.20694186,
 4.38191367, 3.89232608, 4.21907313, 3.90668265, 3.89274284, 4.04744739,
 4.3920417 , 3.51802205, 3.92340561, 4.14001051, 3.78672499, 4.36714864,
 3.90668265, 4.21907313, 4.38435879, 3.85874047, 4.17428523, 3.67307218,
 3.89274284, 4.04744739, 4.14001051, 3.92340561, 4.28608784, 3.54231018,
 3.52052811, 3.477992  , 3.49452092, 3.65632283, 3.33022405, 3.58725233,
 3.02026131, 3.70811545, 2.72205151, 3.09018141, 2.41418954, 3.05186667,
 2.1855405 , 2.57631   , 1.8835797 , 2.60452822, 2.2339005 , 1.81856394,
 1.85359113, 2.17468251, 2.09680801, 2.04225132, 1.98115355, 1.6920873
, 1.5741375 , 1.87126088, 2.22381513, 1.34179996, 1.338169  , 1.38602612,
 1.40373612, 1.73736374, 1.72152846, 1.13675844, 1.10699458, 1.48973217,
 1.2445333 , 1.16753244, 1.4083213 , 1.10269693, 1.05608948, 1.0292967
, 1.27472221, 1.04205622, 1.00925377, 1.02612891, 1.14064136, 1.21002952,
 1.01786761, 1.01864973, 1.01843479, 1.01781083, 1.1674709 , 1.1685333
, 1.00436288, 1.00464376, 1.14741431, 1.09659486, 1.01877745, 1.01493479,
 1.23985295, 1.2639742 , 1.01761026, 1.01477616, 1.30986   , 1.24608698,
 1.05648316, 1.07497483, 1.11766239, 1.12748958, 1.0687564 , 1.06125528,
 1.08148398, 1.07316061, 1.1172882 , 1.12256606, 1.28349095, 1.24985637,
 1.13944936, 1.16526855, 1.05140822, 1.07681787, 1.22229393, 1.25542127,
 1.06781993, 1.05685501, 1.04048617, 1.05139801, 1.06456503, 1.08594881,
 1.12698178, 1.10356828, 1.05050831, 1.03906644, 1.19127782, 1.18871561,
 1.18750336, 1.18227529, 1.18313814, 1.17172185, 1.06668231, 1.07482845,
 1.24944105, 1.25545109, 1.03953602, 1.04745703, 1.06887546, 1.09611842,
 1.02111717, 1.0093456 , 1.1064495 , 1.13408071, 1.12918408, 1.15467561,
 1.19565102, 1.22885213, 1.23707646, 1.25838582, 1.02100846, 1.02498197,
 1.00383274, 1.00034255, 1.00375213, 1.00039254, 1.06142619, 1.0765358
, 1.13606968, 1.161829  , 1.23246763, 1.20597469, 1.21622809, 1.21996343,
 1.1429805 , 1.13099216, 1.07355523, 1.08368293, 1.08729416, 1.06957139,
 1.10547895, 1.1026001 , 1.13898035, 1.15163687, 1.02017266, 1.00808267,
 1.0082417 , 1.01964909, 1.00809998, 1.0201099 , 1.04229489, 1.03831803,
 1.06509344, 1.0662436 , 1.09718211, 1.09915696, 1.03815908, 1.04175249,
 1.06581537, 1.06452036, 1.09704718, 1.1259042 , 1.13235408, 1.15027584,
 1.10214477, 1.07106867, 1.05813862, 1.07171657, 1.0989835 , 1.10181375,
 1.05222219, 1.0579985 , 1.11759154, 1.10150507, 1.06329613, 1.06541267,
 1.00293126, 1.00069378, 1.23546156, 1.22216667, 1.05931825, 1.05017087,
 1.00330008, 1.00039828, 1.2262227 , 1.22759731, 1.12597913, 1.10925977,
 1.10420053, 1.11126793, 1.09109307, 1.10791229, 1.09542436, 1.10001486,
 1.17347221, 1.14276006, 1.1662658 , 1.16363127, 1.08665261, 1.11056474,
 1.04588969, 1.03043707, 1.01447318, 1.01051353, 1.10550543, 1.08925098,
 1.07754859, 1.06634608, 1.05599227, 1.06867403, 1.14552458, 1.16238316,
 1.1313506 , 1.11950485, 1.09499774, 1.0678    , 1.05752445, 1.0768563
, 1.09429454, 1.09647508, 1.08719525, 1.09547704, 1.05964245, 1.0734154
, 1.09423585, 1.09532671, 1.06995534, 1.05615315, 1.07219969, 1.05980824,
 1.14038503, 1.16430368, 1.18955262, 1.17753515, 1.05834887, 1.04676154,
 1.06047021, 1.06990345, 1.06363814, 1.05645963, 1.12490175, 1.09904597,
 1.08855376, 1.06858311, 1.19149312, 1.1968323 , 1.0691546 , 1.05987666,
 1.00175151, 1.00140838, 1.18289766, 1.17886446, 1.06017083, 1.06801326,
 1.08422999, 1.09408146, 1.0014031 , 1.00158368, 1.19420659, 1.18973008,
 1.09862896, 1.1213065 , 1.08234489, 1.0950633 , 1.11790179, 1.10046849,
 1.11452734, 1.10288732, 1.13138516, 1.13816384, 1.13655128, 1.13249688,
 1.06594098, 1.08798373, 1.06047089, 1.05645039, 1.06895739, 1.05730306,
 1.06615475, 1.06839491, 1.0581715 , 1.067439  , 1.09337995, 1.08965764,
 1.10918533, 1.09024203, 1.17635091, 1.1768755 , 1.18002478, 1.19562093,
 1.02132789, 1.01783742, 1.0012542 , 1.00171962, 1.05127378, 1.04756209,
 1.12139038, 1.12010039, 1.12016035, 1.12098735, 1.11386711, 1.09893262,
 1.01615961, 1.00826875, 1.06488457, 1.05081752, 1.13330381, 1.11541443,
 1.06422852, 1.08610114, 1.06603192, 1.08321896, 1.13118627, 1.1302432
, 1.13025168, 1.13083981, 1.21896009, 1.19111222, 1.11568443, 1.09484412,
 1.05401079, 1.06929884, 1.11155002, 1.09768993, 1.21324864, 1.19411639,
 1.10985473, 1.12837412, 1.07171913, 1.05912171, 1.09436542, 1.11387196,
 1.14833506, 1.14942536, 1.0150505 , 1.00875779, 1.14687966, 1.14482423,
 1.08710623, 1.08822908, 1.05887635, 1.05387864, 1.06639559, 1.05471038,
 1.11105405, 1.09513039, 1.17907234, 1.18188101, 1.05898806, 1.05310916,
 1.11248706, 1.13012669, 1.0152738 , 1.00801878, 1.10512087, 1.08646079,
 1.01964091, 1.01737102, 1.03814113, 1.02986984, 1.09423734, 1.07933571,
 1.0375436 , 1.02992915, 1.00817125, 1.01470645, 1.05331075, 1.05778252,
 1.03714916, 1.02994054, 1.00790832, 1.01541609, 1.01717614, 1.01968293,
 1.14568201, 1.13075617, 1.13269741, 1.12007951, 1.13223271, 1.14333647,
 1.19596654, 1.19912477, 1.14058878, 1.14912896, 1.00214206, 1.00058942,
 1.04406125, 1.05052957, 1.12147773, 1.10858262, 1.18140784, 1.17142882,
 1.00083588, 1.00172745, 1.15639167, 1.17581378, 1.05716658, 1.06927285,
 1.11794192, 1.11107943, 1.11191258, 1.11675784, 1.16975111, 1.16069689,
 1.06241201, 1.06237786, 1.07577242, 1.09347127, 1.14487054, 1.14113709,
 1.062782  , 1.05444001, 1.04718   , 1.06564042, 1.14203223, 1.12924274,
 1.17094678, 1.17744668, 1.11184981, 1.10539223, 1.18277938, 1.20506562,
 1.01402449, 1.00823928, 1.05099044, 1.04224454, 1.06963653, 1.05489684,
 1.14193009, 1.12752771, 1.00176615, 1.00097508, 1.05361845, 1.06228845,
 1.20255499, 1.18231895, 1.06459123, 1.05850336, 1.09077892, 1.10550075,
 1.10963063, 1.1212049 , 1.01426659, 1.00795827, 1.13880337, 1.14254714,
 1.05301457, 1.06228446, 1.08490093, 1.08078515, 1.08440891, 1.081122
 ,1.1841629 , 1.19750709, 1.17653285, 1.16615607, 1.05329759, 1.0614115
, 1.05374789, 1.06071704, 1.12900227, 1.11418164, 1.06850502, 1.05418482,
 1.03503655, 1.02908181, 1.06293504, 1.05859104, 1.13583204, 1.13728202,
 1.00090355, 1.00162032, 1.16713586, 1.15316156, 1.10740983, 1.11372115,
 1.10276682, 1.10879058, 1.10340038, 1.10790387, 1.00752337, 1.01493673,
 1.08974352, 1.10241016, 1.01493168, 1.00747621, 1.08217971, 1.09752163,
 1.04864617, 1.05658571, 1.13835669, 1.13744368, 1.0081349 , 1.01325761,
 1.15517487, 1.16241338, 1.08072336, 1.08187786, 1.00090025, 1.00185565,
 1.06214222, 1.04639446, 1.13947279, 1.12154071, 1.05035909, 1.05392853,
 1.076478  , 1.05902056, 1.07544365, 1.08667414, 1.04925044, 1.06330511,
 1.13726558, 1.13114835, 1.09392643, 1.08374351, 1.1727972 , 1.16111293,
 1.09947186, 1.10916744, 1.04308092, 1.04563104, 1.04545947, 1.04317337,
 1.01285151, 1.00826183, 1.19104738, 1.17957015, 1.18837392, 1.181757
 ,1.03628078, 1.02622775, 1.10541117, 1.11682533, 1.050085  , 1.06144888,
 1.10569007, 1.10142815, 1.12257626, 1.11300844, 1.00057384, 1.00196571,
 1.00057418, 1.00196027, 1.03511486, 1.02685154, 1.00189452, 1.0006068
, 1.000636  , 1.00185889, 1.04828742, 1.05450229, 1.07656917, 1.0822757
, 1.13772362, 1.13166729, 1.00734794, 1.01430343, 1.17011288, 1.15867742,
 1.04681018, 1.05882851, 1.08278619, 1.07574058, 1.13813102, 1.11767331,
 1.04536733, 1.04205153, 1.03391884, 1.02750805, 1.05288974, 1.04867194,
 1.0454411 , 1.04184676, 1.00076182, 1.00166103, 1.0475852 , 1.0402267
, 1.09994937, 1.08616983, 1.18818133, 1.17534288, 1.04644273, 1.04056491,
 1.04998107, 1.05103316, 1.11151863, 1.10065347, 1.11009255, 1.10176005,
 1.10259551, 1.10898945, 1.01441701, 1.0070177 , 1.05914605, 1.04532114,
 1.060748  , 1.05528059, 1.05230135, 1.06412709, 1.10874899, 1.10230322,
 1.0516553 , 1.05682505, 1.0453864 , 1.04097778, 1.08469718, 1.09905231,
 1.1879589 , 1.17237704, 1.00073135, 1.00160706, 1.05766754, 1.05051124,
 1.0518016 , 1.04811869, 1.10496257, 1.1108131 , 1.10110575, 1.09988855,
 1.16441374, 1.15775668, 1.09454366, 1.07698372, 1.07261463, 1.07680469,
 1.0764002 , 1.07288436, 1.04646852, 1.05355149, 1.05090443, 1.04843489,
 1.04663442, 1.05320054, 1.05470991, 1.07512813, 1.10919035, 1.11867951,
 1.12966102, 1.12735401, 1.0471339 , 1.05226846, 1.05932989, 1.05469085,
 1.0549204 , 1.05899729, 1.1550355 , 1.14545442, 1.12781457, 1.12862788,
 1.15638389, 1.16287667, 1.15336862, 1.14644889, 1.05305833, 1.06088523,
 1.00789997, 1.01288855, 1.0509417 , 1.04765152, 1.11281297, 1.13401708,
 1.15647337, 1.1616516 , 1.04782115, 1.05092326, 1.00794335, 1.0123812
, 1.047952  , 1.05065346, 1.07021255, 1.08346131, 1.07641839, 1.07632092,
 1.12915201, 1.12962011, 1.0952183 , 1.10271552, 1.01260365, 1.00765302,
 1.00749983, 1.01315603, 1.00772017, 1.01243698, 1.03294322, 1.02618118,
 1.11607174, 1.12920092, 1.09546089, 1.08419083, 1.12706959, 1.1178359
, 1.12426983, 1.12892235, 1.12824606, 1.12480134, 1.00080602, 1.00168041,
 1.01499794, 1.01722615, 1.01717582, 1.01502446, 1.05520155, 1.05669745,
 1.08308943, 1.06893647, 1.01287029, 1.00761606, 1.01278531, 1.00764812,
 1.05612154, 1.0699752 , 1.14981906, 1.14432901, 1.00827973, 1.01167514,
 1.16685445, 1.1818736 , 1.06112876, 1.05057093, 1.00849467, 1.01140535,
 1.09592948, 1.11303222, 1.05539089, 1.04484576, 1.17792682, 1.16951283,
 1.08277436, 1.09488241, 1.00838997, 1.01156173, 1.04684122, 1.05839896,
 1.09751727, 1.11081094, 1.05265019, 1.05831136, 1.00787874, 1.01213506,
 1.13953422, 1.15252741, 1.02522164, 1.03282814, 1.09607693, 1.10690507,
 1.11004917, 1.09733488, 1.06955774, 1.07404298, 1.04705962, 1.04917782,
 1.00076861, 1.00162326, 1.04500768, 1.05132197, 1.08138835, 1.09439094,
 1.09308148, 1.08237202, 1.12546149, 1.11423426, 1.07192105, 1.0526007
, 1.06832121, 1.07478189, 1.04793566, 1.05626633, 1.03151389, 1.02581896,
 1.04849656, 1.05552518, 1.09284301, 1.08190683, 1.0458577 , 1.04965253,
 1.05815015, 1.05151427, 1.07255904, 1.07559952, 1.0973232 , 1.09441008,
 1.15698031, 1.15074385, 1.0522601 , 1.05717425, 1.05560602, 1.04303957,
 1.07834314, 1.06980516, 1.00155205, 1.00074558, 1.01478218, 1.01682976,
 1.15082176, 1.1559971 , 1.09300209, 1.08128864, 1.15248356, 1.15384421,
 1.07974573, 1.09380636, 1.04467555, 1.05065572, 1.07220775, 1.07488634,
 1.12351482, 1.11317698, 1.01299926, 1.00695119, 1.11495006, 1.10288488,
 1.04790845, 1.05503651, 1.12382514, 1.12112931, 1.0485365 , 1.04597013,
 1.00154393, 1.00073341, 1.07432731, 1.08823669, 1.12396318, 1.12052534,
 1.00730868, 1.01228849, 1.12267768, 1.11278012, 1.10962246, 1.12671995,
 1.09206148, 1.08048843, 1.01286118, 1.00711929, 1.0771442 , 1.06921357,
 1.13616472, 1.14897248, 1.00067943, 1.00169698, 1.01531405, 1.01588657,
 1.01531515, 1.0158696 , 1.0447548 , 1.03663154, 1.01522481, 1.01590618,
 1.09482939, 1.10261167, 1.10468909, 1.1106279 , 1.09255135, 1.09604995,
 1.05090457, 1.05651611, 1.12285826, 1.12401991, 1.03632377, 1.04486978,
 1.11038249, 1.12334802, 1.08124583, 1.08986341, 1.01577715, 1.01537408,
 1.07468664, 1.08584259, 1.04314267, 1.05341444, 1.14734885, 1.13535353,
 1.11091514, 1.12202122, 1.10873742, 1.12445858, 1.09476559, 1.10598955,
 1.04974011, 1.0571391 , 1.1226927 , 1.10986843, 1.03184485, 1.0242566
, 1.09552346, 1.09194889, 1.03992132, 1.03984522, 1.01566599, 1.01526671,
 1.04936491, 1.04365149, 1.08912785, 1.08111285, 1.09354244, 1.07736805,
 1.04411777, 1.04881053, 1.12250662, 1.10891599, 1.08044415, 1.08946104,
 1.00062706, 1.00172784, 1.07033109, 1.073794  , 1.12259197, 1.11758506,
 1.09222778, 1.07803378, 1.01582353, 1.01476772, 1.04480731, 1.04771234,
 1.02450625, 1.03095715, 1.06722006, 1.05244999, 1.00764989, 1.01149373,
 1.02432873, 1.03107123, 1.17120994, 1.16014963, 1.12183825, 1.10870666,
 1.16017968, 1.17079875, 1.05855165, 1.04752751, 1.07523993, 1.08313465,
 1.09208233, 1.10603651, 1.11765641, 1.12109859, 1.04907232, 1.04317504,
 1.0961149 , 1.08923364, 1.04320484, 1.0362861 , 1.12009635, 1.12194795,
 1.04579053, 1.0543231 , 1.13334431, 1.14396992]

3th energy:
[4.63140654, 6.31994505 ,5.49870929, 5.1499833, 5.41527394, 5.55812461,
 5.62013958, 5.2467242 , 6.16955891, 4.61625787,4.51743633, 6.72265416,
 4.98923102, 5.89702838, 5.03330634, 5.78196472,5.2467242 , 5.62013958,
 5.48868231, 5.13332617, 4.93120481, 5.91761609,4.69480679, 5.67359009,
 6.31994505, 4.63140654, 4.41156145, 6.59085394,5.61511723, 5.20870839,
 4.63140654, 6.31994505, 4.9446141 , 6.30154081,5.03330634, 5.78196472,
 5.61511723, 5.20870839, 5.59946817, 4.92863361,5.55163223, 5.2630303,
 5.57514412, 5.12061918, 6.72265416, 4.51743633,5.59603121, 5.74919303,
 5.59603121, 5.74919303, 5.13332617, 5.48868231,4.87322062, 5.54256358,
 5.01905508, 4.76077122, 5.21052239, 4.73240786,4.51955137, 4.87962544,
 5.34423631, 4.26343289, 4.59215848, 4.5122627 ,4.84589091, 4.20305525,
 4.33301687, 4.29223244, 4.41436954, 4.38563705,4.27649434, 4.21062044,
 4.29406839, 4.23467959, 4.20710538, 4.28538898,4.25086967, 4.2736495,
 4.32933664, 4.39829481, 4.33739677, 4.26731569,4.23367398, 4.21208267,
 4.2370021 , 4.19572003, 4.24336925, 4.19962557,4.29946096, 4.25669873,
 4.19316271, 4.22921035, 4.22042727, 4.21441587,4.38572351, 4.31855895,
 4.3769451 , 4.30159368, 4.24634043, 4.23160685,4.37541282, 4.31504602,
 4.30160878, 4.32004088, 4.35689772, 4.32509749,4.31864197, 4.29842775,
 4.21387645, 4.2155924 , 4.18826035, 4.24135811,4.23550724, 4.19614775,
 4.32118589, 4.34594131, 4.22958915, 4.19917354,4.29902814, 4.3860643,
 4.22805456, 4.2473136 , 4.22949687, 4.24543574,4.22943119, 4.21558685,
 4.22929008, 4.19808855, 4.18998684, 4.21853316,4.25079675, 4.29732498,
 4.23081906, 4.23453823, 4.31359084, 4.35271778,4.2162577 , 4.22262919,
 4.35750375, 4.36845685, 4.32150291, 4.30994025,4.17636031, 4.23582464,
 4.22960088, 4.25858838, 4.2169475 , 4.27611197,4.35808552, 4.35588804,
 4.30719435, 4.3169198 , 4.33598138, 4.27008465,4.18951207, 4.22041023,
 4.2352431 , 4.21820692, 4.25052333, 4.23284679,4.40812726, 4.37317847,
 4.2354047 , 4.2184799 , 4.26230863, 4.21794543,4.20351373, 4.17949725,
 4.35585782, 4.38544708, 4.20731798, 4.22066041,4.37840401, 4.39044109,
 4.16773285, 4.23157291, 4.23203254, 4.161731  ,4.23926184, 4.20913816,
 4.21634757, 4.23998401, 4.32682652, 4.29137221,4.18389641, 4.21473511,
 4.34965353, 4.36914978, 4.2196439 , 4.17799647,4.30747678, 4.31588343,
 4.17660445, 4.19380583, 4.22753383, 4.18872787,4.16666641, 4.19945531,
 4.31444958, 4.30454165, 4.23406071, 4.21472257,4.26111869, 4.30250722,
 4.21362905, 4.22891411, 4.22758416, 4.20682999,4.16582674, 4.22338277,
 4.19112073, 4.19794052, 4.34340706, 4.32617438,4.22799316, 4.21832449,
 4.18932366, 4.17446777, 4.29564031, 4.2579836 ,4.32463618, 4.34201429,
 4.20595828, 4.20906816, 4.21239172, 4.1642726 ,4.22322638, 4.22098498,
 4.17974163, 4.22620115, 4.32483423, 4.33594813,4.15589039, 4.21023523,
 4.18070208, 4.22313357, 4.3238611 , 4.33248494,4.18425567, 4.17130995,
 4.15501422, 4.21773714, 4.24849589, 4.26575528,4.32005399, 4.26104155,
 4.15653416, 4.21043731, 4.26368134, 4.24530064,4.17352475, 4.19119187,
 4.23536557, 4.22656395, 4.29388387, 4.28693121,4.19067105, 4.17357919,
 4.21092739, 4.15433183, 4.24452616, 4.25950874,4.16922985, 4.20832463,
 4.20113916, 4.20031222, 4.20063001, 4.22795076,4.20180745, 4.22625096,
 4.20924527, 4.22256013, 4.28553248, 4.29074422,4.23632411, 4.28138724,
 4.3267883 , 4.36012555, 4.21160288, 4.14904783,4.24715308, 4.31262351,
 4.1997968 , 4.20761303, 4.15093579, 4.20512496,4.2223851 , 4.20639638,
 4.19932536, 4.22370594, 4.16756719, 4.19219881,4.14680097, 4.19836766,
 4.25040133, 4.23572838, 4.19986811, 4.15544832,4.26540592, 4.25180537,
 4.22866726, 4.27166121, 4.20005801, 4.16567963,4.1510914 , 4.17393326,
 4.28266031, 4.22522399, 4.32210246, 4.34152577,4.18982347, 4.14846803,
 4.28708865, 4.27926017, 4.15684827, 4.20151891,4.17231308, 4.15646347,
 4.28385699, 4.28092575, 4.23419537, 4.24053019,4.14303654, 4.2036483,
 4.21482291, 4.20327955, 4.31694127, 4.33727664,4.18306207, 4.16436267,
 4.17466204, 4.20196974, 4.17929079, 4.21019241,4.17279978, 4.17189788,
 4.14891084, 4.16864461, 4.14686977, 4.18597713,4.21444751, 4.20306774,
 4.32063158, 4.32683552, 4.16915822, 4.1908135 ,4.17269884, 4.17099265,
 4.1837027 , 4.2072464 , 4.2263918 , 4.30384957,4.20720723, 4.17554238,
 4.15415447, 4.16708028, 4.22073345, 4.26928942,4.21478949, 4.20005817,
 4.18880847, 4.15389374, 4.15626212, 4.18813319,4.15682139, 4.18745369,
 4.21078438, 4.20486279, 4.14443501, 4.18134199,4.16057664, 4.17802423,
 4.19735547, 4.13859705, 4.23450505, 4.21197345,4.22982279, 4.19520647,
 4.17279642, 4.20046003, 4.25715172, 4.22487246,4.16786517, 4.18984104,
 4.22708074, 4.25377114, 4.15594048, 4.18987628,4.22714258, 4.28428601,
 4.1936897 , 4.18625962, 4.32868804, 4.2948438 ,4.29893204, 4.29038584,
 4.14031796, 4.18868805, 4.21570031, 4.19360239,4.19269256, 4.17086391,
 4.22573682, 4.21999723, 4.17743937, 4.15523083,4.16171351, 4.14132874,
 4.1862476 , 4.15260801, 4.19242681, 4.1700155 ,4.29444418, 4.28994286,
 4.29305959, 4.3224973 , 4.22513201, 4.27709761,4.19782805, 4.21238545,
 4.18341221, 4.1914499 , 4.27510309, 4.27029619,4.16603657, 4.18046184,
 4.26525471, 4.20500202, 4.17734427, 4.14933784,4.1990833 , 4.20992349,
 4.13808371, 4.18477967, 4.28618059, 4.27957042,4.17257989, 4.17431438,
 4.1632646 , 4.19445897, 4.19320473, 4.16376122,4.1934017 , 4.21376194,
 4.25851355, 4.20682095, 4.2151533 , 4.2189004 ,4.208552  , 4.23221056,
 4.2853892 , 4.27535254, 4.28436047, 4.25848579,4.29080798, 4.31014662,
 4.13909383, 4.15642044, 4.20911956, 4.19858571,4.17605285, 4.16830252,
 4.291862  , 4.30740541, 4.18749316, 4.18435248,4.18981822, 4.16691115,
 4.17941524, 4.16282397, 4.18368168, 4.1524257 ,4.15141882, 4.17147141,
 4.19786853, 4.20834022, 4.25039782, 4.2078743 ,4.16552715, 4.18972107,
 4.17591893, 4.16619782, 4.26815923, 4.28472509,4.13800726, 4.1544431,
 4.15061476, 4.1703485 , 4.30138998, 4.29094895,4.29198631, 4.29994667,
 4.19242991, 4.17367811, 4.18276241, 4.18706765,4.21232626, 4.23859713,
 4.16700445, 4.17426233, 4.2737437 , 4.2607259 ,4.1896318 , 4.17595903,
 4.18481641, 4.18467662, 4.17344102, 4.1675279 ,4.20335552, 4.23148098,
 4.16675202, 4.17397648, 4.20708307, 4.19397808,4.15398665, 4.17788404,
 4.16137156, 4.18629114, 4.1812917 , 4.15289299,4.15924138, 4.16024177,
 4.20399103, 4.19910062, 4.26833781, 4.26207664,4.16668428, 4.15125643,
 4.20489375, 4.19542238, 4.15853366, 4.16719861,4.22503257, 4.20939994,
 4.2652208 , 4.26361228, 4.1767623 , 4.15527548,4.13732328, 4.15194992,
 4.16718152, 4.15802408, 4.20084112, 4.20153172,4.26410626, 4.26344546,
 4.28657088, 4.27209988, 4.14414494, 4.15485859,4.13455329, 4.17968895,
 4.18119235, 4.21110201, 4.24573716, 4.20128048,4.1813267 , 4.20981538,
 4.18196932, 4.18390934, 4.20450462, 4.19338845,4.17868938, 4.15320758,
 4.16509202, 4.1711613 , 4.2236732 , 4.20900358,4.24983764, 4.24919213,
 4.17775437, 4.13388542, 4.20378137, 4.19327654,4.17535432, 4.15457078,
 4.15743461, 4.15758861, 4.17497357, 4.1549468 ,4.17159494, 4.15179076,
 4.17651546, 4.13347042, 4.18397487, 4.16187387,4.22143074, 4.21048784,
 4.21078496, 4.25759274, 4.16646018, 4.13292347,4.27413711, 4.27485108,
 4.13434127, 4.14958386, 4.15570618, 4.17376695,4.22420018, 4.19500257,
 4.1737489 , 4.15582928, 4.15409226, 4.17524043,4.16165498, 4.15617451,
 4.199231  , 4.19982367, 4.14398357, 4.16383914,4.26887075, 4.25479792,
 4.26753758, 4.25589228, 4.21214685, 4.25142906,4.16795496, 4.16393279,
 4.25265587, 4.23787626, 4.15141919, 4.16622003,4.25171652, 4.23841591,
 4.13355962, 4.14870871, 4.16278414, 4.1437197 ,4.17430851, 4.1531634,
 4.2733729 , 4.27030317, 4.17823705, 4.17617523,4.15335069, 4.1572416,
 4.19932581, 4.1985264 , 4.27269601, 4.27024573,4.19923718, 4.19844353,
 4.13347166, 4.1481908 , 4.18122625, 4.15194972,4.20251437, 4.17689947,
 4.18389961, 4.17692038, 4.27120602, 4.27019187,4.15372714, 4.15657671,
 4.23884997, 4.24787396, 4.13334268, 4.14784041,4.25322778, 4.26370784,
 4.183224  , 4.17705353, 4.15252917, 4.17359054,4.1545277 , 4.17196211,
 4.14140345, 4.14857062, 4.16099843, 4.14651593,4.15528922, 4.15915195,
 4.17670641, 4.20069879, 4.19968424, 4.17734599,4.18213144, 4.17718736,
 4.26450644, 4.29158583, 4.1542387 , 4.15540656,4.23784091, 4.24582464,
 4.16509026, 4.16381119, 4.24879254, 4.20677939,4.14741839, 4.1414911,
 4.17678499, 4.16364344, 4.18639926, 4.20502368,4.2146914 , 4.20636919,
 4.1539452 , 4.17083047, 4.14705738, 4.14136011,4.14505095, 4.16130409,
 4.2204183 , 4.18852077, 4.14749499, 4.14085912,4.15479511, 4.1576343,
 4.15757449, 4.15481316, 4.14739604, 4.14091171,4.2655087 , 4.24894109,
 4.15793724, 4.15458419, 4.15460687, 4.15786931,4.15102512, 4.17730415,
 4.24548294, 4.20661677, 4.20446383, 4.1957252 ,4.13102189, 4.16191214,
 4.26676072, 4.26575825, 4.19984882, 4.19439245,4.24527646, 4.23371238,
 4.1521322 , 4.17203904, 4.17215343, 4.17654644,4.21681845, 4.20856459,
 4.19009586, 4.23590232, 4.17109357, 4.17697836,4.15384997, 4.1700658,
 4.13116992, 4.16005633, 4.20379608, 4.2446017 ,4.20278185, 4.19370536,
 4.14446653, 4.15824555, 4.24726568, 4.255694  ,4.14437527, 4.15821048,
 4.17495027, 4.14928244, 4.26461924, 4.26361848,4.15805352, 4.14424566,
 4.16661006, 4.13192895, 4.20516904, 4.24068043,4.20784917, 4.20462821,
 4.18670127, 4.23530864, 4.14623118, 4.15913923,4.20916404, 4.20225147,
 4.17465677, 4.18165972, 4.21377518, 4.18564786,4.13984893, 4.15816437,
 4.2563612 , 4.28366526, 4.18848372, 4.20020015,4.24771455, 4.26091959,
 4.23450361, 4.23766121, 4.19994634, 4.19254068,4.21668212, 4.20669634,
 4.25745441, 4.28110516, 4.15062392, 4.15692854,4.18810494, 4.20954743,
 4.15361496, 4.1671929 , 4.13021745, 4.16662544,4.15814743, 4.13879123,
 4.15987225, 4.16229266, 4.14957182, 4.17059094,4.20540047, 4.21756637,
 4.15076082, 4.15254305, 4.18960566, 4.19788565,4.20775121, 4.18807883,
 4.18059452, 4.17416105, 4.23578947, 4.23340476,4.17009767, 4.14965263,
 4.14358071, 4.15527053, 4.16714532, 4.15495839,4.25074588, 4.25300997,
 4.2167866 , 4.20538303, 4.25520327, 4.26572433,4.19661422, 4.19433767,
 4.2349531 , 4.23300553, 4.13055819, 4.15613046,4.15907154, 4.14294644,
 4.16540712, 4.12999512, 4.24052563, 4.19821158,4.16039797, 4.16018694,
 4.19830063, 4.18956642, 4.23125037, 4.23503621,4.15530609, 4.14961132,
 4.15521122, 4.14965025, 4.14479909, 4.13743824,4.16370817, 4.13044952,
 4.16986775, 4.14726296, 4.16743295, 4.15388079,4.1445391 , 4.13720893,
 4.16724566, 4.15403918, 4.15026848, 4.15073865,4.13834436, 4.15550755,
 4.19686164, 4.20588047, 4.16704174, 4.15428263,4.17211574, 4.18076921,
 4.2055608 , 4.19677519, 4.20514597, 4.19707763,4.1371414 , 4.14420087,
 4.25841378, 4.25739847, 4.15443871, 4.1493789 ,4.14136568, 4.12978782,
 4.19733998, 4.18788041, 4.14129429, 4.12977548,4.18031004, 4.17205554,
 4.1722104 , 4.18003948, 4.23398787, 4.22895048,4.15368313, 4.16582076,
 4.18831118, 4.19650664, 4.25111092, 4.27530994,4.20602865, 4.19485083,
 4.23674151, 4.24803486, 4.15474408, 4.12942836,4.18322659, 4.20586735,
 4.14067358, 4.12970953, 4.16474867, 4.15228194,4.1296333 , 4.16258381,
 4.15888904, 4.15945778, 4.19410413, 4.20499398,4.12929995, 4.15407186,
 4.25329754, 4.25898413, 4.23420525, 4.19707754,4.13014203, 4.16087335,
 4.24972579, 4.24879675, 4.1537769 , 4.13737269,4.17038914, 4.15837589,
 4.15274174, 4.16662238, 4.20553483, 4.18052277,4.18690303, 4.19687113,
 4.1536321 , 4.12870504, 4.15734441, 4.17090705,4.24887095, 4.24890797,
 4.17938491, 4.17147335, 4.1577889 , 4.15929906,4.20569544, 4.21305361,
 4.20597682, 4.21268372, 4.13620708, 4.1426591 ,4.12886113, 4.13981426,
 4.16726978, 4.18835084, 4.19394781, 4.19314303,4.15228115, 4.14825547,
 4.15117243, 4.16433595, 4.14915717, 4.1492615 ,4.24769435, 4.24894961,
 4.18606532, 4.19694396, 4.14140412, 4.15316261,4.14146878, 4.15303019,
 4.14227674, 4.13621111, 4.23186927, 4.2247769 ,4.21273196, 4.20516379,
 4.15228505, 4.14088828, 4.15279048, 4.13695903,4.18014587, 4.20308743,
 4.18395451, 4.22107092, 4.14290842, 4.13538358,4.1814445 , 4.20063497,
 4.22766314, 4.22775063, 4.18192262, 4.19981767]