Parameters: 
[array([0., 0., 0., 0., 0., 0.]), array([ 0. ,  0. , -0.2, -0.2, -0.2, -0.2]), array([ 0.00156828,  0.03878448, -0.46054338, -0.43495515, -0.47155246,
       -0.46054338]), array([ 0.01109304,  0.11216043, -0.7324871 , -0.69075572, -0.78510044,
       -0.7200761 ]), array([ 0.04924115,  0.16265325, -0.91825697, -0.92868713, -1.0388302 ,
       -0.87108734]), array([ 0.11499227,  0.14404957, -0.99923712, -1.11606298, -1.18105623,
       -0.90690946]), array([ 0.18318725,  0.07939293, -1.02934966, -1.26175474, -1.25702693,
       -0.89469047]), array([ 2.39085759e-01, -1.07257483e-03, -1.04210003e+00, -1.37985980e+00,
       -1.30560649e+00, -8.72043108e-01]), array([ 0.27939908, -0.08154026, -1.04990472, -1.47581225, -1.34255457,
       -0.85153305]), array([ 0.30578499, -0.15527233, -1.05660498, -1.55206152, -1.37343301,
       -0.83602128]), array([ 0.32152436, -0.22009394, -1.06297886, -1.61120431, -1.40039974,
       -0.8251572 ]), array([ 0.32995826, -0.2759993 , -1.06887698, -1.65626812, -1.42455215,
       -0.81778322]), array([ 0.33380884, -0.32388228, -1.07402037, -1.69021909, -1.44659835,
       -0.81275751]), array([ 0.3350243 , -0.36489416, -1.0782448 , -1.71559696, -1.46703752,
       -0.8091804 ]), array([ 0.33488273, -0.40015521, -1.08152619, -1.7344069 , -1.48622425,
       -0.80640915]), array([ 0.33417137, -0.43064861, -1.08393881, -1.74816547, -1.50440865,
       -0.80400999]), array([ 0.33335093, -0.45719813, -1.08560767, -1.75799947, -1.52176769,
       -0.80170201]), array([ 0.33267766, -0.48047941, -1.08667357, -1.76474483, -1.53842906,
       -0.79931022]), array([ 0.33228477, -0.50104177, -1.08727223, -1.7690266 , -1.554488  ,
       -0.79673062]), array([ 0.33223347, -0.51933106, -1.08752385, -1.77131831, -1.5700185 ,
       -0.79390578]), array([ 0.33254378, -0.53570987, -1.08752929, -1.77198402, -1.58508051,
       -0.79080832]), array([ 0.33321282, -0.55047435, -1.08736992, -1.77130778, -1.59972442,
       -0.78742991]), array([ 0.33422538, -0.56386767, -1.08710932, -1.76951421, -1.61399388,
       -0.78377408]), array([ 0.33556013, -0.57609061, -1.08679568, -1.76678307, -1.62792748,
       -0.77985154]), array([ 0.33719318, -0.58730994, -1.0864644 , -1.76325967, -1.64155984,
       -0.77567707]), array([ 0.33910007, -0.59766489, -1.08614049, -1.75906249, -1.65492227,
       -0.77126761]), array([ 0.34125696, -0.60727232, -1.08584068, -1.75428881, -1.66804322,
       -0.76664097]), array([ 0.34364123, -0.61623071, -1.08557521, -1.74901896, -1.6809486 ,
       -0.76181499]), array([ 0.34623177, -0.62462342, -1.08534937, -1.74331964, -1.69366198,
       -0.75680708]), array([ 0.34900911, -0.63252122, -1.08516468, -1.73724637, -1.70620483,
       -0.75163386]), array([ 0.35195548, -0.63998435, -1.08501989, -1.73084558, -1.7185966 ,
       -0.74631102]), array([ 0.3550547 , -0.64706423, -1.08491177, -1.72415616, -1.73085494,
       -0.74085317]), array([ 0.35829211, -0.6538048 , -1.08483569, -1.71721077, -1.74299578,
       -0.73527386]), array([ 0.3616545 , -0.66024368, -1.08478617, -1.71003689, -1.75503347,
       -0.72958551]), array([ 0.36512998, -0.66641309, -1.08475719, -1.70265764, -1.76698092,
       -0.72379951]), array([ 0.36870783, -0.67234062, -1.08474253, -1.69509254, -1.77884968,
       -0.71792617]), array([ 0.37237846, -0.67804993, -1.08473594, -1.68735807, -1.79065009,
       -0.71197485]), array([ 0.37613325, -0.68356129, -1.08473134, -1.67946814, -1.80239133,
       -0.70595395]), array([ 0.37996447, -0.68889203, -1.08472291, -1.67143455, -1.81408158,
       -0.69987101]), array([ 0.38386519, -0.69405698, -1.0847052 , -1.66326727, -1.82572806,
       -0.69373276]), array([ 0.38782919, -0.6990688 , -1.08467316, -1.65497481, -1.83733716,
       -0.68754513]), array([ 0.39185086, -0.70393829, -1.0846222 , -1.64656437, -1.84891448,
       -0.68131339]), array([ 0.39592519, -0.70867461, -1.08454816, -1.63804212, -1.86046492,
       -0.67504215]), array([ 0.40004763, -0.71328556, -1.08444739, -1.62941337, -1.87199275,
       -0.66873542]), array([ 0.40421408, -0.71777775, -1.08431667, -1.62068269, -1.88350168,
       -0.66239669]), array([ 0.40842083, -0.72215675, -1.08415326, -1.61185405, -1.89499488,
       -0.65602894]), array([ 0.41266449, -0.72642725, -1.08395484, -1.60293094, -1.90647508,
       -0.64963473]), array([ 0.41694197, -0.73059321, -1.0837195 , -1.59391645, -1.91794456,
       -0.64321622]), array([ 0.42125043, -0.73465794, -1.08344574, -1.58481337, -1.92940523,
       -0.63677521]), array([ 0.42558727, -0.73862422, -1.08313243, -1.57562425, -1.94085867,
       -0.63031322]), array([ 0.42995004, -0.74249438, -1.08277877, -1.56635146, -1.95230612,
       -0.62383147]), array([ 0.4343365 , -0.74627039, -1.0823843 , -1.55699722, -1.96374854,
       -0.61733098]), array([ 0.43874452, -0.74995391, -1.08194886, -1.5475637 , -1.97518663,
       -0.61081256]), array([ 0.44317208, -0.75354635, -1.08147255, -1.53805301, -1.98662085,
       -0.60427685]), array([ 0.4476173 , -0.75704896, -1.08095576, -1.52846724, -1.9980514 ,
       -0.59772438]), array([ 0.45207834, -0.76046281, -1.0803991 , -1.51880852, -2.00947832,
       -0.59115556]), array([ 0.45655347, -0.76378891, -1.07980338, -1.50907903, -2.0209014 ,
       -0.58457075]), array([ 0.461041  , -0.76702819, -1.07916965, -1.49928101, -2.03232027,
       -0.57797026]), array([ 0.4655393 , -0.77018158, -1.07849912, -1.48941679, -2.04373436,
       -0.57135435]), array([ 0.4700468 , -0.77324998, -1.0777932 , -1.47948885, -2.05514291,
       -0.56472333]), array([ 0.47456193, -0.77623438, -1.07705344, -1.46949974, -2.066545  ,
       -0.5580775 ]), array([ 0.47908321, -0.77913576, -1.07628154, -1.45945221, -2.07793954,
       -0.55141722]), array([ 0.48360916, -0.78195525, -1.07547937, -1.44934912, -2.08932524,
       -0.5447429 ]), array([ 0.48813835, -0.78469404, -1.07464889, -1.43919353, -2.10070066,
       -0.53805506]), array([ 0.49266937, -0.78735344, -1.07379221, -1.42898867, -2.11206417,
       -0.5313543 ]), array([ 0.49720086, -0.78993492, -1.07291154, -1.41873794, -2.12341397,
       -0.52464134]), array([ 0.50173149, -0.79244008, -1.07200921, -1.40844496, -2.13474808,
       -0.51791702]), array([ 0.50625997, -0.79487067, -1.07108764, -1.39811352, -2.14606433,
       -0.51118234]), array([ 0.51078508, -0.79722862, -1.07014934, -1.38774762, -2.15736037,
       -0.50443844]), array([ 0.5153056 , -0.79951604, -1.0691969 , -1.37735149, -2.16863367,
       -0.49768663]), array([ 0.51982042, -0.8017352 , -1.06823301, -1.36692951, -2.17988149,
       -0.4909284 ]), array([ 0.52432845, -0.80388857, -1.0672604 , -1.3564863 , -2.19110093,
       -0.48416541]), array([ 0.52882868, -0.80597879, -1.06628188, -1.34602667, -2.20228888,
       -0.47739951]), array([ 0.53332017, -0.80800869, -1.06530029, -1.3355556 , -2.21344206,
       -0.47063276]), array([ 0.53780206, -0.80998126, -1.06431852, -1.32507827, -2.224557  ,
       -0.46386738]), array([ 0.54227357, -0.81189968, -1.0633395 , -1.31460003, -2.23563005,
       -0.45710584]), array([ 0.546734  , -0.81376728, -1.06236615, -1.30412638, -2.24665739,
       -0.45035074]), array([ 0.55118274, -0.81558754, -1.06140141, -1.29366297, -2.25763503,
       -0.44360493]), array([ 0.55561928, -0.81736408, -1.06044821, -1.28321556, -2.26855883,
       -0.43687142]), array([ 0.5600432 , -0.81910063, -1.05950944, -1.27279002, -2.27942453,
       -0.43015341]), array([ 0.5644542 , -0.82080103, -1.05858797, -1.26239232, -2.29022772,
       -0.42345426]), array([ 0.56885204, -0.8224692 , -1.05768659, -1.25202846, -2.30096389,
       -0.4167775 ]), array([ 0.5732366 , -0.82410913, -1.05680802, -1.24170448, -2.31162845,
       -0.41012682]), array([ 0.57760787, -0.82572482, -1.05595489, -1.23142643, -2.32221674,
       -0.40350602]), array([ 0.5819659 , -0.82732029, -1.05512973, -1.22120033, -2.33272404,
       -0.39691902]), array([ 0.58631087, -0.82889957, -1.05433492, -1.21103214, -2.34314564,
       -0.39036986]), array([ 0.59064299, -0.8304666 , -1.05357272, -1.20092772, -2.35347682,
       -0.38386261]), array([ 0.59496261, -0.83202528, -1.05284522, -1.19089283, -2.36371289,
       -0.37740144]), array([ 0.5992701 , -0.8335794 , -1.05215433, -1.18093306, -2.37384924,
       -0.37099052]), array([ 0.60356592, -0.83513263, -1.05150176, -1.17105383, -2.38388134,
       -0.36463402]), array([ 0.60785056, -0.83668846, -1.05088905, -1.16126033, -2.39380477,
       -0.35833612]), array([ 0.61212456, -0.83825022, -1.0503175 , -1.15155752, -2.40361526,
       -0.35210092]), array([ 0.61638851, -0.83982103, -1.0497882 , -1.14195008, -2.41330874,
       -0.34593247]), array([ 0.62064298, -0.84140379, -1.04930201, -1.1324424 , -2.4228813 ,
       -0.33983471]), array([ 0.62488858, -0.84300114, -1.04885954, -1.12303857, -2.43232926,
       -0.33381146]), array([ 0.62912591, -0.84461546, -1.04846121, -1.11374231, -2.44164921,
       -0.3278664 ]), array([ 0.63335553, -0.84624886, -1.04810716, -1.104557  , -2.45083795,
       -0.32200304]), array([ 0.637578  , -0.84790315, -1.04779733, -1.09548569, -2.45989262,
       -0.3162247 ]), array([ 0.64179385, -0.84957986, -1.04753142, -1.08653101, -2.46881059,
       -0.31053449]), array([ 0.64600354, -0.85128018, -1.04730893, -1.07769523, -2.47758958,
       -0.30493529])]


Energy: 
[2.0, 1.0764745894781287, -0.3395853627482048, -1.7461650069327337, -2.4716099440428483, -2.7575387174486554, -2.9269176842993514, -3.0498805370279234, -3.137569250265763, -3.197508619011004, -3.2376046725057916, -3.26446036013689, -3.282755760057647, -3.2955412078035455, -3.3047424553145266, -3.311572486542482, -3.3168046466309433, -3.320940808142681, -3.324312921980649, -3.327144649702409, -3.32958932894602, -3.3317537840684848, -3.333713535424028, -3.335522688359942, -3.337220472977677, -3.3388356395204677, -3.340389458393701, -3.3418977979442612, -3.3433725834542116, -3.34482283486484, -3.3462554136470217, -3.347675566144338, -3.3490873226709583, -3.3504937931506715, -3.3518973877248337, -3.3532999823913094, -3.354703044000758, -3.3561077249546054, -3.357514935150785, -3.3589253967337385, -3.360339685775038, -3.361758263972101, -3.3631815026906384, -3.364609701112671, -3.3660430998316304, -3.3674818909201463, -3.368926225257378, -3.3703762177213257, -3.3718319507129886, -3.373293476373239, -3.3747608177718473, -3.3762339692856917, -3.3777128963353706, -3.3791975346129495, -3.380687788906082, -3.382183531603176, -3.383684600949272, -3.385190799111813, -3.386701890108366, -3.3882175976442372, -3.3897376029058894, -3.39126154235592, -3.3927890055764385, -3.394319533209887, -3.3958526150489883, -3.3973876883306877, -3.3989241362919254, -3.400461287047885, -3.4019984128554173, -3.403534729825523, -3.4050693981486337, -3.4066015228947046, -3.408130155446614, -3.4096542956196423, -3.4111728945118602, -3.4126848581198908, -3.414189051741608, -3.4156843051722445, -3.4171694186829202, -3.418643169751478, -3.4201043204950086, -3.4215516257321106, -3.422983841581775, -3.4243997344853208, -3.425798090519115, -3.4271777248498374, -3.428537491171484, -3.4298762909551677, -3.4311930823395005, -3.432486888491603, -3.4337568052765306, -3.435002008086296, -3.436221757698238, -3.4374154050556305, -3.4385823948902505, -3.439722268136168, -3.4408346631148286, -3.4419193155026098, -3.44297605712183, -3.444004813623775]