Parameters: 
[array([0., 0., 0., 0., 0., 0.]), array([ 0.        ,  0.        , -0.19999997, -0.19999997, -0.19999997,
       -0.19999997]), array([ 0.00156827,  0.03878447, -0.4605433 , -0.43495507, -0.47155238,
       -0.4605433 ]), array([ 0.01109303,  0.1121604 , -0.73248698, -0.6907556 , -0.7851003 ,
       -0.72007599]), array([ 0.04924112,  0.16265324, -0.91825688, -0.92868699, -1.03883007,
       -0.87108727]), array([ 0.11499221,  0.14404961, -0.99923708, -1.11606284, -1.18105615,
       -0.90690944]), array([ 0.18318719,  0.079393  , -1.02934964, -1.2617546 , -1.25702687,
       -0.89469048]), array([ 2.39085701e-01, -1.07247884e-03, -1.04210002e+00, -1.37985968e+00,
       -1.30560644e+00, -8.72043125e-01]), array([ 0.27939904, -0.08154015, -1.04990471, -1.47581213, -1.34255453,
       -0.85153306]), array([ 0.30578495, -0.15527223, -1.05660497, -1.55206141, -1.37343297,
       -0.83602129]), array([ 0.32152434, -0.22009383, -1.06297885, -1.61120421, -1.4003997 ,
       -0.82515721]), array([ 0.32995825, -0.2759992 , -1.06887697, -1.65626804, -1.42455211,
       -0.81778323]), array([ 0.33380883, -0.32388219, -1.07402036, -1.69021903, -1.44659831,
       -0.81275752]), array([ 0.3350243 , -0.36489408, -1.07824479, -1.7155969 , -1.46703748,
       -0.8091804 ]), array([ 0.33488274, -0.40015513, -1.08152618, -1.73440686, -1.48622421,
       -0.80640915]), array([ 0.33417137, -0.43064853, -1.0839388 , -1.74816543, -1.50440861,
       -0.80400999]), array([ 0.33335093, -0.45719806, -1.08560766, -1.75799945, -1.52176765,
       -0.80170202]), array([ 0.33267767, -0.48047934, -1.08667356, -1.76474481, -1.53842902,
       -0.79931023]), array([ 0.33228478, -0.50104171, -1.08727223, -1.76902658, -1.55448796,
       -0.79673062]), array([ 0.33223347, -0.519331  , -1.08752385, -1.7713183 , -1.57001846,
       -0.79390578]), array([ 0.33254379, -0.53570981, -1.08752929, -1.77198402, -1.58508046,
       -0.79080832]), array([ 0.33321282, -0.5504743 , -1.08736993, -1.77130778, -1.59972437,
       -0.78742991]), array([ 0.33422538, -0.56386762, -1.08710932, -1.76951422, -1.61399383,
       -0.78377409]), array([ 0.33556013, -0.57609057, -1.08679568, -1.76678308, -1.62792743,
       -0.77985155]), array([ 0.33719317, -0.5873099 , -1.0864644 , -1.76325968, -1.64155979,
       -0.77567708]), array([ 0.33910006, -0.59766485, -1.08614049, -1.7590625 , -1.65492222,
       -0.77126763]), array([ 0.34125696, -0.60727228, -1.08584068, -1.75428882, -1.66804317,
       -0.76664098]), array([ 0.34364122, -0.61623067, -1.08557521, -1.74901898, -1.68094854,
       -0.76181501]), array([ 0.34623176, -0.62462338, -1.08534938, -1.74331966, -1.69366193,
       -0.7568071 ]), array([ 0.3490091 , -0.63252118, -1.08516468, -1.73724639, -1.70620477,
       -0.75163388]), array([ 0.35195547, -0.63998431, -1.08501989, -1.7308456 , -1.71859654,
       -0.74631104]), array([ 0.35505468, -0.64706419, -1.08491177, -1.72415619, -1.73085488,
       -0.7408532 ]), array([ 0.3582921 , -0.65380477, -1.08483569, -1.71721081, -1.74299572,
       -0.73527388]), array([ 0.36165449, -0.66024365, -1.08478617, -1.71003692, -1.75503341,
       -0.72958554]), array([ 0.36512996, -0.66641305, -1.08475719, -1.70265768, -1.76698086,
       -0.72379953]), array([ 0.36870781, -0.67234059, -1.08474253, -1.69509258, -1.77884962,
       -0.7179262 ]), array([ 0.37237844, -0.6780499 , -1.08473594, -1.68735811, -1.79065002,
       -0.71197488]), array([ 0.37613323, -0.68356126, -1.08473134, -1.67946819, -1.80239126,
       -0.70595398]), array([ 0.37996445, -0.688892  , -1.08472291, -1.67143459, -1.81408151,
       -0.69987105]), array([ 0.38386517, -0.69405695, -1.0847052 , -1.66326732, -1.82572799,
       -0.69373279]), array([ 0.38782916, -0.69906877, -1.08467316, -1.65497486, -1.83733709,
       -0.68754517]), array([ 0.39185084, -0.70393826, -1.0846222 , -1.64656442, -1.84891441,
       -0.68131343]), array([ 0.39592516, -0.70867458, -1.08454816, -1.63804218, -1.86046484,
       -0.67504219]), array([ 0.4000476 , -0.71328553, -1.08444739, -1.62941343, -1.87199268,
       -0.66873546]), array([ 0.40421405, -0.71777772, -1.08431667, -1.62068275, -1.8835016 ,
       -0.66239673]), array([ 0.4084208 , -0.72215672, -1.08415326, -1.61185411, -1.8949948 ,
       -0.65602898]), array([ 0.41266446, -0.72642722, -1.08395484, -1.602931  , -1.906475  ,
       -0.64963477]), array([ 0.41694193, -0.73059318, -1.0837195 , -1.59391651, -1.91794447,
       -0.64321626]), array([ 0.4212504 , -0.73465791, -1.08344574, -1.58481344, -1.92940515,
       -0.63677526]), array([ 0.42558723, -0.73862419, -1.08313243, -1.57562432, -1.94085858,
       -0.63031327]), array([ 0.42995001, -0.74249435, -1.08277877, -1.56635153, -1.95230603,
       -0.62383152]), array([ 0.43433647, -0.74627036, -1.0823843 , -1.5569973 , -1.96374845,
       -0.61733104]), array([ 0.43874448, -0.74995388, -1.08194886, -1.54756378, -1.97518654,
       -0.61081261]), array([ 0.44317205, -0.75354632, -1.08147256, -1.53805308, -1.98662075,
       -0.6042769 ]), array([ 0.44761726, -0.75704893, -1.08095577, -1.52846732, -1.99805131,
       -0.59772443]), array([ 0.4520783 , -0.76046278, -1.0803991 , -1.5188086 , -2.00947822,
       -0.59115562]), array([ 0.45655343, -0.76378888, -1.07980338, -1.50907911, -2.0209013 ,
       -0.58457081]), array([ 0.46104096, -0.76702816, -1.07916965, -1.49928109, -2.03232017,
       -0.57797031]), array([ 0.46553926, -0.77018155, -1.07849913, -1.48941688, -2.04373425,
       -0.57135441]), array([ 0.47004675, -0.77324996, -1.07779321, -1.47948894, -2.0551428 ,
       -0.56472339]), array([ 0.47456189, -0.77623435, -1.07705344, -1.46949984, -2.06654489,
       -0.55807756]), array([ 0.47908317, -0.77913574, -1.07628155, -1.4594523 , -2.07793943,
       -0.55141728]), array([ 0.48360912, -0.78195522, -1.07547938, -1.44934922, -2.08932513,
       -0.54474297]), array([ 0.4881383 , -0.78469401, -1.0746489 , -1.43919363, -2.10070055,
       -0.53805513]), array([ 0.49266932, -0.78735342, -1.07379222, -1.42898877, -2.11206406,
       -0.53135437]), array([ 0.49720081, -0.7899349 , -1.07291155, -1.41873805, -2.12341386,
       -0.52464141]), array([ 0.50173144, -0.79244005, -1.07200922, -1.40844506, -2.13474796,
       -0.51791709]), array([ 0.50625993, -0.79487064, -1.07108765, -1.39811363, -2.14606421,
       -0.51118241]), array([ 0.51078503, -0.7972286 , -1.07014935, -1.38774774, -2.15736025,
       -0.50443852]), array([ 0.51530555, -0.79951601, -1.06919691, -1.3773516 , -2.16863354,
       -0.49768671]), array([ 0.51982037, -0.80173517, -1.06823302, -1.36692962, -2.17988136,
       -0.49092848]), array([ 0.5243284 , -0.80388854, -1.06726041, -1.35648642, -2.1911008 ,
       -0.48416548]), array([ 0.52882863, -0.80597876, -1.06628189, -1.34602679, -2.20228875,
       -0.47739959]), array([ 0.53332012, -0.80800866, -1.0653003 , -1.33555572, -2.21344193,
       -0.47063283]), array([ 0.53780201, -0.80998124, -1.06431853, -1.3250784 , -2.22455687,
       -0.46386746]), array([ 0.54227352, -0.81189966, -1.06333951, -1.31460016, -2.23562992,
       -0.45710592]), array([ 0.54673394, -0.81376726, -1.06236616, -1.30412651, -2.24665725,
       -0.45035082]), array([ 0.55118268, -0.81558752, -1.06140142, -1.2936631 , -2.25763489,
       -0.44360502]), array([ 0.55561922, -0.81736406, -1.06044822, -1.28321569, -2.2685587 ,
       -0.43687151]), array([ 0.56004315, -0.81910061, -1.05950946, -1.27279016, -2.27942439,
       -0.43015349]), array([ 0.56445414, -0.82080101, -1.05858798, -1.26239245, -2.29022758,
       -0.42345434]), array([ 0.56885198, -0.82246918, -1.0576866 , -1.25202859, -2.30096375,
       -0.41677759]), array([ 0.57323655, -0.82410911, -1.05680803, -1.24170462, -2.31162831,
       -0.41012691]), array([ 0.57760781, -0.82572479, -1.0559549 , -1.23142657, -2.3222166 ,
       -0.40350611]), array([ 0.58196585, -0.82732027, -1.05512974, -1.22120047, -2.3327239 ,
       -0.39691911]), array([ 0.58631081, -0.82889955, -1.05433493, -1.21103228, -2.3431455 ,
       -0.39036994]), array([ 0.59064294, -0.83046658, -1.05357273, -1.20092786, -2.35347668,
       -0.3838627 ]), array([ 0.59496255, -0.83202526, -1.05284523, -1.19089297, -2.36371275,
       -0.37740153]), array([ 0.59927004, -0.83357938, -1.05215434, -1.1809332 , -2.3738491 ,
       -0.37099061]), array([ 0.60356586, -0.8351326 , -1.05150177, -1.17105397, -2.38388119,
       -0.36463411]), array([ 0.6078505 , -0.83668843, -1.05088906, -1.16126047, -2.39380462,
       -0.35833621]), array([ 0.6121245 , -0.83825019, -1.05031751, -1.15155766, -2.40361512,
       -0.35210101]), array([ 0.61638845, -0.83982101, -1.04978821, -1.14195022, -2.4133086 ,
       -0.34593256]), array([ 0.62064292, -0.84140377, -1.04930201, -1.13244255, -2.42288116,
       -0.3398348 ]), array([ 0.62488852, -0.84300112, -1.04885955, -1.12303871, -2.43232912,
       -0.33381155]), array([ 0.62912584, -0.84461544, -1.04846122, -1.11374245, -2.44164906,
       -0.32786649]), array([ 0.63335546, -0.84624884, -1.04810717, -1.10455715, -2.45083781,
       -0.32200313]), array([ 0.63757794, -0.84790313, -1.04779734, -1.09548583, -2.45989248,
       -0.31622479]), array([ 0.64179378, -0.84957983, -1.04753143, -1.08653115, -2.46881045,
       -0.31053458]), array([ 0.64600347, -0.85128016, -1.04730894, -1.07769537, -2.47758944,
       -0.30493538])]


Energy: 
[2.0, 1.0764747607438478, -0.33958489986616164, -1.7461644841310704, -2.471609658532029, -2.757538545840152, -2.926917540735902, -3.0498804141241385, -3.13756915158108, -3.1975085437007236, -3.2376046163775123, -3.264460318394061, -3.2827557286711584, -3.295541183779853, -3.3047424365311824, -3.311572471511325, -3.3168046343035478, -3.320940797772267, -3.3243129130283426, -3.3271446417742316, -3.329589321750201, -3.3317537773863037, -3.33371352908965, -3.335522682246321, -3.3372204669865555, -3.3388356335751546, -3.340389452433862, -3.341897791922093, -3.3433725773315857, -3.3448228286111306, -3.346255407237474, -3.347675559558814, -3.3490873158929686, -3.350493786166585, -3.3518973805233108, -3.3532999749628054, -3.354703036337167, -3.356107717048969, -3.3575149269970437, -3.3589253883265675, -3.3603396771097107, -3.3617582550443363, -3.363181493496528, -3.364609691648644, -3.3660430900943616, -3.36748188090655, -3.3689262149645964, -3.3703762071466885, -3.371831939854028, -3.373293465227689, -3.374760806337655, -3.3762339575610403, -3.3777128843186826, -3.3791975223029347, -3.3806877763017606, -3.3821835187039047, -3.383684587754793, -3.3851907856222985, -3.3867018763244445, -3.388217583567056, -3.389737588537134, -3.391261527697899, -3.3927889906321367, -3.3943195179829933, -3.3958525995439492, -3.397387672552762, -3.3989241202472384, -3.400461270743466, -3.4019983962992555, -3.4035347130265956, -3.4050693811169364, -3.4066015056412806, -3.4081301379835747, -3.4096542779601626, -3.4111728766701783, -3.4126848401112926, -3.414189033582402, -3.4156842868797224, -3.4171694002752937, -3.4186431512477986, -3.4201043019150905, -3.4215516070964482, -3.422983822911401, -3.4243997158016795, -3.4257980718439525, -3.427177706205046, -3.4285374725789426, -3.4298762724365943, -3.4311930639162953, -3.432486870184699, -3.4337567871062236, -3.4350019900721276, -3.4362217398588335, -3.4374153874086, -3.4385823774520707, -3.4397222509220993, -3.440834646138821, -3.4419192987772744, -3.4429760406583774, -3.444004797432023]