Parameters: 
[array([0., 0., 0., 0., 0., 0., 0., 0., 0., 0., 0., 0., 0., 0.]), array([ 0.10907143, -0.10905143,  1.49062194, -0.29084193, -0.13315593,
       -0.50906476, -0.26673742, -0.10897144, -0.1333159 ,  0.50892478,
        0.29086192,  0.90893811, -0.10909142, -0.29084192]), array([ 0.20520848, -0.09239084,  1.53668798, -0.34269798, -0.1774723 ,
       -0.47413193, -0.13849814, -0.28843912,  0.03897945,  0.46538995,
        0.26302486,  0.62520165, -0.20385393, -0.21236646]), array([ 0.34450778, -0.40870684,  1.39338816, -0.31574033, -0.26572126,
       -0.22129749, -0.35793674, -0.09858724, -0.09140926,  0.57336975,
        0.78234616,  0.8791399 , -0.03175816, -0.06644303]), array([ 0.49698037, -0.44853057,  1.63412175, -0.22989714, -0.3031929 ,
       -0.18863547, -0.52949094, -0.17795208, -0.22551697,  0.68636987,
        0.70737121,  0.80763021,  0.08890737, -0.14680402]), array([ 0.35768705, -0.55831124,  1.62462182, -0.25856492, -0.19143008,
       -0.22769685, -0.38404292, -0.12515333, -0.19181584,  0.64835379,
        0.69731111,  1.00931685,  0.19918093, -0.14752075]), array([ 0.12623768, -0.58541092,  1.53538313, -0.12779002, -0.20036757,
       -0.36162258, -0.43184376, -0.04822552, -0.23060419,  0.51581139,
        0.84527836,  1.24695401,  0.22691749, -0.14912988]), array([ 0.18873465, -0.59516997,  1.63539566, -0.04044396, -0.1701021 ,
       -0.36050358, -0.40381321, -0.03471307, -0.24135212,  0.50763874,
        0.91100742,  1.28331704,  0.237783  , -0.147157  ]), array([ 0.28221595, -0.51188092,  1.65109323, -0.0561528 , -0.10696612,
       -0.38705459, -0.34346906, -0.02972838, -0.24361386,  0.48289348,
        0.9139497 ,  1.22894652,  0.1566674 , -0.14715115]), array([ 0.28612239, -0.53512431,  1.69815381, -0.00191871, -0.10584295,
       -0.37282299, -0.33642068, -0.00488297, -0.23652793,  0.49790238,
        0.93685671,  1.26061467,  0.17665844, -0.14696693]), array([ 0.28906296, -0.52579627,  1.68296769, -0.01325197, -0.10830399,
       -0.3864205 , -0.33676984, -0.02451258, -0.24135132,  0.47922033,
        0.95146943,  1.25418502,  0.16751601, -0.14589905]), array([ 0.285838  , -0.52930414,  1.69050899, -0.00786742, -0.10496236,
       -0.38419858, -0.33312509, -0.02403818, -0.24402409,  0.48439611,
        0.95005055,  1.25954657,  0.17523987, -0.14342736]), array([ 0.28762777, -0.52943151,  1.68959364, -0.00712505, -0.10426365,
       -0.3852622 , -0.32982831, -0.02167604, -0.24039962,  0.48301719,
        0.9516022 ,  1.25827297,  0.17324373, -0.14350472]), array([ 0.2895596 , -0.525647  ,  1.68805721, -0.00741545, -0.10772761,
       -0.38611498, -0.3325781 , -0.02349314, -0.24298269,  0.48390326,
        0.95310998,  1.25878656,  0.17497375, -0.14184587]), array([ 0.28920141, -0.52530657,  1.68598246, -0.010382  , -0.10657472,
       -0.38651739, -0.33187646, -0.02663458, -0.24253748,  0.48362366,
        0.95284644,  1.25578816,  0.17659019, -0.1404791 ]), array([ 0.28966337, -0.52413353,  1.68509718, -0.01210554, -0.10233735,
       -0.38794037, -0.33232832, -0.02603777, -0.24202671,  0.48630371,
        0.94889726,  1.25204526,  0.17573985, -0.14200384]), array([ 0.28942602, -0.52509674,  1.68750366, -0.01251889, -0.09858681,
       -0.38634837, -0.32877941, -0.02448174, -0.23952086,  0.49018223,
        0.94408412,  1.25144093,  0.17393975, -0.14365457]), array([ 0.28980689, -0.52314436,  1.69259841, -0.00931399, -0.09492736,
       -0.39342342, -0.32294859, -0.02630573, -0.24600811,  0.48825151,
        0.94916322,  1.25472908,  0.1744287 , -0.14012828]), array([ 0.29133811, -0.52339396,  1.69164287, -0.01303068, -0.09456298,
       -0.39002336, -0.32562357, -0.02549809, -0.24273626,  0.48926971,
        0.94574901,  1.25213365,  0.17386919, -0.14003605]), array([ 0.29284622, -0.52420327,  1.68938242, -0.01676621, -0.0982087 ,
       -0.38302426, -0.32731393, -0.02253602, -0.23704601,  0.49334641,
        0.94016783,  1.25406518,  0.17283745, -0.14185708]), array([ 0.29355547, -0.5235492 ,  1.69294008, -0.01390256, -0.0969639 ,
       -0.37960084, -0.31835361, -0.02645464, -0.23605666,  0.49677958,
        0.93826945,  1.25882386,  0.17233212, -0.14535263]), array([ 0.29170295, -0.52386143,  1.69218527, -0.01747482, -0.09082578,
       -0.37532513, -0.32112449, -0.02344174, -0.23500733,  0.50158161,
        0.92760482,  1.25265419,  0.17408596, -0.14443865]), array([ 0.28852986, -0.52359743,  1.69106933, -0.01281022, -0.09463059,
       -0.37866358, -0.3202921 , -0.02931827, -0.23702955,  0.49677261,
        0.93512158,  1.25425447,  0.17649646, -0.1435866 ]), array([ 0.28627803, -0.5248904 ,  1.68594808, -0.01522394, -0.09811126,
       -0.37224307, -0.31895338, -0.03514824, -0.22710644,  0.50288254,
        0.9286826 ,  1.25496962,  0.1735488 , -0.15233277]), array([ 0.28322225, -0.52624719,  1.68798374, -0.00884163, -0.09983349,
       -0.37028834, -0.31895529, -0.03156987, -0.22707628,  0.50071024,
        0.93235146,  1.25570014,  0.1758068 , -0.14994174]), array([ 0.2841958 , -0.52047235,  1.68223185, -0.01568077, -0.09472573,
       -0.37391397, -0.32061278, -0.03575977, -0.23244172,  0.51119145,
        0.92064522,  1.25369226,  0.17478264, -0.15607467]), array([ 0.28084001, -0.519913  ,  1.68243108, -0.01081063, -0.09618901,
       -0.36987467, -0.32536531, -0.03415198, -0.23258789,  0.51294845,
        0.91758115,  1.25138694,  0.17620287, -0.15480325]), array([ 0.27810452, -0.51304168,  1.67678735, -0.00714679, -0.09675024,
       -0.37822691, -0.32908883, -0.03657123, -0.24796046,  0.51763288,
        0.91601916,  1.25433171,  0.18370731, -0.15191482]), array([ 0.28232814, -0.50700604,  1.67826413, -0.0098129 , -0.09138717,
       -0.40050703, -0.30583778, -0.04648399, -0.26238622,  0.50900918,
        0.94210741,  1.26222739,  0.19673648, -0.14120579]), array([ 0.28739109, -0.50364948,  1.67367091, -0.01418357, -0.08954399,
       -0.40973525, -0.29682088, -0.0504505 , -0.26826765,  0.50605118,
        0.95104574,  1.26703586,  0.20027826, -0.13768928]), array([ 0.28746022, -0.49766064,  1.66653739, -0.02087738, -0.08099908,
       -0.41117478, -0.30069853, -0.06309082, -0.2726279 ,  0.52459601,
        0.92499585,  1.25633765,  0.1933365 , -0.15354469]), array([ 0.28474227, -0.49908434,  1.6628046 , -0.02036444, -0.08115809,
       -0.41226747, -0.29779169, -0.0647347 , -0.27092918,  0.51925341,
        0.93300786,  1.24930338,  0.19708035, -0.14964809]), array([ 0.27327896, -0.50184553,  1.66493153, -0.00647321, -0.08504876,
       -0.39838532, -0.3094302 , -0.05926296, -0.26766444,  0.5117883 ,
        0.93221251,  1.24672316,  0.20134997, -0.14580664]), array([ 0.27035788, -0.50078317,  1.66686179, -0.00218975, -0.08333058,
       -0.3973983 , -0.31151574, -0.05788214, -0.27123783,  0.51150227,
        0.93076455,  1.24827869,  0.20507407, -0.14233112]), array([ 0.27329321, -0.49592674,  1.65906386, -0.00680228, -0.08037186,
       -0.40582915, -0.30893443, -0.05841221, -0.2836616 ,  0.51651257,
        0.92837079,  1.24972491,  0.21167634, -0.13924119]), array([ 0.30514401, -0.48184876,  1.65844486, -0.02596259, -0.08102813,
       -0.43210855, -0.27851348, -0.04175506, -0.317637  ,  0.51612014,
        0.95978006,  1.27310418,  0.23520987, -0.10771733]), array([ 0.28511548, -0.48277908,  1.64640181, -0.01455873, -0.08068071,
       -0.42291476, -0.30075108, -0.05653443, -0.30822582,  0.51918801,
        0.93703375,  1.264399  ,  0.22594984, -0.12664302]), array([ 0.35352339, -0.45289835,  1.64853426, -0.05422974, -0.07751538,
       -0.47873834, -0.22980766, -0.01694885, -0.37900978,  0.52278045,
        0.99846869,  1.31718051,  0.2764452 , -0.06028223]), array([ 0.36336241, -0.44372997,  1.64410075, -0.06224604, -0.0708463 ,
       -0.48757332, -0.22675621, -0.01743798, -0.39544775,  0.53745675,
        0.9852509 ,  1.32553456,  0.28293283, -0.06024129]), array([ 0.35902041, -0.43477384,  1.6212636 , -0.06072943, -0.06152105,
       -0.49078435, -0.23435993, -0.03693188, -0.4086381 ,  0.55194772,
        0.95767494,  1.316801  ,  0.28273829, -0.07608252]), array([ 0.35324181, -0.43558823,  1.62162821, -0.05720964, -0.06765526,
       -0.49099907, -0.23604013, -0.02903708, -0.4067316 ,  0.54450589,
        0.97139873,  1.31793059,  0.2870006 , -0.06924362]), array([ 0.3526361 , -0.43379477,  1.61692777, -0.06212626, -0.06531255,
       -0.49420447, -0.23257573, -0.04102225, -0.40079836,  0.54372873,
        0.97186634,  1.31431854,  0.28286312, -0.0765761 ]), array([ 0.3702031 , -0.43226654,  1.63578352, -0.07898268, -0.0555041 ,
       -0.49775434, -0.24182826, -0.02430418, -0.41222877,  0.58250566,
        0.92621073,  1.34172681,  0.27319162, -0.08716351]), array([ 0.39463836, -0.42778882,  1.65688589, -0.09949148, -0.04534646,
       -0.50331631, -0.24320603, -0.01156005, -0.42500175,  0.61673922,
        0.88958081,  1.37105084,  0.26670626, -0.09394094]), array([ 0.36555492, -0.39020326,  1.4844397 , -0.08024359, -0.14776754,
       -0.56147242, -0.14010325, -0.14008665, -0.37732367,  0.39790542,
        1.23882627,  1.26595739,  0.3458156 , -0.03342968]), array([ 0.35629012, -0.40084504,  1.50729223, -0.07718514, -0.13299379,
       -0.55291346, -0.1523497 , -0.12735445, -0.37490678,  0.40872215,
        1.20719304,  1.26944131,  0.34456465, -0.0308919 ]), array([ 0.34601727, -0.40605843,  1.50984038, -0.0684986 , -0.13546461,
       -0.5472687 , -0.15979419, -0.12117806, -0.36720816,  0.40778526,
        1.20406029,  1.26490105,  0.34067725, -0.03133904]), array([ 0.32199128, -0.41896257,  1.52870754, -0.03818884, -0.12715077,
       -0.52341493, -0.173844  , -0.11026557, -0.35794608,  0.40794277,
        1.17819936,  1.25056615,  0.33336193, -0.02981248]), array([ 0.32963721, -0.41190724,  1.52030876, -0.04634603, -0.12605593,
       -0.52966151, -0.17049921, -0.11791463, -0.36197365,  0.41457806,
        1.17616629,  1.25220603,  0.33436251, -0.03662071]), array([ 0.33482512, -0.40849598,  1.52028903, -0.05572991, -0.1193448 ,
       -0.53551956, -0.16952648, -0.1221984 , -0.36722562,  0.42135108,
        1.16888049,  1.25310999,  0.33391459, -0.04219544]), array([ 0.30365783, -0.43573373,  1.54093465,  0.00480352, -0.1206759 ,
       -0.50389761, -0.17148666, -0.08672695, -0.34581368,  0.41327599,
        1.16094849,  1.21916252,  0.3385092 , -0.01638532]), array([ 0.32270136, -0.41872986,  1.52790184, -0.01839609, -0.12121958,
       -0.5211189 , -0.16157042, -0.10246718, -0.35981885,  0.41556888,
        1.1732582 ,  1.23156163,  0.34350053, -0.02457959]), array([ 0.33091925, -0.40648412,  1.51604887, -0.0444138 , -0.1117004 ,
       -0.5381573 , -0.16707142, -0.12488936, -0.37305326,  0.42081732,
        1.16791922,  1.24131208,  0.34430131, -0.03695786]), array([ 0.33209583, -0.4081948 ,  1.52906428, -0.04758226, -0.10441152,
       -0.53535853, -0.16985832, -0.12270741, -0.37050788,  0.42819774,
        1.15154284,  1.24782421,  0.34171008, -0.0389895 ]), array([ 0.32846873, -0.40503513,  1.51014254, -0.0327198 , -0.11471943,
       -0.53672238, -0.15402752, -0.11812915, -0.37153842,  0.41687246,
        1.17914801,  1.23234154,  0.35429432, -0.02809635]), array([ 0.33223492, -0.39503205,  1.50056663, -0.05415587, -0.11115141,
       -0.54932238, -0.16382082, -0.13500319, -0.38347716,  0.41860571,
        1.17657142,  1.24399434,  0.35840219, -0.03528019]), array([ 0.32790521, -0.40867331,  1.52494172, -0.05414461, -0.10495778,
       -0.54448095, -0.17587   , -0.12222223, -0.3671156 ,  0.43212019,
        1.14689113,  1.25046571,  0.33929492, -0.0396672 ]), array([ 0.33040741, -0.40951187,  1.53310759, -0.06446566, -0.09795671,
       -0.54593708, -0.181037  , -0.12236838, -0.36858689,  0.43820618,
        1.13417759,  1.25655848,  0.33690942, -0.04227448]), array([ 0.32850662, -0.4332106 ,  1.5583855 , -0.01401957, -0.1196988 ,
       -0.51275909, -0.15203337, -0.06810329, -0.32979321,  0.43732966,
        1.14775369,  1.23269602,  0.31977402, -0.0252677 ]), array([ 0.32798145, -0.44004874,  1.56080677,  0.0021791 , -0.13048393,
       -0.50295889, -0.14325032, -0.05257473, -0.31829082,  0.43593205,
        1.15756202,  1.22566968,  0.31245728, -0.02001129]), array([ 0.32578415, -0.44121255,  1.56062305,  0.00541743, -0.13019465,
       -0.50029142, -0.14292124, -0.05088937, -0.3192952 ,  0.4346086 ,
        1.15875723,  1.22292858,  0.31586477, -0.0177949 ]), array([ 0.32128543, -0.43915472,  1.56057004,  0.00573235, -0.12398146,
       -0.50057934, -0.14501701, -0.05165847, -0.32281701,  0.43427176,
        1.15554312,  1.22313021,  0.32518229, -0.01450861]), array([ 0.31883928, -0.43868   ,  1.55485174,  0.00166623, -0.1206568 ,
       -0.50420353, -0.15141687, -0.05658239, -0.32846575,  0.43273873,
        1.15333559,  1.22502886,  0.32970888, -0.01519023]), array([ 0.31481237, -0.42952023,  1.53719651, -0.00265262, -0.12065116,
       -0.51408094, -0.15267087, -0.07002598, -0.33707522,  0.42670077,
        1.16179989,  1.22489532,  0.33913722, -0.01693503]), array([ 0.32286519, -0.44405454,  1.5741257 ,  0.02016688, -0.12861311,
       -0.48961547, -0.14368032, -0.04304138, -0.31480001,  0.43967528,
        1.15059159,  1.22484678,  0.3154573 , -0.01275092]), array([ 3.23740212e-01, -4.69730062e-01,  1.63775325e+00,  5.27017974e-02,
       -1.29524721e-01, -4.52843539e-01, -1.32571462e-01,  6.78862469e-03,
       -2.75054313e-01,  4.57350586e-01,  1.12272631e+00,  1.21936631e+00,
        2.87031687e-01, -7.90666484e-04]), array([ 3.21920853e-01, -4.71405370e-01,  1.64081164e+00,  5.31840877e-02,
       -1.25485250e-01, -4.50010784e-01, -1.34834799e-01,  7.74311237e-03,
       -2.75064024e-01,  4.58168036e-01,  1.11760143e+00,  1.21886826e+00,
        2.88929499e-01,  3.15532866e-04]), array([ 0.31973621, -0.47444944,  1.64924059,  0.05591526, -0.12160897,
       -0.445512  , -0.13554814,  0.01466941, -0.27109632,  0.46059337,
        1.11072805,  1.21916383,  0.29185483,  0.00430812]), array([ 0.32434285, -0.47629798,  1.65393303,  0.05790984, -0.1249076 ,
       -0.44162554, -0.13002297,  0.01987202, -0.26594903,  0.46361253,
        1.10919712,  1.21961303,  0.28767007,  0.00452392]), array([ 0.32963856, -0.47028592,  1.6438695 ,  0.05813228, -0.13416795,
       -0.44463941, -0.12560682,  0.0104265 , -0.27296153,  0.46041029,
        1.12568199,  1.2201826 ,  0.28527031,  0.00549171]), array([ 0.343945  , -0.45633754,  1.60674862,  0.0484507 , -0.16031687,
       -0.47281624, -0.10065283, -0.00290748, -0.30086569,  0.45547055,
        1.17989398,  1.22752772,  0.29978271,  0.02370759]), array([ 0.34844268, -0.4533362 ,  1.58513614,  0.04144708, -0.16979377,
       -0.4889587 , -0.09575445, -0.00854579, -0.31525944,  0.45402982,
        1.20008469,  1.23021005,  0.30580102,  0.02811318]), array([ 0.34341941, -0.44833911,  1.55828742,  0.03225671, -0.16845636,
       -0.50288598, -0.10254951, -0.02205317, -0.33561959,  0.44629716,
        1.20921862,  1.23191884,  0.3181942 ,  0.02757469]), array([ 0.34405887, -0.44471856,  1.54292959,  0.02428298, -0.16837349,
       -0.51445572, -0.10294998, -0.02836646, -0.34797027,  0.44420913,
        1.21691363,  1.23337788,  0.32721331,  0.02992645]), array([ 0.33883852, -0.44415365,  1.5404218 ,  0.02615154, -0.16376613,
       -0.51028656, -0.10844806, -0.03404001, -0.34774431,  0.44216629,
        1.21083688,  1.23373663,  0.32698487,  0.02403761]), array([ 0.34193827, -0.44096294,  1.53765409,  0.02894852, -0.1683342 ,
       -0.51008841, -0.10426597, -0.03821708, -0.34802627,  0.44098837,
        1.21721339,  1.23638779,  0.32493908,  0.02391534]), array([ 0.3453328 , -0.43832114,  1.54834209,  0.03916088, -0.17415399,
       -0.50156237, -0.09964607, -0.04035973, -0.34288538,  0.44107366,
        1.22211741,  1.23439393,  0.31904453,  0.0266505 ]), array([ 0.34995421, -0.43552129,  1.5413746 ,  0.03430414, -0.1775188 ,
       -0.50658529, -0.09493372, -0.04262796, -0.34640856,  0.44015486,
        1.2302369 ,  1.23432169,  0.31946513,  0.02712033]), array([ 0.34958457, -0.43626882,  1.53341646,  0.02685147, -0.1786047 ,
       -0.51490127, -0.09763389, -0.0407322 , -0.35124202,  0.44036601,
        1.23365095,  1.23647053,  0.32090821,  0.0265308 ]), array([ 0.33987267, -0.43560779,  1.52550601,  0.0286294 , -0.16907736,
       -0.51662043, -0.10680053, -0.04542805, -0.35974644,  0.43820598,
        1.226845  ,  1.2370964 ,  0.33405566,  0.02751281]), array([ 0.28629144, -0.43405318,  1.47501516,  0.019292  , -0.11449539,
       -0.53281793, -0.16545097, -0.09865916, -0.40800294,  0.4136579 ,
        1.19222876,  1.25415828,  0.40769404,  0.01993443]), array([ 0.28924106, -0.43161822,  1.48078075,  0.02143873, -0.11702742,
       -0.52958358, -0.15998094, -0.09564364, -0.40698959,  0.41546375,
        1.19718289,  1.25366893,  0.40803455,  0.02417801]), array([ 0.25854196, -0.42790195,  1.44457929,  0.01379194, -0.08706598,
       -0.54320378, -0.19339145, -0.13246081, -0.4406765 ,  0.40216451,
        1.18332558,  1.26480525,  0.46085086,  0.02318385]), array([ 0.26480589, -0.42573572,  1.4499536 ,  0.01468976, -0.09096699,
       -0.53985481, -0.18876162, -0.13116552, -0.43560858,  0.40334449,
        1.18476589,  1.2658492 ,  0.45294821,  0.02238118]), array([ 0.27216516, -0.42494689,  1.45340981,  0.01415339, -0.09787338,
       -0.53648414, -0.18271734, -0.13127157, -0.4284814 ,  0.40414183,
        1.189738  ,  1.26772259,  0.44220154,  0.02062662]), array([ 0.27551611, -0.42411145,  1.45094232,  0.01118979, -0.09997726,
       -0.53936691, -0.17935418, -0.12966247, -0.43009346,  0.40437569,
        1.19348595,  1.26876733,  0.44425875,  0.02381728]), array([ 0.24834941, -0.41968328,  1.43290299,  0.01516239, -0.08246129,
       -0.54377657, -0.20959885, -0.15783629, -0.44138552,  0.39209013,
        1.17730307,  1.28486534,  0.46870178,  0.0215025 ]), array([ 0.24756821, -0.41834488,  1.42862452,  0.01592316, -0.07968123,
       -0.54607457, -0.20603145, -0.16198684, -0.44469853,  0.38991003,
        1.17658916,  1.28855909,  0.47740276,  0.02528103]), array([ 0.20521525, -0.41136814,  1.38296585,  0.00413616, -0.04088016,
       -0.55978465, -0.26114901, -0.22998664, -0.46940453,  0.36523712,
        1.13745825,  1.32476917,  0.53090124,  0.01460861]), array([ 0.20334095, -0.40865377,  1.36697708, -0.01213053, -0.03214401,
       -0.56956651, -0.2820122 , -0.2603668 , -0.477333  ,  0.35551769,
        1.1288125 ,  1.34327372,  0.53743916,  0.00476087]), array([ 0.19829159, -0.40635779,  1.36063936, -0.0097318 , -0.02689511,
       -0.56828567, -0.28758266, -0.27337339, -0.4834271 ,  0.34928183,
        1.12428186,  1.34891693,  0.54525698,  0.00342244]), array([ 2.11041457e-01, -4.08471400e-01,  1.36905094e+00, -1.31236998e-03,
       -5.68661655e-02, -5.57935207e-01, -2.52776523e-01, -2.41472920e-01,
       -4.75900148e-01,  3.61539551e-01,  1.15326073e+00,  1.33417851e+00,
        5.34092166e-01,  1.40021994e-02]), array([ 0.22109251, -0.40771877,  1.37332449,  0.00304082, -0.07214038,
       -0.55325262, -0.23496247, -0.22917992, -0.47415705,  0.36687887,
        1.16958815,  1.33023614,  0.52824613,  0.01968297]), array([ 0.309146  , -0.3938385 ,  1.38451014,  0.01789961, -0.20684672,
       -0.5153348 , -0.0849349 , -0.16937099, -0.44594564,  0.3884958 ,
        1.3149478 ,  1.32025712,  0.47747987,  0.05770873]), array([ 0.30997453, -0.39286805,  1.38344518,  0.01624595, -0.20617324,
       -0.51562293, -0.08437692, -0.16950379, -0.44686644,  0.38835236,
        1.31520876,  1.32068187,  0.47956418,  0.05933612]), array([ 0.30516881, -0.39333996,  1.38715234,  0.02395392, -0.20972805,
       -0.51037961, -0.08224832, -0.16186647, -0.44377883,  0.39016801,
        1.31922676,  1.31232393,  0.47862366,  0.05950441]), array([ 0.31543805, -0.39162454,  1.38543975,  0.02601259, -0.22594382,
       -0.50420982, -0.06706458, -0.15703154, -0.44488113,  0.39170956,
        1.33454748,  1.31112963,  0.47279575,  0.06331152]), array([ 0.31534849, -0.39049876,  1.3814608 ,  0.02891654, -0.23169473,
       -0.50260677, -0.06502296, -0.15834025, -0.44749986,  0.39174116,
        1.33990805,  1.31457066,  0.47411272,  0.06400484]), array([ 0.32801573, -0.38812956,  1.38860979,  0.03060084, -0.25210479,
       -0.49580187, -0.0437125 , -0.14370884, -0.4421885 ,  0.39695336,
        1.35967901,  1.30574067,  0.4632338 ,  0.06990103]), array([ 0.32904588, -0.38642628,  1.39193452,  0.03420829, -0.2573239 ,
       -0.49127144, -0.03528818, -0.1361415 , -0.43691647,  0.40095024,
        1.36501081,  1.30019072,  0.45971938,  0.07207385]), array([ 0.32217845, -0.38394396,  1.38162373,  0.03801978, -0.24801007,
       -0.49157639, -0.03958203, -0.14789292, -0.44390427,  0.39673401,
        1.3561859 ,  1.30835376,  0.47333291,  0.07298582]), array([ 0.32227568, -0.38211711,  1.3733701 ,  0.04082123, -0.24346481,
       -0.49102391, -0.03710934, -0.15445296, -0.45599718,  0.39448556,
        1.35329651,  1.31428141,  0.49154232,  0.08069888]), array([ 0.33468876, -0.38261666,  1.38357508,  0.04199329, -0.26009989,
       -0.48559962, -0.02250936, -0.13929869, -0.44659306,  0.40191589,
        1.36881559,  1.30577247,  0.47465477,  0.08156262]), array([ 0.34085745, -0.37827664,  1.38165125,  0.04361716, -0.27403844,
       -0.47767841, -0.0096229 , -0.13844448, -0.44490468,  0.40247716,
        1.38201069,  1.3031982 ,  0.4727449 ,  0.08773114]), array([ 0.32690702, -0.37986976,  1.37770184,  0.05114471, -0.26143894,
       -0.47952391, -0.02259591, -0.1458975 , -0.44659082,  0.39832393,
        1.36877935,  1.30398055,  0.47648904,  0.08178151]), array([ 0.33779201, -0.37900149,  1.38031056,  0.0460555 , -0.28002492,
       -0.47706067, -0.01266611, -0.13899943, -0.44224834,  0.40111046,
        1.38557745,  1.30416437,  0.46661438,  0.08494722]), array([ 0.33548836, -0.37632745,  1.37635088,  0.04772303, -0.28142199,
       -0.47780044, -0.00668018, -0.13948798, -0.44276383,  0.40213014,
        1.38994903,  1.30571172,  0.47639922,  0.08909112]), array([ 3.34694213e-01, -3.73299594e-01,  1.37325915e+00,  4.90913071e-02,
       -2.82541181e-01, -4.76829477e-01, -6.80232315e-04, -1.41996654e-01,
       -4.44722183e-01,  4.01795974e-01,  1.39518048e+00,  1.30782242e+00,
        4.85849850e-01,  9.52586563e-02]), array([ 0.32841639, -0.37647594,  1.3780798 ,  0.05083738, -0.27346026,
       -0.47912972, -0.01194359, -0.14261938, -0.43931231,  0.40154206,
        1.38397756,  1.30420962,  0.47792793,  0.0891676 ]), array([ 3.33133580e-01, -3.72317765e-01,  1.37766353e+00,  5.53213167e-02,
       -2.87891232e-01, -4.71750456e-01, -1.13266184e-03, -1.40563728e-01,
       -4.39911416e-01,  4.00295595e-01,  1.39932296e+00,  1.30263400e+00,
        4.76861117e-01,  9.67586476e-02]), array([ 0.31649491, -0.37118933,  1.3728577 ,  0.06023237, -0.27706496,
       -0.47501914, -0.01074128, -0.146948  , -0.43951845,  0.39775281,
        1.39090191,  1.30459606,  0.48874147,  0.09738763]), array([ 0.29531976, -0.36808038,  1.36458333,  0.06904143, -0.26200948,
       -0.47866794, -0.02623025, -0.16170504, -0.44259041,  0.39420956,
        1.37899974,  1.30881081,  0.50246135,  0.0937684 ]), array([ 0.27775667, -0.37120439,  1.36490402,  0.0717133 , -0.24350485,
       -0.48414371, -0.04379007, -0.1688283 , -0.43567879,  0.39356845,
        1.35918879,  1.30715856,  0.50133992,  0.08383762]), array([ 0.2832712 , -0.36810794,  1.36529685,  0.07160599, -0.25006227,
       -0.48076789, -0.03527813, -0.16770213, -0.43698654,  0.39420602,
        1.36689339,  1.3067435 ,  0.503803  ,  0.08925848]), array([ 0.28321092, -0.36227426,  1.35766566,  0.07515766, -0.26096069,
       -0.47597284, -0.02583038, -0.1748959 , -0.44291042,  0.38975926,
        1.38094089,  1.31263849,  0.51534302,  0.09783002]), array([ 0.27667022, -0.35999999,  1.35209218,  0.07447989, -0.25190512,
       -0.47829819, -0.02818788, -0.18164003, -0.44601881,  0.3885924 ,
        1.37599093,  1.31653639,  0.52685106,  0.09823991]), array([ 0.26704542, -0.35835569,  1.34364971,  0.07839409, -0.24656355,
       -0.48032715, -0.03005916, -0.19168358, -0.4477315 ,  0.38607492,
        1.374022  ,  1.32302494,  0.53769086,  0.0972339 ]), array([ 0.25010871, -0.35666245,  1.33476297,  0.08397734, -0.23290077,
       -0.4806187 , -0.03876034, -0.20583258, -0.44868222,  0.37974971,
        1.36374853,  1.32626532,  0.55387596,  0.09553581]), array([ 0.26712951, -0.35684518,  1.33567471,  0.08373412, -0.24439932,
       -0.47517171, -0.02918565, -0.20179516, -0.4590974 ,  0.37965216,
        1.37525063,  1.32734131,  0.55154328,  0.09905803]), array([ 0.26076879, -0.35397871,  1.32919716,  0.08922713, -0.24738402,
       -0.47394856, -0.02767607, -0.20320833, -0.46074286,  0.37803606,
        1.37973491,  1.32817341,  0.55799369,  0.10216824]), array([ 0.24366072, -0.34907629,  1.31959439,  0.09697547, -0.24041358,
       -0.47468381, -0.03620154, -0.21699774, -0.46181729,  0.37248139,
        1.37449193,  1.33130235,  0.56983653,  0.10049644]), array([ 0.24634127, -0.34938446,  1.32528515,  0.09910999, -0.23999838,
       -0.47271507, -0.0334468 , -0.21285482, -0.46006651,  0.37449865,
        1.37341592,  1.3294881 ,  0.56712871,  0.10129083]), array([ 0.21633895, -0.34313411,  1.31549369,  0.11040892, -0.21320504,
       -0.4747194 , -0.05484034, -0.2311821 , -0.46182875,  0.3662511 ,
        1.3524828 ,  1.32875889,  0.58802949,  0.09806411]), array([ 0.20915262, -0.339952  ,  1.30756734,  0.11487522, -0.20985417,
       -0.47423939, -0.0567749 , -0.23926617, -0.46714249,  0.36199695,
        1.35190265,  1.33231823,  0.59969476,  0.09991995]), array([ 0.26781619, -0.35155393,  1.35902813,  0.09306989, -0.24621625,
       -0.46139026, -0.0244027 , -0.18957655, -0.43707507,  0.39203111,
        1.37140359,  1.31164154,  0.51999068,  0.09556004]), array([ 0.15870186, -0.32859499,  1.28066519,  0.13508369, -0.17992544,
       -0.4843633 , -0.08706516, -0.26748255, -0.48335129,  0.34626106,
        1.33534262,  1.33613286,  0.6502179 ,  0.10107389]), array([ 0.30668896, -0.35809729,  1.39802112,  0.08421412, -0.27041266,
       -0.44918907, -0.00394671, -0.15769186, -0.41419238,  0.41293861,
        1.38018418,  1.29153584,  0.46015367,  0.08957423]), array([ 0.27686602, -0.35256971,  1.37497843,  0.09630907, -0.25540151,
       -0.4512501 , -0.01632815, -0.17629424, -0.42218963,  0.40391785,
        1.37015373,  1.29761286,  0.49470437,  0.09239554]), array([ 0.20286625, -0.33619663,  1.3099785 ,  0.12408205, -0.21931644,
       -0.46307816, -0.05281696, -0.23388073, -0.45401005,  0.37172231,
        1.3538009 ,  1.32149653,  0.59066205,  0.09838087]), array([ 0.22371937, -0.34353345,  1.33431781,  0.11337806, -0.2263934 ,
       -0.46007731, -0.04216301, -0.21238009, -0.43547037,  0.3864523 ,
        1.35325219,  1.31186163,  0.55518891,  0.094171  ]), array([ 3.07382245e-01, -3.67389306e-01,  1.41493774e+00,  7.73596458e-02,
       -2.56716938e-01, -4.46690927e-01,  5.65334282e-04, -1.47335016e-01,
       -3.83152704e-01,  4.26483745e-01,  1.36093022e+00,  1.27846330e+00,
        4.38598640e-01,  8.31576213e-02]), array([ 0.24213249, -0.35036897,  1.34891048,  0.1052492 , -0.23706284,
       -0.45753631, -0.03208952, -0.2017207 , -0.42227571,  0.39473264,
        1.35933819,  1.3065226 ,  0.52622942,  0.09125411]), array([ 0.1687541 , -0.32854836,  1.27612142,  0.13878176, -0.20667312,
       -0.4665159 , -0.07068353, -0.2585113 , -0.47026138,  0.35808244,
        1.35082134,  1.33399349,  0.62997516,  0.10195163]), array([ 0.17380276, -0.33007684,  1.28991275,  0.13499019, -0.1981251 ,
       -0.46929017, -0.07096573, -0.24894916, -0.46638842,  0.36120907,
        1.3424412 ,  1.32754633,  0.62336328,  0.10240808]), array([ 0.18879158, -0.33749668,  1.31666163,  0.12797936, -0.19583908,
       -0.46847671, -0.06420591, -0.22951   , -0.45181223,  0.37234001,
        1.33616148,  1.31364691,  0.60061019,  0.10016901]), array([ 0.17858104, -0.33202286,  1.30003449,  0.13070154, -0.19996129,
       -0.46878214, -0.06627348, -0.24256574, -0.45561164,  0.36663857,
        1.34219921,  1.32099039,  0.6149835 ,  0.10293886]), array([ 0.17623892, -0.32700095,  1.29182086,  0.13725307, -0.20952094,
       -0.46236895, -0.06514522, -0.25080079, -0.46121704,  0.36423609,
        1.35379831,  1.323165  ,  0.61977262,  0.10566547]), array([ 0.18927649, -0.33116912,  1.31282184,  0.13225726, -0.20980646,
       -0.45828845, -0.05968893, -0.23324015, -0.44927382,  0.375196  ,
        1.34938702,  1.31140594,  0.59629376,  0.10303816]), array([ 0.19380071, -0.33122172,  1.31014702,  0.1283313 , -0.21452847,
       -0.45930692, -0.05718424, -0.23306644, -0.44994447,  0.37427865,
        1.35364403,  1.31305754,  0.59569773,  0.10356441]), array([ 0.20131496, -0.33475047,  1.32425961,  0.12174358, -0.21176945,
       -0.46090027, -0.05509712, -0.22116379, -0.44120089,  0.38068031,
        1.34850444,  1.30667575,  0.58148363,  0.10113151]), array([ 0.21672087, -0.34022641,  1.3452596 ,  0.1124306 , -0.20926441,
       -0.45913208, -0.04751309, -0.2094049 , -0.42388467,  0.38967934,
        1.34207111,  1.2931592 ,  0.55543229,  0.09414947]), array([ 0.20897501, -0.33979188,  1.34071907,  0.11819102, -0.20439869,
       -0.45876666, -0.05243964, -0.21142594, -0.42997503,  0.38807823,
        1.33903312,  1.29329577,  0.56640034,  0.09550966]), array([ 0.20890596, -0.33709709,  1.33807936,  0.12095742, -0.20443101,
       -0.45751869, -0.05398342, -0.21384013, -0.43691545,  0.38810509,
        1.34047776,  1.29554842,  0.57302609,  0.09766961]), array([ 0.20733104, -0.33542588,  1.33400658,  0.12206037, -0.20774736,
       -0.45808468, -0.05200784, -0.21433406, -0.43992067,  0.38744836,
        1.34514139,  1.29790838,  0.57788231,  0.09976545]), array([ 0.20553338, -0.3317013 ,  1.32447367,  0.12871307, -0.20944076,
       -0.45436626, -0.05204345, -0.22388914, -0.44923315,  0.38297771,
        1.34697105,  1.30166635,  0.58720895,  0.10311037]), array([ 0.2002476 , -0.33355548,  1.32816327,  0.12639282, -0.1997872 ,
       -0.45916738, -0.05663077, -0.22179357, -0.44472563,  0.38653233,
        1.33974038,  1.29724511,  0.59091575,  0.10348269]), array([ 0.207572  , -0.33903973,  1.33983224,  0.12083333, -0.19686556,
       -0.45994462, -0.05378162, -0.2143105 , -0.43500939,  0.39147462,
        1.33326283,  1.29076031,  0.57855711,  0.10071344]), array([ 0.19326002, -0.33346497,  1.32662855,  0.12918131, -0.1949029 ,
       -0.45886005, -0.0601398 , -0.22524429, -0.44577902,  0.38772914,
        1.33594917,  1.29873489,  0.59983512,  0.10436322]), array([ 0.18709453, -0.32769833,  1.3122595 ,  0.13746378, -0.20297343,
       -0.45464073, -0.06056221, -0.23297295, -0.45621219,  0.38393009,
        1.34402234,  1.30524295,  0.6114218 ,  0.10935734]), array([ 0.17986688, -0.3230873 ,  1.30586513,  0.1446625 , -0.20549419,
       -0.45097837, -0.06127132, -0.23865071, -0.46084449,  0.38146675,
        1.34678256,  1.30613122,  0.62167954,  0.11272362]), array([ 0.17768394, -0.324558  ,  1.30846546,  0.14380306, -0.19812994,
       -0.45363389, -0.06328642, -0.23724037, -0.46190494,  0.38254437,
        1.34101312,  1.30508328,  0.62547868,  0.11356827]), array([ 0.17515582, -0.32331135,  1.30667752,  0.14716823, -0.19521242,
       -0.45167011, -0.06268572, -0.23970914, -0.46419936,  0.38177205,
        1.33861743,  1.30756166,  0.62988149,  0.11473167]), array([ 0.17664289, -0.32400192,  1.30595885,  0.14780497, -0.1985467 ,
       -0.45075966, -0.05991619, -0.24007954, -0.46250525,  0.3824467 ,
        1.34093509,  1.3089631 ,  0.6266526 ,  0.11452546]), array([ 0.17962637, -0.32253372,  1.30720419,  0.14809747, -0.19813414,
       -0.45049131, -0.05679174, -0.23898735, -0.46431322,  0.38209041,
        1.34135576,  1.30861577,  0.62727828,  0.11563362]), array([ 0.18568505, -0.31998362,  1.30492853,  0.14975708, -0.21173491,
       -0.44511112, -0.04732378, -0.23979415, -0.45859615,  0.38320183,
        1.35244352,  1.31014505,  0.61659414,  0.11576632]), array([ 0.18508786, -0.3216446 ,  1.30750379,  0.14615623, -0.20622096,
       -0.44574794, -0.05135215, -0.23773456, -0.45565126,  0.38559411,
        1.3459413 ,  1.30597794,  0.61629842,  0.11363622]), array([ 0.18330525, -0.31931481,  1.3080328 ,  0.14870703, -0.20342225,
       -0.44555256, -0.05142466, -0.24064652, -0.45707113,  0.38352435,
        1.34710134,  1.30584021,  0.61937138,  0.11399778]), array([ 0.19090724, -0.31789256,  1.30904984,  0.14974816, -0.21294014,
       -0.44134101, -0.04503492, -0.2418428 , -0.4542789 ,  0.38345148,
        1.35494397,  1.30402594,  0.60934724,  0.11251796]), array([ 0.18785586, -0.31643774,  1.30552406,  0.14946994, -0.21269382,
       -0.44262301, -0.04793368, -0.24082025, -0.45747202,  0.38298073,
        1.3560712 ,  1.30474085,  0.61423356,  0.11406334]), array([ 0.18643618, -0.31467595,  1.30279686,  0.15284892, -0.21588858,
       -0.43852194, -0.04423738, -0.24449239, -0.45962456,  0.38148231,
        1.3599944 ,  1.30554144,  0.62066088,  0.11640067]), array([ 0.18025748, -0.31286131,  1.2987985 ,  0.15707121, -0.21547084,
       -0.43374741, -0.04695213, -0.24773226, -0.46123944,  0.38240673,
        1.35758442,  1.3071348 ,  0.6264058 ,  0.11648778]), array([ 0.1787266 , -0.31122451,  1.29661984,  0.15802626, -0.21647082,
       -0.43202782, -0.0444759 , -0.25042145, -0.45975126,  0.38245431,
        1.35772667,  1.30843907,  0.62731277,  0.11671341]), array([ 0.17863579, -0.31058994,  1.29306461,  0.15897086, -0.21795537,
       -0.4306232 , -0.04178624, -0.25227933, -0.4615714 ,  0.38207401,
        1.35866419,  1.31118935,  0.63025969,  0.11766053]), array([ 0.17628284, -0.30917996,  1.29355175,  0.159822  , -0.2087148 ,
       -0.43042461, -0.04468849, -0.24903395, -0.46565745,  0.38329701,
        1.350161  ,  1.30970155,  0.63700436,  0.11922757]), array([ 0.18045339, -0.30760359,  1.28955301,  0.16006184, -0.21655357,
       -0.42723591, -0.04193894, -0.25109717, -0.46752653,  0.3811561 ,
        1.35753043,  1.31229435,  0.63549327,  0.12075715]), array([ 0.18225448, -0.31065699,  1.28946643,  0.15825879, -0.21350053,
       -0.42820254, -0.04295362, -0.2484392 , -0.46494067,  0.38300628,
        1.35327093,  1.3109765 ,  0.63474026,  0.12066126]), array([ 0.17970231, -0.31056637,  1.29018896,  0.15867398, -0.20496128,
       -0.43118692, -0.04460093, -0.24759903, -0.4692234 ,  0.38302395,
        1.34825718,  1.31136527,  0.64457029,  0.12410695]), array([ 0.17773659, -0.31071652,  1.28758036,  0.16037149, -0.20895046,
       -0.4279697 , -0.04158635, -0.25127256, -0.46849593,  0.38378505,
        1.3518358 ,  1.31407557,  0.64949169,  0.1267127 ]), array([ 0.17836894, -0.31006092,  1.29002077,  0.15847347, -0.20639939,
       -0.42937805, -0.04397401, -0.25028101, -0.4660981 ,  0.38593782,
        1.34811514,  1.31327492,  0.64522408,  0.12395559]), array([ 0.17707452, -0.30880813,  1.29225948,  0.1595668 , -0.20441281,
       -0.42815642, -0.04270071, -0.24784199, -0.46541316,  0.38810588,
        1.34596701,  1.31063112,  0.64717344,  0.12731013]), array([ 0.17715887, -0.30559176,  1.28963219,  0.16261675, -0.20360413,
       -0.42297546, -0.04215205, -0.24804276, -0.46728257,  0.38906909,
        1.34222205,  1.31055839,  0.64733751,  0.12760661]), array([ 0.18174493, -0.3046088 ,  1.28957741,  0.160512  , -0.21157291,
       -0.42385016, -0.03720249, -0.24790522, -0.4624695 ,  0.38944031,
        1.3487173 ,  1.31188777,  0.64105693,  0.12847566]), array([ 0.17961052, -0.30208912,  1.28799294,  0.16141904, -0.2095791 ,
       -0.42167531, -0.0372635 , -0.24776964, -0.46321728,  0.38988376,
        1.34767829,  1.31248931,  0.64434609,  0.12916744]), array([ 0.17462333, -0.30112994,  1.29152819,  0.16398908, -0.19922548,
       -0.42306593, -0.04233891, -0.24489304, -0.46820215,  0.39123047,
        1.33927429,  1.31091423,  0.65299774,  0.13086912]), array([ 0.17241867, -0.2985193 ,  1.28709066,  0.16755975, -0.20117469,
       -0.42233402, -0.03938843, -0.24842351, -0.47098768,  0.38942435,
        1.34426254,  1.31475817,  0.65871438,  0.13274007]), array([ 0.16989543, -0.29800817,  1.28488241,  0.17023939, -0.19842695,
       -0.4216317 , -0.04022623, -0.25070619, -0.47691318,  0.3882986 ,
        1.343112  ,  1.3166421 ,  0.66770984,  0.13433736]), array([ 0.16838448, -0.29620827,  1.2799389 ,  0.17233324, -0.20186594,
       -0.41622722, -0.03912204, -0.25238843, -0.4831484 ,  0.3860091 ,
        1.34643095,  1.31789896,  0.67329997,  0.13652971]), array([ 0.16757581, -0.29508555,  1.28092869,  0.1758413 , -0.20014336,
       -0.41321018, -0.04114236, -0.24809275, -0.48934194,  0.38689251,
        1.3476483 ,  1.31609426,  0.68048448,  0.14117681]), array([ 0.17125749, -0.29450483,  1.28074716,  0.17207815, -0.20418296,
       -0.41429   , -0.03917515, -0.25092847, -0.48724495,  0.38542766,
        1.35259788,  1.31726296,  0.6765895 ,  0.14051965]), array([ 0.16908687, -0.29395955,  1.28009345,  0.17434663, -0.20198923,
       -0.41338599, -0.03782229, -0.25253708, -0.48783094,  0.38400799,
        1.35059279,  1.31892163,  0.68183193,  0.14235452]), array([ 0.16455929, -0.29136846,  1.27947273,  0.1767915 , -0.20441641,
       -0.41007195, -0.03619753, -0.25555021, -0.48822013,  0.38394097,
        1.35375658,  1.31770629,  0.68578378,  0.14346553]), array([ 0.16198107, -0.28930739,  1.27597945,  0.18244095, -0.20505371,
       -0.4058735 , -0.03419088, -0.25702703, -0.49652055,  0.38364164,
        1.35371568,  1.31945091,  0.69574938,  0.1465609 ]), array([ 0.16153484, -0.28896229,  1.27311755,  0.1855597 , -0.20892839,
       -0.40319088, -0.0347787 , -0.25761136, -0.49396366,  0.38328822,
        1.35748496,  1.31992958,  0.69100125,  0.14640439]), array([ 0.15318637, -0.28789269,  1.27287471,  0.18970984, -0.20078525,
       -0.40321418, -0.04090715, -0.25775758, -0.50306444,  0.38381757,
        1.35010148,  1.32103675,  0.70269628,  0.14745463]), array([ 0.15029382, -0.28623363,  1.27270947,  0.19250906, -0.19685862,
       -0.4032006 , -0.04517529, -0.25832796, -0.50788569,  0.38357568,
        1.34737782,  1.32322469,  0.7077495 ,  0.14870382]), array([ 0.14875089, -0.28458246,  1.27010461,  0.19445076, -0.20396721,
       -0.39938581, -0.04065672, -0.26054414, -0.50128473,  0.38350007,
        1.35047026,  1.32492911,  0.70248643,  0.14913817]), array([ 0.15356736, -0.28498031,  1.27199843,  0.19169243, -0.20769945,
       -0.40085231, -0.03872019, -0.25658106, -0.4982643 ,  0.38505658,
        1.35297091,  1.32372936,  0.69632104,  0.14920588]), array([ 0.15040529, -0.28425954,  1.27283347,  0.19213074, -0.20742515,
       -0.39959003, -0.03720833, -0.25739269, -0.49377209,  0.385603  ,
        1.35030978,  1.32418559,  0.69334826,  0.14815206]), array([ 0.1476495 , -0.28400229,  1.27297872,  0.19130328, -0.2011364 ,
       -0.40197501, -0.03995462, -0.2561517 , -0.49618946,  0.38634408,
        1.34687572,  1.32450719,  0.6979589 ,  0.14948192]), array([ 0.14991886, -0.2841667 ,  1.27580452,  0.1899263 , -0.20088166,
       -0.40091099, -0.03897841, -0.25320345, -0.49230685,  0.38813544,
        1.34346878,  1.32265351,  0.69268574,  0.14972094]), array([ 0.15260015, -0.28123579,  1.27507284,  0.19063443, -0.20866356,
       -0.39782757, -0.03498842, -0.2510307 , -0.49227789,  0.38859157,
        1.34999203,  1.32213186,  0.68830083,  0.15160176]), array([ 0.14780241, -0.27897079,  1.27520782,  0.19107547, -0.20747622,
       -0.39436735, -0.03740849, -0.25325821, -0.48979293,  0.38910344,
        1.34739004,  1.32214551,  0.68718473,  0.1510939 ]), array([ 0.14532096, -0.27864335,  1.27489218,  0.19303293, -0.20395039,
       -0.39399985, -0.03896237, -0.25259711, -0.49304022,  0.39065013,
        1.34447687,  1.32266616,  0.69135753,  0.15237535]), array([ 0.14482083, -0.27860878,  1.27046457,  0.19392236, -0.20847902,
       -0.39228432, -0.03681945, -0.25770473, -0.49289096,  0.38936179,
        1.34861056,  1.32459279,  0.69352848,  0.15225351]), array([ 0.14219917, -0.2784081 ,  1.26848772,  0.19582722, -0.20289363,
       -0.39241206, -0.03917906, -0.26102179, -0.49761085,  0.38971291,
        1.34421439,  1.32541593,  0.70090952,  0.15178869]), array([ 0.1424191 , -0.27940888,  1.26517732,  0.1982481 , -0.20664318,
       -0.39372914, -0.03710608, -0.26126299, -0.50093633,  0.39071382,
        1.34888858,  1.32678144,  0.70736303,  0.15389723]), array([ 0.14087449, -0.28046254,  1.26271476,  0.19901896, -0.20962324,
       -0.39382064, -0.03635221, -0.2627181 , -0.50359793,  0.39039364,
        1.35318265,  1.32760334,  0.70952986,  0.15410632]), array([ 0.13862581, -0.27952336,  1.25827091,  0.2006043 , -0.21401922,
       -0.39382066, -0.03505957, -0.26586453, -0.50725668,  0.38949776,
        1.36003522,  1.32878743,  0.71548661,  0.15624661]), array([ 0.13478464, -0.28004804,  1.25674723,  0.20260062, -0.21092649,
       -0.39198067, -0.03537022, -0.27064435, -0.50641865,  0.38895847,
        1.35677009,  1.32835127,  0.71881238,  0.15606016]), array([ 0.13093664, -0.27813941,  1.25284018,  0.20568174, -0.20805176,
       -0.39121977, -0.03524494, -0.27350507, -0.51276156,  0.38896092,
        1.35422382,  1.3302614 ,  0.72875481,  0.15857984])]


Energy: 
[-6.0, -6.4597556893934565, -5.565157519685148, -7.475210984568431, -7.202697961429878, -7.292320597791207, -7.813671319328912, -7.804213478131703, -7.713292245845239, -7.696336307456804, -7.722964536422088, -7.736813046605053, -7.7294594881960546, -7.747142864995823, -7.756858114509705, -7.755695367851427, -7.744203989586532, -7.7555461130214995, -7.74747260959561, -7.733676042264453, -7.732198763116183, -7.73077322039969, -7.753608176716446, -7.745844516058142, -7.753783136273741, -7.765600509340321, -7.778298808999606, -7.836264122635887, -7.900539866479512, -7.921949326736477, -7.923957634420203, -7.943723002598232, -7.960330847367056, -7.977230895593646, -8.012440792770121, -8.06618559052146, -8.084749691997946, -8.152624014954853, -8.172100679541018, -8.232946511098094, -8.24659488453154, -8.249949932785281, -8.155667181325256, -8.055680652594795, -8.478212256593674, -8.469560447717592, -8.477418190027095, -8.499927315760553, -8.508103792007452, -8.49772624516526, -8.54041108672571, -8.53603283885154, -8.539576242109977, -8.519997113473947, -8.569026233507273, -8.582881410826396, -8.522580329072762, -8.499595919208813, -8.43508890764519, -8.424068031578429, -8.434075391179636, -8.46098069368753, -8.475135696375103, -8.523275148251317, -8.4453939310487, -8.315595322116263, -8.316647578827403, -8.312093109125207, -8.29180964193984, -8.317133693016475, -8.400573272797875, -8.426044144942363, -8.47465470872485, -8.498465177648766, -8.512680653489538, -8.519578711257234, -8.521967874784016, -8.519572138789165, -8.514390113172935, -8.561557112564458, -8.781242038559615, -8.784585534689255, -8.929595178681978, -8.91536727773353, -8.8952262019975, -8.893170506456807, -8.999358395998057, -9.016688098075921, -9.18896085519723, -9.209327866489867, -9.23734891973246, -9.204233406306352, -9.188867832644394, -9.038932521737898, -9.042579828854436, -9.051775943674254, -9.035383748023754, -9.04624038370022, -9.010632290058542, -9.012422314005873, -9.06031922157056, -9.098281449487716, -9.050727199956217, -9.057878403611948, -9.090116902457632, -9.055985586872001, -9.081394870996885, -9.10713476642599, -9.101999182121629, -9.109823832726802, -9.166009033759638, -9.241388203828281, -9.264953877995122, -9.26895920946899, -9.304868082564408, -9.336452569115789, -9.37375508212558, -9.43141472491822, -9.3990215341722, -9.430415271691954, -9.491222464186878, -9.484304861455952, -9.580530964104751, -9.615177981994204, -9.398395324034603, -9.765192434398188, -9.23555810198987, -9.365853003756785, -9.655666015690722, -9.566130185491277, -9.191509316889496, -9.486513141883052, -9.777591678486758, -9.750664429566257, -9.681471453349923, -9.732434996429904, -9.768208486984584, -9.717702993895289, -9.706364999570026, -9.662963011269472, -9.587609652828029, -9.618592465070428, -9.638503368471698, -9.650295117390396, -9.684564777935485, -9.691285714871778, -9.648319376643535, -9.718643203967513, -9.770113844831165, -9.812211320877584, -9.812318284995872, -9.827685664136943, -9.824023803694136, -9.820431462656122, -9.817251037691348, -9.81450914266125, -9.823087724809822, -9.808394169181042, -9.821253017451976, -9.8393631249079, -9.871545508598473, -9.882370059829636, -9.889587923074384, -9.904570837463172, -9.905078512988261, -9.898841687814658, -9.909455915720377, -9.926822576617774, -9.92196862158244, -9.934853902508934, -9.953140454253333, -9.94260490732905, -9.958596329637235, -9.974666757962588, -9.99012548929561, -10.003363387234042, -10.019735235864049, -10.036594385266685, -10.02518514955675, -10.035214045655541, -10.055063984058608, -10.077230090558903, -10.084069053388545, -10.106430850794014, -10.119391433704603, -10.130945785626219, -10.117309528408061, -10.122967607865919, -10.12930554301279, -10.125872256012558, -10.12925890015043, -10.147442725462367, -10.158484478614408, -10.164612231777687, -10.175497146719492, -10.179478287004677, -10.179604102666781, -10.189890215417718, -10.201863845709347, -10.221091693749841]