Parameters: 
[array([0., 0., 0., 0., 0., 0., 0., 0., 0., 0., 0., 0., 0., 0.]), array([ -3.12042635,   3.11833651,   0.84310029,  -6.88049688,
         9.15223383,   8.11700345,   5.84351678,  -1.8813301 ,
       -10.84218361,  -0.84484997,  -1.88108011,  11.87916372,
         9.15473344,  -8.11625359]), array([ -2.79727435,   6.1053926 ,   3.28051128, -14.27665452,
        11.72513135,   6.67529498,   1.24950831,  -1.33303443,
        -8.26331726,  -5.37844511,   0.68554186,  11.08553694,
         6.30639886, -10.48924187]), array([ -2.78745601,   6.87342654,   4.24751454, -12.99389219,
        12.4811057 ,   5.66675036,   2.25541952,  -1.18860657,
        -7.49975145,  -4.11704785,   0.68827915,  11.44236973,
         5.54466117,  -9.73022594]), array([ -2.31924111,   7.23191377,   4.33829312, -13.42146569,
        12.68630557,   5.94611452,   2.79035588,  -1.20500312,
        -7.69845902,  -3.8525972 ,   0.91825549,  11.05592481,
         5.86735395,  -9.48548437]), array([ -3.09649577,   5.59570627,   4.28628507, -13.1472954 ,
        12.85943175,   5.51854686,   3.32556886,  -1.9268518 ,
        -8.48397999,  -4.20356675,   0.92673782,  11.31122841,
         7.17332549, -11.06702592]), array([ -3.69197009,   5.36560632,   4.14844197, -12.89069285,
        12.77586325,   5.50436434,   3.10420842,  -1.88421076,
        -8.27323546,  -4.27359199,   1.14887026,  12.27929174,
         6.73260457, -11.26956762]), array([ -3.03683239,   5.41002648,   3.79632251, -12.42838716,
        12.39037816,   5.71244003,   3.3424788 ,  -2.32419075,
        -8.42179797,  -3.69443872,   0.59884803,  10.84483153,
         7.19628884, -10.60525651]), array([ -3.56839548,   5.26834467,   3.42769213, -11.79307046,
        11.67392353,   5.94753413,   2.81015339,  -2.78889816,
        -8.46913069,  -3.51591889,   0.66010034,  11.20202025,
         6.45447667, -10.4304242 ]), array([ -3.25305447,   5.50647552,   3.44454839, -12.52806669,
        11.75035243,   6.12195251,   2.77081233,  -2.87173191,
        -9.01370115,  -3.77572033,   1.10584072,  11.08076216,
         6.491193  , -10.86072963]), array([ -3.23364937,   5.55356878,   3.15193634, -12.59244395,
        11.59739576,   6.1671367 ,   2.8572529 ,  -2.88313095,
        -8.88399494,  -3.85265555,   1.14031574,  11.25388867,
         6.36996391, -10.92142116]), array([ -3.39423499,   5.57862219,   2.80684706, -12.74841179,
        11.47668027,   6.00690322,   3.0002292 ,  -2.80081852,
        -8.53546038,  -4.09028188,   1.21034874,  11.36844136,
         6.31525931, -10.76637704]), array([ -3.54584717,   5.72066416,   2.85388458, -12.65490989,
        11.52502856,   6.08620722,   3.09464165,  -2.76730276,
        -8.40644431,  -4.07232038,   1.12067449,  11.51340713,
         6.1475107 , -10.62030358]), array([ -3.14390104,   5.9717767 ,   2.86710484, -12.92891272,
        11.48329751,   6.0996098 ,   2.93515626,  -2.81585603,
        -8.21104969,  -4.2346903 ,   1.22593134,  11.38070811,
         6.04711525, -10.5911192 ]), array([ -3.20458321,   6.03414052,   2.92404941, -12.68393974,
        11.61433453,   6.31290816,   3.15706751,  -2.79579094,
        -8.27537156,  -4.08868263,   0.98247316,  11.63863549,
         5.88768639, -10.58073238]), array([ -3.10932226,   5.95524035,   2.755292  , -12.65793642,
        11.54317364,   6.41531982,   3.19433145,  -2.74784653,
        -8.23642545,  -4.13438676,   1.06482796,  11.85268459,
         5.62749979, -10.67638673]), array([ -3.28803776,   5.83703142,   2.68898968, -12.63594805,
        11.64894793,   6.21835518,   3.180501  ,  -2.5697518 ,
        -7.98947012,  -4.22682908,   0.92529286,  11.83403582,
         5.68846658, -10.73230063]), array([ -3.13394299,   5.86676041,   2.76321415, -12.72694   ,
        11.76810735,   6.12854789,   3.11011569,  -2.46276606,
        -7.9539363 ,  -4.48151062,   0.87116243,  11.77613108,
         5.43991064, -10.63048025]), array([ -3.31862673,   5.72747649,   2.98486446, -12.81060916,
        11.98897646,   5.9559216 ,   3.12566106,  -2.27118931,
        -7.75572556,  -4.4584972 ,   0.93781478,  11.93141408,
         5.61731187, -10.61868484]), array([ -2.85554691,   5.87466198,   2.74827336, -12.85946176,
        11.88441074,   5.96213818,   3.23703898,  -2.46180255,
        -7.95919756,  -4.64387366,   1.01851404,  11.61381204,
         5.61187054, -10.53057775]), array([ -3.28918527,   5.69392273,   2.94709774, -12.72161803,
        12.1466416 ,   6.08196462,   2.97754624,  -2.14747989,
        -7.80723067,  -4.37470429,   0.7899438 ,  11.96936522,
         5.6247004 , -10.63632653]), array([ -3.11090255,   5.61142747,   3.00737343, -12.69710897,
        12.314148  ,   6.05963753,   3.10643167,  -2.20237008,
        -7.9540602 ,  -4.21088276,   0.70245948,  11.76258864,
         5.870272  , -10.60620933]), array([ -2.97369887,   5.78166119,   2.90413228, -12.69056525,
        12.17074356,   6.07938317,   3.10664352,  -2.23052748,
        -8.12759857,  -4.38219341,   0.64771735,  11.57468156,
         5.7353364 , -10.47675085]), array([ -3.16397038,   5.50592695,   2.87656639, -12.6603935 ,
        12.13138511,   6.14252109,   3.1098861 ,  -1.98127977,
        -8.08321634,  -4.16592405,   0.87120193,  11.99390555,
         5.70436553, -10.67201555]), array([ -3.27216877,   5.3688125 ,   2.82099247, -12.64240245,
        12.13489479,   6.24277268,   3.30061251,  -2.217698  ,
        -7.96983171,  -4.20597371,   1.00739133,  12.10206278,
         5.51527863, -10.71460498]), array([ -3.21209747,   5.52496489,   2.94392432, -12.69921883,
        12.03216528,   6.23097562,   3.47823987,  -2.72753832,
        -8.34632828,  -4.69016915,   0.96321301,  11.65401938,
         5.09818556, -10.44486236]), array([ -3.10440775,   5.50089217,   2.89976688, -12.67375834,
        11.88343418,   6.21735763,   3.39317838,  -3.00488983,
        -8.25502369,  -4.82123853,   1.12179377,  11.47524419,
         5.05872647, -10.45650604]), array([ -3.2451883 ,   5.41526456,   3.03863378, -12.54945695,
        11.96225304,   6.31360359,   3.22723259,  -2.8863655 ,
        -8.22441946,  -4.39736425,   1.14192328,  11.67829752,
         5.08316266, -10.54212666]), array([ -3.29537438,   5.4863504 ,   2.99364099, -12.54589017,
        11.93330255,   6.381715  ,   2.99257149,  -2.92993697,
        -8.07796055,  -4.48617972,   0.999797  ,  11.55668555,
         4.99038074, -10.65946025]), array([ -3.19829467,   5.4655553 ,   3.20395009, -12.65230659,
        11.99542252,   6.20716131,   2.92642858,  -2.92988845,
        -8.25733703,  -4.56154572,   0.89616413,  11.41083111,
         4.93383613, -10.74485431]), array([ -3.17720258,   5.21807984,   3.29345089, -12.64774162,
        11.89116324,   6.30302351,   3.0017167 ,  -2.77052822,
        -8.4233812 ,  -4.14144441,   1.12655294,  11.63804057,
         5.121447  , -10.92770504]), array([ -3.29377786,   5.47697792,   3.25797779, -12.56184503,
        11.87653003,   6.13257249,   2.69811213,  -2.60009605,
        -8.20390237,  -4.33912215,   0.98705636,  11.5273445 ,
         5.14406608, -10.78803771]), array([ -3.25671366,   5.50150734,   3.35702344, -12.60103886,
        12.03612076,   6.00308087,   2.64050347,  -2.72154246,
        -8.14542418,  -4.4261279 ,   0.91330848,  11.4322429 ,
         5.19898644, -10.77613977]), array([ -3.12976213,   5.45924554,   3.36944226, -12.6617385 ,
        12.17115969,   5.99622478,   2.87613502,  -2.93392198,
        -8.37550611,  -4.51235965,   0.84787017,  11.29269762,
         5.06125654, -10.78973757]), array([ -3.12740961,   5.40909834,   3.534429  , -12.52114144,
        12.36287604,   5.99630557,   2.88909364,  -2.90624723,
        -8.5421097 ,  -4.38481615,   0.8182357 ,  11.30308899,
         5.06926774, -10.6107646 ]), array([ -3.07480023,   5.36081046,   3.44395332, -12.55377976,
        12.34073736,   5.99385211,   3.08357   ,  -2.81640711,
        -8.63290263,  -4.35119374,   0.91985107,  11.36336099,
         5.16000466, -10.49786029]), array([ -3.02312141,   5.27913453,   3.21206676, -12.53304481,
        12.30514176,   6.01808503,   3.33944667,  -2.85385392,
        -8.55932177,  -4.29312111,   1.01063396,  11.31404088,
         5.20671197, -10.41931001]), array([ -3.09971732,   5.32586927,   3.10153878, -12.57893915,
        12.2686591 ,   6.02484927,   3.31734837,  -2.81628462,
        -8.387668  ,  -4.3812268 ,   0.98787255,  11.32545382,
         5.25484541, -10.46054657]), array([ -3.08109254,   5.32951708,   3.21327838, -12.63359785,
        12.22326338,   6.12564574,   3.36903409,  -2.93942974,
        -8.74415863,  -4.480792  ,   0.97951671,  11.125945  ,
         5.05608732, -10.47396369]), array([ -3.05576577,   5.37705705,   3.11246274, -12.64349133,
        12.27439503,   6.25401563,   3.26686436,  -2.74990832,
        -8.69055123,  -4.33186004,   0.84821381,  11.20322457,
         5.12815971, -10.54094277]), array([ -3.12182228,   5.37950148,   3.10260458, -12.6300225 ,
        12.08872082,   6.36865505,   3.21018649,  -2.69393667,
        -8.68706851,  -4.23846965,   0.98872497,  11.14869781,
         5.21589612, -10.53695074]), array([ -3.17596257,   5.37348642,   3.07864502, -12.54590255,
        12.13558858,   6.50739293,   3.19312754,  -2.62412241,
        -8.69491406,  -4.16624157,   0.97516918,  11.20958363,
         5.33807823, -10.46242303]), array([ -3.17633485,   5.47029073,   2.97389755, -12.66788522,
        12.0641998 ,   6.53555522,   3.16742569,  -2.5216409 ,
        -8.60520685,  -4.30068912,   0.92663443,  11.09635401,
         5.39525165, -10.54558471]), array([ -3.16748638,   5.61258452,   2.90500862, -12.72252897,
        12.263218  ,   6.22167411,   3.10467114,  -2.44403376,
        -8.37454886,  -4.53633364,   0.7704142 ,  11.05256615,
         5.59700452, -10.42180662]), array([ -3.09706406,   5.63252532,   2.97083972, -12.70370827,
        12.3986464 ,   6.2332737 ,   3.03509302,  -2.4725304 ,
        -8.55918108,  -4.53182678,   0.7952168 ,  11.05268251,
         5.54470564, -10.29420673]), array([ -3.13088327,   5.56517443,   3.00453583, -12.52748945,
        12.22146739,   6.38448962,   2.92804641,  -2.5249262 ,
        -8.73939545,  -4.34397552,   0.94834444,  11.02255966,
         5.36164844, -10.34748283]), array([ -3.00094173,   5.43915179,   3.00458379, -12.4134053 ,
        12.39177824,   6.11589855,   3.10884381,  -2.65012516,
        -8.6899049 ,  -4.35770607,   1.05587193,  11.03694208,
         5.42834377, -10.20429412]), array([ -2.98769481,   5.4418985 ,   2.92897366, -12.41409156,
        12.46477717,   6.18836133,   3.17182691,  -2.58515139,
        -8.6750057 ,  -4.29907352,   1.00777436,  11.15360076,
         5.51900292, -10.22005852]), array([ -3.01502442,   5.35311986,   2.90275264, -12.42882485,
        12.61324838,   6.38978724,   3.29028098,  -2.57903112,
        -8.85587387,  -4.18123728,   1.01152342,  11.37824201,
         5.34565205, -10.2234656 ]), array([ -3.03138759,   5.5179254 ,   2.89630773, -12.54052873,
        12.60440338,   6.28250411,   3.08407545,  -2.54407948,
        -8.79688633,  -4.36953919,   0.97639484,  11.26980384,
         5.38180743, -10.24652114]), array([ -3.11866293,   5.54560665,   2.79168261, -12.5965137 ,
        12.54612701,   6.32237043,   3.00716931,  -2.46142751,
        -8.73384264,  -4.39756843,   0.92309205,  11.31388891,
         5.40781624, -10.26652853]), array([ -2.96277105,   5.53196391,   2.74552275, -12.61318702,
        12.66668847,   6.09657185,   3.17107836,  -2.6069066 ,
        -8.66481259,  -4.53364797,   0.96266543,  11.2129074 ,
         5.44073163, -10.15421494]), array([ -3.19242376,   5.36748681,   2.78256397, -12.57318765,
        12.5582053 ,   6.51754723,   3.15948846,  -2.54258729,
        -8.73220803,  -4.21281304,   1.05327163,  11.4428275 ,
         5.18306081, -10.23087087]), array([ -3.30593266,   5.30947131,   2.85223465, -12.50929647,
        12.56075012,   6.49337618,   3.05497548,  -2.45939624,
        -8.7373424 ,  -4.17967225,   0.98202127,  11.46675337,
         5.17431116, -10.31455956]), array([ -3.08304189,   5.36261488,   2.81028174, -12.57905746,
        12.61739039,   6.55786415,   3.12150222,  -2.79599466,
        -8.81589388,  -4.37426739,   1.01062568,  11.33460214,
         5.06504001, -10.28554261]), array([ -2.92064749,   5.36454941,   2.83232421, -12.5368459 ,
        12.74666358,   6.27421246,   3.06755482,  -2.90178918,
        -8.87388357,  -4.55244219,   1.01810947,  11.15397191,
         5.1345586 , -10.18091846]), array([ -2.93247349,   5.39735725,   2.87298532, -12.50252592,
        12.72470016,   6.27915649,   3.07759863,  -2.94831474,
        -8.92073847,  -4.63447649,   1.03695161,  11.11614099,
         5.00981393, -10.19765405]), array([ -3.06076962,   5.32339355,   2.78318335, -12.47722372,
        12.63369825,   6.63410498,   3.22129145,  -3.04018966,
        -8.83560485,  -4.46726129,   1.04665749,  11.27822591,
         4.80411565, -10.28631957]), array([ -2.98115254,   5.26820151,   2.81094401, -12.36400325,
        12.74881166,   6.41741009,   3.13986345,  -3.01250405,
        -8.88188214,  -4.44763276,   1.01588619,  11.08663508,
         5.06496461, -10.24895863]), array([ -3.09345582,   5.2847163 ,   2.74245286, -12.42365223,
        12.87222416,   6.47385676,   3.13880124,  -2.97583383,
        -8.77914366,  -4.54028192,   0.88272995,  11.14464124,
         5.03241278, -10.40445992]), array([ -3.15054293,   5.32623078,   2.69108685, -12.38299874,
        12.80435318,   6.57428672,   3.1723553 ,  -3.04979557,
        -8.73290644,  -4.52144888,   0.95355951,  11.0721422 ,
         5.10328641, -10.30141225]), array([ -3.26613092,   5.30489473,   2.67614624, -12.31733627,
        12.65916291,   6.68965263,   3.07536783,  -2.95594397,
        -8.82500604,  -4.42903398,   1.00071945,  11.06065914,
         5.10178096, -10.3846103 ]), array([ -3.15706301,   5.26889118,   2.71403274, -12.35710337,
        12.81102984,   6.59832392,   3.03963654,  -2.92676758,
        -8.98691871,  -4.43527897,   0.96709038,  11.02631404,
         5.0529363 , -10.27569172]), array([ -3.15173552,   5.22281425,   2.64441619, -12.25679809,
        12.80871156,   6.5970503 ,   3.14628757,  -2.86671601,
        -8.99455446,  -4.37386381,   1.03041091,  11.05135811,
         5.05062805, -10.1956362 ]), array([ -3.17399915,   5.19902299,   2.57856895, -12.30564979,
        12.75432531,   6.42126586,   3.18256475,  -2.89154954,
        -9.00516304,  -4.45514668,   1.12788653,  10.89146382,
         5.13297256, -10.20069018]), array([ -3.15911375,   5.20264947,   2.6173965 , -12.26032405,
        12.75419679,   6.24849208,   3.04352253,  -2.81804459,
        -9.03747659,  -4.46483327,   1.19816702,  10.84368695,
         5.22724232, -10.15354352]), array([ -3.07322734,   5.310989  ,   2.5140442 , -12.27968955,
        12.80943993,   6.32458532,   2.97896419,  -2.741759  ,
        -8.95059859,  -4.4766022 ,   1.16466664,  10.82886479,
         5.31472698, -10.20792461]), array([ -2.94504462,   5.46927886,   2.45993558, -12.28942782,
        12.58729784,   6.27737701,   3.02443225,  -2.90541334,
        -8.91719201,  -4.68274526,   1.39838592,  10.71499224,
         5.16430916, -10.23800209]), array([ -2.95786853,   5.45944374,   2.49720048, -12.31866584,
        12.59583325,   6.27999479,   3.05580895,  -2.89489495,
        -8.90689363,  -4.63835437,   1.35505063,  10.71162276,
         5.09577436, -10.25991768]), array([ -3.04261573,   5.52701691,   2.47276512, -12.39110651,
        12.42835085,   6.30332525,   3.00151244,  -2.93132999,
        -8.83121956,  -4.62774956,   1.38507835,  10.73328294,
         5.01351153, -10.23090669]), array([ -3.18515485,   5.4888179 ,   2.43065663, -12.38022604,
        12.49424935,   6.41861013,   2.92385112,  -2.91806339,
        -8.84084856,  -4.62484571,   1.27114708,  10.76692305,
         4.9213231 , -10.28033232]), array([ -3.21818581,   5.44424342,   2.43345665, -12.29830036,
        12.50477162,   6.32721313,   2.92147638,  -2.91843977,
        -8.84278957,  -4.61925045,   1.28392928,  10.68912267,
         4.89372018, -10.27049459]), array([ -3.12791379,   5.46464538,   2.43698932, -12.32660416,
        12.40995092,   6.30709682,   3.05217519,  -3.04755817,
        -8.83582209,  -4.70749431,   1.43730464,  10.6841788 ,
         4.7995102 , -10.25731641]), array([ -3.13185567,   5.48863206,   2.4677861 , -12.23244634,
        12.41475322,   6.31314124,   3.04177744,  -3.0158065 ,
        -8.88662391,  -4.72665818,   1.46877198,  10.67627179,
         4.86316236, -10.2899066 ]), array([ -3.12300002,   5.49892038,   2.51372498, -12.24028923,
        12.49863552,   6.23698074,   3.03032904,  -3.06245583,
        -8.8906219 ,  -4.66465057,   1.46246456,  10.68980659,
         4.84836117, -10.31479611]), array([ -3.02496486,   5.49098293,   2.53261259, -12.24812136,
        12.65239439,   6.11783757,   2.92024472,  -2.96005787,
        -8.98388397,  -4.61615306,   1.39194896,  10.72446371,
         4.84278632, -10.24811928]), array([ -3.15034996,   5.49660044,   2.53616054, -12.23570501,
        12.73710319,   6.30967552,   2.8203732 ,  -2.8594646 ,
        -8.88918222,  -4.55529681,   1.20838986,  10.81410439,
         4.83949467, -10.30265858]), array([ -3.15419782,   5.53731556,   2.5214296 , -12.26362359,
        12.69842054,   6.2400646 ,   2.80693203,  -2.92818221,
        -8.74325679,  -4.64841817,   1.26193431,  10.80465007,
         4.76364151, -10.2683491 ]), array([ -3.09368579,   5.58013759,   2.50085048, -12.31769234,
        12.74524927,   6.24285121,   2.77649915,  -2.90369569,
        -8.65454106,  -4.67546954,   1.18341559,  10.84223831,
         4.84353632, -10.3003198 ]), array([ -3.11351741,   5.51418463,   2.59237586, -12.39126667,
        12.72876937,   6.39941535,   2.90745696,  -2.8897118 ,
        -8.73860473,  -4.59381076,   1.2914447 ,  10.90588291,
         4.91376569, -10.23501207]), array([ -3.0976516 ,   5.4869279 ,   2.62811623, -12.36999441,
        12.73169042,   6.53722183,   2.87041367,  -2.87710753,
        -8.78760456,  -4.50460544,   1.2956575 ,  10.92986018,
         4.83437486, -10.27436551]), array([ -2.99905038,   5.49865152,   2.5660772 , -12.40645488,
        12.83100752,   6.35713778,   2.86599112,  -2.94970087,
        -8.6965428 ,  -4.58625899,   1.24818583,  10.88170354,
         4.88577515, -10.26166664]), array([ -3.11855964,   5.4729564 ,   2.58366424, -12.39205152,
        12.65535906,   6.37760989,   2.81601292,  -2.88198383,
        -8.58741091,  -4.50651529,   1.30623511,  10.88111946,
         4.99891544, -10.30488628]), array([ -3.11382147,   5.42192967,   2.52313644, -12.38902858,
        12.6828898 ,   6.33192311,   2.88874692,  -2.9264337 ,
        -8.5982836 ,  -4.50151425,   1.35980686,  10.7987488 ,
         4.98160774, -10.31040423]), array([ -3.16693192,   5.37428661,   2.51188856, -12.35861285,
        12.73638306,   6.41749011,   2.85553808,  -2.91520158,
        -8.79009671,  -4.54788614,   1.35670158,  10.80649849,
         4.95888181, -10.23612796]), array([ -3.10885965,   5.32228994,   2.4801995 , -12.33805274,
        12.78800783,   6.49571219,   2.8557181 ,  -2.8606392 ,
        -8.93037453,  -4.43342445,   1.32177898,  10.7768376 ,
         4.93785593, -10.21878924]), array([ -3.15863636,   5.29680873,   2.52758615, -12.35732458,
        12.82690863,   6.53610527,   2.80133662,  -2.89035819,
        -8.88344244,  -4.38773692,   1.27949296,  10.8195946 ,
         4.9485138 , -10.24416617]), array([ -3.15758054,   5.28720493,   2.54336045, -12.36824438,
        12.89724317,   6.52177572,   2.80303952,  -2.89524232,
        -8.84938454,  -4.41731524,   1.19375407,  10.86683245,
         4.96434962, -10.28702753]), array([ -3.23146852,   5.28889369,   2.50353688, -12.42785559,
        12.67727961,   6.37839847,   2.88535724,  -2.92269604,
        -8.84990144,  -4.54648299,   1.33122451,  10.86629404,
         4.9913387 , -10.3953135 ]), array([ -3.27537354,   5.26264038,   2.50953844, -12.40633965,
        12.74705387,   6.36138421,   2.87853605,  -2.8740956 ,
        -8.82740878,  -4.48615761,   1.25092498,  10.94425619,
         5.00229814, -10.35514778]), array([ -3.2324934 ,   5.30623943,   2.52447078, -12.39747519,
        12.68161282,   6.35358951,   2.87326133,  -2.91373082,
        -8.83076138,  -4.5207574 ,   1.2948456 ,  10.95915518,
         5.010918  , -10.38750917]), array([ -3.20158813,   5.39899168,   2.53571271, -12.44581215,
        12.72231986,   6.37468415,   2.79908499,  -2.96067765,
        -8.67921385,  -4.60094186,   1.23873555,  10.96908904,
         5.07868643, -10.44835374]), array([ -3.22944825,   5.36175892,   2.54699959, -12.44126698,
        12.73905861,   6.3715788 ,   2.82699977,  -2.97461735,
        -8.67450835,  -4.53847089,   1.26383773,  10.99725238,
         5.00924036, -10.52086788]), array([ -3.21842058,   5.34771447,   2.64738894, -12.43766486,
        12.69431812,   6.30306772,   2.79287248,  -2.94866675,
        -8.59805537,  -4.53433728,   1.27436782,  11.01061447,
         5.06412628, -10.50732002]), array([ -3.21473813,   5.35591835,   2.63002236, -12.42189886,
        12.77711694,   6.33334306,   2.79010242,  -2.94876497,
        -8.62633646,  -4.5320244 ,   1.24681613,  10.99702233,
         5.02968345, -10.53144554]), array([ -3.26417872,   5.32655064,   2.60899997, -12.38178512,
        12.71303135,   6.43882436,   2.84370944,  -2.96153428,
        -8.65764529,  -4.51395592,   1.31205675,  11.00850952,
         5.01389815, -10.54015991]), array([ -3.18707766,   5.38921271,   2.62974351, -12.44943517,
        12.68222791,   6.31518039,   2.87688124,  -2.98159046,
        -8.61522805,  -4.64859   ,   1.35854104,  10.9773949 ,
         4.99953177, -10.52376547]), array([ -3.28088261,   5.29960896,   2.62090677, -12.39749982,
        12.68114853,   6.42430359,   2.94134071,  -2.90195407,
        -8.67494071,  -4.6114156 ,   1.3627072 ,  10.96236828,
         4.96226165, -10.52216114]), array([ -3.25596466,   5.27790624,   2.56170169, -12.39860954,
        12.74291472,   6.43435241,   2.98953247,  -2.89420054,
        -8.61723081,  -4.55919529,   1.2884104 ,  10.924869  ,
         5.01614712, -10.50506058]), array([ -3.2441828 ,   5.28494711,   2.5524539 , -12.43365003,
        12.81399717,   6.3535689 ,   2.88122248,  -2.84315929,
        -8.56232541,  -4.59799221,   1.24659994,  11.01287543,
         5.01719353, -10.51778605]), array([ -3.17726662,   5.25585954,   2.56580548, -12.49393179,
        12.77907666,   6.40996757,   2.90075439,  -2.91344342,
        -8.53675854,  -4.59701662,   1.32798936,  11.04455833,
         4.91443658, -10.51416956]), array([ -3.16854111,   5.27476014,   2.57523954, -12.49627735,
        12.75149573,   6.39511789,   2.91345678,  -2.89471552,
        -8.51526597,  -4.60071704,   1.30344876,  11.01653152,
         4.91802735, -10.52285805]), array([ -3.20568398,   5.24175895,   2.57796483, -12.49269288,
        12.74762494,   6.44716636,   2.93344785,  -2.9319612 ,
        -8.51691635,  -4.56417047,   1.31736381,  11.01075923,
         4.91809856, -10.51715119]), array([ -3.18427935,   5.23216945,   2.62265317, -12.48713763,
        12.72937267,   6.37123361,   2.8878707 ,  -2.88050741,
        -8.54806482,  -4.52339486,   1.30827033,  10.93676539,
         4.96677949, -10.51077881]), array([ -3.19185865,   5.25442617,   2.6562395 , -12.4736216 ,
        12.62348925,   6.27583908,   2.85945878,  -2.87386841,
        -8.49450143,  -4.53914217,   1.36245619,  10.95300458,
         4.96329992, -10.57517166]), array([ -3.18530338,   5.27297261,   2.64257545, -12.46827361,
        12.61139534,   6.26703436,   2.8482098 ,  -2.88704745,
        -8.46953248,  -4.52234752,   1.36175138,  10.92014033,
         4.94281225, -10.58815663]), array([ -3.1475662 ,   5.2507032 ,   2.65098887, -12.55069018,
        12.58444603,   6.29799331,   2.90903732,  -2.93257711,
        -8.49001365,  -4.52809084,   1.37160054,  10.95872293,
         4.89821827, -10.59705827]), array([ -3.19621343,   5.22765831,   2.61776015, -12.50210352,
        12.51897425,   6.24894345,   2.88741011,  -2.88172227,
        -8.53882194,  -4.50272257,   1.39125835,  10.94242697,
         4.860083  , -10.57206263]), array([ -3.24366834,   5.24116574,   2.5909941 , -12.48124076,
        12.52624384,   6.29564616,   2.88469532,  -2.88597775,
        -8.57594789,  -4.50391933,   1.4013414 ,  10.93635464,
         4.79227417, -10.62005097]), array([ -3.19111586,   5.24891708,   2.63661067, -12.56088834,
        12.61411026,   6.29137452,   2.89834054,  -2.83197472,
        -8.51692712,  -4.51761596,   1.29598432,  10.96668878,
         4.81877096, -10.60606464]), array([ -3.2196728 ,   5.23147818,   2.61439125, -12.58608605,
        12.61244108,   6.27947191,   2.90597999,  -2.7673512 ,
        -8.47181921,  -4.53760685,   1.28682985,  10.96691391,
         4.84452289, -10.65955081]), array([ -3.23050271,   5.20662447,   2.62200153, -12.58883009,
        12.63431278,   6.31130303,   2.91274588,  -2.75642541,
        -8.47355942,  -4.54889749,   1.29685151,  10.98248476,
         4.88672105, -10.72194342]), array([ -3.23966051,   5.21685514,   2.5978548 , -12.57754871,
        12.68023292,   6.30606457,   2.92726664,  -2.7904901 ,
        -8.44175781,  -4.52520231,   1.24067006,  11.010939  ,
         4.86301991, -10.72388369]), array([ -3.231641  ,   5.19692688,   2.63085313, -12.56751552,
        12.68105908,   6.34654215,   2.94382396,  -2.81227747,
        -8.50414375,  -4.47862953,   1.2921094 ,  11.05198064,
         4.8600163 , -10.71732359]), array([ -3.25505452,   5.20931714,   2.61726235, -12.54844527,
        12.62332695,   6.37231167,   2.94457623,  -2.77888372,
        -8.56942726,  -4.44401152,   1.29100881,  11.01534172,
         4.86541418, -10.71733356]), array([ -3.21687642,   5.19733779,   2.60412025, -12.53903365,
        12.61598302,   6.37741211,   2.93029114,  -2.80329589,
        -8.5011296 ,  -4.46326666,   1.24919541,  11.01774717,
         4.7904093 , -10.74280341]), array([ -3.22650617,   5.19323333,   2.636134  , -12.5542314 ,
        12.62899873,   6.37251246,   2.90380631,  -2.79009187,
        -8.49746855,  -4.52012648,   1.27603716,  11.0604852 ,
         4.87307525, -10.72372158]), array([ -3.25349201,   5.19071874,   2.62529111, -12.57584619,
        12.60688978,   6.36004521,   2.91385748,  -2.76112069,
        -8.48674755,  -4.56673893,   1.29241088,  11.12766534,
         4.90140553, -10.69700031]), array([ -3.26646416,   5.19309963,   2.61625613, -12.62156603,
        12.60596528,   6.39234458,   2.8801887 ,  -2.75936974,
        -8.44625059,  -4.52876717,   1.2699886 ,  11.11903554,
         4.8997481 , -10.68491718]), array([ -3.23827976,   5.21011654,   2.65919088, -12.61927198,
        12.63339102,   6.35962434,   2.81636756,  -2.75741728,
        -8.38696999,  -4.51242742,   1.23671095,  11.13008848,
         4.90447899, -10.65351057]), array([ -3.18748933,   5.19835273,   2.70010062, -12.64798756,
        12.62127784,   6.34480576,   2.79369659,  -2.76303047,
        -8.39683789,  -4.52762209,   1.26235974,  11.128287  ,
         4.95897847, -10.62790633]), array([ -3.21335331,   5.19514869,   2.68677653, -12.601988  ,
        12.59805612,   6.32473207,   2.82290773,  -2.74159609,
        -8.42776107,  -4.52838921,   1.29311204,  11.13816361,
         4.95082538, -10.628391  ]), array([ -3.2520308 ,   5.20716056,   2.69828019, -12.62111195,
        12.56252758,   6.35510051,   2.78127195,  -2.71657075,
        -8.43755117,  -4.5306677 ,   1.30703767,  11.11888123,
         4.91376773, -10.63662003]), array([ -3.20331898,   5.2066692 ,   2.715522  , -12.57948859,
        12.57373096,   6.32555377,   2.77755165,  -2.73450957,
        -8.3959473 ,  -4.55651195,   1.32727607,  11.10252714,
         4.91881099, -10.62198286]), array([ -3.20499905,   5.21641273,   2.70346536, -12.59152402,
        12.55627165,   6.33433544,   2.79616095,  -2.69489961,
        -8.4119615 ,  -4.55950176,   1.40560201,  11.10976561,
         4.94434658, -10.62284311]), array([ -3.22024247,   5.23749651,   2.69654091, -12.59113514,
        12.52575574,   6.34985217,   2.76842637,  -2.65663589,
        -8.41868113,  -4.51682065,   1.4038616 ,  11.10860061,
         4.92244197, -10.63931191]), array([ -3.21668738,   5.2253225 ,   2.72275364, -12.59347596,
        12.51530987,   6.34368061,   2.7589107 ,  -2.67484791,
        -8.44244253,  -4.51635932,   1.37322764,  11.10467794,
         4.85725711, -10.67087631]), array([ -3.22095855,   5.18577353,   2.72674378, -12.5693611 ,
        12.54219791,   6.35211054,   2.73227587,  -2.6449687 ,
        -8.45185459,  -4.49289331,   1.33832629,  11.04442072,
         4.84933585, -10.69144379]), array([ -3.18669028,   5.18589373,   2.68829236, -12.60097575,
        12.52902951,   6.33067872,   2.71823534,  -2.65678542,
        -8.4337189 ,  -4.4851472 ,   1.34031683,  11.0331956 ,
         4.80149537, -10.71614842]), array([ -3.16373726,   5.1587799 ,   2.6682392 , -12.63125673,
        12.49211242,   6.30442615,   2.76504257,  -2.66695184,
        -8.44228638,  -4.51887175,   1.36555411,  11.02868986,
         4.80313742, -10.78030931]), array([ -3.1307498 ,   5.20931935,   2.65648111, -12.61678935,
        12.49597839,   6.31784   ,   2.77253478,  -2.66452488,
        -8.42204082,  -4.50606306,   1.34871501,  11.00932494,
         4.76260319, -10.81282826]), array([ -3.12269886,   5.20494908,   2.64505   , -12.64443404,
        12.50866975,   6.29496153,   2.78981281,  -2.67879149,
        -8.36600399,  -4.5336623 ,   1.3550196 ,  11.05043909,
         4.73662436, -10.86714797]), array([ -3.11028704,   5.1981751 ,   2.65732707, -12.65113381,
        12.55390934,   6.3330407 ,   2.79511943,  -2.67145217,
        -8.36340872,  -4.52707648,   1.30554779,  11.073547  ,
         4.73595686, -10.88182089]), array([ -3.08798516,   5.18900822,   2.69159315, -12.66295277,
        12.54844734,   6.32776926,   2.80033771,  -2.65508966,
        -8.38233511,  -4.53590771,   1.34282323,  11.05604929,
         4.756155  , -10.88240764]), array([ -3.10883724,   5.23480561,   2.70104531, -12.69161285,
        12.55109429,   6.30955098,   2.79198807,  -2.63935596,
        -8.35019482,  -4.51971339,   1.31764764,  11.04592641,
         4.73775624, -10.88310306]), array([ -3.10968733,   5.24107427,   2.71266642, -12.71515799,
        12.5934111 ,   6.32489929,   2.76573088,  -2.61786746,
        -8.31680547,  -4.52023774,   1.25199123,  11.04402438,
         4.71362877, -10.8007643 ]), array([ -3.19486024,   5.2378975 ,   2.73339651, -12.70392181,
        12.5333365 ,   6.30509486,   2.75279681,  -2.62563585,
        -8.29140552,  -4.5423289 ,   1.279728  ,  11.09262452,
         4.7110612 , -10.78215534]), array([ -3.21536843,   5.23869068,   2.73046486, -12.72556961,
        12.48789033,   6.32514417,   2.75273315,  -2.63913357,
        -8.29618013,  -4.5778759 ,   1.34052977,  11.09766672,
         4.74706498, -10.8239309 ]), array([ -3.15502513,   5.23770533,   2.70064384, -12.66123717,
        12.5023776 ,   6.33124865,   2.7445335 ,  -2.61547279,
        -8.25486304,  -4.56949758,   1.30805982,  11.07596248,
         4.80260866, -10.81699562]), array([ -3.17537695,   5.20434691,   2.70969993, -12.63105887,
        12.53630589,   6.34794401,   2.7511446 ,  -2.60371069,
        -8.22871132,  -4.51790475,   1.2920417 ,  11.03578694,
         4.82071344, -10.79933454]), array([ -3.20600264,   5.20326979,   2.74673737, -12.62673573,
        12.51717028,   6.36823851,   2.76550613,  -2.59404544,
        -8.21041401,  -4.48175728,   1.35337501,  11.06645458,
         4.8679321 , -10.82900626]), array([ -3.21095404,   5.21253113,   2.75468759, -12.65361243,
        12.54377226,   6.42215964,   2.79270619,  -2.61661456,
        -8.2196456 ,  -4.47845589,   1.37409744,  11.07411704,
         4.90431238, -10.82953361]), array([ -3.21133408,   5.24316302,   2.77492583, -12.64124592,
        12.61208872,   6.45195979,   2.76764333,  -2.66029219,
        -8.24897173,  -4.49184432,   1.32732728,  11.07791244,
         4.86687993, -10.81033645]), array([ -3.19022917,   5.2518344 ,   2.83390395, -12.63222361,
        12.61302269,   6.41395006,   2.78493847,  -2.68735631,
        -8.27954067,  -4.52404967,   1.35658837,  11.07234598,
         4.87660723, -10.77827512]), array([ -3.18040045,   5.24197413,   2.85639545, -12.62176338,
        12.60646591,   6.39430806,   2.80171034,  -2.67814109,
        -8.31082286,  -4.52125996,   1.37271363,  11.06960578,
         4.9162512 , -10.79411384]), array([ -3.18430064,   5.2490652 ,   2.84631561, -12.60550801,
        12.5697636 ,   6.41661833,   2.82597199,  -2.69187353,
        -8.26541463,  -4.47280834,   1.37241559,  11.02116108,
         4.88094866, -10.81738067]), array([ -3.1819089 ,   5.23838822,   2.85025037, -12.61047049,
        12.59218318,   6.3973825 ,   2.81532477,  -2.68369196,
        -8.24652321,  -4.46476737,   1.36548982,  11.01590997,
         4.8541317 , -10.8289932 ]), array([ -3.19168071,   5.24803721,   2.85222231, -12.60448261,
        12.59546843,   6.40500188,   2.83832814,  -2.70570024,
        -8.25978868,  -4.45362822,   1.38321927,  11.01013364,
         4.82241105, -10.82171689]), array([ -3.22364813,   5.23949736,   2.835986  , -12.63607991,
        12.53303675,   6.34646062,   2.84035101,  -2.67765078,
        -8.28755343,  -4.46954464,   1.41304503,  11.00937295,
         4.83479562, -10.8658576 ]), array([ -3.21206782,   5.21420818,   2.85812117, -12.6176022 ,
        12.5044617 ,   6.30646844,   2.8498115 ,  -2.69357668,
        -8.26294839,  -4.46871246,   1.42883201,  11.025121  ,
         4.83575687, -10.87978269]), array([ -3.17884644,   5.24845437,   2.87560801, -12.62970571,
        12.48689573,   6.34373054,   2.85277197,  -2.72473073,
        -8.23963804,  -4.4840909 ,   1.44730265,  11.04103125,
         4.81906819, -10.82168807]), array([ -3.17805804,   5.23071069,   2.85048335, -12.67143273,
        12.45503455,   6.31674613,   2.86640849,  -2.71376319,
        -8.2366238 ,  -4.49581651,   1.44914066,  11.04964301,
         4.79221245, -10.8580789 ]), array([ -3.15448871,   5.23869942,   2.85172914, -12.64311142,
        12.42813618,   6.31487893,   2.86748233,  -2.73095058,
        -8.28451126,  -4.50235286,   1.43997458,  11.07168833,
         4.80837078, -10.86658563]), array([ -3.17393538,   5.24719333,   2.8337321 , -12.63369098,
        12.40422844,   6.28686803,   2.86115097,  -2.73561678,
        -8.28173058,  -4.50402662,   1.4568214 ,  11.08441447,
         4.80754605, -10.86269937]), array([ -3.15479709,   5.24239161,   2.83052635, -12.61828559,
        12.40185513,   6.29803236,   2.8265381 ,  -2.726359  ,
        -8.28558269,  -4.48441062,   1.43120907,  11.09637361,
         4.77840486, -10.82125855]), array([ -3.13267174,   5.22839868,   2.8172263 , -12.63057799,
        12.38149996,   6.30751526,   2.81772924,  -2.73504698,
        -8.27948925,  -4.4812502 ,   1.42872455,  11.12938862,
         4.77315823, -10.83340345]), array([ -3.08506549,   5.23209642,   2.85857744, -12.61522053,
        12.42540419,   6.34450666,   2.82992215,  -2.74419223,
        -8.29110906,  -4.45361571,   1.42523743,  11.16335439,
         4.81720895, -10.77551306]), array([ -3.10755272,   5.21477789,   2.88091958, -12.65640512,
        12.4341989 ,   6.32995059,   2.80556865,  -2.75835904,
        -8.29964987,  -4.434721  ,   1.41572238,  11.14407201,
         4.82613047, -10.73605617]), array([ -3.10743323,   5.22600909,   2.89400503, -12.68128482,
        12.49144273,   6.31530872,   2.79436675,  -2.75332165,
        -8.30711316,  -4.46651528,   1.4201133 ,  11.1360183 ,
         4.84843526, -10.72104737]), array([ -3.11913933,   5.25664625,   2.93264847, -12.67111613,
        12.50105028,   6.29916131,   2.77708496,  -2.7681452 ,
        -8.25983571,  -4.47451399,   1.42773477,  11.14028344,
         4.86861244, -10.72659168]), array([ -3.14949052,   5.22673374,   2.89669021, -12.69688513,
        12.4691901 ,   6.29666978,   2.74739518,  -2.7565325 ,
        -8.24829881,  -4.47931113,   1.43707116,  11.14000323,
         4.87339775, -10.66167413]), array([ -3.17282708,   5.18642671,   2.88652083, -12.71686709,
        12.50322632,   6.29528834,   2.75898992,  -2.72844156,
        -8.24201302,  -4.48299075,   1.41090436,  11.16490924,
         4.84895099, -10.70540932]), array([ -3.17440462,   5.19797026,   2.86590479, -12.70844061,
        12.52269671,   6.32778891,   2.77952854,  -2.73489627,
        -8.23224486,  -4.47529605,   1.39120267,  11.16784815,
         4.83721691, -10.71021523]), array([ -3.21475919,   5.18699073,   2.86619836, -12.70102356,
        12.49783441,   6.33107834,   2.77030553,  -2.68134904,
        -8.19564446,  -4.47559385,   1.43049175,  11.19632735,
         4.87852933, -10.70550187]), array([ -3.17959396,   5.17924838,   2.85394508, -12.71037943,
        12.51736119,   6.34823911,   2.79474567,  -2.68435605,
        -8.19862437,  -4.48153303,   1.41594383,  11.21519945,
         4.90693647, -10.68631398]), array([ -3.19449944,   5.18348089,   2.86631261, -12.72265253,
        12.48960124,   6.3124704 ,   2.81497943,  -2.74699384,
        -8.17911044,  -4.48744029,   1.40217056,  11.2337638 ,
         4.91937367, -10.7099934 ]), array([ -3.18455274,   5.17279001,   2.86800785, -12.73839275,
        12.47580518,   6.32136644,   2.8207287 ,  -2.73617278,
        -8.17124829,  -4.46965407,   1.40227511,  11.22872077,
         4.93168479, -10.6686554 ]), array([ -3.1860351 ,   5.18348273,   2.83453864, -12.71663925,
        12.52377564,   6.29619636,   2.83141461,  -2.69381325,
        -8.14490251,  -4.40609659,   1.36212564,  11.22245929,
         4.92235496, -10.68363506]), array([ -3.19534869,   5.17808257,   2.82440706, -12.72554609,
        12.50509342,   6.31083248,   2.80092322,  -2.69504607,
        -8.14494712,  -4.40674523,   1.31362944,  11.19752144,
         4.9270015 , -10.69674098]), array([ -3.15223241,   5.15608076,   2.86097378, -12.72487565,
        12.50533643,   6.31998021,   2.76311874,  -2.6364745 ,
        -8.16547048,  -4.42212584,   1.34419504,  11.19543379,
         4.90257746, -10.70807788]), array([ -3.17369914,   5.13948321,   2.86368   , -12.71270283,
        12.53590669,   6.3381111 ,   2.76197402,  -2.61461785,
        -8.16918017,  -4.45116926,   1.3695387 ,  11.19874062,
         4.90924836, -10.72350186]), array([ -3.18498992,   5.14332204,   2.86897121, -12.69510114,
        12.51218107,   6.31282295,   2.75860031,  -2.59950906,
        -8.20204985,  -4.46075416,   1.35093247,  11.20250124,
         4.90113634, -10.73391899]), array([ -3.1721689 ,   5.12145092,   2.86525522, -12.69970499,
        12.52639972,   6.31768561,   2.76193953,  -2.62708345,
        -8.20051691,  -4.44880932,   1.3668447 ,  11.17780484,
         4.91642924, -10.73749508]), array([ -3.17974428,   5.12698037,   2.85502092, -12.684701  ,
        12.55477025,   6.31577576,   2.75995777,  -2.64204203,
        -8.20561033,  -4.42955733,   1.35927781,  11.15098479,
         4.88798688, -10.73235478]), array([ -3.16540189,   5.11018883,   2.83476877, -12.67791584,
        12.63197112,   6.37122553,   2.80224499,  -2.66255099,
        -8.16193825,  -4.40627454,   1.29109063,  11.1771739 ,
         4.91404683, -10.74979127]), array([ -3.19507925,   5.1126497 ,   2.84162914, -12.66609977,
        12.63793764,   6.39130088,   2.80172266,  -2.70095268,
        -8.14293235,  -4.38989419,   1.28661363,  11.20528476,
         4.89501967, -10.75887965]), array([ -3.19648011,   5.124238  ,   2.80449144, -12.6841097 ,
        12.6113791 ,   6.40529524,   2.77933091,  -2.72614234,
        -8.13170218,  -4.39612608,   1.26882471,  11.14667015,
         4.89663815, -10.77763499]), array([ -3.20125511,   5.13152179,   2.78060478, -12.65904683,
        12.56316011,   6.42166836,   2.78835205,  -2.70419828,
        -8.13222148,  -4.37459466,   1.2972629 ,  11.14049557,
         4.90522931, -10.78934758]), array([ -3.18892506,   5.11984327,   2.79442035, -12.62414394,
        12.56081956,   6.41939315,   2.83000607,  -2.686919  ,
        -8.12269041,  -4.36888836,   1.3262642 ,  11.15334432,
         4.95099976, -10.76472569]), array([ -3.21150999,   5.13715946,   2.77264013, -12.62823259,
        12.5562212 ,   6.41554299,   2.84298232,  -2.66256936,
        -8.16123745,  -4.368486  ,   1.32287928,  11.13123122,
         4.96483073, -10.74372835]), array([ -3.20330428,   5.14883374,   2.74732223, -12.69665579,
        12.54039805,   6.38233358,   2.83209046,  -2.65121922,
        -8.13352554,  -4.37797075,   1.2611098 ,  11.15977016,
         4.94302326, -10.73471476]), array([ -3.18643702,   5.15909103,   2.74884579, -12.68438611,
        12.52453117,   6.37332662,   2.80503508,  -2.65572253,
        -8.16707834,  -4.39255245,   1.28962202,  11.15835797,
         4.92108156, -10.7735316 ]), array([ -3.23213036,   5.1572697 ,   2.72211291, -12.70176654,
        12.55989376,   6.37490988,   2.8286892 ,  -2.63272289,
        -8.18646482,  -4.37292458,   1.2525432 ,  11.15067356,
         4.94502004, -10.7869839 ]), array([ -3.21938893,   5.14890157,   2.71666092, -12.69089736,
        12.56232862,   6.38003778,   2.81666606,  -2.64614522,
        -8.23397505,  -4.41887311,   1.25836933,  11.15112922,
         4.95025294, -10.77889495]), array([ -3.20761435,   5.13412303,   2.74074536, -12.70828472,
        12.57891094,   6.35959258,   2.80398516,  -2.63618277,
        -8.22498031,  -4.44069786,   1.23428275,  11.12474083,
         4.95980143, -10.79716628]), array([ -3.18714987,   5.14766553,   2.74732868, -12.70487186,
        12.59217982,   6.39535528,   2.78630294,  -2.63876385,
        -8.24839173,  -4.43612029,   1.23619052,  11.09779676,
         4.95504988, -10.76815195]), array([ -3.23107512,   5.16213491,   2.75216278, -12.71700329,
        12.55023662,   6.42165234,   2.78173865,  -2.65832641,
        -8.23637661,  -4.4867296 ,   1.2486447 ,  11.13526107,
         4.93978218, -10.79468623]), array([ -3.18527978,   5.16767466,   2.70974135, -12.73258182,
        12.57149634,   6.384206  ,   2.81306477,  -2.63383217,
        -8.26082375,  -4.51601508,   1.2343022 ,  11.12412244,
         4.95964785, -10.77014616]), array([ -3.16131429,   5.17635073,   2.70726076, -12.72629602,
        12.56808891,   6.36574555,   2.80069956,  -2.67106999,
        -8.26457923,  -4.53875101,   1.24200503,  11.09722347,
         4.94031243, -10.74837242]), array([ -3.16174594,   5.15042301,   2.69868224, -12.71646905,
        12.56505418,   6.38299837,   2.82688815,  -2.67662784,
        -8.28592318,  -4.51308585,   1.23814532,  11.08186988,
         4.92840138, -10.74108244]), array([ -3.14365203,   5.16469133,   2.68329874, -12.71615113,
        12.55382719,   6.42280952,   2.82557776,  -2.67778808,
        -8.27943698,  -4.50377172,   1.27467933,  11.08149576,
         4.91928236, -10.75324823]), array([ -3.15324087,   5.17143123,   2.71964375, -12.69896644,
        12.51466167,   6.40543097,   2.81871807,  -2.6600135 ,
        -8.32342682,  -4.50005168,   1.30470688,  11.06667974,
         4.9401179 , -10.71748638]), array([ -3.1749458 ,   5.16633404,   2.71686598, -12.69154693,
        12.53321826,   6.40478121,   2.84590807,  -2.63077196,
        -8.31455726,  -4.51686492,   1.28646013,  11.063579  ,
         4.96103687, -10.73155103]), array([ -3.18170924,   5.14057734,   2.7122514 , -12.67040524,
        12.55849791,   6.42293045,   2.85501988,  -2.63037213,
        -8.3456978 ,  -4.51943647,   1.30033569,  11.05685329,
         4.9426226 , -10.72945925]), array([ -3.15595063,   5.14573508,   2.70071038, -12.65589179,
        12.5605543 ,   6.39928755,   2.85184193,  -2.63581066,
        -8.36491523,  -4.53465399,   1.27301632,  11.03889015,
         4.9173037 , -10.73402075]), array([ -3.17545572,   5.12638562,   2.67318522, -12.65265721,
        12.54731979,   6.4000551 ,   2.86691852,  -2.65330358,
        -8.35091957,  -4.54702603,   1.24624519,  11.03873147,
         4.90064944, -10.72388879]), array([ -3.15371128,   5.11709201,   2.65133766, -12.62468477,
        12.4975767 ,   6.40039678,   2.86104012,  -2.66905464,
        -8.35902878,  -4.53551023,   1.25555619,  11.05881211,
         4.88624995, -10.75839314]), array([ -3.17103514,   5.11602125,   2.63607431, -12.62863256,
        12.49206762,   6.41420386,   2.83570297,  -2.64839381,
        -8.34664586,  -4.52577211,   1.22840402,  11.07779127,
         4.88310317, -10.75868598]), array([ -3.19109513,   5.12205802,   2.59371132, -12.63930386,
        12.47804686,   6.42902197,   2.84028139,  -2.62963633,
        -8.36997649,  -4.51944355,   1.24540521,  11.05632205,
         4.89037294, -10.76044367]), array([ -3.16115912,   5.10863504,   2.60929714, -12.68707386,
        12.46219172,   6.38550995,   2.80931507,  -2.59408113,
        -8.36283951,  -4.50555086,   1.23619195,  11.04482609,
         4.85543821, -10.75381687])]


Energy: 
[-6.0, -7.093153936347363, -6.954076730906703, -9.50295814134026, -7.873809286822238, -7.5796382275865275, -6.4735182692596, -7.90566866270631, -7.721850496530943, -8.898520441052156, -9.904578407213707, -10.833628476678404, -11.056268023913137, -11.510900259038806, -11.749657113874413, -11.798850022636637, -11.78659306715621, -12.44857509898692, -12.235851540772167, -12.50564847327665, -12.353674946051136, -12.360832160941815, -12.603023068355037, -12.391953036378444, -12.521187901517093, -12.832578618026842, -12.871533491211943, -13.356235936200502, -13.296136179282227, -13.352726366288492, -13.04290934759808, -13.105322467367243, -12.943369543354986, -12.99835414920469, -12.718038657896866, -12.818128351732083, -13.127790473185783, -13.399668717389918, -13.023637357926777, -13.274278678373859, -13.36814803490305, -13.190724974408266, -13.330511296653466, -13.14603304346199, -13.164803491079477, -13.428383267590192, -13.282350462479535, -13.286448795531449, -13.084639314771088, -13.49154761451139, -13.608981507081065, -13.334637758296909, -13.553839019719726, -13.414047798129747, -13.588711681119047, -13.406463483883176, -13.33141813864821, -13.248175395623285, -13.479073662380138, -13.492024365741852, -13.43403684066796, -13.376419893256308, -13.338757995380721, -13.274076652108757, -13.579117155289808, -13.532300247129738, -13.607385021243969, -13.521329320755981, -13.621152787853053, -13.666675201122207, -13.80335089030873, -13.74461121201094, -13.576440608462804, -13.570150559953293, -13.605143801246152, -13.500924845884265, -13.80173553398878, -13.718772910717943, -13.665808287505643, -13.92723906560627, -13.846509784223066, -13.753472910947895, -13.996535577002248, -13.938031017706567, -13.893924546573423, -13.759166713700754, -13.733513647213249, -13.758195413760685, -14.05112187106086, -14.041305480983436, -14.084289727183805, -14.007123917634841, -14.087423900407899, -14.127434525854845, -14.100748242793358, -14.103218202169547, -14.100681943246236, -14.13867364042053, -14.12649696016933, -14.182208906080767, -14.204438723182042, -14.224954434898727, -14.19195941766179, -14.260629358931121, -14.277598922623952, -14.251250414064991, -14.291124424332468, -14.266096679221087, -14.255173594311415, -14.347873012373393, -14.368889191926709, -14.383838275121029, -14.354042558559373, -14.387165783854968, -14.371751949954673, -14.385266504761827, -14.395261138972788, -14.37683107635237, -14.37944559968758, -14.38308849670391, -14.383368209591255, -14.397155544072504, -14.389130668670797, -14.3888337744662, -14.385677490402946, -14.399399847455083, -14.398805658511648, -14.39243665904793, -14.397426683205197, -14.396308104659756, -14.407455981948821, -14.399641950861254, -14.410606646172424, -14.399261943787375, -14.41506964091429, -14.406704955242748, -14.422883280280077, -14.408238375356976, -14.415924456838932, -14.44596607297113, -14.454985672450878, -14.454830693326974, -14.439753119192813, -14.442032174438637, -14.435059737343263, -14.455063785291683, -14.463642204400356, -14.459808730041111, -14.441855853607539, -14.423566476323757, -14.4261816496899, -14.418804457175833, -14.399144614163822, -14.372404138581704, -14.38893659450358, -14.370773756717332, -14.361561442024989, -14.372054164505201, -14.37027984324114, -14.359580063178782, -14.356605819795705, -14.383753158771068, -14.413165018431469, -14.40299494983366, -14.410440190313754, -14.393326659296285, -14.392650431952664, -14.405966291341617, -14.415601290818433, -14.409821031125924, -14.412769479370956, -14.407272863648252, -14.405399589143066, -14.418813354806002, -14.41951479074237, -14.408440203099062, -14.406306083109161, -14.411396104661106, -14.4095650726674, -14.419957016955696, -14.414423460072712, -14.435986601652012, -14.417386071682262, -14.435192897349129, -14.420678078091132, -14.42705423024225, -14.422006739343118, -14.420892581934707, -14.412153891780594, -14.427810559572455, -14.433649205500242, -14.445570830691274, -14.444833681761928, -14.438866176272166, -14.434297116769189, -14.425041807781334, -14.427905097975996, -14.417715635343155, -14.416224983553185, -14.418261330600517]