	Parameters: 
[array([0., 0., 0., 0., 0., 0.]), array([0.00059907, 0.0018746 , 0.07987698, 0.08072631, 0.07886859,
       0.08028576]), array([0.00040497, 0.0087135 , 0.14682071, 0.15468537, 0.15173917,
       0.14664031]), array([0.00298949, 0.02004318, 0.20116371, 0.22229879, 0.21999159,
       0.20092865]), array([0.00594601, 0.03218001, 0.24571709, 0.28109787, 0.2828868 ,
       0.24431931]), array([0.00830978, 0.04899454, 0.28171899, 0.33831991, 0.341105  ,
       0.28005145]), array([0.01279578, 0.06568121, 0.31273054, 0.38882109, 0.39363024,
       0.31010535]), array([0.02022512, 0.08256169, 0.33734785, 0.43615772, 0.44199186,
       0.33551383]), array([0.0270604 , 0.09943543, 0.36048868, 0.48071815, 0.48741553,
       0.35702304]), array([0.03528045, 0.11348258, 0.37958475, 0.52215345, 0.52849124,
       0.37517561]), array([0.0442254 , 0.12864583, 0.39576393, 0.56089488, 0.56635993,
       0.3936377 ]), array([0.05301405, 0.14410408, 0.41100719, 0.5971153 , 0.60118887,
       0.40881204]), array([0.06162519, 0.15715365, 0.42420536, 0.63178935, 0.63374109,
       0.42165391]), array([0.07153503, 0.16993949, 0.43696381, 0.66282571, 0.66400557,
       0.43395799]), array([0.07979036, 0.18164424, 0.44792363, 0.69308461, 0.68931082,
       0.44493168]), array([0.08995403, 0.19398156, 0.45931833, 0.72148249, 0.71436659,
       0.45412573]), array([0.09958479, 0.20393642, 0.47081606, 0.74891135, 0.7377295 ,
       0.46225821]), array([0.10786216, 0.21381136, 0.48128795, 0.77465189, 0.75931881,
       0.47008422]), array([0.11580232, 0.22212325, 0.49156906, 0.79892607, 0.77868938,
       0.4778067 ]), array([0.12315673, 0.23223398, 0.50229438, 0.82188406, 0.79612722,
       0.483452  ]), array([0.13016877, 0.24145163, 0.51120004, 0.84408966, 0.81397589,
       0.49013483]), array([0.13725902, 0.24971919, 0.51992074, 0.86453483, 0.8297868 ,
       0.49637227]), array([0.14386945, 0.25908843, 0.52881034, 0.88395392, 0.84480544,
       0.50208136]), array([0.1508176 , 0.26722906, 0.53881305, 0.90313984, 0.85982956,
       0.50838349]), array([0.15783513, 0.27510834, 0.54843425, 0.91986136, 0.87263981,
       0.51290574]), array([0.16301405, 0.28239552, 0.55861225, 0.93609449, 0.88542975,
       0.51730892]), array([0.16856533, 0.28792381, 0.56758032, 0.95237881, 0.89696252,
       0.52004014]), array([0.17453062, 0.2943449 , 0.57657183, 0.96804247, 0.90747635,
       0.5237133 ]), array([0.17922558, 0.30107694, 0.58402935, 0.98270052, 0.91833811,
       0.52736678]), array([0.18428249, 0.30636037, 0.59346362, 0.99714007, 0.92726147,
       0.52913535]), array([0.18826788, 0.31212362, 0.60306125, 1.01004877, 0.9361722 ,
       0.53225259]), array([0.19191009, 0.31762053, 0.6106654 , 1.02289562, 0.94482205,
       0.53499106]), array([0.19380463, 0.32267856, 0.61989527, 1.03575916, 0.95302095,
       0.53641928]), array([0.19724725, 0.32808743, 0.62807632, 1.04814901, 0.96115952,
       0.53907104]), array([0.20092509, 0.33287358, 0.63734472, 1.0603701 , 0.96900938,
       0.5408344 ]), array([0.20475885, 0.33697007, 0.64579492, 1.07253745, 0.97670805,
       0.54270251]), array([0.2076711 , 0.33995146, 0.65360773, 1.08284088, 0.98150759,
       0.54343211]), array([0.20987801, 0.34418926, 0.66171631, 1.09214558, 0.98548413,
       0.54283075]), array([0.21356074, 0.34879861, 0.66922109, 1.10158429, 0.99056911,
       0.54446334]), array([0.21651986, 0.35249352, 0.67698838, 1.11100111, 0.9953294 ,
       0.54532123]), array([0.2186059 , 0.35748458, 0.68413675, 1.12066059, 1.00179985,
       0.54519822]), array([0.22167808, 0.3617892 , 0.69342915, 1.13064261, 1.00704196,
       0.54602444]), array([0.22367193, 0.36625037, 0.70068416, 1.13891413, 1.01142615,
       0.54565754]), array([0.22605285, 0.36980676, 0.70923517, 1.1474643 , 1.01457997,
       0.54512324]), array([0.22779449, 0.37376928, 0.7166141 , 1.15610544, 1.01862887,
       0.5441236 ]), array([0.22978405, 0.37717792, 0.7234605 , 1.16497337, 1.02256063,
       0.54262683]), array([0.23123578, 0.38024772, 0.73042577, 1.1724092 , 1.02620931,
       0.54201508]), array([0.23242429, 0.38428986, 0.73692764, 1.17951495, 1.02806483,
       0.54135312]), array([0.23432555, 0.3873681 , 0.74276503, 1.18657717, 1.03119333,
       0.54050117]), array([0.23642897, 0.39081293, 0.75080396, 1.19331324, 1.03336544,
       0.53911639]), array([0.23719102, 0.39498656, 0.75874249, 1.19980432, 1.03648101,
       0.53843248]), array([0.2388178 , 0.39890868, 0.76613429, 1.20600351, 1.03930515,
       0.53746647]), array([0.24144331, 0.40092709, 0.7729593 , 1.21183024, 1.04133631,
       0.53643541]), array([0.24372165, 0.40366957, 0.77988216, 1.21848575, 1.04292091,
       0.53639014]), array([0.24381173, 0.4058832 , 0.78695694, 1.22430441, 1.04449656,
       0.53398285]), array([0.2449663 , 0.40841529, 0.79318911, 1.22984357, 1.04630667,
       0.53245122]), array([0.24628866, 0.41176179, 0.79994381, 1.23526223, 1.04782108,
       0.5307679 ]), array([0.24850597, 0.41516288, 0.80648746, 1.24027028, 1.04994147,
       0.52980838]), array([0.25094562, 0.41780957, 0.81253128, 1.24485351, 1.0503881 ,
       0.52695224]), array([0.25262385, 0.42053843, 0.81831975, 1.24924249, 1.05111316,
       0.52502273]), array([0.25310408, 0.42311452, 0.82454136, 1.25450104, 1.05272049,
       0.52394063]), array([0.25463101, 0.42735693, 0.83122835, 1.25921925, 1.05373088,
       0.52215028]), array([0.2559442 , 0.43117552, 0.8373498 , 1.26416239, 1.05486871,
       0.52032541]), array([0.25737172, 0.43374109, 0.84406675, 1.26805152, 1.05531463,
       0.5178446 ]), array([0.26055513, 0.43655589, 0.85040751, 1.2724984 , 1.05483508,
       0.51553006]), array([0.26109355, 0.43955331, 0.85633928, 1.27527287, 1.05586169,
       0.51378402]), array([0.26254157, 0.44157989, 0.86271835, 1.27769342, 1.055127  ,
       0.51020309]), array([0.26464219, 0.44405803, 0.86776156, 1.28199758, 1.05509557,
       0.50810172]), array([0.26546624, 0.44711536, 0.87343812, 1.28523947, 1.05610176,
       0.50620438]), array([0.26805805, 0.45010917, 0.8794676 , 1.28896379, 1.05606122,
       0.50358299]), array([0.27060763, 0.45371091, 0.88518637, 1.29312839, 1.05666622,
       0.50081043]), array([0.27056058, 0.45755896, 0.89091384, 1.29636584, 1.05650645,
       0.49855643]), array([0.27089174, 0.4595465 , 0.89664939, 1.29954846, 1.0555594 ,
       0.49611069]), array([0.27167702, 0.46251046, 0.90302097, 1.30198199, 1.05523173,
       0.49356866]), array([0.2727722 , 0.46602128, 0.90856585, 1.3052281 , 1.05464343,
       0.49060898]), array([0.27287569, 0.46746423, 0.91218094, 1.30759448, 1.05359054,
       0.48818743]), array([0.2740905 , 0.47055079, 0.91747942, 1.31085944, 1.0536559 ,
       0.48591953]), array([0.27519858, 0.47373334, 0.9226732 , 1.31188805, 1.05210912,
       0.48201753]), array([0.27648549, 0.47655352, 0.92713848, 1.31441001, 1.05071946,
       0.47901888]), array([0.27790735, 0.47946154, 0.93219567, 1.31777605, 1.05087063,
       0.47629097]), array([0.27917885, 0.48270001, 0.9373236 , 1.32052502, 1.05086032,
       0.47346123]), array([0.28161534, 0.48557848, 0.94237648, 1.32231023, 1.04994633,
       0.47094793]), array([0.28371051, 0.48818688, 0.9470678 , 1.32565491, 1.05058625,
       0.46866276]), array([0.28432604, 0.48963366, 0.95156649, 1.32698208, 1.05030298,
       0.46696751]), array([0.2852146 , 0.49184278, 0.955715  , 1.32883311, 1.04868896,
       0.46398666]), array([0.28647046, 0.49527129, 0.96079283, 1.32978921, 1.0473473 ,
       0.4612315 ]), array([0.28792112, 0.49872045, 0.96516609, 1.33094034, 1.04623504,
       0.45912483]), array([0.28955422, 0.50192774, 0.96950231, 1.33234792, 1.04449059,
       0.45624619]), array([0.29129706, 0.5039946 , 0.97377914, 1.33391734, 1.04310088,
       0.4534815 ]), array([0.29198874, 0.50780389, 0.97916226, 1.33512527, 1.0428036 ,
       0.45168043]), array([0.29267505, 0.5099531 , 0.98323988, 1.33757016, 1.04303338,
       0.44943224]), array([0.29370323, 0.5127975 , 0.98707672, 1.3393477 , 1.04145895,
       0.44842405]), array([0.29560749, 0.515168  , 0.99034725, 1.34039504, 1.0395894 ,
       0.44403343]), array([0.29667109, 0.51737365, 0.99450369, 1.34116915, 1.03723816,
       0.44182152]), array([0.29766313, 0.52076051, 0.99858368, 1.34295257, 1.03574545,
       0.43823551]), array([0.29814968, 0.52300427, 1.00245282, 1.34404513, 1.03368881,
       0.43583192]), array([0.2983871 , 0.52642988, 1.00766989, 1.34515928, 1.0312085 ,
       0.43215709]), array([0.29962286, 0.5290059 , 1.01041489, 1.34492559, 1.02966741,
       0.4300157 ]), array([0.29993677, 0.53188033, 1.01311021, 1.34486131, 1.02741817,
       0.42690918]), array([0.30093968, 0.53499294, 1.01585215, 1.34467597, 1.02541548,
       0.42507989]), array([0.3017305 , 0.53681846, 1.01962858, 1.34607278, 1.02342822,
       0.42275543]), array([0.30321105, 0.53927175, 1.02361349, 1.34682134, 1.02246994,
       0.42068104]), array([0.30560104, 0.54150068, 1.02657185, 1.34621118, 1.01982297,
       0.41773538]), array([0.30690202, 0.54428157, 1.03002642, 1.34730889, 1.01859446,
       0.41532873]), array([0.30960716, 0.54736884, 1.03422784, 1.34775301, 1.01637758,
       0.4126688 ]), array([0.31087234, 0.54944375, 1.03774088, 1.34837076, 1.01410322,
       0.40989822]), array([0.31242789, 0.55166412, 1.04098725, 1.34847909, 1.01312585,
       0.40752577]), array([0.31243769, 0.55423014, 1.04362343, 1.35014553, 1.01178998,
       0.40599055]), array([0.31356995, 0.55645966, 1.0472909 , 1.35038297, 1.01040626,
       0.40289874]), array([0.31483986, 0.55889464, 1.05031629, 1.35000289, 1.00911329,
       0.40029604]), array([0.31646013, 0.56172789, 1.05295164, 1.34948653, 1.00664576,
       0.39724451]), array([0.31768393, 0.56427546, 1.05577457, 1.35010724, 1.00466339,
       0.39517229]), array([0.31956947, 0.5673168 , 1.05771727, 1.34997928, 1.00321336,
       0.39216411]), array([0.31979537, 0.570094  , 1.06012756, 1.35017386, 1.00155912,
       0.3913593 ]), array([0.3207243 , 0.57172127, 1.06403461, 1.34946834, 0.99841152,
       0.38862716]), array([0.32190239, 0.57380273, 1.06651045, 1.34930877, 0.99631427,
       0.38506657]), array([0.32220959, 0.57614639, 1.06751215, 1.34907393, 0.99406448,
       0.38216622]), array([0.32238982, 0.5781188 , 1.06979939, 1.34833342, 0.99180776,
       0.38152086]), array([0.3228934 , 0.58001077, 1.07181639, 1.34851762, 0.99045361,
       0.38027385]), array([0.32376365, 0.58210364, 1.07500985, 1.34846177, 0.98781676,
       0.37848027]), array([0.32444948, 0.5851404 , 1.07770146, 1.34816985, 0.98659482,
       0.37716076]), array([0.32424811, 0.58772197, 1.07939735, 1.34741392, 0.98399598,
       0.37499844]), array([0.32522114, 0.59014794, 1.08068437, 1.34769571, 0.981395  ,
       0.37177546]), array([0.32574555, 0.59201885, 1.08291691, 1.34781861, 0.97847505,
       0.36907549]), array([0.32540586, 0.59463535, 1.08507431, 1.34866325, 0.97681945,
       0.36638818]), array([0.3252148 , 0.59620693, 1.08802417, 1.3472628 , 0.97487913,
       0.36496051]), array([0.32597239, 0.59764221, 1.08945985, 1.34689375, 0.97316354,
       0.36255066]), array([0.32721413, 0.59896761, 1.09068265, 1.34671842, 0.97116964,
       0.36244212]), array([0.32706643, 0.60084708, 1.09126828, 1.34710755, 0.9700866 ,
       0.35997619]), array([0.32773172, 0.60322127, 1.09420507, 1.34603132, 0.96709437,
       0.35786967]), array([0.32899154, 0.60431432, 1.09572323, 1.34509147, 0.96393035,
       0.35637172]), array([0.33104449, 0.60790568, 1.0971789 , 1.34480522, 0.96317618,
       0.35547152]), array([0.33025855, 0.61072043, 1.09826189, 1.34497112, 0.96117089,
       0.35411871]), array([0.32999528, 0.61239961, 1.09921581, 1.34373841, 0.95810907,
       0.35247932]), array([0.3311763 , 0.61412518, 1.10056319, 1.34478954, 0.95643494,
       0.35087965]), array([0.33251572, 0.61581389, 1.10216165, 1.34328365, 0.95416336,
       0.34903454]), array([0.33395082, 0.61789888, 1.10408616, 1.3418375 , 0.95191319,
       0.3468992 ]), array([0.33452252, 0.62122039, 1.10489342, 1.34171138, 0.94921179,
       0.34508702]), array([0.33575222, 0.62284218, 1.10634419, 1.34132311, 0.94637773,
       0.34289568]), array([0.3368593 , 0.62489619, 1.10706663, 1.34035953, 0.94486765,
       0.34132728]), array([0.33825117, 0.62681413, 1.10823791, 1.33934934, 0.94229543,
       0.34019834]), array([0.33994355, 0.62871129, 1.10906703, 1.33794918, 0.94017939,
       0.33921996]), array([0.34163667, 0.62998206, 1.11085375, 1.33755267, 0.93801394,
       0.33654317]), array([0.34138839, 0.63083828, 1.11342271, 1.33728299, 0.93538161,
       0.33431402]), array([0.34295551, 0.63199231, 1.1139276 , 1.33646504, 0.93402732,
       0.33341863]), array([0.34485787, 0.63468472, 1.11476045, 1.3359349 , 0.93289941,
       0.33174622]), array([0.34600593, 0.63648919, 1.11618657, 1.33560137, 0.93101894,
       0.33064511]), array([0.34619806, 0.63872459, 1.11747876, 1.33464012, 0.92913764,
       0.32990446]), array([0.34709363, 0.64135848, 1.11897945, 1.33310316, 0.9263808 ,
       0.32843621]), array([0.34744303, 0.6429635 , 1.1200938 , 1.33251394, 0.92382054,
       0.32706895]), array([0.34704885, 0.64474869, 1.12178036, 1.33185423, 0.9226737 ,
       0.32585487]), array([0.34834998, 0.64710478, 1.12391308, 1.33067793, 0.91923554,
       0.3234596 ]), array([0.34891341, 0.64883117, 1.1254852 , 1.329139  , 0.91794216,
       0.32331742]), array([0.35045799, 0.65028648, 1.12662206, 1.32893763, 0.91535593,
       0.32200739]), array([0.35081881, 0.65174205, 1.12812274, 1.32724219, 0.91300017,
       0.32000533]), array([0.35178653, 0.65470623, 1.128502  , 1.32593333, 0.91011442,
       0.31785284]), array([0.35304282, 0.65605735, 1.13003494, 1.32505382, 0.90922843,
       0.31691948]), array([0.35475345, 0.65784798, 1.13124676, 1.32426563, 0.90623375,
       0.31529345]), array([0.35452072, 0.65989124, 1.13211685, 1.32322074, 0.90434398,
       0.31360179]), array([0.35523922, 0.66147054, 1.13209542, 1.322189  , 0.90339361,
       0.31380024]), array([0.35620832, 0.66361204, 1.13332187, 1.32070698, 0.90045363,
       0.3124406 ]), array([0.35629367, 0.66493414, 1.13360595, 1.32040374, 0.89881448,
       0.31082071]), array([0.35765747, 0.66590508, 1.13406246, 1.31927546, 0.8972558 ,
       0.30928368]), array([0.35901872, 0.66717559, 1.1358448 , 1.31799342, 0.89558866,
       0.30801528]), array([0.35878616, 0.66942181, 1.13588433, 1.31765191, 0.89311306,
       0.30626008]), array([0.35971465, 0.67112553, 1.13570622, 1.31672603, 0.89096656,
       0.30672731]), array([0.36070221, 0.6733299 , 1.13552039, 1.31534125, 0.88914665,
       0.30438174]), array([0.36056713, 0.67484117, 1.13654839, 1.31444535, 0.8866203 ,
       0.30217532]), array([0.36110657, 0.67575789, 1.13771763, 1.31289453, 0.88407919,
       0.30111809]), array([0.3617375 , 0.67780504, 1.13930641, 1.31227901, 0.8836751 ,
       0.30096675]), array([0.36312567, 0.67978883, 1.14009277, 1.31217836, 0.8818375 ,
       0.30080131]), array([0.36431788, 0.68208824, 1.14071338, 1.31178031, 0.87918268,
       0.29905897]), array([0.36508996, 0.68447796, 1.14121908, 1.31093554, 0.87721207,
       0.29828869]), array([0.36550418, 0.68565028, 1.14151876, 1.30987185, 0.87491762,
       0.29684605]), array([0.36667306, 0.68640641, 1.14291277, 1.30940681, 0.8729246 ,
       0.29498939]), array([0.36714038, 0.68802939, 1.14220253, 1.30721255, 0.87126107,
       0.29341516]), array([0.36618064, 0.68882766, 1.14452323, 1.30601926, 0.87033365,
       0.29269815]), array([0.36655685, 0.69077188, 1.14515467, 1.30584372, 0.86850638,
       0.29199364]), array([0.36721302, 0.69267689, 1.14469148, 1.30537905, 0.86570586,
       0.2911012 ]), array([0.36781806, 0.69488118, 1.14505208, 1.30419705, 0.86315361,
       0.28954909]), array([0.36985314, 0.69575704, 1.14598839, 1.30369137, 0.86062001,
       0.2881824 ]), array([0.37081806, 0.69746694, 1.14613868, 1.30334839, 0.85990458,
       0.28752784]), array([0.37106946, 0.69877246, 1.14637213, 1.30357624, 0.85855606,
       0.28618241]), array([0.37214827, 0.70010801, 1.14749156, 1.30245941, 0.85644676,
       0.28506367]), array([0.37174717, 0.70277976, 1.14857926, 1.30130684, 0.85468505,
       0.28394835]), array([0.37229103, 0.70362869, 1.14922724, 1.30106775, 0.85295864,
       0.28372177]), array([0.37249206, 0.70488771, 1.14964106, 1.3008585 , 0.85150463,
       0.28331746]), array([0.37232995, 0.70741481, 1.14902898, 1.29904457, 0.84861771,
       0.28288377]), array([0.3740356 , 0.71000715, 1.15014528, 1.29729384, 0.84662572,
       0.2822191 ]), array([0.37489885, 0.71024218, 1.15071348, 1.29500956, 0.84366913,
       0.28061005]), array([0.37538411, 0.71062554, 1.15103053, 1.2935067 , 0.8422821 ,
       0.27904301]), array([0.37526539, 0.71247842, 1.15191031, 1.29238437, 0.84028709,
       0.27722787]), array([0.376289  , 0.71453577, 1.15193796, 1.29072521, 0.83781498,
       0.27588276]), array([0.37845957, 0.71621359, 1.15253493, 1.29064912, 0.83707371,
       0.27569731]), array([0.38036331, 0.71821001, 1.15323932, 1.28934239, 0.83512151,
       0.27424635]), array([0.38174804, 0.71950598, 1.15445496, 1.2880278 , 0.83364473,
       0.27293523]), array([0.38158998, 0.72056309, 1.1573328 , 1.28655076, 0.83115095,
       0.27165971]), array([0.38220949, 0.72103231, 1.15755077, 1.28585476, 0.82999532,
       0.27127183]), array([0.38237382, 0.72211047, 1.15806336, 1.28466899, 0.82803886,
       0.27006856]), array([0.38304343, 0.72366959, 1.15725432, 1.28429071, 0.82589648,
       0.26837969])]


Energy: 
[-3.0336000000000003, -3.6093, -4.0941, -4.3742, -4.6701, -4.8678, -5.0963, -5.233, -5.3346, -5.453399999999999, -5.55, -5.6286, -5.672700000000001, -5.7226, -5.7503, -5.852500000000001, -5.8544, -5.914, -5.933199999999999, -5.9620999999999995, -5.9581, -5.9691, -6.0182, -6.0408, -6.0621, -6.0209, -6.0565999999999995, -6.093, -6.0997, -6.0913, -6.1202000000000005, -6.114800000000001, -6.1266, -6.1476999999999995, -6.1408, -6.176500000000001, -6.1618, -6.147600000000001, -6.1686, -6.176, -6.1682, -6.1503, -6.1744, -6.1829, -6.194500000000001, -6.1845, -6.1929, -6.1949, -6.1554, -6.1922999999999995, -6.2066, -6.196400000000001, -6.2071, -6.2097, -6.2024, -6.1883, -6.2034, -6.209099999999999, -6.2204, -6.2185, -6.2061, -6.2251, -6.2311, -6.2258000000000004, -6.2376000000000005, -6.2349, -6.2629, -6.2562, -6.2113, -6.25, -6.1962, -6.2513000000000005, -6.2291, -6.2773, -6.228999999999999, -6.2483, -6.2485, -6.2677, -6.2475, -6.259600000000001, -6.2405, -6.2678, -6.2478, -6.2647, -6.2529, -6.245900000000001, -6.2749, -6.263999999999999, -6.255700000000001, -6.2743, -6.2744, -6.2722999999999995, -6.2868, -6.2752, -6.2562999999999995, -6.2543, -6.276, -6.263999999999999, -6.2762, -6.266100000000001, -6.2737, -6.291499999999999, -6.2508, -6.2465, -6.255000000000001, -6.2961, -6.2666, -6.2799, -6.2905999999999995, -6.284, -6.2776, -6.2887, -6.2766, -6.282100000000001, -6.2833000000000006, -6.275399999999999, -6.2664, -6.268000000000001, -6.2612000000000005, -6.2797, -6.284400000000001, -6.280799999999999, -6.2562, -6.281599999999999, -6.2698, -6.286, -6.2644, -6.269900000000001, -6.296, -6.2879, -6.2666, -6.2684999999999995, -6.276700000000001, -6.2894, -6.2859, -6.2837000000000005, -6.288, -6.261, -6.2817, -6.2955, -6.2887, -6.298499999999999, -6.264900000000001, -6.2957, -6.2707, -6.272, -6.2663, -6.3025, -6.3135, -6.2829, -6.2966, -6.2810999999999995, -6.2935, -6.2734, -6.2934, -6.292199999999999, -6.2829999999999995, -6.2825999999999995, -6.2921000000000005, -6.3135, -6.3231, -6.3028, -6.289499999999999, -6.2712, -6.2818, -6.288200000000001, -6.2917, -6.2764999999999995, -6.256, -6.2937, -6.2902000000000005, -6.2905999999999995, -6.3069, -6.3189, -6.3131, -6.2969, -6.2883, -6.3061, -6.2785, -6.292, -6.2689, -6.2734000000000005, -6.2974, -6.2912, -6.2949, -6.2877, -6.2707, -6.3018, -6.2922, -6.2951999999999995, -6.3066, -6.2714, -6.2992, -6.3103, -6.3043000000000005, -6.2811, -6.301, -6.322399999999999, -6.299799999999999, -6.3119000000000005]