Parameters: 
[array([0., 0., 0., 0., 0., 0., 0., 0., 0., 0., 0., 0., 0., 0.]), array([0.  , 0.02, 0.02, 0.02, 0.02, 0.  , 0.  , 0.  , 0.  , 0.  , 0.02,
       0.02, 0.02, 0.02]), array([ 5.65519853e-18,  3.95961068e-02,  3.95961068e-02,  3.95962268e-02,
        3.95841888e-02, -4.87456238e-18, -7.82363465e-18,  4.56340696e-19,
        7.99840014e-08,  3.99894142e-04,  3.95841888e-02,  3.97960535e-02,
        3.95961068e-02,  3.95961068e-02]), array([-6.93889390e-20,  5.87893357e-02,  5.87893360e-02,  5.87903688e-02,
        5.87314646e-02, -8.51761720e-18,  1.25336448e-12,  7.83325953e-09,
        8.53257039e-06,  1.18614531e-03,  5.87391354e-02,  5.93826746e-02,
        5.87893388e-02,  5.87893357e-02]), array([2.64371858e-17, 7.75817043e-02, 7.75817076e-02, 7.75856559e-02,
       7.74243306e-02, 2.94696866e-13, 4.47595499e-10, 2.14018767e-07,
       3.34307933e-05, 2.34388009e-03, 7.74542665e-02, 7.87549695e-02,
       7.75817280e-02, 7.75817043e-02]), array([3.32072564e-14, 9.59761299e-02, 9.59761474e-02, 9.59866157e-02,
       9.56487337e-02, 2.17239980e-11, 6.54997867e-09, 9.92153298e-07,
       8.25229635e-05, 3.85714896e-03, 9.57217059e-02, 9.79086087e-02,
       9.59762240e-02, 9.59761298e-02]), array([1.07874258e-12, 1.13976330e-01, 1.13976393e-01, 1.13998847e-01,
       1.13393873e-01, 2.36523127e-10, 3.28069949e-08, 2.89330072e-06,
       1.63144751e-04, 5.70917020e-03, 1.13536096e-01, 1.16839800e-01,
       1.13976601e-01, 1.13976330e-01]), array([1.01094336e-11, 1.31586728e-01, 1.31586904e-01, 1.31628810e-01,
       1.30651987e-01, 1.22007818e-09, 1.07442782e-07, 6.63530796e-06,
       2.82148166e-04, 7.88255508e-03, 1.30894405e-01, 1.35545263e-01,
       1.31587368e-01, 1.31586728e-01]), array([5.31526305e-11, 1.48812367e-01, 1.48812783e-01, 1.48883640e-01,
       1.47418120e-01, 4.32223618e-09, 2.76523284e-07, 1.30880125e-05,
       4.45846688e-04, 1.03595128e-02, 1.47795731e-01, 1.54022195e-01,
       1.48813684e-01, 1.48812367e-01]), array([2.00377624e-10, 1.65658824e-01, 1.65659694e-01, 1.65770978e-01,
       1.63689886e-01, 1.21465922e-08, 6.07557658e-07, 2.32552973e-05,
       6.59975468e-04, 1.31220346e-02, 1.64241099e-01, 1.72268251e-01,
       1.65661275e-01, 1.65658822e-01]), array([6.06872722e-10, 1.82132133e-01, 1.82133794e-01, 1.82298824e-01,
       1.79467225e-01, 2.91179479e-08, 1.19243992e-06, 3.82549036e-05,
       9.29665300e-04, 1.61520563e-02, 1.80233261e-01, 1.90281514e-01,
       1.82136358e-01, 1.82132129e-01]), array([1.57200340e-09, 1.98238715e-01, 1.98241660e-01, 1.98475409e-01,
       1.94752163e-01, 6.21122078e-08, 2.14963364e-06, 5.92968435e-05,
       1.25942892e-03, 1.94316011e-02, 1.95776504e-01, 2.08060466e-01,
       1.98245569e-01, 1.98238706e-01]), array([3.61914372e-09, 2.13985314e-01, 2.13990231e-01, 2.14309088e-01,
       2.09548575e-01, 1.21119406e-07, 3.62554724e-06, 8.76611630e-05,
       1.65315812e-03, 2.29429015e-02, 2.10876455e-01, 2.25603967e-01,
       2.13995898e-01, 2.13985294e-01]), array([7.59626367e-09, 2.29378932e-01, 2.29386748e-01, 2.29808249e-01,
       2.23861961e-01, 2.19909229e-07, 5.79508742e-06, 1.24675711e-04,
       2.11413015e-03, 2.66685039e-02, 2.25539907e-01, 2.42911224e-01,
       2.29394625e-01, 2.29378893e-01]), array([1.47964583e-08, 2.44426782e-01, 2.44438697e-01, 2.44981238e-01,
       2.37699229e-01, 3.76669029e-07, 8.86141251e-06, 1.71694461e-04,
       2.64502194e-03, 3.05913549e-02, 2.39774650e-01, 2.59981776e-01,
       2.44449263e-01, 2.44426711e-01]), array([2.70961357e-08, 2.59136234e-01, 2.59153763e-01, 2.59836296e-01,
       2.51068493e-01, 6.14586615e-07, 1.30549354e-05, 2.30076842e-04,
       3.24793075e-03, 3.46948726e-02, 2.53589311e-01, 2.76815462e-01,
       2.59167509e-01, 2.59136110e-01]), array([4.71073423e-08, 2.73514773e-01, 2.73539781e-01, 2.74381518e-01,
       2.63978884e-01, 9.62353599e-07, 1.86316470e-05, 3.01168422e-04,
       3.92439993e-03, 3.89630035e-02, 2.66993211e-01, 2.93412408e-01,
       2.73557192e-01, 2.73514565e-01]), array([7.83396743e-08, 2.87569958e-01, 2.87604695e-01, 2.88624806e-01,
       2.76440379e-01, 1.45456948e-06, 2.58708480e-05, 3.86283205e-04,
       4.67544858e-03, 4.33802664e-02, 2.79996230e-01, 3.09772997e-01,
       2.87626234e-01, 2.87569626e-01]), array([1.25366459e-07, 3.01309393e-01, 3.01356516e-01, 3.02573853e-01,
       2.88463637e-01, 2.13203145e-06, 3.50723823e-05, 4.86687733e-04,
       5.50160416e-03, 4.79317857e-02, 2.92608691e-01, 3.25897858e-01,
       3.01382609e-01, 3.01308877e-01]), array([1.93989421e-07, 3.14740689e-01, 3.14803290e-01, 3.16236115e-01,
       3.00059861e-01, 3.04190008e-06, 4.65534776e-05, 6.03587088e-04,
       6.40293699e-03, 5.26033149e-02, 3.04841246e-01, 3.41787841e-01,
       3.14834309e-01, 3.14739912e-01]), array([2.91395881e-07, 3.27871441e-01, 3.27953066e-01, 3.29618806e-01,
       3.11240663e-01, 4.23773564e-06, 6.06452897e-05, 7.38112845e-04,
       7.37909588e-03, 5.73812510e-02, 3.16704780e-01, 3.57444004e-01,
       3.27989315e-01, 3.27870303e-01]), array([4.26302658e-07, 3.40709206e-01, 3.40813862e-01, 3.42728886e-01,
       3.22017954e-01, 5.77940487e-06, 7.76892532e-05, 8.91312973e-04,
       8.42934435e-03, 6.22526424e-02, 3.28210330e-01, 3.72867593e-01,
       3.40855565e-01, 3.40707577e-01]), array([6.09081242e-07, 3.53261477e-01, 3.53393646e-01, 3.55573065e-01,
       3.32403834e-01, 7.73286168e-06, 9.80333289e-05, 1.06414365e-03,
       9.55259653e-03, 6.72051903e-02, 3.39369002e-01, 3.88060027e-01,
       3.53440936e-01, 3.53259196e-01]), array([8.51859389e-07, 3.65535673e-01, 3.65700307e-01, 3.68157799e-01,
       3.42410508e-01, 1.01698091e-05, 1.22028235e-04, 1.25746286e-03,
       1.07474527e-02, 7.22272449e-02, 3.50191911e-01, 4.03022886e-01,
       3.65753217e-01, 3.65532540e-01]), array([1.16859512e-06, 3.77539116e-01, 3.77741638e-01, 3.80489301e-01,
       3.52050207e-01, 1.31672524e-05, 1.50023735e-04, 1.47202580e-03,
       1.20122338e-02, 7.73077979e-02, 3.60690118e-01, 4.17757893e-01,
       3.77800095e-01, 3.77534889e-01]), array([1.57511994e-06, 3.89279026e-01, 3.89525315e-01, 3.92573544e-01,
       3.61335114e-01, 1.68069562e-05, 1.82365054e-04, 1.70848175e-03,
       1.33450145e-02, 8.24364703e-02, 3.70874588e-01, 4.32266904e-01,
       3.89589139e-01, 3.89273414e-01]), array([2.08914921e-06, 4.00762504e-01, 4.01058885e-01, 4.04416271e-01,
       3.70277313e-01, 2.11748189e-05, 2.19389474e-04, 1.96737251e-03,
       1.47436552e-02, 8.76034988e-02, 3.80756141e-01, 4.46551894e-01,
       4.01127783e-01, 4.00755164e-01]), array([2.73025843e-06, 4.11996527e-01, 4.12349750e-01, 4.16023007e-01,
       3.78888732e-01, 2.63601793e-05, 2.61423159e-04, 2.24913216e-03,
       1.62058318e-02, 9.27997190e-02, 3.90345422e-01, 4.60614948e-01,
       4.12423319e-01, 4.11987056e-01]), array([3.51982538e-06, 4.22987937e-01, 4.23405156e-01, 4.27399068e-01,
       3.87181107e-01, 3.24550725e-05, 3.08778235e-04, 2.55408790e-03,
       1.77290647e-02, 9.80165468e-02, 3.99652870e-01, 4.74458246e-01,
       4.23482887e-01, 4.22975870e-01]), array([4.48093879e-06, 4.33743440e-01, 4.34232185e-01, 4.38549571e-01,
       3.95165946e-01, 3.95534475e-05, 3.61750174e-04, 2.88246201e-03,
       1.93107447e-02, 1.03245959e-01, 4.08688693e-01, 4.88084060e-01,
       4.34313464e-01, 4.33728245e-01]), array([5.63827541e-06, 4.44269597e-01, 4.44837743e-01, 4.49479449e-01,
       4.02854497e-01, 4.77503640e-05, 4.20615471e-04, 3.23437470e-03,
       2.09481579e-02, 1.08480474e-01, 4.17462855e-01, 5.01494736e-01,
       4.44921864e-01, 4.44250671e-01]), array([7.01794760e-06, 4.54572824e-01, 4.55228562e-01, 4.60193460e-01,
       4.10257731e-01, 5.71411822e-05, 4.85629648e-04, 3.60984767e-03,
       2.26385089e-02, 1.13713128e-01, 4.25985050e-01, 5.14692692e-01,
       4.55314728e-01, 4.54549486e-01]), array([8.64732468e-06, 4.64659387e-01, 4.65411187e-01, 4.70696198e-01,
       4.17386318e-01, 6.78207569e-05, 5.57025574e-04, 4.00880833e-03,
       2.43789415e-02, 1.18937455e-01, 4.34264705e-01, 5.27680408e-01,
       4.65498523e-01, 4.64630878e-01]), array([1.05548315e-05, 4.74535399e-01, 4.75391977e-01, 4.80992102e-01,
       4.24250621e-01, 7.98826508e-05, 6.35012107e-04, 4.43109456e-03,
       2.61665579e-02, 1.24147466e-01, 4.42310958e-01, 5.40460417e-01,
       4.75479542e-01, 4.74500879e-01]), array([1.27697283e-05, 4.84206824e-01, 4.85177102e-01, 4.91085473e-01,
       4.30860679e-01, 9.34183753e-05, 7.19773042e-04, 4.87645980e-03,
       2.79984365e-02, 1.29337625e-01, 4.50132665e-01, 5.53035298e-01,
       4.85263896e-01, 4.84165369e-01]), array([1.53218753e-05, 4.93679474e-01, 4.94772544e-01, 5.00980475e-01,
       4.37226206e-01, 1.08516669e-04, 8.11466364e-04, 5.34457853e-03,
       2.98716479e-02, 1.34502831e-01, 4.57738390e-01, 5.65407673e-01,
       4.94857524e-01, 4.93630073e-01]), array([1.82414875e-05, 5.02959007e-01, 5.04184092e-01, 5.10681149e-01,
       4.43356586e-01, 1.25262822e-04, 9.10223777e-04, 5.83505191e-03,
       3.17832686e-02, 1.39638391e-01, 4.65136405e-01, 5.77580194e-01,
       5.04266183e-01, 5.02900563e-01]), array([2.15588826e-05, 5.12050931e-01, 5.13417348e-01, 5.20191422e-01,
       4.49260872e-01, 1.43738052e-04, 1.01615050e-03, 6.34741353e-03,
       3.37303945e-02, 1.44740007e-01, 4.72334694e-01, 5.89555546e-01,
       5.13495457e-01, 5.11982259e-01]), array([2.53042273e-05, 5.20960604e-01, 5.22477726e-01, 5.29515110e-01,
       4.54947789e-01, 1.64018935e-04, 1.12932531e-03, 6.88113530e-03,
       3.57101519e-02, 1.49803747e-01, 4.79340954e-01, 6.01336435e-01,
       5.22550753e-01, 5.20880432e-01]), array([2.95072851e-05, 5.29693235e-01, 5.31370454e-01, 5.38655932e-01,
       4.60425732e-01, 1.86176902e-04, 1.24980082e-03, 7.43563324e-03,
       3.77197077e-02, 1.54826034e-01, 4.86162598e-01, 6.12925584e-01,
       5.31437309e-01, 5.29600203e-01]), array([3.41971696e-05, 5.38253888e-01, 5.40100579e-01, 5.47617512e-01,
       4.65702777e-01, 2.10277790e-04, 1.37760391e-03, 8.01027328e-03,
       3.97562783e-02, 1.59803619e-01, 4.92806759e-01, 6.24325731e-01,
       5.40160189e-01, 5.38146550e-01]), array([3.94021069e-05, 5.46647481e-01, 5.48672967e-01, 5.56403385e-01,
       4.70786682e-01, 2.36381467e-04, 1.51273642e-03, 8.60437691e-03,
       4.18171372e-02, 1.64733567e-01, 4.99280301e-01, 6.35539624e-01,
       5.48724295e-01, 5.46524307e-01]), array([4.51492095e-05, 5.54878790e-01, 5.57092310e-01, 5.65017006e-01,
       4.75684897e-01, 2.64541511e-04, 1.65517593e-03, 9.21722673e-03,
       4.38996218e-02, 1.69613237e-01, 5.05589819e-01, 6.46570014e-01,
       5.57134363e-01, 5.54738168e-01]), array([5.14642653e-05, 5.62952451e-01, 5.65363127e-01, 5.73461751e-01,
       4.80404568e-01, 2.94804961e-04, 1.80487670e-03, 9.84807175e-03,
       4.60011388e-02, 1.74440267e-01, 5.11741646e-01, 6.57419656e-01,
       5.65394969e-01, 5.62792689e-01]), array([5.83715422e-05, 5.70872963e-01, 5.73489771e-01, 5.81740923e-01,
       4.84952549e-01, 3.27212130e-04, 1.96177070e-03, 1.04961326e-02,
       4.81191693e-02, 1.79212554e-01, 5.17741867e-01, 6.68091303e-01,
       5.73510533e-01, 5.70692295e-01]), array([6.58936123e-05, 5.78644692e-01, 5.81476431e-01, 5.89857756e-01,
       4.89335406e-01, 3.61796467e-04, 2.12576882e-03, 1.11606062e-02,
       5.02512724e-02, 1.83928241e-01, 5.23596318e-01, 6.78587701e-01,
       5.81485324e-01, 5.78441277e-01]), array([7.40511950e-05, 5.86271871e-01, 5.89327141e-01, 5.97815422e-01,
       4.93559432e-01, 3.98584495e-04, 2.29676204e-03, 1.18406709e-02,
       5.23950885e-02, 1.88585700e-01, 5.29310599e-01, 6.88911592e-01,
       5.89323462e-01, 5.86043799e-01]), array([8.28630212e-05, 5.93758604e-01, 5.97045778e-01, 6.05617026e-01,
       4.97630651e-01, 4.37595786e-04, 2.47462273e-03, 1.25354904e-02,
       5.45483419e-02, 1.93183517e-01, 5.34890081e-01, 6.99065703e-01,
       5.97028923e-01, 5.93503902e-01]), array([9.23457187e-05, 6.01108870e-01, 6.04636073e-01, 6.13265618e-01,
       5.01554828e-01, 4.78842998e-04, 2.65920595e-03, 1.32442181e-02,
       5.67088424e-02, 1.97720479e-01, 5.40339913e-01, 7.09052753e-01,
       6.04605541e-01, 6.00825505e-01]), array([1.02513719e-04, 6.08326525e-01, 6.12101614e-01, 6.20764188e-01,
       5.05337484e-01, 5.22331953e-04, 2.85035085e-03, 1.39660011e-02,
       5.88744869e-02, 2.02195563e-01, 5.45665029e-01, 7.18875443e-01,
       6.12057017e-01, 6.08012409e-01]), array([1.13379187e-04, 6.15415307e-01, 6.19445851e-01, 6.28115673e-01,
       5.08983897e-01, 5.68061761e-04, 3.04788197e-03, 1.46999835e-02,
       6.10432598e-02, 2.06607917e-01, 5.50870158e-01, 7.28536456e-01,
       6.19386918e-01, 6.15068301e-01]), array([1.24951968e-04, 6.22378836e-01, 6.26672099e-01, 6.35322957e-01,
       5.12499117e-01, 6.16024986e-04, 3.25161064e-03, 1.54453100e-02,
       6.32132336e-02, 2.10956854e-01, 5.55959830e-01, 7.38038459e-01,
       6.26598686e-01, 6.21996756e-01]), array([1.37239560e-04, 6.29220617e-01, 6.33783547e-01, 6.42388873e-01,
       5.15887974e-01, 6.66207837e-04, 3.46133633e-03, 1.62011290e-02,
       6.53825687e-02, 2.15241838e-01, 5.60938384e-01, 7.47384096e-01,
       6.33695637e-01, 6.28801242e-01]), array([1.50247103e-04, 6.35944047e-01, 6.40783261e-01, 6.49316205e-01,
       5.19155089e-01, 7.18590402e-04, 3.67684794e-03, 1.69665952e-02,
       6.75495132e-02, 2.19462472e-01, 5.65809978e-01, 7.56575990e-01,
       6.40680969e-01, 6.35485120e-01]), array([1.63977384e-04, 6.42552414e-01, 6.47674186e-01, 6.56107689e-01,
       5.22304876e-01, 7.73146901e-04, 3.89792517e-03, 1.77408724e-02,
       6.97124018e-02, 2.23618490e-01, 5.70578592e-01, 7.65616738e-01,
       6.47557764e-01, 6.42051652e-01]), array([1.78430868e-04, 6.49048904e-01, 6.54459155e-01, 6.62766014e-01,
       5.25341561e-01, 8.29845964e-04, 4.12433972e-03, 1.85231356e-02,
       7.18696547e-02, 2.27709746e-01, 5.75248036e-01, 7.74508913e-01,
       6.54328995e-01, 6.48503998e-01]), array([1.93605733e-04, 6.55436598e-01, 6.61140893e-01, 6.69293821e-01,
       5.28269181e-01, 8.88650927e-04, 4.35585654e-03, 1.93125733e-02,
       7.40197766e-02, 2.31736206e-01, 5.79821962e-01, 7.83255064e-01,
       6.60997524e-01, 6.54845224e-01]), array([2.09497933e-04, 6.61718480e-01, 6.67722019e-01, 6.75693710e-01,
       5.31091599e-01, 9.49520149e-04, 4.59223504e-03, 2.01083892e-02,
       7.61613553e-02, 2.35697935e-01, 5.84303863e-01, 7.91857709e-01,
       6.67566112e-01, 6.61078303e-01]), array([2.26101261e-04, 6.67897440e-01, 6.74205052e-01, 6.81968231e-01,
       5.33812509e-01, 1.01240733e-03, 4.83323015e-03, 2.09098041e-02,
       7.82930594e-02, 2.39595097e-01, 5.88697085e-01, 8.00319339e-01,
       6.74037420e-01, 6.67206117e-01]), array([2.43407435e-04, 6.73976273e-01, 6.80592416e-01, 6.88119896e-01,
       5.36435441e-01, 1.07726185e-03, 5.07859344e-03, 2.17160571e-02,
       8.04136370e-02, 2.43427937e-01, 5.93004833e-01, 8.08642418e-01,
       6.80414013e-01, 6.73231462e-01]), array([2.61406184e-04, 6.79957684e-01, 6.86886444e-01, 6.94151171e-01,
       5.38963776e-01, 1.14402911e-03, 5.32807415e-03, 2.25264069e-02,
       8.25219135e-02, 2.47196781e-01, 5.97230172e-01, 8.16829377e-01,
       6.86698363e-01, 6.79157047e-01]), array([2.80085355e-04, 6.85844293e-01, 6.93089379e-01, 7.00064480e-01,
       5.41400745e-01, 1.21265087e-03, 5.58142010e-03, 2.33401330e-02,
       8.46167896e-02, 2.50902029e-01, 6.01376041e-01, 8.24882617e-01,
       6.92892852e-01, 6.84985502e-01]), array([2.99431015e-04, 6.91638633e-01, 6.99203384e-01, 7.05862204e-01,
       5.43749442e-01, 1.28306558e-03, 5.83837861e-03, 2.41565365e-02,
       8.66972389e-02, 2.54544143e-01, 6.05445251e-01, 8.32804510e-01,
       6.98999779e-01, 6.90719374e-01]), array([3.19427567e-04, 6.97343157e-01, 7.05230538e-01, 7.11546685e-01,
       5.46012827e-01, 1.35520875e-03, 6.09869735e-03, 2.49749411e-02,
       8.87623061e-02, 2.58123648e-01, 6.09440495e-01, 8.40597394e-01,
       7.05021358e-01, 6.96361135e-01]), array([3.40057866e-04, 7.02960237e-01, 7.11172847e-01, 7.17120222e-01,
       5.48193732e-01, 1.42901327e-03, 6.36212514e-03, 2.57946932e-02,
       9.08111040e-02, 2.61641119e-01, 6.13364353e-01, 8.48263577e-01,
       7.10959725e-01, 7.01913184e-01]), array([3.61303343e-04, 7.08492169e-01, 7.17032243e-01, 7.22585072e-01,
       5.50294871e-01, 1.50440971e-03, 6.62841261e-03, 2.66151629e-02,
       9.28428121e-02, 2.65097182e-01, 6.17219292e-01, 8.55805333e-01,
       7.16816939e-01, 7.07377844e-01]), array([3.83144128e-04, 7.13941176e-01, 7.22810587e-01, 7.27943455e-01,
       5.52318841e-01, 1.58132672e-03, 6.89731293e-03, 2.74357441e-02,
       9.48566732e-02, 2.68492506e-01, 6.21007680e-01, 8.63224904e-01,
       7.22594988e-01, 7.12757370e-01]), array([4.05559172e-04, 7.19309408e-01, 7.28509677e-01, 7.33197549e-01,
       5.54268132e-01, 1.65969127e-03, 7.16858240e-03, 2.82558548e-02,
       9.68519917e-02, 2.71827798e-01, 6.24731782e-01, 8.70524500e-01,
       7.28295787e-01, 7.18053950e-01]), array([4.28526376e-04, 7.24598944e-01, 7.34131243e-01, 7.38349492e-01,
       5.56145128e-01, 1.73942899e-03, 7.44198097e-03, 2.90749371e-02,
       9.88281313e-02, 2.75103802e-01, 6.28393768e-01, 8.77706296e-01,
       7.33921185e-01, 7.23269704e-01]), array([4.52022709e-04, 7.29811798e-01, 7.39676960e-01, 7.43401383e-01,
       5.57952115e-01, 1.82046446e-03, 7.71727278e-03, 2.98924574e-02,
       1.00784512e-01, 2.78321288e-01, 6.31995718e-01, 8.84772435e-01,
       7.39472966e-01, 7.28406691e-01]), array([4.76024339e-04, 7.34949919e-01, 7.45148440e-01, 7.48355283e-01,
       5.59691285e-01, 1.90272148e-03, 7.99422662e-03, 3.07079061e-02,
       1.02720609e-01, 2.81481056e-01, 6.35539624e-01, 8.91725027e-01,
       7.44952850e-01, 7.33466907e-01]), array([5.00506743e-04, 7.40015192e-01, 7.50547245e-01, 7.53213213e-01,
       5.61364740e-01, 1.98612334e-03, 8.27261627e-03, 3.15207979e-02,
       1.04635947e-01, 2.84583928e-01, 6.39027397e-01, 8.98566149e-01,
       7.50362500e-01, 7.38452287e-01]), array([5.25444829e-04, 7.45009441e-01, 7.55874880e-01, 7.57977157e-01,
       5.62974496e-01, 2.07059311e-03, 8.55222092e-03, 3.23306711e-02,
       1.06530105e-01, 2.87630746e-01, 6.42460867e-01, 9.05297844e-01,
       7.55703521e-01, 7.43364711e-01]), array([5.50813050e-04, 7.49934434e-01, 7.61132803e-01, 7.62649060e-01,
       5.64522490e-01, 2.15605381e-03, 8.83282544e-03, 3.31370875e-02,
       1.08402705e-01, 2.90622368e-01, 6.45841787e-01, 9.11922122e-01,
       7.60977460e-01, 7.48206001e-01]), array([5.76585509e-04, 7.54791878e-01, 7.66322424e-01, 7.67230830e-01,
       5.66010580e-01, 2.24242871e-03, 9.11422066e-03, 3.39396323e-02,
       1.10253416e-01, 2.93559668e-01, 6.49171841e-01, 9.18440960e-01,
       7.66185815e-01, 7.52977926e-01]), array([6.02736065e-04, 7.59583429e-01, 7.71445106e-01, 7.71724339e-01,
       5.67440552e-01, 2.32964149e-03, 9.39620359e-03, 3.47379134e-02,
       1.12081950e-01, 2.96443530e-01, 6.52452641e-01, 9.24856303e-01,
       7.71330030e-01, 7.57682202e-01]), array([6.29238433e-04, 7.64310689e-01, 7.76502169e-01, 7.76131420e-01,
       5.68814120e-01, 2.41761646e-03, 9.67857762e-03, 3.55315611e-02,
       1.13888061e-01, 2.99274846e-01, 6.55685735e-01, 9.31170062e-01,
       7.76411503e-01, 7.62320493e-01]), array([6.56066277e-04, 7.68975209e-01, 7.81494893e-01, 7.80453871e-01,
       5.70132934e-01, 2.50627877e-03, 9.96115266e-03, 3.63202275e-02,
       1.15671541e-01, 3.02054516e-01, 6.58872607e-01, 9.37384117e-01,
       7.81431584e-01, 7.66894416e-01]), array([6.83193300e-04, 7.73578490e-01, 7.86424515e-01, 7.84693454e-01,
       5.71398578e-01, 2.59555452e-03, 1.02437453e-02, 3.71035865e-02,
       1.17432218e-01, 3.04783445e-01, 6.62014679e-01, 9.43500313e-01,
       7.86391577e-01, 7.71405538e-01]), array([7.10593326e-04, 7.78121985e-01, 7.91292238e-01, 7.88851896e-01,
       5.72612579e-01, 2.68537096e-03, 1.05261787e-02, 3.78813325e-02,
       1.19169956e-01, 3.07462539e-01, 6.65113319e-01, 9.49520465e-01,
       7.91292744e-01, 7.75855383e-01]), array([7.38240379e-04, 7.82607104e-01, 7.96099227e-01, 7.92930886e-01,
       5.73776403e-01, 2.77565662e-03, 1.08082832e-02, 3.86531804e-02,
       1.20884653e-01, 3.10092709e-01, 6.68169838e-01, 9.55446357e-01,
       7.96136308e-01, 7.80245426e-01]), array([7.66108754e-04, 7.87035209e-01, 8.00846611e-01, 7.96932083e-01,
       5.74891464e-01, 2.86634146e-03, 1.10898955e-02, 3.94188650e-02,
       1.22576236e-01, 3.12674861e-01, 6.71185495e-01, 9.61279739e-01,
       8.00923448e-01, 7.84577101e-01]), array([7.94173086e-04, 7.91407622e-01, 8.05535489e-01, 8.00857108e-01,
       5.75959123e-01, 2.95735693e-03, 1.13708596e-02, 4.01781401e-02,
       1.24244663e-01, 3.15209902e-01, 6.74161498e-01, 9.67022331e-01,
       8.05655307e-01, 7.88851801e-01]), array([8.22408408e-04, 7.95725622e-01, 8.10166926e-01, 8.04707550e-01,
       5.76980690e-01, 3.04863615e-03, 1.16510259e-02, 4.09307782e-02,
       1.25889919e-01, 3.17698735e-01, 6.77099008e-01, 9.72675822e-01,
       8.10332993e-01, 7.93070877e-01]), array([8.50790207e-04, 7.99990449e-01, 8.14741958e-01, 8.08484965e-01,
       5.77957431e-01, 3.14011394e-03, 1.19302518e-02, 4.16765697e-02,
       1.27512016e-01, 3.20142258e-01, 6.79999141e-01, 9.78241870e-01,
       8.14957577e-01, 7.97235640e-01]), array([8.79294476e-04, 8.04203303e-01, 8.19261591e-01, 8.12190875e-01,
       5.78890563e-01, 3.23172692e-03, 1.22084017e-02, 4.24153224e-02,
       1.29110989e-01, 3.22541364e-01, 6.82862968e-01, 9.83722104e-01,
       8.19530096e-01, 8.01347364e-01]), array([9.07897759e-04, 8.08365350e-01, 8.23726804e-01, 8.15826770e-01,
       5.79781263e-01, 3.32341360e-03, 1.24853462e-02, 4.31468610e-02,
       1.30686897e-01, 3.24896940e-01, 6.85691518e-01, 9.89118121e-01,
       8.24051557e-01, 8.05407285e-01]), array([9.36577188e-04, 8.12477717e-01, 8.28138549e-01, 8.19394109e-01,
       5.80630665e-01, 3.41511441e-03, 1.27609628e-02, 4.38710262e-02,
       1.32239822e-01, 3.27209865e-01, 6.88485782e-01, 9.94431491e-01,
       8.28522934e-01, 8.09416605e-01]), array([9.65310523e-04, 8.16541499e-01, 8.32497753e-01, 8.22894318e-01,
       5.81439866e-01, 3.50677176e-03, 1.30351355e-02, 4.45876742e-02,
       1.33769862e-01, 3.29481009e-01, 6.91246710e-01, 9.99663752e-01,
       8.32945171e-01, 8.13376488e-01]), array([9.94076177e-04, 8.20557755e-01, 8.36805318e-01, 8.26328795e-01,
       5.82209922e-01, 3.59833009e-03, 1.33077546e-02, 4.52966762e-02,
       1.35277138e-01, 3.31711235e-01, 6.93975219e-01, 1.00481642e+00,
       8.37319186e-01, 8.17288069e-01]), array([0.00102285, 0.82452751, 0.84106212, 0.82969891, 0.58294186,
       0.00368974, 0.01357872, 0.04599792, 0.13676179, 0.3339014 ,
       0.69667219, 1.00989096, 0.84164587, 0.82115245]), array([0.00105162, 0.82845177, 0.84526903, 0.83300598, 0.58363666,
       0.00378094, 0.01384792, 0.0466913 , 0.13822396, 0.33605233,
       0.69933846, 1.01488885, 0.84592608, 0.82497069]), array([0.00108036, 0.8323315 , 0.84942686, 0.83625134, 0.58429528,
       0.00387189, 0.01411529, 0.04737673, 0.13966382, 0.33816488,
       0.70197486, 1.0198115 , 0.85016065, 0.82874383]), array([0.00110905, 0.83616763, 0.85353644, 0.83943625, 0.58491866,
       0.00396253, 0.01438072, 0.04805413, 0.14108156, 0.34023986,
       0.70458217, 1.02466032, 0.8543504 , 0.83247289]), array([0.00113768, 0.83996108, 0.85759856, 0.84256197, 0.58550767,
       0.00405284, 0.01464414, 0.04872345, 0.14247736, 0.34227807,
       0.70716114, 1.02943667, 0.85849613, 0.83615883]), array([0.00116623, 0.84371273, 0.86161399, 0.84562971, 0.58606319,
       0.00414275, 0.01490548, 0.04938463, 0.14385144, 0.34428033,
       0.70971251, 1.03414191, 0.86259858, 0.83980261]), array([0.00119468, 0.84742344, 0.8655835 , 0.84864067, 0.58658606,
       0.00423223, 0.01516466, 0.05003763, 0.14520401, 0.3462474 ,
       0.71223697, 1.03877735, 0.86665852, 0.84340516]), array([0.00122301, 0.85109403, 0.86950781, 0.85159602, 0.58707709,
       0.00432125, 0.01542163, 0.05068242, 0.1465353 , 0.34818007,
       0.71473519, 1.04334429, 0.87067667, 0.84696738]), array([0.00125121, 0.85472533, 0.87338766, 0.85449691, 0.58753707,
       0.00440976, 0.01567632, 0.05131898, 0.14784554, 0.3500791 ,
       0.71720784, 1.04784399, 0.87465373, 0.85049013]), array([0.00127927, 0.85831811, 0.87722374, 0.85734444, 0.58796676,
       0.00449772, 0.01592868, 0.05194729, 0.14913498, 0.35194524,
       0.71965554, 1.05227771, 0.87859038, 0.85397426]), array([0.00130717, 0.86187313, 0.88101674, 0.86013971, 0.5883669 ,
       0.00458512, 0.01617867, 0.05256735, 0.15040386, 0.35377921,
       0.72207889, 1.05664666, 0.8824873 , 0.85742061]), array([0.00133491, 0.86539114, 0.88476735, 0.86288378, 0.58873821,
       0.00467191, 0.01642623, 0.05317918, 0.15165245, 0.35558175,
       0.72447849, 1.06095204, 0.88634513, 0.86082997]), array([0.00136246, 0.86887286, 0.88847621, 0.8655777 , 0.5890814 ,
       0.00475807, 0.01667133, 0.05378278, 0.152881  , 0.35735357,
       0.72685489, 1.06519502, 0.89016451, 0.86420311]), array([0.00138981, 0.87231898, 0.89214397, 0.86822249, 0.58939712,
       0.00484356, 0.01691394, 0.05437817, 0.1540898 , 0.35909536,
       0.72920864, 1.06937676, 0.89394605, 0.86754081]), array([0.00141697, 0.87573018, 0.89577126, 0.87081913, 0.58968605,
       0.00492837, 0.01715402, 0.05496538, 0.1552791 , 0.3608078 ,
       0.73154027, 1.07349837, 0.89769035, 0.87084379]), array([0.00144391, 0.87910714, 0.8993587 , 0.87336861, 0.58994883,
       0.00501247, 0.01739154, 0.05554444, 0.15644918, 0.36249158,
       0.73385028, 1.07756096, 0.90139801, 0.87411277]), array([0.00147063, 0.88245048, 0.9029069 , 0.87587188, 0.59018606,
       0.00509584, 0.01762649, 0.0561154 , 0.15760034, 0.36414734,
       0.73613917, 1.08156563, 0.90506958, 0.87734845]), array([0.00149711, 0.88576083, 0.90641643, 0.87832985, 0.59039837,
       0.00517846, 0.01785883, 0.0566783 , 0.15873284, 0.36577573,
       0.73840741, 1.08551342, 0.90870563, 0.8805515 ]), array([0.00152336, 0.88903881, 0.90988789, 0.88074344, 0.59058632,
       0.0052603 , 0.01808856, 0.0572332 , 0.15984697, 0.3673774 ,
       0.74065546, 1.08940538, 0.91230669, 0.88372258]), array([0.00154936, 0.892285  , 0.91332184, 0.88311354, 0.5907505 ,
       0.00534136, 0.01831566, 0.05778014, 0.16094302, 0.36895295,
       0.74288376, 1.09324253, 0.91587331, 0.88686234]), array([0.0015751 , 0.89549997, 0.91671883, 0.88544101, 0.59089146,
       0.00542162, 0.01854012, 0.05831919, 0.16202128, 0.370503  ,
       0.74509275, 1.09702587, 0.91940599, 0.88997139]), array([0.00160059, 0.8986843 , 0.92007941, 0.88772669, 0.59100974,
       0.00550106, 0.01876193, 0.05885042, 0.16308204, 0.37202814,
       0.74728284, 1.10075638, 0.92290524, 0.89305035]), array([0.00162582, 0.90183852, 0.92340412, 0.88997142, 0.59110586,
       0.00557968, 0.01898109, 0.05937389, 0.16412558, 0.37352896,
       0.74945443, 1.10443501, 0.92637155, 0.8960998 ]), array([0.00165077, 0.90496317, 0.92669347, 0.892176  , 0.59118034,
       0.00565745, 0.01919759, 0.05988968, 0.1651522 , 0.37500603,
       0.75160791, 1.10806271, 0.92980541, 0.89912031]), array([0.00167545, 0.90805876, 0.92994798, 0.89434121, 0.59123368,
       0.00573437, 0.01941145, 0.06039787, 0.16616218, 0.3764599 ,
       0.75374365, 1.1116404 , 0.93320728, 0.90211245]), array([0.00169985, 0.91112579, 0.93316815, 0.89646784, 0.59126636,
       0.00581044, 0.01962265, 0.06089852, 0.16715581, 0.37789114,
       0.75586204, 1.11516898, 0.93657763, 0.90507676]), array([0.00172397, 0.91416476, 0.93635448, 0.89855663, 0.59127885,
       0.00588564, 0.01983121, 0.06139174, 0.16813339, 0.37930027,
       0.75796341, 1.11864934, 0.93991691, 0.90801377]), array([0.0017478 , 0.91717614, 0.93950744, 0.90060832, 0.59127161,
       0.00595997, 0.02003713, 0.06187759, 0.16909519, 0.38068782,
       0.76004811, 1.12208235, 0.94322555, 0.91092399]), array([0.00177135, 0.9201604 , 0.94262753, 0.90262362, 0.5912451 ,
       0.00603342, 0.02024042, 0.06235617, 0.17004151, 0.3820543 ,
       0.76211648, 1.12546885, 0.94650399, 0.91380792]), array([0.0017946 , 0.923118  , 0.94571519, 0.90460324, 0.59119976,
       0.00610599, 0.0204411 , 0.06282757, 0.17097263, 0.38340022,
       0.76416883, 1.12880969, 0.94975265, 0.91666606]), array([0.00181757, 0.92604938, 0.94877089, 0.90654787, 0.591136  ,
       0.00617768, 0.02063918, 0.06329188, 0.17188882, 0.38472606,
       0.76620549, 1.13210567, 0.95297194, 0.91949887]), array([0.00184024, 0.92895496, 0.95179507, 0.90845816, 0.59105425,
       0.00624849, 0.02083467, 0.06374919, 0.17279038, 0.38603231,
       0.76822675, 1.13535759, 0.95616226, 0.92230683]), array([0.00186262, 0.93183517, 0.95478819, 0.91033479, 0.59095491,
       0.00631841, 0.02102758, 0.0641996 , 0.17367757, 0.38731945,
       0.77023291, 1.13856624, 0.95932402, 0.92509037]), array([0.00188471, 0.93469043, 0.95775066, 0.91217839, 0.59083838,
       0.00638744, 0.02121795, 0.0646432 , 0.17455067, 0.38858792,
       0.77222426, 1.1417324 , 0.96245759, 0.92784995]), array([0.0019065 , 0.93752112, 0.96068291, 0.91398957, 0.59070505,
       0.00645559, 0.02140578, 0.06508009, 0.17540996, 0.38983818,
       0.77420107, 1.1448568 , 0.96556336, 0.93058598]), array([0.001928  , 0.94032765, 0.96358537, 0.91576896, 0.59055529,
       0.00652286, 0.0215911 , 0.06551036, 0.1762557 , 0.39107068,
       0.77616363, 1.14794019, 0.96864171, 0.93329889]), array([0.0019492 , 0.94311039, 0.96645843, 0.91751715, 0.59038948,
       0.00658924, 0.02177393, 0.06593412, 0.17708817, 0.39228583,
       0.77811218, 1.15098329, 0.97169298, 0.93598908]), array([0.00197011, 0.94586972, 0.96930251, 0.91923472, 0.59020797,
       0.00665475, 0.02195429, 0.06635147, 0.17790762, 0.39348406,
       0.78004699, 1.15398681, 0.97471756, 0.93865694]), array([0.00199073, 0.948606  , 0.972118  , 0.92092224, 0.59001111,
       0.00671939, 0.02213221, 0.0667625 , 0.17871432, 0.39466579,
       0.7819683 , 1.15695145, 0.97771577, 0.94130286]), array([0.00201106, 0.95131959, 0.97490528, 0.92258026, 0.58979925,
       0.00678315, 0.02230771, 0.06716731, 0.17950852, 0.39583141,
       0.78387636, 1.15987788, 0.98068797, 0.94392722]), array([0.0020311 , 0.95401082, 0.97766474, 0.92420934, 0.58957271,
       0.00684605, 0.02248082, 0.06756601, 0.18029049, 0.39698131,
       0.7857714 , 1.16276678, 0.9836345 , 0.94653038]), array([0.00205085, 0.95668005, 0.98039675, 0.92580999, 0.58933184,
       0.0069081 , 0.02265156, 0.06795869, 0.18106047, 0.39811588,
       0.78765365, 1.16561878, 0.98655568, 0.94911271]), array([0.00207031, 0.95932761, 0.98310168, 0.92738275, 0.58907695,
       0.00696929, 0.02281996, 0.06834546, 0.1818187 , 0.3992355 ,
       0.78952334, 1.16843455, 0.98945185, 0.95167454]), array([0.00208949, 0.96195381, 0.9857799 , 0.92892811, 0.58880835,
       0.00702963, 0.02298605, 0.06872641, 0.18256544, 0.40034054,
       0.79138067, 1.17121469, 0.99232331, 0.95421621]), array([0.00210839, 0.96455897, 0.98843175, 0.93044658, 0.58852635,
       0.00708914, 0.02314986, 0.06910165, 0.18330093, 0.40143134,
       0.79322587, 1.17395984, 0.9951704 , 0.95673807]), array([0.00212701, 0.96714341, 0.99105758, 0.93193863, 0.58823124,
       0.00714781, 0.02331141, 0.06947128, 0.1840254 , 0.40250826,
       0.79505914, 1.17667058, 0.9979934 , 0.95924042]), array([0.00214535, 0.96970742, 0.99365775, 0.93340474, 0.58792332,
       0.00720566, 0.02347074, 0.06983539, 0.18473909, 0.40357164,
       0.79688067, 1.17934752, 1.00079263, 0.96172359]), array([0.00216342, 0.9722513 , 0.99623259, 0.93484537, 0.58760287,
       0.00726269, 0.02362788, 0.07019408, 0.18544222, 0.40462182,
       0.79869067, 1.18199123, 1.00356838, 0.96418789]), array([0.00218121, 0.97477535, 0.99878242, 0.93626097, 0.58727017,
       0.00731892, 0.02378285, 0.07054745, 0.18613503, 0.40565912,
       0.80048932, 1.18460227, 1.00632095, 0.9666336 ]), array([0.00219874, 0.97727983, 1.00130759, 0.937652  , 0.5869255 ,
       0.00737435, 0.02393569, 0.0708956 , 0.18681773, 0.40668387,
       0.80227682, 1.18718121, 1.00905061, 0.96906103]), array([0.002216  , 0.97976504, 1.0038084 , 0.93901887, 0.58656911,
       0.00742899, 0.02408643, 0.07123863, 0.18749055, 0.40769637,
       0.80405333, 1.18972859, 1.01175766, 0.97147046]), array([0.002233  , 0.98223123, 1.00628518, 0.94036201, 0.58620127,
       0.00748285, 0.0242351 , 0.07157663, 0.18815371, 0.40869692,
       0.80581905, 1.19224495, 1.01444237, 0.97386216]), array([0.00224974, 0.98467869, 1.00873823, 0.94168183, 0.58582224,
       0.00753594, 0.02438172, 0.0719097 , 0.1888074 , 0.40968584,
       0.80757413, 1.19473081, 1.01710502, 0.97623641]), array([0.00226622, 0.98710766, 1.01116785, 0.94297874, 0.58543227,
       0.00758827, 0.02452634, 0.07223793, 0.18945185, 0.41066339,
       0.80931876, 1.19718667, 1.01974587, 0.97859348]), array([0.00228245, 0.98951839, 1.01357436, 0.94425313, 0.58503159,
       0.00763984, 0.02466897, 0.07256142, 0.19008726, 0.41162988,
       0.81105309, 1.19961305, 1.02236518, 0.98093362]), array([0.00229843, 0.99191115, 1.01595805, 0.94550539, 0.58462044,
       0.00769068, 0.02480967, 0.07288026, 0.19071382, 0.41258558,
       0.81277728, 1.20201045, 1.02496321, 0.98325709]), array([0.00231416, 0.99428617, 1.0183192 , 0.94673589, 0.58419907,
       0.00774079, 0.02494844, 0.07319453, 0.19133174, 0.41353075,
       0.81449149, 1.20437933, 1.02754023, 0.98556413]), array([0.00232966, 0.99664368, 1.0206581 , 0.947945  , 0.58376769,
       0.00779018, 0.02508533, 0.07350434, 0.19194121, 0.41446567,
       0.81619588, 1.20672019, 1.03009648, 0.98785499]), array([0.00234491, 0.99898394, 1.02297504, 0.94913309, 0.58332654,
       0.00783886, 0.02522037, 0.07380977, 0.19254242, 0.41539059,
       0.81789059, 1.20903347, 1.0326322 , 0.99012989]), array([0.00235993, 1.00130715, 1.02527028, 0.9503005 , 0.58287582,
       0.00788684, 0.02535359, 0.07411091, 0.19313556, 0.41630576,
       0.81957577, 1.21131965, 1.03514765, 0.99238908]), array([0.00237472, 1.00361356, 1.02754411, 0.95144759, 0.58241576,
       0.00793413, 0.02548502, 0.07440784, 0.1937208 , 0.41721144,
       0.82125156, 1.21357916, 1.03764306, 0.99463277]), array([0.00238928, 1.00590337, 1.02979678, 0.95257468, 0.58194656,
       0.00798074, 0.02561468, 0.07470066, 0.19429833, 0.41810785,
       0.8229181 , 1.21581244, 1.04011866, 0.99686118]), array([0.00240361, 1.0081768 , 1.03202857, 0.95368211, 0.58146842,
       0.00802669, 0.02574262, 0.07498944, 0.19486833, 0.41899525,
       0.82457552, 1.21801993, 1.0425747 , 0.99907454]), array([0.00241773, 1.01043407, 1.03423973, 0.9547702 , 0.58098155,
       0.00807198, 0.02586886, 0.07527428, 0.19543097, 0.41987385,
       0.82622397, 1.22020205, 1.04501139, 1.00127304]), array([0.00243163, 1.01267538, 1.03643052, 0.95583927, 0.58048615,
       0.00811663, 0.02599343, 0.07555525, 0.19598641, 0.42074388,
       0.82786356, 1.2223592 , 1.04742897, 1.0034569 ]), array([0.00244531, 1.01490094, 1.03860118, 0.95688962, 0.5799824 ,
       0.00816064, 0.02611636, 0.07583244, 0.19653482, 0.42160556,
       0.82949444, 1.2244918 , 1.04982765, 1.00562631]), array([0.00245879, 1.01711093, 1.04075198, 0.95792156, 0.57947049,
       0.00820403, 0.02623769, 0.07610593, 0.19707637, 0.42245911,
       0.83111671, 1.22660025, 1.05220765, 1.00778148]), array([0.00247206, 1.01930557, 1.04288314, 0.95893538, 0.57895061,
       0.0082468 , 0.02635743, 0.0763758 , 0.19761122, 0.42330473,
       0.83273051, 1.22868492, 1.0545692 , 1.00992259]), array([0.00248513, 1.02148504, 1.0449949 , 0.95993138, 0.57842293,
       0.00828897, 0.02647563, 0.07664212, 0.19813951, 0.42414263,
       0.83433594, 1.23074621, 1.05691249, 1.01204983]), array([0.002498  , 1.02364953, 1.04708751, 0.96090983, 0.57788764,
       0.00833056, 0.02659231, 0.07690497, 0.19866141, 0.42497301,
       0.83593314, 1.23278448, 1.05923774, 1.01416338]), array([0.00251068, 1.02579922, 1.0491612 , 0.96187101, 0.5773449 ,
       0.00837156, 0.02670749, 0.07716442, 0.19917706, 0.42579607,
       0.83752221, 1.23480012, 1.06154515, 1.01626343]), array([0.00252316, 1.0279343 , 1.05121619, 0.9628152 , 0.57679488,
       0.00841199, 0.02682121, 0.07742056, 0.19968661, 0.42661199,
       0.83910326, 1.23679347, 1.06383494, 1.01835014]), array([0.00253546, 1.03005494, 1.05325271, 0.96374265, 0.57623776,
       0.00845186, 0.0269335 , 0.07767346, 0.2001902 , 0.42742096,
       0.84067641, 1.2387649 , 1.06610729, 1.0204237 ]), array([0.00254758, 1.03216131, 1.05527098, 0.96465363, 0.57567368,
       0.00849118, 0.02704438, 0.07792318, 0.20068798, 0.42822316,
       0.84224175, 1.24071474, 1.0683624 , 1.02248427]), array([0.00255951, 1.0342536 , 1.05727122, 0.96554839, 0.57510282,
       0.00852996, 0.02715388, 0.0781698 , 0.20118007, 0.42901877,
       0.8437994 , 1.24264334, 1.07060048, 1.02453202]), array([0.00257127, 1.03633196, 1.05925364, 0.96642719, 0.57452532,
       0.00856821, 0.02726202, 0.07841338, 0.20166662, 0.42980797,
       0.84534946, 1.24455104, 1.0728217 , 1.0265671 ]), array([0.00258286, 1.03839656, 1.06121846, 0.96729026, 0.57394133,
       0.00860594, 0.02736885, 0.078654  , 0.20214776, 0.43059092,
       0.84689202, 1.24643815, 1.07502626, 1.02858967]), array([0.00259427, 1.04044756, 1.06316587, 0.96813784, 0.57335101,
       0.00864317, 0.02747437, 0.07889172, 0.2026236 , 0.43136778,
       0.84842719, 1.24830502, 1.07721435, 1.03059989]), array([0.00260552, 1.04248513, 1.06509609, 0.96897017, 0.57275451,
       0.00867989, 0.02757861, 0.07912661, 0.20309429, 0.43213873,
       0.84995506, 1.25015193, 1.07938615, 1.03259791]), array([0.00261661, 1.04450941, 1.06700932, 0.96978747, 0.57215195,
       0.00871613, 0.02768161, 0.07935874, 0.20355994, 0.43290392,
       0.85147572, 1.25197922, 1.08154183, 1.03458389]), array([0.00262754, 1.04652057, 1.06890576, 0.97058997, 0.57154349,
       0.00875189, 0.02778339, 0.07958815, 0.20402068, 0.4336635 ,
       0.85298927, 1.25378718, 1.08368158, 1.03655795]), array([0.00263831, 1.04851875, 1.0707856 , 0.97137789, 0.57092926,
       0.00878717, 0.02788397, 0.07981493, 0.20447661, 0.43441762,
       0.8544958 , 1.25557611, 1.08580558, 1.03852025]), array([0.00264893, 1.0505041 , 1.07264903, 0.97215144, 0.5703094 ,
       0.008822  , 0.02798338, 0.08003913, 0.20492787, 0.43516643,
       0.8559954 , 1.2573463 , 1.08791399, 1.04047093]), array([0.00265939, 1.05247677, 1.07449625, 0.97291084, 0.56968403,
       0.00885638, 0.02808163, 0.0802608 , 0.20537454, 0.43591008,
       0.85748815, 1.25909804, 1.090007  , 1.04241012]), array([0.00266972, 1.0544369 , 1.07632744, 0.97365628, 0.56905328,
       0.00889032, 0.02817877, 0.08048002, 0.20581676, 0.4366487 ,
       0.85897414, 1.26083162, 1.09208475, 1.04433795]), array([0.00267989, 1.05638463, 1.07814278, 0.97438797, 0.56841729,
       0.00892382, 0.0282748 , 0.08069683, 0.20625462, 0.43738243,
       0.86045345, 1.2625473 , 1.09414744, 1.04625456]), array([0.00268993, 1.0583201 , 1.07994246, 0.97510611, 0.56777617,
       0.0089569 , 0.02836975, 0.08091129, 0.20668824, 0.43811141,
       0.86192616, 1.26424536, 1.0961952 , 1.04816008]), array([0.00269983, 1.06024345, 1.08172666, 0.97581089, 0.56713004,
       0.00898957, 0.02846364, 0.08112346, 0.2071177 , 0.43883577,
       0.86339235, 1.26592606, 1.09822822, 1.05005464]), array([0.0027096 , 1.0621548 , 1.08349554, 0.9765025 , 0.56647903,
       0.00902183, 0.0285565 , 0.0813334 , 0.20754312, 0.43955563,
       0.86485211, 1.26758967, 1.10024665, 1.05193835]), array([0.00271924, 1.0640543 , 1.0852493 , 0.97718113, 0.56582325,
       0.00905369, 0.02864835, 0.08154115, 0.20796459, 0.44027113,
       0.8663055 , 1.26923645, 1.10225065, 1.05381134]), array([0.00272875, 1.06594206, 1.08698808, 0.97784696, 0.56516281,
       0.00908517, 0.02873921, 0.08174676, 0.20838221, 0.44098237,
       0.86775261, 1.27086664, 1.10424037, 1.05567372]), array([0.00273813, 1.06781822, 1.08871207, 0.97850017, 0.56449782,
       0.00911627, 0.0288291 , 0.0819503 , 0.20879606, 0.44168949,
       0.8691935 , 1.2724805 , 1.10621596, 1.05752562]), array([0.00274739, 1.06968291, 1.09042143, 0.97914093, 0.5638284 ,
       0.00914699, 0.02891804, 0.08215181, 0.20920625, 0.44239259,
       0.87062826, 1.27407826, 1.10817759, 1.05936715]), array([0.00275653, 1.07153624, 1.09211631, 0.97976941, 0.56315464,
       0.00917735, 0.02900605, 0.08235133, 0.20961286, 0.4430918 ,
       0.87205694, 1.27566017, 1.11012539, 1.06119843]), array([0.00276555, 1.07337833, 1.09379689, 0.98038578, 0.56247667,
       0.00920736, 0.02909315, 0.08254893, 0.21001597, 0.44378722,
       0.87347963, 1.27722645, 1.11205952, 1.06301955]), array([0.00277446, 1.07520931, 1.09546333, 0.98099021, 0.56179457,
       0.00923701, 0.02917936, 0.08274463, 0.21041568, 0.44447896,
       0.87489638, 1.27877734, 1.11398011, 1.06483064]), array([0.00278326, 1.07702929, 1.09711577, 0.98158286, 0.56110844,
       0.00926633, 0.02926471, 0.0829385 , 0.21081206, 0.44516713,
       0.87630727, 1.28031307, 1.11588733, 1.06663179]), array([0.00279194, 1.07883839, 1.09875437, 0.98216388, 0.5604184 ,
       0.00929532, 0.0293492 , 0.08313057, 0.2112052 , 0.44585183,
       0.87771236, 1.28183385, 1.11778129, 1.06842312]), array([0.00280052, 1.08063672, 1.10037928, 0.98273344, 0.55972452,
       0.00932398, 0.02943286, 0.08332089, 0.21159517, 0.44653316,
       0.87911172, 1.28333991, 1.11966216, 1.07020472]), array([0.002809  , 1.0824244 , 1.10199066, 0.98329168, 0.55902692,
       0.00935232, 0.02951571, 0.08350951, 0.21198205, 0.44721123,
       0.8805054 , 1.28483145, 1.12153006, 1.07197669]), array([0.00281737, 1.08420152, 1.10358864, 0.98383875, 0.55832567,
       0.00938035, 0.02959776, 0.08369646, 0.21236593, 0.44788612,
       0.88189348, 1.2863087 , 1.12338513, 1.07373914]), array([0.00282565, 1.08596821, 1.10517338, 0.9843748 , 0.55762088,
       0.00940808, 0.02967903, 0.08388178, 0.21274686, 0.44855794,
       0.883276  , 1.28777184, 1.12522751, 1.07549217]), array([0.00283383, 1.08772456, 1.10674502, 0.98489998, 0.55691262,
       0.00943551, 0.02975954, 0.08406553, 0.21312493, 0.44922677,
       0.88465304, 1.28922109, 1.12705732, 1.07723586]), array([0.00284191, 1.08947068, 1.10830369, 0.98541442, 0.556201  ,
       0.00946266, 0.02983931, 0.08424773, 0.2135002 , 0.44989271,
       0.88602464, 1.29065665, 1.12887471, 1.07897031]), array([0.0028499 , 1.09120668, 1.10984955, 0.98591826, 0.55548608,
       0.00948952, 0.02991834, 0.08442843, 0.21387274, 0.45055584,
       0.88739087, 1.2920787 , 1.13067979, 1.08069562]), array([0.0028578 , 1.09293265, 1.11138271, 0.98641164, 0.55476797,
       0.0095161 , 0.02999667, 0.08460766, 0.21424262, 0.45121625,
       0.88875178, 1.29348745, 1.1324727 , 1.08241187]), array([0.00286561, 1.0946487 , 1.11290333, 0.98689469, 0.55404673,
       0.00954241, 0.0300743 , 0.08478546, 0.2146099 , 0.45187403,
       0.89010743, 1.29488308, 1.13425357, 1.08411916]), array([0.00287334, 1.09635493, 1.11441153, 0.98736753, 0.55332245,
       0.00956846, 0.03015125, 0.08496187, 0.21497465, 0.45252925,
       0.89145788, 1.29626578, 1.13602251, 1.08581756]), array([0.00288098, 1.09805143, 1.11590744, 0.98783031, 0.5525952 ,
       0.00959426, 0.03022753, 0.08513693, 0.21533693, 0.453182  ,
       0.89280316, 1.29763572, 1.13777965, 1.08750718]), array([0.00288854, 1.09973829, 1.1173912 , 0.98828315, 0.55186508,
       0.0096198 , 0.03030316, 0.08531066, 0.2156968 , 0.45383235,
       0.89414335, 1.2989931 , 1.13952512, 1.08918809])]


Energy: 
[-6.0, -6.316963208646602, -6.621875240769913, -6.914888266185722, -7.196204776847503, -7.466069980266571, -7.7247645494104855, -7.972597829784273, -8.209901574254284, -8.437024249238855, -8.654325932683161, -8.86217380495574, -9.060938218399901, -9.250989319509609, -9.432694189219294, -9.60641446117495, -9.77250437463762, -9.93130921741403, -10.083164114492595, -10.228393119511974, -10.367308568472698, -10.500210657946688, -10.62738721321689, -10.749113615110666, -10.865652857637038, -10.977255711798092, -11.084160974044641, -11.186595780738957, -11.284775972643514, -11.378906495861631, -11.469181827810898, -11.555786418720023, -11.638895140816247, -11.718673738828667, -11.795279276692, -11.86886057641213, -11.93955864597056, -12.007507093915498, -12.072832528932269, -12.135654943219755, -12.196088078938338, -12.254239777351083, -12.310212310566678, -12.364102696018845, -12.416002993994747, -12.466000588658519, -12.514178453117259, -12.560615399146993, -12.605386312244907, -12.648562372701882, -12.690211263403501, -12.730397365068653, -12.76918193962672, -12.806623302419013, -12.84277698388939, -12.877695881403877, -12.911430401812225, -12.9440285953346, -12.975536281327049, -13.005997166448651, -13.035452955723095, -13.063943456958265, -13.091506678957865, -13.118178923932085, -13.143994874487442, -13.168987675550637, -13.193189011557473, -13.216629179215332, -13.239337156126233, -13.261340665537917, -13.282666237471407, -13.303339266456716, -13.323384066091217, -13.342823920621347, -13.361681133733123, -13.379977074724914, -13.397732222223164, -13.414966205591217, -13.431697844170294, -13.447945184483006, -13.463725535520064, -13.479055502223112, -13.493951017269044, -13.50842737125382, -13.522499241367528, -13.53618071864634, -13.54948533388141, -13.562426082259648, -13.575015446806276, -13.58726542069513, -13.599187528487846, -13.61079284635987, -13.62209202136729, -13.633095289805343, -13.643812494706232, -13.65425310252134, -13.664426219029703, -13.674340604512864, -13.684004688233149, -13.693426582250822, -13.702614094613324, -13.711574741947903, -13.720315761487132, -13.728844122555495, -13.737166537543171, -13.74528947239214, -13.753219156618123, -13.760961592890748, -13.768522566192985, -13.775907652579967, -13.783122227556099, -13.790171474088407, -13.797060390273273, -13.80379379667266, -13.810376343335063, -13.81681251651599, -13.823106645111558, -13.829262906818569, -13.83528533403332, -13.841177819501205, -13.846944121728267, -13.85258787016557, -13.858112570176392, -13.863521607796189, -13.868818254294423, -13.874005670547115, -13.87908691122849, -13.884064928829755, -13.888942577512541, -13.893722616804409, -13.898407715143076, -13.903000453276233, -13.90750332752314, -13.911918752903889, -13.916249066142218, -13.920496528547268, -13.924663328779369, -13.928751585505166, -13.932763349946363, -13.936700608327044, -13.940565284223645, -13.944359240821704, -13.948084283083583, -13.951742159830596, -13.955334565743387, -13.958863143283864, -13.962329484542096, -13.965735133011234, -13.969081585293354, -13.972370292739473, -13.975602663025917, -13.97878006167026, -13.981903813488833, -13.984975203998587, -13.987995480765393, -13.990965854700988, -13.993887501310802, -13.996761561894536, -13.99958914470144, -14.00237132604224, -14.00510915135934, -14.007803636257046, -14.010455767493426, -14.013066503935335, -14.015636777478111, -14.018167493931362, -14.02065953387216, -14.02311375346689, -14.025530985263249, -14.027912038953245, -14.030257702108528, -14.03256874088921, -14.034845900727056, -14.037089906984079, -14.039301465587705, -14.041481263643098, -14.043629970023762, -14.045748235941321, -14.047836695494976, -14.04989596620171, -14.051926649507976, -14.053929331283365, -14.055904582297094, -14.057852958678069, -14.05977500235888, -14.06167124150458, -14.063542190926768, -14.065388352483392, -14.067210215465039, -14.069008256967994, -14.070782942254771, -14.072534725102422, -14.074264048139113, -14.07597134316958, -14.077657031489526, -14.079321524189703, -14.080965222449937, -14.08258851782335, -14.084191792511328, -14.085775419629494]
 Time 
134.51272773742676
