Energy 
 
-7.410650787141476 
-6.5488010165644495 
-5.473520860685857 
-5.813297765086723 
-8.623972585629344 
-10.150596995609346 
-11.457783280854038 
-12.604947169927033 
-13.611678194607837 
-14.495167786381739 
-15.270502845734157 
-15.950923373444073 
-14.451962482607943 
-16.548048563314545 
-17.07207521721035 
-17.53195187063507 
-18.146853572291253 
-18.707734950523648 
-18.4509587115584 
-17.201412309199473 
-17.16239908983623 
-17.12816176883985 
-17.098115692967582 
-17.071747780728842 
-17.048607760754678 
-17.028300482743546 
-17.01047916968152 
-19.25168143108078 
-18.64784567521614 
-18.820529361925452 
-19.51305290625532 
-18.771040593802677 
-18.908935129531194 
-18.644089575153437 
-19.083563252744977 
-19.43345282983371 
-19.12094156571504 
-19.700000015123262 
-19.249942622749725 
-20.349862007707195 
-20.06575970726869 
-20.958526672091732 
-20.686871133758277 
-22.324759616895275 
-21.851517741541496 
-20.716602749230297 
-21.849008464642672 
-20.66410909966135 
-21.89530990088061 
-20.521547329532343 
-21.445823790922493 
-23.323949956113896 
-22.70536825619925 
-23.1703472568757 
-22.667958591530358 
-22.132622822572593 
-22.63330842471314 
-22.82617621444422 
-23.07962070617095 
-22.157983731228786 
-23.15916239865438 
-22.909500673258353 
-23.27722604452451 
-21.517544209031882 
-22.978591525414323 
-21.78402705281249 
-23.023706030964078 
-22.257083098933183 
-23.086388584354662 
-23.248592508552406 
-23.202831388051116 
-23.303662295185173 
-22.99188909413878 
-23.299321680592804 
-22.886227400191295 
-23.112643912042433 
-22.78537304323749 
-23.28128874026023 
-23.263373067139266 
-23.250093381669846 
-23.26758962907821 
-23.2560373433952 
-23.144191524480554 
-23.375620621747785 
-23.301469477797383 
-23.6140214712105 
-23.475127225792846 
-23.588672295787546 
-23.516554120132934 
-23.543166719158556 
-23.565047470289056 
-23.604117264652412 
-23.618039312412254 
-23.598669069284217 
-23.660574094534915 
-23.62931787456261 
-23.732537599060677 
-23.732179543781346 
-23.892924161352127 
-23.84983856474966 
-23.96621348554998 
-23.929494540599052 
-23.94067520256504 
-24.02963855874315 
-23.90852310216583 
-23.973291374284976 
-23.998824847454948 
-23.976310117073098 
-24.04586127716017 
-24.007986635030367 
-24.128528790206303 
-24.1209777913314 
-24.12495601532202 
-24.1310822414083 
-24.08745934680625 
-24.11433820346936 
-24.07199556347025 
-24.11193474776601 
-24.200765379531372 
-24.139325985330316 
-24.2018678419447 
-24.181131949895523 
-24.12444827005231 
-24.15572934000216 
-24.139586591226315 
-24.156326968331044 
-24.19294964856985 
-24.106594860282257 
-24.232456608630425 
-24.186508388579238 
-24.215271743291673 
-24.18754188462601 
-24.232634955201515 
-24.15795833755982 
-24.05202864530139 
-24.20213952448896 
-24.184574806437038 
-24.19088345093135 
-24.27357652790016 
-24.167536446764746 
-24.425875187427945 
-24.41346633179353 
-24.53051743858077 
-24.520507880975266 
-24.494210608772093 
-24.39110752855338 
-24.523159382818424 
-24.548211364534364 
-24.65695452373206 
-24.69345702159288 
-24.80656889018981 
-24.82658097426328 
-24.787331089334888 
-25.052832387777286 
-25.02699121592141 
-25.03145469928103 
-25.186672039204065 
-25.224832515902076 
-25.132374590426483 
-25.356549522677273 
-25.401727858840268 
-25.498545070172838 
-25.435052819238894 
-25.53338220467219 
-25.604694890594438 
-25.498046264471387 
-25.838382754440275 
-25.721716105395632 
-25.77007399773062 
-25.778020416637816 
-25.75292613219077 
-25.74964765056331 
-25.737622846301534 
-25.59068675788151 
-25.910736517935344 
-26.04440382079487 
-26.017038791211128 
-25.904538156851746 
-25.883444333587924 
-26.101378894424897 
-25.995726242701256 
-26.335671204596338 
-26.247745943642546 
-26.34904883147666 
-26.335758232270155 
-26.336234542686544 
-26.447553438565745 
-26.425829808929826 
-26.381326190459024 
-26.496173970632178 
-26.608768580249475 
-26.604409661606503 
-26.659660335588693 
-26.68842689951146 
-26.646462831485575 
-26.664981516657715 
-26.811135217373895 
-26.876544350216168 
-26.759070179215954 
-26.861555038546 
-26.842662777865304 
-26.818886270117787 
-26.91223175568348 
-26.892194334931467 
-26.81150430346134 
-26.85344075762209 
-26.865549835078827 
-26.898617137216757 
-26.7739143978429 
-26.855517793859075 
-26.90775906990624 
-26.848325328393283 
-26.844827821079203 
-26.84531358364581 
-26.91779864413537 
-26.884587475652612 
-26.77113485847708 
-26.859518161590128 
-26.800455155753305 
-26.857698540990114 
-26.971246244150308 
-26.93086661920554 
-26.944952999813097 
-26.96330668807264 
-26.892926929175683 
-26.989810593030064 
-27.0015663192975 
-26.972353416961784 
-26.90450702506772 
-26.96150604444535 
-26.988981061460244 
-27.0070899736444 
-27.111842053404114 
-27.03403933831001 
-26.972881635571213 
-27.06405131656535 
-27.058914905547834 
-27.0759489893219 
-27.028226829979374 
-27.09508500340718 
-27.032303013020623 
-27.1252500786517 
-27.086957867299148 
-27.10215312724772 
-27.00486166405124 
-27.063268467731348 
-27.062557816965253 
-27.120852348789487 
-27.002439262374875 
-27.117862486926853 
-27.048894676650782 
-27.13561988077613 
-27.13277942786121 
-27.094151724671992 
-27.12681710673033 
-27.131667095436015 
-27.102916017402546 
-27.13010607770815 
-27.12466578025469 
-27.132883975058835 
-27.12886415151937 
-27.123083445727026 
-27.13154339018164 
-27.154598189321465 
-27.17496152879258 
-27.17462732292565 
-27.158483949935054 
-27.17941348462635 
-27.165216868714868 
-27.21800004214401 
-27.180171708833328 
-27.201931484853272 
-27.207637724770635 
-27.215062240392 
-27.217745366369826 
-27.212957946342346 
-27.226789788308523 
-27.208066750450875 
-27.229966737203686 
-27.228044935826027 
-27.220833377394257 
-27.216657710341796 
-27.207698672479726 
-27.215728075685423 
-27.236677795929502 
-27.22894831290691 
-27.18636090605544 
-27.234831787083642 
-27.24296136446982 
-27.251152839803318 
-27.231061185362407 
-27.260073787177642 
-27.236214960756946 
-27.244584412051932 
-27.261952581177454 
-27.269665871304042 
-27.261826081870698 
-27.261262463821044 
-27.256391683784386 
-27.248260986889424 
-27.250047544671464 
-27.278903279506054 
-27.28308962555201 
-27.274257394575628 
-27.261844805303124 
-27.263757405161023 
-27.28813046043037 
-27.273165770917974 
-27.28623842281898 
-27.27602585666753 
-27.26004560297341 
-27.276869851014034 
-27.27563498153252 
-27.279194129596142 
-27.24959138641465 
-27.283455682181437 
-27.256166666685427 
-27.289559709775745 
-27.29763908998151 
-27.29059139547538 
-27.296433317709415 
-27.290554498351614 
-27.261921641705406 
-27.281784806599497 
-27.30250246270564 
-27.279928154788394 
-27.27726160625948 
-27.30286769984984 
-27.26576186183289 
-27.288661376666568 
-27.31850079937916 
-27.311817773961813 
-27.320995554076397 
-27.316261584663906 
-27.305255915043126 
-27.311744493201992 
-27.303652665885128 
-27.318678238334186 
-27.328635049676578 
-27.331206879003112 
-27.31902092223485 
-27.319920750615683 
-27.30894699760771 
-27.32310925061919 
-27.29761509238155 
-27.31054705968762 
-27.300984295009698 
-27.31822298171171 
-27.303366157594393 
-27.330355620862935 
-27.328102721259867 
-27.329776243499985 
-27.323156727673695 
-27.322468362058757 
-27.29650893686727 
-27.317643443888088 
-27.33955778055709 
-27.337513055655723 
-27.33523630445845 
-27.33892512883295 
-27.339861334614497 
-27.34070643474356 
-27.334232566941658 
-27.328031191154995 
-27.338673993919357 
-27.338619061520948 
-27.336264549756557 
-27.341917042150293 
-27.341440650307984 
-27.338021129553088 
-27.337999632581777 
-27.343235444036363 
-27.34024139030955 
-27.348444989685706 
-27.343787402333124 
-27.341642618276698 
-27.34556502885367 
-27.341725479371224 
-27.34971071097567 
-27.352978655023286 
-27.35497493879441 
-27.34903114259761 
-27.34811805124447 
-27.35207767410489 
-27.350508272746914 
-27.357947257430897 
-27.356040033355587 
-27.363071084101623 
-27.360098484498145 
-27.364714798367086 
-27.363318846242137 
-27.36338705357499 
-27.36246149291373 
-27.355286618952963 
-27.360019559307922 
-27.361502850826078 
-27.35973617368123 
-27.35943219990614 
-27.36303357815007 
-27.35771608882145 
-27.36461503348688 
-27.364168988414768 
-27.36638564270936 
-27.36388732068343 
-27.36103094102479 
-27.36176020019216 
-27.363735127693815 
-27.36536569635586 
-27.369193189958544 
-27.374141912088326 
-27.370142943516722 
-27.370970507389085 
-27.370382627347517 
-27.37365912304569 
-27.36858041890208 
-27.37315812421719 
-27.37192680384157 
-27.37502217093049 
-27.37426034741743 
-27.37384381991091 
-27.37398863809874 
-27.376310863531373 
-27.375405818782276 
-27.375516216325536 
-27.377141002857076 
-27.371042473609524 
-27.375460540397498 
-27.37879741376816 
-27.378249260786493 
-27.377063793300096 
-27.377837272435197 
-27.378712175617878 
-27.377433811836266 
-27.378243375230152 
-27.378882759956873 
-27.379912314856576 
-27.380413463652175 
-27.38184852927214 
-27.38161146761141 
-27.38385929807274 
-27.38517863123368 
-27.387465572942304 
-27.387279710613242 
-27.386740572531203 
-27.388665248293886 
-27.388651936300924 
-27.386807634432998 
-27.387996824852006 
-27.388961683869567 
-27.388033495125992 
-27.38748505334809 
-27.387804920296297 
-27.388427947713126 
-27.388915892553445 
-27.390026141068105 
-27.3884375793207 
-27.389512534349848 
-27.388329710791634 
-27.390789084034317 
-27.391024041414312 
-27.389182649889445 
-27.39069854858945 
-27.389972455577798 
-27.389713951920573 
-27.392226143905898 
-27.390873277912444 
-27.39223051879552 
-27.391392723458196 
-27.39070072239375 
-27.390448236952892 
-27.392257226351013 
-27.392287785562672 
-27.393644515115486 
-27.39349065445362 
-27.394063029868445 
-27.392294277649782 
-27.395885559995964 
-27.396597698651917 
-27.39490237068275 
-27.395582542736154 
-27.396120448504924 
-27.395323743573286 
-27.39705269005757 
-27.396595556859804 
-27.398202225516133 
-27.39895972735446 
-27.399526131859226 
-27.399301023032432 
-27.399417864299682 
-27.39789500496132 
-27.39941222255689 
-27.3988611742894 
-27.400249848911987 
-27.40022670740076 
-27.401146893022922 
-27.400316209718795 
-27.40294435609461 
-27.402343200709577 
-27.40251828763514 
-27.402296414721906 

 Time 
567.9512622356415 
