Parameters 
 
[-0.5 -0.5 -0.5 -0.5 -0.5 -0.5] 
[-0.50085647 -0.5006133  -0.49938249 -0.49888415 -0.49913468 -0.49945355] 
[-0.50171308 -0.50122615 -0.49876499 -0.49776864 -0.49827008 -0.49890734] 
[-0.50256984 -0.50183853 -0.4981475  -0.49665349 -0.49740623 -0.49836135] 
[-0.50342674 -0.50245045 -0.49753001 -0.4955387  -0.49654311 -0.49781559] 
[-0.50428378 -0.5030619  -0.49691254 -0.49442428 -0.49568074 -0.49727007] 
[-0.50514095 -0.50367288 -0.49629508 -0.49331022 -0.49481912 -0.49672478] 
[-0.50599826 -0.50428339 -0.49567764 -0.49219654 -0.49395825 -0.49617972] 
[-0.50685569 -0.50489341 -0.49506022 -0.49108324 -0.49309813 -0.4956349 ] 
[-0.50771324 -0.50550296 -0.49444281 -0.48997033 -0.49223877 -0.49509032] 
[-0.50857091 -0.50611203 -0.49382543 -0.4888578  -0.49138017 -0.49454597] 
[-0.5094287  -0.50672061 -0.49320808 -0.48774567 -0.49052233 -0.49400186] 
[-0.5102866  -0.5073287  -0.49259075 -0.48663395 -0.48966526 -0.493458  ] 
[-0.51114461 -0.5079363  -0.49197345 -0.48552262 -0.48880896 -0.49291437] 
[-0.51200272 -0.50854341 -0.49135619 -0.48441171 -0.48795344 -0.49237099] 
[-0.51286094 -0.50915002 -0.49073895 -0.48330122 -0.48709869 -0.49182784] 
[-0.51371925 -0.50975613 -0.49012175 -0.48219115 -0.48624473 -0.49128495] 
[-0.51457766 -0.51036174 -0.48950459 -0.4810815  -0.48539155 -0.4907423 ] 
[-0.51543616 -0.51096684 -0.48888747 -0.47997228 -0.48453915 -0.49019989] 
[-0.51629475 -0.51157143 -0.4882704  -0.47886351 -0.48368755 -0.48965774] 
[-0.51715342 -0.51217551 -0.48765336 -0.47775517 -0.48283673 -0.48911583] 
[-0.51801218 -0.51277908 -0.48703638 -0.47664728 -0.48198672 -0.48857417] 
[-0.51887101 -0.51338213 -0.48641944 -0.47553984 -0.4811375  -0.48803276] 
[-0.51972991 -0.51398466 -0.48580255 -0.47443286 -0.48028909 -0.4874916 ] 
[-0.52058889 -0.51458667 -0.48518571 -0.47332633 -0.47944149 -0.4869507 ] 
[-0.52144793 -0.51518815 -0.48456893 -0.47222028 -0.47859469 -0.48641005] 
[-0.52230703 -0.51578911 -0.48395221 -0.4711147  -0.47774871 -0.48586965] 
[-0.52316619 -0.51638953 -0.48333554 -0.47000959 -0.47690354 -0.48532951] 
[-0.52402541 -0.51698942 -0.48271894 -0.46890496 -0.47605919 -0.48478963] 
[-0.52488468 -0.51758878 -0.4821024  -0.46780082 -0.47521566 -0.48425001] 
[-0.525744   -0.5181876  -0.48148592 -0.46669718 -0.47437296 -0.48371064] 
[-0.52660337 -0.51878587 -0.48086951 -0.46559402 -0.47353109 -0.48317153] 
[-0.52746278 -0.5193836  -0.48025317 -0.46449137 -0.47269004 -0.48263268] 
[-0.52832222 -0.51998079 -0.4796369  -0.46338923 -0.47184983 -0.4820941 ] 
[-0.5291817  -0.52057742 -0.47902071 -0.46228759 -0.47101046 -0.48155577] 
[-0.53004121 -0.52117351 -0.47840459 -0.46118648 -0.47017193 -0.48101771] 
[-0.53090075 -0.52176904 -0.47778855 -0.46008588 -0.46933424 -0.48047992] 
[-0.53176031 -0.52236401 -0.47717258 -0.45898581 -0.46849739 -0.47994239] 
[-0.53261989 -0.52295842 -0.4765567  -0.45788626 -0.4676614  -0.47940512] 
[-0.53347949 -0.52355227 -0.4759409  -0.45678726 -0.46682625 -0.47886812] 
[-0.5343391  -0.52414555 -0.47532519 -0.45568879 -0.46599196 -0.47833139] 
[-0.53519872 -0.52473827 -0.47470957 -0.45459087 -0.46515853 -0.47779493] 
[-0.53605835 -0.52533042 -0.47409403 -0.45349349 -0.46432596 -0.47725873] 
[-0.53691798 -0.52592199 -0.47347859 -0.45239667 -0.46349425 -0.47672281] 
[-0.53777761 -0.52651299 -0.47286324 -0.45130041 -0.46266341 -0.47618716] 
[-0.53863723 -0.52710341 -0.47224799 -0.45020471 -0.46183344 -0.47565178] 
[-0.53949685 -0.52769326 -0.47163283 -0.44910958 -0.46100433 -0.47511667] 
[-0.54035645 -0.52828252 -0.47101777 -0.44801503 -0.46017611 -0.47458184] 
[-0.54121604 -0.52887119 -0.47040282 -0.44692105 -0.45934876 -0.47404728] 
[-0.54207561 -0.52945928 -0.46978796 -0.44582765 -0.45852229 -0.47351299] 
[-0.54293516 -0.53004677 -0.46917322 -0.44473484 -0.4576967  -0.47297898] 
[-0.54379468 -0.53063368 -0.46855858 -0.44364263 -0.456872   -0.47244525] 
[-0.54465418 -0.53121999 -0.46794405 -0.442551   -0.45604818 -0.47191179] 
[-0.54551364 -0.5318057  -0.46732963 -0.44145998 -0.45522526 -0.47137862] 
[-0.54637306 -0.53239081 -0.46671532 -0.44036957 -0.45440323 -0.47084572] 
[-0.54723245 -0.53297532 -0.46610113 -0.43927976 -0.45358209 -0.4703131 ] 
[-0.54809179 -0.53355923 -0.46548706 -0.43819057 -0.45276186 -0.46978076] 
[-0.54895109 -0.53414252 -0.46487311 -0.437102   -0.45194253 -0.46924871] 
[-0.54981033 -0.53472521 -0.46425928 -0.43601405 -0.4511241  -0.46871693] 
[-0.55066952 -0.53530729 -0.46364557 -0.43492673 -0.45030657 -0.46818544] 
[-0.55152865 -0.53588876 -0.46303198 -0.43384004 -0.44948996 -0.46765423] 
[-0.55238773 -0.53646961 -0.46241852 -0.43275399 -0.44867426 -0.4671233 ] 
[-0.55324673 -0.53704984 -0.46180519 -0.43166858 -0.44785947 -0.46659266] 
[-0.55410568 -0.53762945 -0.46119199 -0.43058382 -0.4470456  -0.46606231] 
[-0.55496454 -0.53820843 -0.46057893 -0.42949971 -0.44623264 -0.46553224] 
[-0.55582334 -0.53878679 -0.459966   -0.42841625 -0.44542061 -0.46500246] 
[-0.55668205 -0.53936453 -0.4593532  -0.42733346 -0.44460951 -0.46447296] 
[-0.55754069 -0.53994163 -0.45874054 -0.42625132 -0.44379933 -0.46394376] 
[-0.55839923 -0.5405181  -0.45812802 -0.42516986 -0.44299008 -0.46341484] 
[-0.55925769 -0.54109394 -0.45751565 -0.42408906 -0.44218176 -0.46288621] 
[-0.56011606 -0.54166914 -0.45690341 -0.42300895 -0.44137437 -0.46235787] 
[-0.56097433 -0.5422437  -0.45629133 -0.42192951 -0.44056792 -0.46182982] 
[-0.5618325  -0.54281763 -0.45567939 -0.42085076 -0.43976241 -0.46130207] 
[-0.56269057 -0.5433909  -0.4550676  -0.4197727  -0.43895785 -0.4607746 ] 
[-0.56354854 -0.54396354 -0.45445596 -0.41869534 -0.43815422 -0.46024743] 
[-0.56440639 -0.54453552 -0.45384447 -0.41761867 -0.43735154 -0.45972055] 
[-0.56526413 -0.54510686 -0.45323314 -0.41654271 -0.43654981 -0.45919396] 
[-0.56612175 -0.54567755 -0.45262196 -0.41546745 -0.43574903 -0.45866767] 
[-0.56697926 -0.54624758 -0.45201095 -0.4143929  -0.4349492  -0.45814168] 
[-0.56783663 -0.54681696 -0.45140009 -0.41331907 -0.43415032 -0.45761597] 
[-0.56869389 -0.54738568 -0.45078939 -0.41224596 -0.4333524  -0.45709057] 
[-0.56955101 -0.54795374 -0.45017886 -0.41117357 -0.43255545 -0.45656546] 
[-0.570408   -0.54852113 -0.44956849 -0.41010191 -0.43175945 -0.45604065] 
[-0.57126485 -0.54908787 -0.4489583  -0.40903099 -0.43096442 -0.45551613] 
[-0.57212156 -0.54965394 -0.44834827 -0.4079608  -0.43017035 -0.45499192] 
[-0.57297812 -0.55021934 -0.44773841 -0.40689135 -0.42937725 -0.454468  ] 
[-0.57383454 -0.55078407 -0.44712872 -0.40582264 -0.42858512 -0.45394438] 
[-0.57469081 -0.55134813 -0.44651921 -0.40475468 -0.42779396 -0.45342106] 
[-0.57554692 -0.55191151 -0.44590987 -0.40368747 -0.42700378 -0.45289804] 
[-0.57640288 -0.55247422 -0.44530071 -0.40262103 -0.42621457 -0.45237532] 
[-0.57725867 -0.55303625 -0.44469173 -0.40155534 -0.42542634 -0.45185291] 
[-0.5781143  -0.5535976  -0.44408293 -0.40049041 -0.4246391  -0.45133079] 
[-0.57896976 -0.55415827 -0.44347432 -0.39942626 -0.42385283 -0.45080898] 
[-0.57982505 -0.55471826 -0.44286589 -0.39836287 -0.42306755 -0.45028747] 
[-0.58068016 -0.55527756 -0.44225765 -0.39730027 -0.42228325 -0.44976626] 
[-0.5815351  -0.55583618 -0.44164959 -0.39623844 -0.42149995 -0.44924535] 
[-0.58238985 -0.5563941  -0.44104172 -0.3951774  -0.42071763 -0.44872475] 
[-0.58324442 -0.55695134 -0.44043405 -0.39411715 -0.41993631 -0.44820446] 
[-0.5840988  -0.55750788 -0.43982657 -0.39305769 -0.41915598 -0.44768447] 
[-0.58495299 -0.55806372 -0.43921928 -0.39199902 -0.41837665 -0.44716478] 
[-0.58580699 -0.55861887 -0.43861219 -0.39094116 -0.41759831 -0.4466454 ] 
[-0.58666078 -0.55917333 -0.4380053  -0.38988409 -0.41682098 -0.44612633] 
[-0.58751438 -0.55972708 -0.43739861 -0.38882784 -0.41604464 -0.44560756] 
[-0.58836777 -0.56028013 -0.43679212 -0.3877724  -0.41526931 -0.4450891 ] 
[-0.58922095 -0.56083247 -0.43618583 -0.38671777 -0.41449499 -0.44457095] 
[-0.59007391 -0.56138412 -0.43557975 -0.38566396 -0.41372167 -0.44405311] 
[-0.59092667 -0.56193505 -0.43497387 -0.38461098 -0.41294936 -0.44353557] 
[-0.5917792  -0.56248528 -0.4343682  -0.38355882 -0.41217806 -0.44301834] 
[-0.59263151 -0.56303479 -0.43376275 -0.38250749 -0.41140778 -0.44250142] 
[-0.5934836  -0.56358359 -0.4331575  -0.38145699 -0.41063851 -0.44198481] 
[-0.59433546 -0.56413168 -0.43255247 -0.38040733 -0.40987025 -0.44146851] 
[-0.59518709 -0.56467906 -0.43194765 -0.37935852 -0.40910301 -0.44095252] 
[-0.59603848 -0.56522571 -0.43134304 -0.37831054 -0.4083368  -0.44043684] 
[-0.59688963 -0.56577165 -0.43073866 -0.37726342 -0.4075716  -0.43992147] 
[-0.59774055 -0.56631687 -0.43013449 -0.37621715 -0.40680742 -0.43940642] 
[-0.59859121 -0.56686136 -0.42953055 -0.37517173 -0.40604427 -0.43889167] 
[-0.59944163 -0.56740513 -0.42892683 -0.37412718 -0.40528215 -0.43837724] 
[-0.6002918  -0.56794818 -0.42832333 -0.37308348 -0.40452105 -0.43786311] 
[-0.60114172 -0.56849049 -0.42772005 -0.37204065 -0.40376098 -0.4373493 ] 
[-0.60199137 -0.56903208 -0.42711701 -0.3709987  -0.40300195 -0.43683581] 
[-0.60284076 -0.56957294 -0.42651419 -0.36995761 -0.40224394 -0.43632262] 
[-0.60368989 -0.57011307 -0.4259116  -0.3689174  -0.40148697 -0.43580975] 
[-0.60453876 -0.57065247 -0.42530925 -0.36787807 -0.40073103 -0.4352972 ] 
[-0.60538735 -0.57119113 -0.42470713 -0.36683963 -0.39997613 -0.43478495] 
[-0.60623566 -0.57172905 -0.42410524 -0.36580207 -0.39922227 -0.43427302] 
[-0.6070837  -0.57226624 -0.42350359 -0.36476541 -0.39846945 -0.43376141] 
[-0.60793146 -0.57280269 -0.42290218 -0.36372963 -0.39771767 -0.43325011] 
[-0.60877894 -0.57333839 -0.42230101 -0.36269476 -0.39696693 -0.43273913] 
[-0.60962613 -0.57387336 -0.42170007 -0.36166078 -0.39621723 -0.43222846] 
[-0.61047303 -0.57440758 -0.42109939 -0.36062771 -0.39546858 -0.4317181 ] 
[-0.61131963 -0.57494105 -0.42049894 -0.35959555 -0.39472098 -0.43120807] 
[-0.61216594 -0.57547378 -0.41989874 -0.35856429 -0.39397442 -0.43069835] 
[-0.61301195 -0.57600576 -0.41929879 -0.35753395 -0.39322892 -0.43018894] 
[-0.61385765 -0.576537   -0.41869908 -0.35650453 -0.39248446 -0.42967985] 
[-0.61470305 -0.57706748 -0.41809963 -0.35547603 -0.39174106 -0.42917108] 
[-0.61554814 -0.57759721 -0.41750042 -0.35444845 -0.39099871 -0.42866263] 
[-0.61639292 -0.57812618 -0.41690147 -0.3534218  -0.39025741 -0.42815449] 
[-0.61723739 -0.57865441 -0.41630277 -0.35239608 -0.38951717 -0.42764667] 
[-0.61808153 -0.57918187 -0.41570433 -0.35137129 -0.38877798 -0.42713917] 
[-0.61892535 -0.57970858 -0.41510615 -0.35034744 -0.38803986 -0.42663199] 
[-0.61976885 -0.58023453 -0.41450822 -0.34932452 -0.38730279 -0.42612512] 
[-0.62061202 -0.58075972 -0.41391055 -0.34830255 -0.38656679 -0.42561858] 
[-0.62145486 -0.58128415 -0.41331315 -0.34728153 -0.38583184 -0.42511235] 
[-0.62229737 -0.58180781 -0.412716   -0.34626145 -0.38509796 -0.42460644] 
[-0.62313954 -0.58233072 -0.41211913 -0.34524233 -0.38436514 -0.42410085] 
[-0.62398136 -0.58285285 -0.41152251 -0.34422416 -0.38363339 -0.42359558] 
[-0.62482285 -0.58337422 -0.41092617 -0.34320695 -0.38290271 -0.42309063] 
[-0.62566399 -0.58389483 -0.41033009 -0.3421907  -0.38217309 -0.422586  ] 
[-0.62650478 -0.58441466 -0.40973428 -0.34117541 -0.38144454 -0.42208169] 
[-0.62734521 -0.58493373 -0.40913874 -0.34016109 -0.38071706 -0.42157769] 
[-0.6281853  -0.58545202 -0.40854348 -0.33914774 -0.37999065 -0.42107402] 
[-0.62902502 -0.58596954 -0.40794848 -0.33813536 -0.37926531 -0.42057067] 
[-0.62986438 -0.58648629 -0.40735377 -0.33712396 -0.37854104 -0.42006764] 
[-0.63070338 -0.58700226 -0.40675933 -0.33611354 -0.37781785 -0.41956493] 
[-0.63154201 -0.58751746 -0.40616516 -0.33510409 -0.37709573 -0.41906254] 
[-0.63238026 -0.58803188 -0.40557128 -0.33409564 -0.37637469 -0.41856047] 
[-0.63321815 -0.58854552 -0.40497768 -0.33308816 -0.37565472 -0.41805872] 
[-0.63405566 -0.58905839 -0.40438435 -0.33208168 -0.37493583 -0.4175573 ] 
[-0.63489279 -0.58957047 -0.40379132 -0.33107619 -0.37421802 -0.41705619] 
[-0.63572953 -0.59008177 -0.40319856 -0.3300717  -0.37350128 -0.41655541] 
[-0.6365659  -0.59059229 -0.40260609 -0.32906821 -0.37278563 -0.41605495] 
[-0.63740187 -0.59110203 -0.40201391 -0.32806571 -0.37207106 -0.41555481] 
[-0.63823745 -0.59161098 -0.40142201 -0.32706422 -0.37135757 -0.41505499] 
[-0.63907264 -0.59211915 -0.40083041 -0.32606374 -0.37064516 -0.41455549] 
[-0.63990743 -0.59262653 -0.4002391  -0.32506426 -0.36993383 -0.41405632] 
[-0.64074182 -0.59313312 -0.39964807 -0.3240658  -0.36922359 -0.41355746] 
[-0.64157581 -0.59363892 -0.39905734 -0.32306835 -0.36851443 -0.41305893] 
[-0.64240939 -0.59414394 -0.39846691 -0.32207192 -0.36780636 -0.41256072] 
[-0.64324256 -0.59464816 -0.39787677 -0.32107651 -0.36709938 -0.41206284] 
[-0.64407532 -0.59515159 -0.39728693 -0.32008212 -0.36639348 -0.41156528] 
[-0.64490767 -0.59565423 -0.39669738 -0.31908875 -0.36568867 -0.41106804] 
[-0.6457396  -0.59615608 -0.39610814 -0.31809641 -0.36498495 -0.41057112] 
[-0.64657111 -0.59665713 -0.39551919 -0.3171051  -0.36428231 -0.41007452] 
[-0.64740219 -0.59715739 -0.39493055 -0.31611483 -0.36358077 -0.40957825] 
[-0.64823285 -0.59765685 -0.39434221 -0.31512559 -0.36288032 -0.4090823 ] 
[-0.64906309 -0.59815552 -0.39375418 -0.31413739 -0.36218095 -0.40858668] 
[-0.64989289 -0.59865338 -0.39316645 -0.31315022 -0.36148268 -0.40809137] 
[-0.65072225 -0.59915045 -0.39257902 -0.3121641  -0.36078551 -0.40759639] 
[-0.65155118 -0.59964672 -0.39199191 -0.31117902 -0.36008942 -0.40710174] 
[-0.65237967 -0.60014219 -0.3914051  -0.310195   -0.35939443 -0.40660741] 
[-0.65320771 -0.60063685 -0.3908186  -0.30921202 -0.35870053 -0.4061134 ] 
[-0.65403531 -0.60113072 -0.39023242 -0.30823009 -0.35800772 -0.40561971] 
[-0.65486247 -0.60162378 -0.38964655 -0.30724922 -0.35731601 -0.40512635] 
[-0.65568917 -0.60211604 -0.38906099 -0.3062694  -0.3566254  -0.40463331] 
[-0.65651541 -0.60260749 -0.38847574 -0.30529064 -0.35593588 -0.40414059] 
[-0.65734121 -0.60309814 -0.38789081 -0.30431294 -0.35524746 -0.4036482 ] 
[-0.65816654 -0.60358799 -0.3873062  -0.30333631 -0.35456014 -0.40315613] 
[-0.65899141 -0.60407702 -0.38672191 -0.30236074 -0.35387391 -0.40266439] 
[-0.65981581 -0.60456525 -0.38613793 -0.30138624 -0.35318878 -0.40217297] 
[-0.66063975 -0.60505267 -0.38555428 -0.30041282 -0.35250475 -0.40168187] 
[-0.66146321 -0.60553928 -0.38497094 -0.29944046 -0.35182181 -0.4011911 ] 
[-0.66228621 -0.60602508 -0.38438793 -0.29846918 -0.35113998 -0.40070065] 
[-0.66310873 -0.60651007 -0.38380525 -0.29749897 -0.35045924 -0.40021052] 
[-0.66393077 -0.60699425 -0.38322288 -0.29652985 -0.34977961 -0.39972072] 
[-0.66475233 -0.60747762 -0.38264085 -0.2955618  -0.34910107 -0.39923124] 
[-0.6655734  -0.60796018 -0.38205914 -0.29459484 -0.34842364 -0.39874209] 
[-0.66639399 -0.60844192 -0.38147776 -0.29362897 -0.3477473  -0.39825326] 
[-0.6672141  -0.60892285 -0.38089671 -0.29266418 -0.34707207 -0.39776475] 
[-0.66803371 -0.60940297 -0.38031598 -0.29170048 -0.34639793 -0.39727657] 
[-0.66885282 -0.60988227 -0.37973559 -0.29073787 -0.3457249  -0.39678871] 
[-0.66967144 -0.61036075 -0.37915553 -0.28977636 -0.34505297 -0.39630118] 
[-0.67048956 -0.61083842 -0.37857581 -0.28881594 -0.34438214 -0.39581397] 
[-0.67130718 -0.61131527 -0.37799641 -0.28785662 -0.34371242 -0.39532708] 
[-0.6721243  -0.6117913  -0.37741736 -0.2868984  -0.34304379 -0.39484052] 
[-0.67294091 -0.61226652 -0.37683864 -0.28594128 -0.34237627 -0.39435428] 
[-0.673757   -0.61274092 -0.37626025 -0.28498526 -0.34170985 -0.39386837] 
[-0.67457259 -0.6132145  -0.37568221 -0.28403035 -0.34104454 -0.39338278] 
[-0.67538766 -0.61368726 -0.3751045  -0.28307655 -0.34038033 -0.39289751] 
[-0.67620222 -0.61415919 -0.37452714 -0.28212385 -0.33971722 -0.39241257] 
[-0.67701625 -0.61463031 -0.37395011 -0.28117227 -0.33905521 -0.39192795] 
[-0.67782977 -0.61510061 -0.37337343 -0.2802218  -0.33839431 -0.39144366] 
[-0.67864276 -0.61557008 -0.37279709 -0.27927245 -0.33773451 -0.39095969] 
[-0.67945522 -0.61603874 -0.3722211  -0.27832421 -0.33707581 -0.39047604] 
[-0.68026715 -0.61650657 -0.37164545 -0.27737709 -0.33641822 -0.38999272] 
[-0.68107855 -0.61697358 -0.37107015 -0.27643109 -0.33576173 -0.38950972] 
[-0.68188942 -0.61743976 -0.37049519 -0.27548621 -0.33510634 -0.38902704] 
[-0.68269975 -0.61790512 -0.36992058 -0.27454245 -0.33445206 -0.38854469] 
[-0.68350954 -0.61836966 -0.36934632 -0.27359982 -0.33379888 -0.38806266] 
[-0.68431878 -0.61883337 -0.36877241 -0.27265832 -0.33314681 -0.38758096] 
[-0.68512749 -0.61929625 -0.36819885 -0.27171795 -0.33249584 -0.38709958] 
[-0.68593565 -0.61975831 -0.36762565 -0.27077871 -0.33184597 -0.38661852] 
[-0.68674326 -0.62021955 -0.36705279 -0.2698406  -0.33119721 -0.38613779] 
[-0.68755031 -0.62067996 -0.36648029 -0.26890362 -0.33054955 -0.38565738] 
[-0.68835682 -0.62113954 -0.36590814 -0.26796778 -0.32990299 -0.38517729] 
[-0.68916276 -0.62159829 -0.36533635 -0.26703307 -0.32925753 -0.38469753] 
[-0.68996815 -0.62205622 -0.36476492 -0.26609951 -0.32861318 -0.38421809] 
[-0.69077298 -0.62251331 -0.36419384 -0.26516708 -0.32796994 -0.38373898] 
[-0.69157725 -0.62296958 -0.36362312 -0.2642358  -0.32732779 -0.38326018] 
[-0.69238095 -0.62342503 -0.36305276 -0.26330566 -0.32668675 -0.38278171] 
[-0.69318408 -0.62387964 -0.36248276 -0.26237666 -0.32604681 -0.38230357] 
[-0.69398664 -0.62433342 -0.36191312 -0.26144881 -0.32540797 -0.38182575] 
[-0.69478863 -0.62478638 -0.36134384 -0.26052211 -0.32477024 -0.38134825] 
[-0.69559005 -0.6252385  -0.36077492 -0.25959656 -0.32413361 -0.38087107] 
[-0.69639089 -0.62568979 -0.36020637 -0.25867216 -0.32349808 -0.38039422] 
[-0.69719114 -0.62614026 -0.35963818 -0.25774891 -0.32286365 -0.37991769] 
[-0.69799082 -0.62658989 -0.35907035 -0.25682681 -0.32223032 -0.37944148] 
[-0.69878992 -0.62703869 -0.35850289 -0.25590587 -0.32159809 -0.3789656 ] 
[-0.69958842 -0.62748667 -0.3579358  -0.25498609 -0.32096697 -0.37849003] 
[-0.70038634 -0.62793381 -0.35736908 -0.25406746 -0.32033694 -0.3780148 ] 
[-0.70118367 -0.62838011 -0.35680272 -0.25314999 -0.31970802 -0.37753988] 
[-0.70198041 -0.62882559 -0.35623673 -0.25223368 -0.3190802  -0.37706529] 
[-0.70277655 -0.62927024 -0.35567111 -0.25131854 -0.31845347 -0.37659101] 
[-0.7035721  -0.62971405 -0.35510586 -0.25040456 -0.31782785 -0.37611707] 
[-0.70436705 -0.63015703 -0.35454098 -0.24949174 -0.31720332 -0.37564344] 
[-0.70516139 -0.63059918 -0.35397648 -0.24858009 -0.31657989 -0.37517014] 
[-0.70595513 -0.63104049 -0.35341235 -0.2476696  -0.31595756 -0.37469715] 
[-0.70674827 -0.63148098 -0.35284859 -0.24676028 -0.31533633 -0.3742245 ] 
[-0.7075408  -0.63192063 -0.3522852  -0.24585214 -0.3147162  -0.37375216] 
[-0.70833272 -0.63235944 -0.35172219 -0.24494516 -0.31409716 -0.37328014] 
[-0.70912402 -0.63279743 -0.35115956 -0.24403935 -0.31347922 -0.37280845] 
[-0.70991471 -0.63323458 -0.3505973  -0.24313472 -0.31286238 -0.37233708] 
[-0.71070479 -0.63367089 -0.35003542 -0.24223126 -0.31224663 -0.37186603] 
[-0.71149425 -0.63410638 -0.34947392 -0.24132898 -0.31163198 -0.3713953 ] 
[-0.71228309 -0.63454102 -0.3489128  -0.24042787 -0.31101843 -0.3709249 ] 
[-0.7130713  -0.63497484 -0.34835206 -0.23952794 -0.31040596 -0.37045481] 
[-0.71385889 -0.63540782 -0.34779169 -0.23862919 -0.3097946  -0.36998505] 
[-0.71464586 -0.63583997 -0.34723171 -0.23773162 -0.30918432 -0.36951561] 
[-0.71543219 -0.63627128 -0.34667211 -0.23683523 -0.30857514 -0.36904649] 
[-0.7162179  -0.63670176 -0.34611289 -0.23594002 -0.30796705 -0.36857769] 
[-0.71700297 -0.63713141 -0.34555406 -0.235046   -0.30736006 -0.36810922] 
[-0.71778741 -0.63756022 -0.34499561 -0.23415315 -0.30675415 -0.36764106] 
[-0.71857121 -0.6379882  -0.34443754 -0.2332615  -0.30614934 -0.36717323] 
[-0.71935438 -0.63841534 -0.34387986 -0.23237103 -0.30554561 -0.36670571] 
[-0.7201369  -0.63884165 -0.34332256 -0.23148174 -0.30494298 -0.36623852] 
[-0.72091878 -0.63926713 -0.34276565 -0.23059364 -0.30434143 -0.36577165] 
[-0.72170002 -0.63969177 -0.34220913 -0.22970674 -0.30374098 -0.3653051 ] 
[-0.72248061 -0.64011558 -0.34165299 -0.22882102 -0.30314161 -0.36483887] 
[-0.72326055 -0.64053855 -0.34109725 -0.22793649 -0.30254333 -0.36437296] 
[-0.72403984 -0.64096069 -0.34054189 -0.22705315 -0.30194614 -0.36390737] 
[-0.72481848 -0.64138199 -0.33998692 -0.22617101 -0.30135003 -0.3634421 ] 
[-0.72559647 -0.64180246 -0.33943234 -0.22529006 -0.30075501 -0.36297715] 
[-0.7263738  -0.6422221  -0.33887816 -0.2244103  -0.30016107 -0.36251252] 
[-0.72715047 -0.6426409  -0.33832436 -0.22353174 -0.29956821 -0.36204822] 
[-0.72792648 -0.64305887 -0.33777096 -0.22265437 -0.29897644 -0.36158423] 
[-0.72870183 -0.64347601 -0.33721795 -0.2217782  -0.29838576 -0.36112056] 
[-0.72947652 -0.64389231 -0.33666533 -0.22090323 -0.29779615 -0.36065721] 
[-0.73025054 -0.64430778 -0.33611311 -0.22002945 -0.29720763 -0.36019419] 
[-0.7310239  -0.64472241 -0.33556128 -0.21915688 -0.29662018 -0.35973148] 
[-0.73179659 -0.64513622 -0.33500985 -0.2182855  -0.29603382 -0.35926909] 
[-0.7325686  -0.64554918 -0.33445881 -0.21741532 -0.29544854 -0.35880702] 
[-0.73333995 -0.64596132 -0.33390817 -0.21654635 -0.29486433 -0.35834527] 
[-0.73411062 -0.64637262 -0.33335793 -0.21567857 -0.2942812  -0.35788384] 
[-0.73488061 -0.64678309 -0.33280808 -0.214812   -0.29369915 -0.35742273] 
[-0.73564993 -0.64719273 -0.33225864 -0.21394663 -0.29311818 -0.35696194] 
[-0.73641857 -0.64760153 -0.33170959 -0.21308247 -0.29253828 -0.35650146] 
[-0.73718652 -0.64800951 -0.33116094 -0.21221951 -0.29195945 -0.35604131] 
[-0.73795379 -0.64841665 -0.33061269 -0.21135775 -0.2913817  -0.35558148] 
[-0.73872038 -0.64882296 -0.33006484 -0.2104972  -0.29080502 -0.35512196] 
[-0.73948629 -0.64922843 -0.32951739 -0.20963786 -0.29022941 -0.35466276] 
[-0.7402515  -0.64963308 -0.32897034 -0.20877972 -0.28965487 -0.35420388] 
[-0.74101602 -0.65003689 -0.32842369 -0.20792279 -0.28908141 -0.35374532] 
[-0.74177986 -0.65043987 -0.32787745 -0.20706707 -0.28850901 -0.35328708] 
[-0.742543   -0.65084202 -0.32733161 -0.20621255 -0.28793768 -0.35282916] 
[-0.74330544 -0.65124335 -0.32678617 -0.20535925 -0.28736742 -0.35237156] 
[-0.74406719 -0.65164384 -0.32624114 -0.20450715 -0.28679823 -0.35191427] 
[-0.74482824 -0.6520435  -0.32569651 -0.20365627 -0.2862301  -0.3514573 ] 
[-0.74558859 -0.65244233 -0.32515228 -0.20280659 -0.28566304 -0.35100065] 
[-0.74634824 -0.65284033 -0.32460847 -0.20195813 -0.28509704 -0.35054432] 
[-0.74710719 -0.6532375  -0.32406505 -0.20111088 -0.2845321  -0.3500883 ] 
[-0.74786543 -0.65363384 -0.32352205 -0.20026484 -0.28396823 -0.34963261] 
[-0.74862297 -0.65402935 -0.32297945 -0.19942001 -0.28340541 -0.34917723] 
[-0.7493798  -0.65442404 -0.32243726 -0.19857639 -0.28284366 -0.34872217] 
[-0.75013592 -0.65481789 -0.32189547 -0.19773399 -0.28228297 -0.34826742] 
[-0.75089133 -0.65521092 -0.3213541  -0.1968928  -0.28172333 -0.347813  ] 
[-0.75164603 -0.65560312 -0.32081313 -0.19605283 -0.28116475 -0.34735889] 
[-0.75240001 -0.65599449 -0.32027257 -0.19521406 -0.28060723 -0.3469051 ] 
[-0.75315328 -0.65638504 -0.31973242 -0.19437652 -0.28005076 -0.34645162] 
[-0.75390583 -0.65677475 -0.31919269 -0.19354019 -0.27949535 -0.34599846] 
[-0.75465766 -0.65716365 -0.31865336 -0.19270507 -0.27894099 -0.34554562] 
[-0.75540877 -0.65755171 -0.31811444 -0.19187117 -0.27838768 -0.3450931 ] 
[-0.75615916 -0.65793895 -0.31757594 -0.19103848 -0.27783543 -0.34464089] 
[-0.75690883 -0.65832537 -0.31703784 -0.19020701 -0.27728422 -0.344189  ] 
[-0.75765778 -0.65871096 -0.31650016 -0.18937676 -0.27673407 -0.34373743] 
[-0.758406   -0.65909572 -0.3159629  -0.18854773 -0.27618496 -0.34328617] 
[-0.75915349 -0.65947966 -0.31542604 -0.18771991 -0.27563689 -0.34283523] 
[-0.75990025 -0.65986278 -0.3148896  -0.18689331 -0.27508988 -0.3423846 ] 
[-0.76064628 -0.66024507 -0.31435357 -0.18606792 -0.27454391 -0.3419343 ] 
[-0.76139158 -0.66062654 -0.31381796 -0.18524375 -0.27399898 -0.3414843 ] 
[-0.76213615 -0.66100718 -0.31328276 -0.18442081 -0.27345509 -0.34103463] 
[-0.76287998 -0.66138701 -0.31274797 -0.18359907 -0.27291225 -0.34058527] 
[-0.76362308 -0.66176601 -0.31221361 -0.18277856 -0.27237044 -0.34013622] 
[-0.76436544 -0.66214419 -0.31167965 -0.18195927 -0.27182968 -0.33968749] 
[-0.76510707 -0.66252155 -0.31114612 -0.18114119 -0.27128995 -0.33923908] 
[-0.76584795 -0.66289809 -0.310613   -0.18032433 -0.27075126 -0.33879098] 
[-0.76658809 -0.6632738  -0.31008029 -0.1795087  -0.27021361 -0.3383432 ] 
[-0.76732749 -0.6636487  -0.30954801 -0.17869428 -0.26967699 -0.33789574] 
[-0.76806615 -0.66402278 -0.30901614 -0.17788107 -0.2691414  -0.33744859] 
[-0.76880406 -0.66439604 -0.30848469 -0.17706909 -0.26860685 -0.33700175] 
[-0.76954122 -0.66476848 -0.30795366 -0.17625833 -0.26807332 -0.33655523] 
[-0.77027764 -0.6651401  -0.30742305 -0.17544879 -0.26754083 -0.33610903] 
[-0.7710133  -0.6655109  -0.30689285 -0.17464046 -0.26700936 -0.33566314] 
[-0.77174822 -0.66588089 -0.30636308 -0.17383336 -0.26647893 -0.33521756] 
[-0.77248239 -0.66625006 -0.30583372 -0.17302747 -0.26594952 -0.3347723 ] 
[-0.7732158  -0.66661842 -0.30530479 -0.1722228  -0.26542113 -0.33432736] 
[-0.77394846 -0.66698595 -0.30477627 -0.17141936 -0.26489377 -0.33388273] 
[-0.77468036 -0.66735268 -0.30424818 -0.17061713 -0.26436743 -0.33343841] 
[-0.77541151 -0.66771859 -0.30372051 -0.16981612 -0.26384211 -0.33299441] 
[-0.7761419  -0.66808368 -0.30319325 -0.16901633 -0.26331781 -0.33255072] 
[-0.77687153 -0.66844796 -0.30266642 -0.16821776 -0.26279453 -0.33210735] 
[-0.7776004  -0.66881143 -0.30214001 -0.16742041 -0.26227227 -0.33166429] 
[-0.77832851 -0.66917408 -0.30161403 -0.16662428 -0.26175102 -0.33122155] 
[-0.77905586 -0.66953593 -0.30108846 -0.16582936 -0.26123079 -0.33077912] 
[-0.77978244 -0.66989696 -0.30056332 -0.16503567 -0.26071157 -0.330337  ] 
[-0.78050826 -0.67025717 -0.3000386  -0.16424319 -0.26019336 -0.3298952 ] 
[-0.78123331 -0.67061658 -0.29951431 -0.16345194 -0.25967617 -0.32945372] 
[-0.78195759 -0.67097518 -0.29899044 -0.1626619  -0.25915998 -0.32901254] 
[-0.78268111 -0.67133297 -0.29846699 -0.16187308 -0.25864481 -0.32857168] 
[-0.78340386 -0.67168995 -0.29794396 -0.16108548 -0.25813064 -0.32813114] 
[-0.78412584 -0.67204612 -0.29742136 -0.1602991  -0.25761748 -0.32769091] 
[-0.78484704 -0.67240149 -0.29689919 -0.15951393 -0.25710532 -0.32725099] 
[-0.78556747 -0.67275604 -0.29637744 -0.15872998 -0.25659416 -0.32681138] 
[-0.78628713 -0.6731098  -0.29585611 -0.15794725 -0.25608401 -0.32637209] 
[-0.78700602 -0.67346274 -0.29533521 -0.15716574 -0.25557486 -0.32593311] 
[-0.78772413 -0.67381488 -0.29481474 -0.15638545 -0.2550667  -0.32549445] 
[-0.78844146 -0.67416621 -0.29429469 -0.15560637 -0.25455954 -0.3250561 ] 
[-0.78915801 -0.67451674 -0.29377507 -0.15482851 -0.25405338 -0.32461806] 
[-0.78987379 -0.67486647 -0.29325587 -0.15405186 -0.25354822 -0.32418033] 
[-0.79058878 -0.67521539 -0.2927371  -0.15327644 -0.25304405 -0.32374292] 
[-0.79130299 -0.67556351 -0.29221875 -0.15250222 -0.25254087 -0.32330582] 
[-0.79201643 -0.67591083 -0.29170084 -0.15172923 -0.25203868 -0.32286904] 
[-0.79272907 -0.67625735 -0.29118335 -0.15095745 -0.25153748 -0.32243256] 
[-0.79344094 -0.67660306 -0.29066628 -0.15018688 -0.25103727 -0.3219964 ] 
[-0.79415202 -0.67694798 -0.29014965 -0.14941753 -0.25053805 -0.32156055] 
[-0.79486231 -0.6772921  -0.28963344 -0.1486494  -0.25003981 -0.32112502] 
[-0.79557182 -0.67763541 -0.28911766 -0.14788247 -0.24954255 -0.3206898 ] 
[-0.79628054 -0.67797794 -0.28860231 -0.14711677 -0.24904628 -0.32025488] 
[-0.79698847 -0.67831966 -0.28808739 -0.14635227 -0.24855099 -0.31982029] 
[-0.79769561 -0.67866058 -0.28757289 -0.14558899 -0.24805668 -0.319386  ] 
[-0.79840196 -0.67900072 -0.28705882 -0.14482692 -0.24756334 -0.31895203] 
[-0.79910751 -0.67934005 -0.28654519 -0.14406607 -0.24707099 -0.31851837] 
[-0.79981228 -0.67967859 -0.28603198 -0.14330642 -0.2465796  -0.31808502] 
[-0.80051625 -0.68001634 -0.2855192  -0.14254799 -0.2460892  -0.31765198] 
[-0.80121943 -0.68035329 -0.28500685 -0.14179077 -0.24559976 -0.31721926] 
[-0.80192181 -0.68068945 -0.28449493 -0.14103476 -0.2451113  -0.31678685] 
[-0.8026234  -0.68102482 -0.28398343 -0.14027997 -0.2446238  -0.31635475] 
[-0.80332418 -0.68135939 -0.28347237 -0.13952638 -0.24413727 -0.31592296] 
[-0.80402418 -0.68169318 -0.28296174 -0.138774   -0.24365171 -0.31549148] 
[-0.80472337 -0.68202617 -0.28245154 -0.13802283 -0.24316711 -0.31506032] 
[-0.80542176 -0.68235838 -0.28194176 -0.13727287 -0.24268348 -0.31462946] 
[-0.80611936 -0.6826898  -0.28143242 -0.13652412 -0.24220081 -0.31419892] 
[-0.80681615 -0.68302043 -0.28092351 -0.13577657 -0.2417191  -0.31376869] 
[-0.80751214 -0.68335027 -0.28041503 -0.13503024 -0.24123835 -0.31333878] 
[-0.80820732 -0.68367933 -0.27990698 -0.13428511 -0.24075855 -0.31290917] 
[-0.80890171 -0.6840076  -0.27939936 -0.13354118 -0.24027972 -0.31247987] 
[-0.80959529 -0.68433509 -0.27889217 -0.13279847 -0.23980183 -0.31205089] 
[-0.81028806 -0.68466179 -0.27838541 -0.13205695 -0.2393249  -0.31162222] 
[-0.81098003 -0.68498771 -0.27787908 -0.13131665 -0.23884892 -0.31119386] 
[-0.81167119 -0.68531284 -0.27737319 -0.13057754 -0.23837389 -0.31076581] 
[-0.81236155 -0.6856372  -0.27686772 -0.12983965 -0.23789981 -0.31033807] 
[-0.8130511  -0.68596077 -0.27636269 -0.12910295 -0.23742668 -0.30991064] 
[-0.81373983 -0.68628356 -0.27585809 -0.12836746 -0.23695449 -0.30948353] 
[-0.81442776 -0.68660557 -0.27535391 -0.12763317 -0.23648324 -0.30905672] 
[-0.81511488 -0.68692681 -0.27485018 -0.12690008 -0.23601294 -0.30863023] 
[-0.81580119 -0.68724726 -0.27434687 -0.12616819 -0.23554357 -0.30820405] 
[-0.81648669 -0.68756694 -0.27384399 -0.1254375  -0.23507515 -0.30777818] 
[-0.81717137 -0.68788584 -0.27334155 -0.12470801 -0.23460766 -0.30735261] 
[-0.81785524 -0.68820396 -0.27283954 -0.12397972 -0.23414111 -0.30692736] 
[-0.8185383  -0.68852131 -0.27233796 -0.12325263 -0.2336755  -0.30650243] 
[-0.81922054 -0.68883789 -0.27183681 -0.12252674 -0.23321081 -0.3060778 ] 
[-0.81990197 -0.68915369 -0.2713361  -0.12180204 -0.23274706 -0.30565348] 
[-0.82058258 -0.68946872 -0.27083581 -0.12107854 -0.23228424 -0.30522947] 
[-0.82126238 -0.68978297 -0.27033596 -0.12035624 -0.23182234 -0.30480578] 
[-0.82194136 -0.69009646 -0.26983654 -0.11963513 -0.23136137 -0.30438239] 
[-0.82261952 -0.69040917 -0.26933756 -0.11891522 -0.23090133 -0.30395932] 
[-0.82329686 -0.69072112 -0.268839   -0.1181965  -0.23044221 -0.30353655] 
[-0.82397339 -0.69103229 -0.26834088 -0.11747897 -0.22998401 -0.3031141 ] 
[-0.82464909 -0.6913427  -0.26784319 -0.11676264 -0.22952673 -0.30269196] 
[-0.82532398 -0.69165234 -0.26734593 -0.1160475  -0.22907037 -0.30227013] 
[-0.82599805 -0.69196122 -0.26684911 -0.11533355 -0.22861493 -0.3018486 ] 
[-0.82667129 -0.69226933 -0.26635272 -0.11462079 -0.2281604  -0.30142739] 
[-0.82734371 -0.69257667 -0.26585676 -0.11390922 -0.22770679 -0.30100649] 
[-0.82801532 -0.69288325 -0.26536123 -0.11319884 -0.22725408 -0.3005859 ] 
[-0.82868609 -0.69318907 -0.26486614 -0.11248965 -0.22680229 -0.30016562] 
[-0.82935605 -0.69349412 -0.26437148 -0.11178164 -0.22635141 -0.29974565] 
[-0.83002518 -0.69379841 -0.26387725 -0.11107483 -0.22590143 -0.29932599] 
[-0.83069349 -0.69410195 -0.26338345 -0.11036919 -0.22545236 -0.29890664] 
[-0.83136097 -0.69440472 -0.26289009 -0.10966475 -0.22500419 -0.2984876 ] 
[-0.83202763 -0.69470673 -0.26239716 -0.10896148 -0.22455693 -0.29806887] 
[-0.83269346 -0.69500799 -0.26190466 -0.10825941 -0.22411056 -0.29765045] 
[-0.83335847 -0.69530849 -0.2614126  -0.10755851 -0.2236651  -0.29723234] 
[-0.83402264 -0.69560823 -0.26092096 -0.1068588  -0.22322053 -0.29681454] 
[-0.834686   -0.69590721 -0.26042976 -0.10616027 -0.22277686 -0.29639705] 
[-0.83534852 -0.69620545 -0.25993899 -0.10546292 -0.22233408 -0.29597988] 
[-0.83601022 -0.69650292 -0.25944866 -0.10476674 -0.22189219 -0.29556301] 
[-0.83667108 -0.69679965 -0.25895876 -0.10407175 -0.22145119 -0.29514645] 
[-0.83733112 -0.69709562 -0.25846929 -0.10337794 -0.22101109 -0.2947302 ] 
[-0.83799033 -0.69739084 -0.25798025 -0.1026853  -0.22057187 -0.29431426] 
[-0.83864871 -0.69768531 -0.25749165 -0.10199384 -0.22013353 -0.29389863] 
[-0.83930626 -0.69797903 -0.25700347 -0.10130355 -0.21969608 -0.29348331] 
[-0.83996298 -0.698272   -0.25651573 -0.10061444 -0.21925952 -0.2930683 ] 
[-0.84061886 -0.69856423 -0.25602843 -0.09992651 -0.21882383 -0.2926536 ] 
[-0.84127392 -0.6988557  -0.25554155 -0.09923974 -0.21838902 -0.29223921] 
[-0.84192814 -0.69914644 -0.25505511 -0.09855415 -0.21795509 -0.29182513] 
[-0.84258154 -0.69943642 -0.2545691  -0.09786973 -0.21752204 -0.29141136] 
[-0.84323409 -0.69972566 -0.25408352 -0.09718648 -0.21708985 -0.2909979 ] 
[-0.84388582 -0.70001416 -0.25359838 -0.0965044  -0.21665855 -0.29058475] 
[-0.84453671 -0.70030192 -0.25311366 -0.09582349 -0.21622811 -0.29017191] 
[-0.84518677 -0.70058893 -0.25262938 -0.09514375 -0.21579854 -0.28975938] 
[-0.845836   -0.7008752  -0.25214553 -0.09446517 -0.21536984 -0.28934716] 
[-0.84648439 -0.70116074 -0.25166211 -0.09378776 -0.214942   -0.28893525] 
[-0.84713194 -0.70144553 -0.25117913 -0.09311151 -0.21451503 -0.28852365] 
[-0.84777866 -0.70172959 -0.25069657 -0.09243643 -0.21408891 -0.28811236] 
[-0.84842455 -0.70201291 -0.25021445 -0.09176251 -0.21366366 -0.28770137] 
[-0.8490696  -0.70229549 -0.24973276 -0.09108975 -0.21323927 -0.2872907 ] 
[-0.84971381 -0.70257734 -0.2492515  -0.09041816 -0.21281574 -0.28688034] 
[-0.85035719 -0.70285845 -0.24877067 -0.08974772 -0.21239306 -0.28647029] 
[-0.85099973 -0.70313883 -0.24829028 -0.08907844 -0.21197123 -0.28606054] 
[-0.85164144 -0.70341848 -0.24781031 -0.08841033 -0.21155026 -0.28565111] 
[-0.85228231 -0.70369739 -0.24733078 -0.08774337 -0.21113014 -0.28524198] 
[-0.85292234 -0.70397558 -0.24685168 -0.08707756 -0.21071086 -0.28483317] 
[-0.85356153 -0.70425303 -0.24637301 -0.08641291 -0.21029243 -0.28442466] 
[-0.85419988 -0.70452976 -0.24589477 -0.08574942 -0.20987485 -0.28401647] 
[-0.8548374  -0.70480576 -0.24541696 -0.08508708 -0.20945811 -0.28360858] 
[-0.85547408 -0.70508103 -0.24493958 -0.08442589 -0.20904221 -0.28320101] 
[-0.85610992 -0.70535557 -0.24446263 -0.08376585 -0.20862716 -0.28279374] 
[-0.85674492 -0.70562939 -0.24398611 -0.08310696 -0.20821294 -0.28238678] 
[-0.85737908 -0.70590249 -0.24351003 -0.08244922 -0.20779955 -0.28198013] 
[-0.85801241 -0.70617486 -0.24303437 -0.08179263 -0.207387   -0.2815738 ] 
[-0.85864489 -0.70644651 -0.24255914 -0.08113719 -0.20697529 -0.28116777] 
[-0.85927653 -0.70671744 -0.24208435 -0.0804829  -0.2065644  -0.28076205] 
[-0.85990734 -0.70698764 -0.24160998 -0.07982975 -0.20615435 -0.28035664] 
[-0.8605373  -0.70725713 -0.24113605 -0.07917774 -0.20574512 -0.27995154] 
[-0.86116643 -0.7075259  -0.24066254 -0.07852688 -0.20533672 -0.27954675] 
[-0.86179471 -0.70779395 -0.24018946 -0.07787716 -0.20492915 -0.27914227] 
[-0.86242216 -0.70806129 -0.23971681 -0.07722858 -0.20452239 -0.2787381 ] 
[-0.86304876 -0.7083279  -0.2392446  -0.07658114 -0.20411646 -0.27833424] 
[-0.86367452 -0.70859381 -0.23877281 -0.07593484 -0.20371135 -0.27793068] 
[-0.86429945 -0.708859   -0.23830145 -0.07528967 -0.20330705 -0.27752744] 
[-0.86492353 -0.70912348 -0.23783052 -0.07464565 -0.20290357 -0.27712451] 
[-0.86554677 -0.70938724 -0.23736002 -0.07400276 -0.20250091 -0.27672188] 
[-0.86616917 -0.7096503  -0.23688994 -0.073361   -0.20209906 -0.27631957] 
[-0.86679072 -0.70991264 -0.2364203  -0.07272038 -0.20169801 -0.27591757] 
[-0.86741144 -0.71017427 -0.23595108 -0.07208089 -0.20129778 -0.27551587] 
[-0.86803131 -0.7104352  -0.23548229 -0.07144253 -0.20089835 -0.27511449] 
[-0.86865035 -0.71069542 -0.23501393 -0.0708053  -0.20049973 -0.27471341] 
[-0.86926854 -0.71095493 -0.234546   -0.0701692  -0.20010192 -0.27431265] 
[-0.86988589 -0.71121374 -0.2340785  -0.06953423 -0.1997049  -0.27391219] 
[-0.87050239 -0.71147185 -0.23361142 -0.06890039 -0.19930869 -0.27351204] 
[-0.87111806 -0.71172925 -0.23314477 -0.06826767 -0.19891327 -0.27311221] 
[-0.87173288 -0.71198595 -0.23267855 -0.06763608 -0.19851865 -0.27271268] 
[-0.87234686 -0.71224194 -0.23221276 -0.06700561 -0.19812482 -0.27231346] 
[-0.87296    -0.71249724 -0.23174739 -0.06637626 -0.19773179 -0.27191455] 
[-0.8735723  -0.71275184 -0.23128245 -0.06574803 -0.19733955 -0.27151595] 
[-0.87418376 -0.71300573 -0.23081793 -0.06512093 -0.1969481  -0.27111767] 
[-0.87479437 -0.71325894 -0.23035384 -0.06449494 -0.19655744 -0.27071969] 
[-0.87540414 -0.71351144 -0.22989018 -0.06387007 -0.19616756 -0.27032202] 
[-0.87601307 -0.71376325 -0.22942695 -0.06324632 -0.19577847 -0.26992466] 
[-0.87662115 -0.71401436 -0.22896414 -0.06262368 -0.19539016 -0.26952761] 
[-0.8772284  -0.71426479 -0.22850175 -0.06200216 -0.19500263 -0.26913087] 
[-0.8778348  -0.71451451 -0.2280398  -0.06138175 -0.19461589 -0.26873444] 
[-0.87844036 -0.71476355 -0.22757826 -0.06076245 -0.19422992 -0.26833831] 
[-0.87904508 -0.7150119  -0.22711715 -0.06014427 -0.19384472 -0.2679425 ] 
[-0.87964895 -0.71525955 -0.22665647 -0.05952719 -0.1934603  -0.267547  ] 
[-0.88025198 -0.71550652 -0.22619621 -0.05891122 -0.19307665 -0.26715181] 
[-0.88085417 -0.7157528  -0.22573638 -0.05829636 -0.19269377 -0.26675693] 
[-0.88145552 -0.7159984  -0.22527697 -0.05768261 -0.19231166 -0.26636236] 
[-0.88205603 -0.7162433  -0.22481799 -0.05706996 -0.19193032 -0.26596809] 
[-0.88265569 -0.71648753 -0.22435942 -0.05645841 -0.19154974 -0.26557414] 
[-0.88325451 -0.71673107 -0.22390129 -0.05584797 -0.19116993 -0.2651805 ] 
[-0.88385249 -0.71697392 -0.22344357 -0.05523863 -0.19079088 -0.26478717] 

 Time 
620.6393563747406 
