Energy 
 
-8.106606214627288 
-8.679030089153768 
-8.992532876094165 
-9.198358108355285 
-9.344277305833865 
-9.45516488625163 
-9.531289804515863 
-9.587630590798879 
-9.596959805144095 
-9.608112434701889 
-9.61246506580532 
-9.615295301609994 
-9.61710682954207 
-9.618916680325071 
-9.620444156912836 
-9.622102582429847 
-9.623071019325058 
-9.62411977588327 
-9.625146190263244 
-9.626215645340169 
-9.627280389069822 
-9.628368397787824 
-9.62941594083364 
-9.630546501063145 
-9.63152491919798 
-9.632515426561255 
-9.633760434054995 
-9.634778280926389 
-9.635841175471358 
-9.636608670723673 
-9.637495224670747 
-9.638223772059423 
-9.639320254298285 
-9.640421164773175 
-9.64153713908338 
-9.642549809581542 
-9.64352983699097 
-9.644517488820387 
-9.645493481021873 
-9.646553025172953 
-9.64774401207121 
-9.649052590067251 
-9.65037928653908 
-9.65166457561811 
-9.652923150232365 
-9.654178080654344 
-9.655472582980792 
-9.65675071148695 
-9.658398922496694 
-9.660878677311779 
-9.665968020897932 
-9.66817158450526 
-9.670887659662311 
-9.673425799298265 
-9.676230635611974 
-9.678677692975961 
-9.680575406215144 
-9.682474231575032 
-9.684446464620093 
-9.686557646659136 
-9.688670695597342 
-9.690654333964924 
-9.692607674049915 
-9.694451699406885 
-9.696254821128353 
-9.697642545423314 
-9.699049457423724 
-9.70078263020302 
-9.702918366273583 
-9.705487271771323 
-9.707666804955386 
-9.710299043702573 
-9.71288937890667 
-9.718416553344722 
-9.721871932591666 
-9.724293237766918 
-9.726617942079615 
-9.728527806771494 
-9.731091572495416 
-9.733552890741414 
-9.736135165787845 
-9.737963421710845 
-9.739450332175359 
-9.740863937770651 
-9.742345268374581 
-9.743826359451274 
-9.74545177643699 
-9.746913146010426 
-9.74831756789541 
-9.749686256236751 
-9.7511094608646 
-9.752439874791675 
-9.75377411963681 
-9.75503015933389 
-9.756300615911316 
-9.757578028948075 
-9.758920357910084 
-9.760264950390471 
-9.761597549497976 
-9.763034662364074 
-9.767081780486974 
-9.769458099522316 
-9.771967536657298 
-9.7743716290078 
-9.77663579201427 
-9.778563040871681 
-9.780626421892112 
-9.78220467627913 
-9.783721850946343 
-9.785222953315854 
-9.787079832337273 
-9.788806627119252 
-9.790264794190815 
-9.791736043636089 
-9.793238174153192 
-9.794697399581755 
-9.796311903817653 
-9.79793774528221 
-9.79977642549605 
-9.80139487913459 
-9.803273209134339 
-9.805021238957467 
-9.806614331037851 
-9.808234017582521 
-9.809873907592252 
-9.811395433809064 
-9.812970755939624 
-9.814577732707097 
-9.816290857404379 
-9.818801089217832 
-9.821129271673032 
-9.823382087219558 
-9.825126181185631 
-9.826878902908595 
-9.837258939034692 
-9.846193951110122 
-9.852073837349595 
-9.857842118447788 
-9.874446469698265 
-9.882414789305543 
-9.886189131362038 
-9.889669792287082 
-9.893593982103628 
-9.903849910583393 
-9.918647271790949 
-9.924946624186244 
-9.933082882797098 
-9.939472780716258 
-9.941495033891265 
-9.943241252929655 
-9.945062857761222 
-9.947024705425997 
-9.948896839913283 
-9.950772328781003 
-9.95349437103709 
-9.95545644168452 
-9.957301598101491 
-9.959046476151899 
-9.960697205616183 
-9.962330848186577 
-9.963940297911805 
-9.965684345083957 
-9.967379329654731 
-9.969128151057065 
-9.970863751874091 
-9.972760718096024 
-9.974470616434358 
-9.976154898501065 
-9.978168023546568 
-9.980867398464929 
-9.987441064534524 
-9.9917773484551 
-9.995027874803496 
-9.997845804645104 
-10.000410379478561 
-10.002361144710544 
-10.00405959053453 
-10.005677180875354 
-10.00712671219119 
-10.008584651598877 
-10.010028788741213 
-10.011463222642135 
-10.012838449600249 
-10.01422393892295 
-10.015608322684095 
-10.017008892866668 
-10.01843442244102 
-10.019815820272829 
-10.021113013875341 
-10.02222308005538 
-10.023326364316496 
-10.024412486689112 
-10.025500702596824 
-10.02658586067888 
-10.027672416260343 
-10.028760703810395 
-10.029799253527356 
-10.030836211828042 
-10.031928707642091 
-10.033014573737075 
-10.034100470390953 
-10.035181563545706 
-10.036268570860003 
-10.037376021949852 
-10.038484414759365 
-10.039592127943935 
-10.040699639447755 
-10.041805408286274 
-10.042982397359733 
-10.044144117710177 
-10.045326190540399 
-10.046508032988376 
-10.047687322059902 
-10.048864274484032 
-10.050084522526248 
-10.051311088355765 
-10.052529670597092 
-10.053746465704219 
-10.054996168896285 
-10.056243871424465 
-10.057484734692618 
-10.058722662298253 
-10.059961362688506 
-10.06119734160538 
-10.0624312691335 
-10.06366218831268 
-10.064904282665356 
-10.066142277751547 
-10.067324375478487 
-10.068507839011765 
-10.069695505069216 
-10.070879817952145 
-10.072063707881941 
-10.073250341387578 
-10.074438907298868 
-10.075641030356795 
-10.076827854519998 
-10.078024285046578 
-10.07922155434477 
-10.080418017701534 
-10.081610152922563 
-10.082794594021932 
-10.08397673748077 
-10.08515710836226 
-10.086335872130915 
-10.087458253795743 
-10.088626011267962 
-10.089751490957125 
-10.09087644532524 
-10.092000161559142 
-10.093104485087096 
-10.09419557185803 
-10.095226027052554 
-10.096251718691773 
-10.097279369478883 
-10.098291658600004 
-10.099354981120777 
-10.100415349369722 
-10.101472647577182 
-10.102523606086528 
-10.103567533974504 
-10.104537159822597 
-10.105572070766286 
-10.106606558252006 
-10.107640569338074 
-10.108675053958725 
-10.109722035380948 
-10.110763600176902 
-10.11180490081187 
-10.112847549308107 
-10.113889158901117 
-10.114937216791661 
-10.115984129758177 
-10.116993086652302 
-10.11800126561904 
-10.11899723590365 
-10.119979008315147 
-10.120959060072476 
-10.121941485981736 
-10.122921278786555 
-10.123894929127824 
-10.124876940929644 
-10.125888642903602 
-10.12689005671424 
-10.127888712989042 
-10.128885408717338 
-10.129873158025454 
-10.130816715946061 
-10.131762370091934 
-10.132706581152409 
-10.133642515986224 
-10.134577531511185 
-10.135470706069393 
-10.13635509705476 
-10.137221581107076 
-10.138087993424643 
-10.138953824791514 
-10.139832386043441 
-10.14070986188637 
-10.141587880357541 
-10.142453419070755 
-10.14331920597544 
-10.144180552205716 
-10.145041395438602 
-10.145901805056033 
-10.146758938770995 
-10.147634036653761 
-10.14850713953498 
-10.149379212122945 
-10.150244379734753 
-10.151108824691175 
-10.15197881524513 
-10.15285077226348 
-10.153721919827058 
-10.154592226105244 
-10.155457549118081 
-10.156329083361443 
-10.1571925930363 
-10.158062575475364 
-10.158931020695798 
-10.15979752141404 
-10.160663430208903 
-10.16152998537418 
-10.162396041413228 
-10.16327833562194 
-10.164160595996805 
-10.165070082070288 
-10.165977188144266 
-10.166883417004259 
-10.167802531741279 
-10.168715829944418 
-10.169625303140894 
-10.170534030843775 
-10.171471616977472 
-10.17240856314118 
-10.173355827156245 
-10.174299833605959 
-10.175239938936746 
-10.176162027765598 
-10.177084038202759 
-10.17802151175901 
-10.178961394812898 
-10.179910825581741 
-10.180858139506023 
-10.181802432060207 
-10.182750552012054 
-10.183697061161093 
-10.184627100481968 
-10.185556608314098 
-10.186480188740736 
-10.187396374617583 
-10.188311967410373 
-10.189227330666204 
-10.190141762615827 
-10.19105509359364 
-10.191971012726787 
-10.192888909463694 
-10.19379710625551 
-10.194703282627687 
-10.195597744728964 
-10.196490701831896 
-10.197381725469716 
-10.198271776926129 
-10.199165203570926 
-10.200056075718802 
-10.200952376724146 
-10.201861319633274 
-10.20276726449934 
-10.2036680720451 
-10.204552478413271 
-10.205430921918726 
-10.206309748053327 
-10.207175013195352 
-10.208041312704307 
-10.208906828794685 
-10.209762338483577 
-10.210616993554726 
-10.211470929413391 
-10.212329993276894 
-10.213187671061556 
-10.214044564790195 
-10.214899360454165 
-10.215753265850667 
-10.216607327540865 
-10.217456108555497 
-10.218303547918483 
-10.219149235112527 
-10.219986586500708 
-10.220822609253062 
-10.221672241854423 
-10.22252575828236 
-10.223379119976947 
-10.22422650602064 
-10.22507301475409 
-10.225918817124583 
-10.22676051294372 
-10.227592878446991 
-10.228423290050854 
-10.229252814384692 
-10.230068418698021 
-10.230882651740703 
-10.23169187476721 
-10.23250197151626 
-10.233301620571439 
-10.234099278877313 
-10.234896425653742 
-10.235692178923658 
-10.236486600984502 
-10.237279874004612 
-10.238072057486265 
-10.238862980415256 
-10.239655206452722 
-10.240446083372852 
-10.241224597078528 
-10.242001425764366 
-10.242778688775667 
-10.243555985018876 
-10.244331783760353 
-10.245106800778027 
-10.245882304256902 
-10.246657108523474 
-10.2474360873477 
-10.248214171495867 
-10.248991841318276 
-10.249768037688767 
-10.250543838523878 
-10.251319214332662 
-10.252093628412142 
-10.252867461806332 
-10.253641274892052 
-10.25441445346963 
-10.255186869378262 
-10.255955046899805 
-10.256724917176808 
-10.257492642612808 
-10.258257489058925 
-10.259021920438677 
-10.259785774806105 
-10.260548102692455 
-10.261294474962785 
-10.262039283549672 
-10.262783243624662 
-10.263532943816045 
-10.264300054740097 
-10.265066318499779 
-10.265837335063992 
-10.266607478033666 
-10.267377018957516 
-10.268145522109565 
-10.268917259990046 
-10.269686820727829 
-10.270455843103546 
-10.27122010595678 
-10.271985852668783 
-10.272751854797503 
-10.273508985271933 
-10.274265434512934 
-10.275025840915362 
-10.275780884233582 
-10.276532652704264 
-10.277283681443151 
-10.278036027933808 
-10.27879450527499 
-10.279553330781047 
-10.280322299164817 
-10.28108976221715 
-10.281858881715653 
-10.282627115589383 
-10.283409881247835 
-10.284191540224006 
-10.284972020609652 
-10.285748673888023 
-10.286524919574719 
-10.287311969270547 
-10.28809471432496 
-10.288874874954193 
-10.289654781697987 
-10.290433688199666 
-10.29121092985539 
-10.292001459458941 
-10.292791155183819 
-10.29358204919337 
-10.294365191122472 
-10.295150227646038 
-10.29593692237848 
-10.29672202969715 
-10.297505997778615 
-10.298288824198885 
-10.29907127361776 
-10.299850348440078 
-10.300628674615027 
-10.301404488384941 
-10.302191654910292 
-10.302977634524826 
-10.303763223407016 
-10.304548043273433 
-10.30532854633176 
-10.306104728488275 
-10.30688013750427 
-10.30765253496789 

 Time 
172753.37833571434 
