Energy 
 
-6.631992949672864 
-13.5066825441513 
-15.50902204215808 
-16.327304910766173 
-16.807833583202026 
-17.085175946196664 
-17.276688491238804 
-17.397517210937504 
-17.435349596083263 
-17.45695687879051 
-17.469209490167064 
-17.478595809003266 
-17.48640111382163 
-17.49402123634523 
-17.498717344630656 
-17.503163479866622 
-17.508076796849476 
-17.51257543707182 
-17.51699191346685 
-17.52183084670435 
-17.526686191085126 
-17.53166074246545 
-17.5365946861167 
-17.541694687319477 
-17.547169373919544 
-17.55432464032886 
-17.560889449771928 
-17.56749805925795 
-17.57416752490926 
-17.581471699458938 
-17.5898798992596 
-17.59963103252951 
-17.60941998485355 
-17.6197733920279 
-17.65308637667584 
-17.68152101804566 
-17.70554769531235 
-17.721567216762953 
-17.734402722652487 
-17.753541251953266 
-17.76965209752786 
-17.783326615530303 
-17.795394035994427 
-17.819201406273134 
-17.838135260337182 
-17.84713639506281 
-17.85327194416103 
-17.85961855350948 
-17.865046993357616 
-17.87052428214578 
-17.876464333478996 
-17.88475096098779 
-17.89312444750871 
-17.899074478258143 
-17.905044921708214 
-17.91099922535595 
-17.917337035335624 
-17.923750379260127 
-17.930204222976116 
-17.93643632578263 
-17.941869548056026 
-17.947654796501112 
-17.952953908150995 
-17.958519814706015 
-17.966856482433236 
-17.978333262929095 
-17.98962351808401 
-17.99934811877839 
-18.06939722715616 
-18.09293921334528 
-18.113679702510623 
-18.340747682588443 
-18.396464377325476 
-18.408828106344792 
-18.416180750219674 
-18.42332691626341 
-18.43020514388577 
-18.436060963630805 
-18.44345687148478 
-18.449739218699968 
-18.455486820763603 
-18.461127841650644 
-18.466791107714116 
-18.47384766838961 
-18.48030175535726 
-18.485857792661054 
-18.492408550892385 
-18.496529812959672 
-18.500693216652756 
-18.504944810063318 
-18.510244411472364 
-18.515183262288364 
-18.52211872467326 
-18.528766216382138 
-18.53551551506816 
-18.54127423395059 
-18.54690198811169 
-18.552652160563323 
-18.558036889805848 
-18.577078916729697 
-18.589168397303233 
-18.60086296135447 
-18.605667409249975 
-18.610400710696148 
-18.616304798639543 
-18.62427015350197 
-18.631871566938692 
-18.639002263902082 
-18.645433888180136 
-18.652869352267683 
-18.669683634916716 
-18.682138985967 
-18.689845156542017 
-18.696370503769792 
-18.703113231956618 
-18.709524559637938 
-18.715753582253242 
-18.721785128740922 
-18.72731719863004 
-18.73268532833158 
-18.73775456216637 
-18.742249506119364 
-18.746696852566014 
-18.75107682718245 
-18.755393677460997 
-18.759741151899867 
-18.764285431166968 
-18.76996456273872 
-18.77581786760204 
-18.7825224687585 
-18.786912571255282 
-18.791254358750106 
-18.795497779782604 
-18.799680563047033 
-18.803946399528556 
-18.808337446953296 
-18.813384730892288 
-18.818443916530722 
-18.823438837961227 
-18.83066595113374 
-18.837497636705617 
-18.88996833349156 
-18.902202737552315 
-18.91369889330564 
-18.923574363647475 
-18.931986624246417 
-18.944878283073088 
-18.952589461443644 
-18.961073185690235 
-18.968678885181134 
-18.975551655867093 
-18.9828153862914 
-18.987722588057345 
-18.992420923067613 
-18.996966500707323 
-19.00134339235776 
-19.00574411002084 
-19.010299991886534 
-19.014711409183807 
-19.018978809667647 
-19.02254998021922 
-19.026114998384745 
-19.02969252370076 
-19.033190746751607 
-19.03671728861653 
-19.040203524247573 
-19.0442650880054 
-19.047756361381474 
-19.050989077574897 
-19.054154431964548 
-19.057337037084558 
-19.06050066913739 
-19.063584103142873 
-19.0668214161789 
-19.070033546237326 
-19.073241749929586 
-19.07649841171349 
-19.079740644559514 
-19.082952880518206 
-19.086174134717858 
-19.089582194968315 
-19.09293341844686 
-19.096240295212347 
-19.099675917769463 
-19.103043396235975 
-19.106329806887892 
-19.109603314421435 
-19.112872714633458 
-19.116121471682522 
-19.119259296060886 
-19.122432847410305 
-19.12566194994737 
-19.128931008458697 
-19.13218501594239 
-19.13557298340293 
-19.138936186563065 
-19.142495788735935 
-19.14664866372343 
-19.150149014869573 
-19.1536801408511 
-19.157218513333614 
-19.160744045399476 
-19.16423774205099 
-19.167672598957527 
-19.1712496413602 
-19.174838002589592 
-19.178440923353477 
-19.182248025240764 
-19.186443599827598 
-19.190583912448155 
-19.195853894928206 
-19.201054531307307 
-19.207198874436916 
-19.21271100249982 
-19.21808051032725 
-19.2233289906911 
-19.22840865900268 
-19.233531677326255 
-19.240228153766964 
-19.245736522927817 
-19.251038571908182 
-19.25535806488069 
-19.25961805907521 
-19.26372265882805 
-19.26795890313347 
-19.272317704078226 
-19.276661769180595 
-19.28200965396027 
-19.28805867105383 
-19.293849601376635 
-19.29997852493504 
-19.305900329610495 
-19.31213680022428 
-19.318051642498187 
-19.32452254342714 
-19.331639291098575 
-19.338499291609693 
-19.345340057771526 
-19.351876959305592 
-19.3579450606203 
-19.363629825035307 
-19.369129757125936 
-19.373618084325596 
-19.378283514340232 
-19.382535344692382 
-19.386738036369103 
-19.390789344318947 
-19.39474977360984 
-19.399068629123754 
-19.40341946654698 
-19.407704895532945 
-19.41175286309788 
-19.415729005217532 
-19.419697253500864 
-19.423375413485385 
-19.42699799986369 
-19.431644017491095 
-19.43616912868725 
-19.440662508071274 
-19.444690238433495 
-19.448522166810022 
-19.45225352456617 
-19.456026733989457 
-19.45979062489494 
-19.463453576730707 
-19.46711235121194 
-19.470733066926343 
-19.474373648212904 
-19.477923997423808 
-19.48138196667098 
-19.48474124114487 
-19.48805403364127 
-19.491307532260436 
-19.49451355855522 
-19.497692112142758 
-19.500971005373692 
-19.504217637395712 
-19.50752950887656 
-19.51082984141018 
-19.514084000188543 
-19.51729797869314 
-19.520473243206734 
-19.52352245327388 
-19.52656123110129 
-19.529563191750633 
-19.532543283873466 
-19.53545302735911 
-19.5383330685568 
-19.54126896384468 
-19.544145870779165 
-19.547004134674154 
-19.54983145114375 
-19.55263216693089 
-19.555378087876157 
-19.55831599377935 
-19.561257866915362 
-19.564150442326877 
-19.566990871606585 
-19.56978329132522 
-19.572572017401306 
-19.575338762558978 
-19.577993315695565 
-19.581470122149497 
-19.58490018027911 
-19.58825233001542 
-19.591644561753142 
-19.59495641321756 
-19.598408600034585 
-19.6017178042215 
-19.60511785030743 
-19.608322940960292 
-19.610887816616792 
-19.613402309386448 
-19.615652109913253 
-19.617902014945805 
-19.620023120745262 
-19.62213154716659 
-19.624128687826445 
-19.626206810129382 
-19.628271330830444 
-19.630320321832986 
-19.632570384382262 
-19.63483931680409 
-19.637084693206766 
-19.639333519588877 
-19.64161046762681 
-19.64383591380086 
-19.646031131540024 
-19.64821365632666 
-19.650415443032387 
-19.652649644114586 
-19.654847797308157 
-19.65702340398053 
-19.65916496293117 
-19.661156506914537 
-19.663142959675927 
-19.665106230558113 
-19.66702312763468 
-19.668944982371222 
-19.670737132280333 
-19.67254166605894 
-19.67433262432202 
-19.676026338829494 
-19.67774541858174 
-19.67942727584367 
-19.681100181654042 
-19.682715432371708 
-19.684302345612455 
-19.685855280547095 
-19.687411582178076 
-19.68895443679332 
-19.690501218344455 
-19.692039287483304 
-19.693567392587163 
-19.69508645792272 
-19.696642737806094 
-19.698177765264106 
-19.69970219503241 
-19.70121902407887 
-19.702713682873366 
-19.704198048546562 
-19.705664200591258 
-19.707118870779507 
-19.70856300546818 
-19.71000010751549 
-19.71143023745343 
-19.712867345275278 
-19.714274274898727 
-19.715682354708637 
-19.717073403897313 
-19.718441336435017 
-19.719835750280183 
-19.721198718864002 
-19.722546792451634 
-19.723897116284338 
-19.725284065834117 
-19.72666002155053 
-19.728027830240908 
-19.72940123645531 
-19.730768987159728 
-19.732133138326432 
-19.73350145749301 
-19.734851177440326 
-19.736196273172176 
-19.73754585400756 
-19.73888941305337 
-19.74022286022865 
-19.741550427672735 
-19.74286887052956 
-19.74418117899324 
-19.745486935993387 
-19.746780178298827 
-19.748073952068218 
-19.749360560536385 
-19.750642445151087 
-19.75191504403122 
-19.75318467012483 
-19.75446290900042 
-19.755736295764827 
-19.757000775917042 
-19.75825702595469 
-19.75950791057778 
-19.760758787068635 
-19.76200767699355 
-19.763255582345288 
-19.764493169563785 
-19.76572601036704 
-19.766961803390263 
-19.768163041572112 
-19.769336361426458 
-19.77050597670857 
-19.771671496420836 
-19.77283580196612 
-19.774000034470514 
-19.775160120229025 
-19.776320121215385 
-19.777467295059147 
-19.778594192240785 
-19.77972047716476 
-19.78083723538987 
-19.78194634533425 
-19.783050546363736 
-19.784155720865634 
-19.785263124440583 
-19.786364767706207 
-19.787460023776767 
-19.78855516064756 
-19.78964518987427 
-19.790727902353645 
-19.791807486271757 
-19.792881869806266 
-19.79395163452048 
-19.79501982093822 
-19.796084728516192 
-19.79714789074069 
-19.79820791155453 
-19.79926508372882 
-19.800320143653583 
-19.80133264745956 
-19.802334163074278 
-19.80333140368884 
-19.80432415658769 
-19.80531383760595 
-19.806295914220215 
-19.807275755090572 
-19.808257120621054 
-19.809234599563066 
-19.810206877741408 
-19.811177653510175 
-19.812145652390637 
-19.81312624948763 
-19.814119485972824 
-19.815114330734286 
-19.816105436977658 
-19.817092636246404 
-19.81806998958818 
-19.81902194247595 
-19.8199730146544 
-19.82091883695807 
-19.82186172335836 
-19.822800253813977 
-19.823735782399563 
-19.824655821826013 
-19.825571501678454 
-19.82648436229308 
-19.827394099138353 
-19.828299222642407 
-19.829208549980997 
-19.830085350806293 
-19.830959238189227 
-19.831829741878572 
-19.83269946394945 
-19.833573537989096 
-19.834445600984072 
-19.83531498378062 
-19.836177551022857 
-19.837034694685563 
-19.83789100442862 
-19.838745296285563 
-19.839597700676904 
-19.840448246499815 
-19.84131104432474 
-19.842171935337145 
-19.843037914830177 
-19.84390168315761 
-19.844765508994506 
-19.845629287392466 
-19.846491211686534 
-19.84735234587196 
-19.848211802509148 
-19.84906921616274 
-19.849924437514563 
-19.85077769839663 
-19.851629020137693 
-19.85247879869928 
-19.853307405840066 
-19.85413415322185 
-19.854955212246125 
-19.85577332781082 
-19.856580887681538 

 Time 
212564.06538534164 
