Energy 
 
-6.631992949672864 
-12.59114385521529 
-14.298640076762295 
-15.127155985282508 
-15.495722265305778 
-15.656061902518513 
-15.721351993466637 
-15.762124024120741 
-15.794620529301826 
-15.821907773737475 
-15.840661838666346 
-15.856186856767517 
-15.86786879674915 
-15.877800235175219 
-15.885955073419328 
-15.894441226320312 
-15.9044302221231 
-15.913832729564037 
-15.920413692622365 
-15.92636866195652 
-15.933135025418036 
-15.939511434207631 
-15.945796824324859 
-15.952297603682865 
-15.95854088483377 
-15.964796113579682 
-15.970485690165784 
-15.97600772618081 
-15.98162936087817 
-15.987659342404598 
-15.99364684852764 
-15.999251803584857 
-16.004670277740704 
-16.010084668346156 
-16.01590155399517 
-16.024387472319834 
-16.03159802643196 
-16.03877793021903 
-16.04619110449673 
-16.06401673844638 
-16.077518001084705 
-16.089134890685514 
-16.098574170950727 
-16.10807052318436 
-16.11738458546207 
-16.126516633493893 
-16.13395590273548 
-16.14129111488082 
-16.148283897281924 
-16.161862340495226 
-16.220679457945018 
-16.255601047348982 
-16.28072120769219 
-16.294514188777658 
-16.304987350504007 
-16.315830975628394 
-16.32592833983638 
-16.333568908897124 
-16.341440257074204 
-16.349692146108218 
-16.357710040812005 
-16.36549876862317 
-16.37532680784524 
-16.384856776723918 
-16.39908037611336 
-16.407845911801218 
-16.418376977518495 
-16.428318367461262 
-16.438230316187244 
-16.451804510144278 
-16.467547138394693 
-16.47749449011664 
-16.490246236218294 
-16.503272959652396 
-16.515896527733716 
-16.527824625237756 
-16.53960068753843 
-16.55403693962915 
-16.570240269513015 
-16.584280640617916 
-16.621252724043526 
-16.630915270528916 
-16.64440869240879 
-16.6564995957925 
-16.667411267620057 
-16.680644727255068 
-16.691653360127724 
-16.71184042522674 
-16.72759433863281 
-16.75604664343876 
-16.770286151195013 
-16.779034342457514 
-16.79975599450777 
-16.810136180635133 
-16.82094361945952 
-16.8297663078583 
-16.83784458257527 
-16.84584946951025 
-16.85399256420832 
-16.86213001155874 
-16.871025816866783 
-16.87922147931778 
-16.886792736139043 
-16.89386269808974 
-16.901403989945187 
-16.90887364162947 
-16.916209121953187 
-16.92327392706996 
-16.9301172638996 
-16.93734053482001 
-16.944637405340476 
-16.95127824123699 
-16.96003444766958 
-16.967468922196385 
-16.974201356314047 
-16.980650133368748 
-16.986838862311444 
-16.993314403217532 
-16.999572862996246 
-17.00594164357259 
-17.014806525685373 
-17.020296183366238 
-17.026113740534466 
-17.031675276500938 
-17.03724452856724 
-17.04276852666157 
-17.04824920559632 
-17.053843835533655 
-17.059448747530823 
-17.065043022240687 
-17.070744265537193 
-17.076418916792665 
-17.08245099200601 
-17.088391333927422 
-17.094212155067893 
-17.099945020245876 
-17.10571013528729 
-17.111582155871822 
-17.117605156135685 
-17.12360780081982 
-17.1295440514562 
-17.13545223140466 
-17.141705812301197 
-17.148911398093283 
-17.155840627440963 
-17.16073671341136 
-17.165593273012753 
-17.17043468010895 
-17.17540132725248 
-17.181136463943925 
-17.186893809876715 
-17.196323797204883 
-17.21018040004567 
-17.219030123424243 
-17.22633635452882 
-17.234121672140574 
-17.24130885193206 
-17.248587987237443 
-17.255225144896677 
-17.261740169756226 
-17.268129383113404 
-17.274264317007397 
-17.27984190479232 
-17.285471532080674 
-17.291067642807185 
-17.29667145999696 
-17.3023149556739 
-17.307963833660747 
-17.31358379616351 
-17.319145202199234 
-17.324343115309183 
-17.329511596818453 
-17.33446591911106 
-17.339004223384457 
-17.34359329793819 
-17.348155832643926 
-17.353157368621677 
-17.35807604900625 
-17.363697114818223 
-17.369260366914595 
-17.37530218675914 
-17.381055943624887 
-17.386370754063627 
-17.391498118853686 
-17.39669547980018 
-17.401846749953734 
-17.40722600166882 
-17.412361787927995 
-17.417239154489625 
-17.422003241392407 
-17.426762998012492 
-17.43150297038157 
-17.43629664363986 
-17.441064611748235 
-17.445754500605315 
-17.45017418214649 
-17.454560889791445 
-17.458633710190924 
-17.46265388525885 
-17.466676983967904 
-17.470783516348142 
-17.47487152402396 
-17.479408085600557 
-17.484144583455613 
-17.488933657394178 
-17.493610287307664 
-17.498291706321467 
-17.50290821146588 
-17.507665079385927 
-17.512301965907795 
-17.517096418588057 
-17.521804472699056 
-17.526470738577025 
-17.532561253961003 
-17.53847749241616 
-17.54429901802668 
-17.549626513637637 
-17.554636708278817 
-17.559512319270397 
-17.56429602853618 
-17.568859530403742 
-17.573316946738416 
-17.57780185093288 
-17.58226572001414 
-17.586709779374615 
-17.590873653396827 
-17.595077871270902 
-17.59926156871408 
-17.603433027041923 
-17.607455364074706 
-17.611457545990053 
-17.61533919533407 
-17.618992320844217 
-17.622580404091217 
-17.626153939541105 
-17.629711664938156 
-17.633255496077794 
-17.636590996304182 
-17.63991230083853 
-17.643227906510184 
-17.646552686079467 
-17.649833185888536 
-17.653106733956385 
-17.656633722019777 
-17.660142723710738 
-17.663634210839 
-17.667258109554105 
-17.670890562159382 
-17.67450611973731 
-17.67810873906896 
-17.68168394245155 
-17.685248563629543 
-17.68880206820276 
-17.692345729533532 
-17.69586770802332 
-17.699397222054056 
-17.70291254244297 
-17.706418428628442 
-17.70981656704197 
-17.7132097970087 
-17.71657759154936 
-17.719905206002775 
-17.723226429046665 
-17.726598443959723 
-17.729953821910904 
-17.733293985825195 
-17.736579495841703 
-17.739843257774965 
-17.743102912502465 
-17.746357516913385 
-17.749531466799922 
-17.75264256840672 
-17.755744392719507 
-17.758835162843276 
-17.761921346833358 
-17.765014866825133 
-17.768099657537515 
-17.771000407252274 
-17.773911125731942 
-17.776818393671483 
-17.77973956255784 
-17.782692373951225 
-17.78564149125942 
-17.788587711737737 
-17.791523554051153 
-17.794428277362016 
-17.797345113076283 
-17.800304919963676 
-17.803278003849055 
-17.806231575886645 
-17.809193478959216 
-17.812109669305805 
-17.815016586995107 
-17.817949399556518 
-17.82094641784111 
-17.82386109798617 
-17.826786704726008 
-17.829711130708645 
-17.83263041699554 
-17.83564016486807 
-17.83864347851668 
-17.841641189016958 
-17.844690604473875 
-17.847735212957407 
-17.85073799407334 
-17.85373450055389 
-17.856765190681344 
-17.859784921024964 
-17.86279835719212 
-17.86588410393047 
-17.868964645680308 
-17.872051666404793 
-17.87513154597011 
-17.878205357331943 
-17.881286025341065 
-17.884348576881216 
-17.887420643294913 
-17.89051191755615 
-17.893584527458394 
-17.896609686765636 
-17.89963057613074 
-17.902635610568815 
-17.905620659162913 
-17.908590578061514 
-17.911496678281555 
-17.914389378533944 
-17.91731015938509 
-17.920227402578064 
-17.923137561862216 
-17.926045038116097 
-17.92894451521652 
-17.931835830329177 
-17.93473000624674 
-17.937601202677037 
-17.94028994211439 
-17.942965249083123 
-17.945635679869095 
-17.948318242436077 
-17.951045543924014 
-17.953709724752606 
-17.95636940227145 
-17.959064037843113 
-17.96175356170203 
-17.964447824167863 
-17.96713111985642 
-17.96980923783417 
-17.972482253625778 
-17.97514469904207 
-17.977838597297033 
-17.980583597943586 
-17.98332196635378 
-17.986124670500402 
-17.98891694445138 
-17.9916763210272 
-17.994517322886225 
-17.99734845408479 
-18.000182249915305 
-18.00289778664099 
-18.00561015731633 
-18.008322264618823 
-18.01100503628568 
-18.013683542102413 
-18.016329456555695 
-18.01897450726765 
-18.02160692602994 
-18.024225245370182 
-18.0268278504624 
-18.029412178787894 
-18.032000493994257 
-18.034578172775195 
-18.03696251211599 
-18.03934791867039 
-18.041718427275676 
-18.044079940467995 
-18.046434799072312 
-18.04877095581459 
-18.051104159523327 
-18.053448803415392 
-18.055772997853495 
-18.058095541690875 
-18.060417767018066 
-18.06273984554394 
-18.06509270133163 
-18.067466128522486 
-18.06983966106267 
-18.072214728770177 
-18.074585712363078 
-18.076954525544174 
-18.079325123668372 
-18.081692656154082 
-18.084054883076313 
-18.086414961002358 
-18.08878942993497 
-18.091157082998464 
-18.093522584102562 
-18.095889422100406 
-18.098254643567163 
-18.100625836264626 
-18.102967535365693 
-18.105307111894437 
-18.10763948210774 
-18.10996831241282 
-18.112284654053884 
-18.114586560375844 
-18.1168889025042 
-18.119192680642946 
-18.12149471559936 
-18.123635927764056 
-18.125780139159026 
-18.12791535505993 
-18.130049370504437 
-18.132183824922574 
-18.134332454517235 
-18.136481642586563 
-18.13863468224272 
-18.140794533420344 
-18.142952917976125 
-18.145110396464812 
-18.147271495897147 
-18.149427129467472 
-18.151581553189384 
-18.153761901690828 
-18.156005430796807 
-18.15827478463909 
-18.160541317772463 
-18.162809445556697 
-18.165081867238584 
-18.167350621441052 
-18.169615783124115 
-18.17188264248975 
-18.174147913229927 
-18.17640821056146 
-18.17866469476473 
-18.180914035051217 
-18.183160900498578 
-18.185399379176268 
-18.187646472786767 
-18.1898938116192 
-18.192087040183587 
-18.194278328003552 
-18.196465445553187 
-18.19865363772873 
-18.20084325926809 
-18.203030710152074 
-18.205214232703305 
-18.20738835977379 
-18.209559867843755 
-18.211708529168185 
-18.213874553684825 
-18.21603042101699 
-18.218184355944043 
-18.220339546757735 
-18.222491030341406 
-18.224641575652292 
-18.226791733717892 
-18.228939803438664 
-18.231085565710398 
-18.233215908488532 
-18.23536181641073 
-18.237496476923337 
-18.23962635428476 
-18.241754307349268 
-18.243868713384703 
-18.24598689304158 
-18.24810238729234 
-18.250214939077676 
-18.25240850868696 
-18.25462149328185 
-18.256857063711955 
-18.25909358433564 
-18.26133162943094 
-18.263582023382238 
-18.265837532998347 
-18.268087412756714 
-18.27032049275686 
-18.27256884527922 
-18.27481365670099 
-18.277055554018812 
-18.279294207099205 
-18.281514053703344 
-18.283741368951816 
-18.28596605628533 
-18.288188654724337 
-18.29040331630269 
-18.292610098537676 
-18.294812389695522 
-18.29698343963841 
-18.299149235889217 
-18.301362977531006 
-18.303578147651656 
-18.305789308978532 
-18.30799865629669 
-18.31020482220067 
-18.3124004283057 
-18.314593138971045 
-18.316783553518302 
-18.318965446534726 
-18.321129020648748 
-18.323319168815598 
-18.325496571087772 

 Time 
54109.918172836304 
