Energy 
 
-6.631992949672864 
-8.986519193378598 
-8.418974173484672 
-7.929038141385854 
-7.931004831846776 
-8.054576596282487 
-8.194151666421075 
-8.336603154985887 
-8.460334466570352 
-8.53583768658313 
-8.596140722305284 
-8.63786336723856 
-8.671889937059698 
-8.692178518095181 
-8.704771381608312 
-8.711106158843263 
-8.717406381434062 
-8.73941280882579 
-8.755504089598885 
-8.77306278014279 
-8.792084185373136 
-8.799331613452093 
-8.809612287855566 
-8.819800883071402 
-8.828911720962127 
-8.835106569513549 
-8.841125804450726 
-8.848285593516996 
-8.85560809717782 
-8.862147704471772 
-8.868793317544974 
-8.875188270994668 
-8.881848142729485 
-8.888572386026087 
-8.895365249855802 
-8.908030629248174 
-8.915479804646047 
-8.923001770989728 
-8.952222014511946 
-8.966879596265374 
-8.975767876454789 
-8.984552062032854 
-8.995725923293158 
-9.00302237912998 
-9.010535863090125 
-9.021094309941951 
-9.02951121152158 
-9.038421017803454 
-9.047228154533826 
-9.054973987031007 
-9.062609481411855 
-9.068484228996224 
-9.074445269456241 
-9.078476424507912 
-9.082419218502567 
-9.086528867736682 
-9.090676876261377 
-9.097312555906784 
-9.1019757019393 
-9.106570724425486 
-9.111729947422322 
-9.127435005035053 
-9.131550855717094 
-9.13565327797405 
-9.139750874360809 
-9.144237916770404 
-9.148933554081331 
-9.153294682275563 
-9.157604493758976 
-9.161940431044137 
-9.166527868495008 
-9.171140784004708 
-9.175600660206744 
-9.181164655543366 
-9.186304857401842 
-9.191288442807512 
-9.19641436217615 
-9.201124618916896 
-9.205840963233303 
-9.210600013137189 
-9.215004905186312 
-9.220360396425805 
-9.226458700690149 
-9.236406966363585 
-9.246229272090112 
-9.255462671841524 
-9.26317250795424 
-9.273289785627425 
-9.282879171749967 
-9.2906477250816 
-9.29868041391201 
-9.306597416727492 
-9.32025929117993 
-9.34074903557917 
-9.420529890246234 
-9.44675792843083 
-9.463296383269837 
-9.479232703833315 
-9.48852815355518 
-9.500937514150532 
-9.511565880030771 
-9.52360546267695 
-9.53464804910504 
-9.543887922515772 
-9.553891749004528 
-9.563106445793625 
-9.569390754594178 
-9.581890490100795 
-9.590558433380263 
-9.596997441191384 
-9.60250643373217 
-9.608241611688822 
-9.613942391240098 
-9.620607823839748 
-9.629418987775813 
-9.636325242223679 
-9.64314520312699 
-9.649994801987502 
-9.656777398408519 
-9.663499902841739 
-9.672315305437905 
-9.682098217892538 
-9.6914202590763 
-9.69986941185278 
-9.708320470507223 
-9.714733248276012 
-9.719978412275479 
-9.725073131537041 
-9.731242139095333 
-9.7372016467545 
-9.74334417217206 
-9.75024834132777 
-9.757197967528256 
-9.762268591656431 
-9.767416202111797 
-9.772526279776606 
-9.777653081762844 
-9.782507917952408 
-9.78740469597975 
-9.792136093629253 
-9.796758150670234 
-9.80175821729761 
-9.807584758934206 
-9.813004900458708 
-9.818171352526337 
-9.82310533102295 
-9.828017549941766 
-9.831974773302143 
-9.835980268405391 
-9.839847204571786 
-9.845149222585984 
-9.849685833858931 
-9.853557760807178 
-9.857383953837216 
-9.86120101057238 
-9.865018778062572 
-9.868871279584335 
-9.872723332469342 
-9.876617080073885 
-9.880510265058813 
-9.884463902153461 
-9.888406675699473 
-9.89241806842428 
-9.89697697951144 
-9.90152167219004 
-9.905991974609108 
-9.910444803859116 
-9.915034155937027 
-9.919596626523276 
-9.92475054399684 
-9.929842634125993 
-9.938127726299456 
-9.945036422802817 
-9.949795205467943 
-9.954828026678463 
-9.959724886291351 
-9.964623959280447 
-9.969462467866329 
-9.974186767994418 
-9.978880209893603 
-9.98348809081281 
-9.988057288881407 
-9.992596583338532 
-9.99709453116612 
-10.001578005197892 
-10.00603405649243 
-10.010464347626142 
-10.018213099964798 
-10.025251106024356 
-10.030234372644287 
-10.035158212646085 
-10.04072987914114 
-10.045907550384577 
-10.063466386110115 
-10.069759574950876 
-10.089718166842795 
-10.098208368567708 
-10.105682109909042 
-10.112559188793425 
-10.119253995737145 
-10.124860725290734 
-10.12989026250943 
-10.135030180078022 
-10.14016111188214 
-10.145053691174907 
-10.150170491027813 
-10.155162564868315 
-10.159593316972014 
-10.16397442871032 
-10.16831610743614 
-10.178570289222609 
-10.187971092897001 
-10.196773251940765 
-10.206039492604974 
-10.211132466582447 
-10.216258122065828 
-10.2213436700338 
-10.226377898456944 
-10.23208440525412 
-10.236135936986027 
-10.240118666133357 
-10.243532969941077 
-10.247070779668451 
-10.250607331308396 
-10.254137044944091 
-10.257659879177677 
-10.261138882761255 
-10.264618356687949 
-10.268103738088733 
-10.271583784665022 
-10.275061724207122 
-10.278626289715504 
-10.28221474338805 
-10.285820745532032 
-10.28943244151654 
-10.292973440134329 
-10.29651404251226 
-10.300043125545615 
-10.303575354305435 
-10.30718064616798 
-10.310759865392509 
-10.314310491177288 
-10.317850746804147 
-10.321397740850847 
-10.325014517112436 
-10.328631400855796 
-10.332255474071639 
-10.335898271351049 
-10.339608031643344 
-10.343268502672688 
-10.346929182071992 
-10.35062491221398 
-10.354294362989204 
-10.357963405656514 
-10.361590123289547 
-10.365252410884182 
-10.36894631918969 
-10.372645134395555 
-10.376382842382917 
-10.38020176827218 
-10.384054893874495 
-10.387919615200792 
-10.391750073922925 
-10.395573564202113 
-10.399410637831311 
-10.403241969897188 
-10.407069891350421 
-10.410892768827877 
-10.414712384618745 
-10.418531664029228 
-10.422351872786322 
-10.426271033928572 
-10.430113117834832 
-10.433951446784539 
-10.437777030691421 
-10.441592776518288 
-10.445429449680343 
-10.44942786940474 
-10.453417476493929 
-10.45742297082646 
-10.461417853596943 
-10.465413903721398 
-10.469406319225879 
-10.473390718132348 
-10.477482403558394 
-10.481561238530334 
-10.48558028100673 
-10.489597279842808 
-10.493752339124624 
-10.497847566973242 
-10.501916659128323 
-10.506010789652986 
-10.510073538126942 
-10.514124458789736 
-10.518129397263014 
-10.522132452680209 
-10.526139559178672 
-10.530165989925091 
-10.534173183159542 
-10.538360122470706 
-10.54251116219799 
-10.546641019582951 
-10.550701919047226 
-10.554759821312865 
-10.558820433630675 
-10.56338934704747 
-10.567930388801148 
-10.572624015527323 
-10.577004802077939 
-10.581323305777175 
-10.58561947379106 
-10.58987376813078 
-10.594297489044958 
-10.598957765545695 
-10.603525246881462 
-10.608310993329471 
-10.613024152973441 
-10.617658691158383 
-10.622126309257563 
-10.62650403860869 
-10.630931107106509 
-10.635381420689434 
-10.639778287081747 
-10.644067484571828 
-10.648326822771676 
-10.652537532533202 
-10.657136619683634 
-10.661666284177253 
-10.666193596768771 
-10.67066654550129 
-10.675184285730454 
-10.679655968732323 
-10.68409380029741 
-10.688468929489684 
-10.692951187330756 
-10.697130603217063 
-10.70187821150265 
-10.706440759696598 
-10.710927723584428 
-10.715171779259357 
-10.719028523020636 
-10.722735396092293 
-10.726526137812304 
-10.730292942626253 
-10.734042836489245 
-10.737827192072952 
-10.74172668490476 
-10.7455553523953 
-10.749391789288943 
-10.752928357567704 
-10.75632371069737 
-10.759710849775917 
-10.763098844296554 
-10.766501400268439 
-10.769897136194373 
-10.773262192813597 
-10.776615771550723 
-10.77990605528932 
-10.78318144874138 
-10.78673076525465 
-10.79028085502485 
-10.793813691113826 
-10.797295951745408 
-10.800757465842064 
-10.804199323612126 
-10.807634228159085 
-10.811296146091632 
-10.814932942408845 
-10.818547803813816 
-10.822131044197505 
-10.82572097495467 
-10.829418156027813 
-10.833051212265397 
-10.836561428355811 
-10.840059876772546 
-10.843540195103152 
-10.847002047701498 
-10.850476128979745 
-10.854116611372383 
-10.857707219958957 
-10.861274754407011 
-10.86478892727901 
-10.86828667545171 
-10.87173062816158 
-10.875128072889698 
-10.878503605320983 
-10.881877274243072 
-10.885237928259404 
-10.888590590229937 
-10.891926202203827 
-10.895256174074992 
-10.898477985919488 
-10.901689167725785 
-10.904893642091256 
-10.908086550900391 
-10.911274956218328 
-10.914443802801681 
-10.917592649834402 
-10.920647413087424 
-10.923694710014797 
-10.926793901829818 
-10.929896698513193 
-10.932989286153635 
-10.936057504782871 
-10.939116623272756 
-10.94223841603667 
-10.94535903887362 
-10.948479578437858 
-10.95158411128019 
-10.95471216807327 
-10.957829731390786 
-10.960939121522106 
-10.96405090576095 
-10.967147717691155 
-10.970237533291717 
-10.973293080599396 
-10.976385406254808 
-10.979450541963233 
-10.982473714413524 
-10.985598349030685 
-10.988725491928058 
-10.9918838984652 
-10.994985351367305 
-10.998075892957868 
-11.001159086022643 
-11.004230052598395 
-11.007262190541589 
-11.010282810905196 
-11.013281522563414 
-11.016261612812283 
-11.019263322258844 
-11.022256994209002 
-11.025248232905458 
-11.028225696966722 
-11.031151253006641 
-11.034067921879036 
-11.036969112247922 
-11.039874997159757 
-11.042765214252874 
-11.04558820589418 
-11.048416692943796 
-11.051242965678032 
-11.054063752285284 
-11.056892268192975 
-11.059701747702679 
-11.062517921309857 
-11.065330589254923 
-11.068133699820898 
-11.070928530831207 
-11.073716242612413 
-11.076507307208724 
-11.079299350998859 
-11.082091357224119 
-11.084909152777964 
-11.0877215618365 
-11.090478676697483 
-11.093235027564356 
-11.095980259727408 
-11.098709333133133 
-11.101437380517792 
-11.104169655768853 
-11.106897158801441 
-11.109623533531543 
-11.112371514472855 
-11.115114290218218 
-11.117853788275786 
-11.12058703502277 
-11.123317696896027 
-11.126023857521648 
-11.128723014420416 
-11.131419753239399 
-11.134120473357115 
-11.136804934711048 
-11.139477464188687 
-11.142148299614377 
-11.144815887622304 
-11.147475520129458 
-11.15013008153165 
-11.152782687037508 
-11.155424069390072 
-11.158051619285398 
-11.160682445740616 
-11.163310223844725 
-11.165932084415314 
-11.168519814391598 
-11.17112670647737 
-11.173733643042759 
-11.176348341894517 
-11.178937153700815 
-11.181524089450694 
-11.184119917040967 
-11.186710361282046 
-11.189310683857947 
-11.19191169416149 
-11.194511025128168 
-11.197111780237673 
-11.199731637647142 
-11.202371422910932 
-11.205008602130683 
-11.207641851048411 

 Time 
32745.651089906693 
