Energy 
 
-3.7139007149001446 
-3.7550874047905256 
-3.7961680970549763 
-3.8371422345214876 
-3.878009273676421 
-3.918768684584028 
-3.9594199508040577 
-3.9999625693068834 
-4.040396050386798 
-4.080719917573248 
-4.120933707540119 
-4.161036970013123 
-4.201029267675575 
-4.24091017607205 
-4.280679283510979 
-4.3203361909651194 
-4.359880511970709 
-4.399311872525285 
-4.438629910984059 
-4.477834277954525 
-4.516924636190641 
-4.555900660485182 
-4.5947620375609715 
-4.633508465961405 
-4.672139655939651 
-4.710655329346888 
-4.749055219519919 
-4.787339071167612 
-4.825506640256578 
-4.8635576938964995 
-4.9014920102242705 
-4.939309378287829 
-4.977009597929205 
-5.0145924796672965 
-5.052057844580043 
-5.089405524185963 
-5.126635360325648 
-5.163747205042794 
-5.200740920464871 
-5.237616378683733 
-5.274373461635723 
-5.311012060981975 
-5.34753207798852 
-5.383933423406047 
-5.420216017349905 
-5.456379789180229 
-5.492424677381728 
-5.528350629443894 
-5.564157601741138 
-5.599845559413189 
-5.635414476245757 
-5.670864334551027 
-5.706195125049149 
-5.741406846749164 
-5.776499506830873 
-5.811473120526834 
-5.846327711004699 
-5.881063309250084 
-5.915679953949759 
-5.950177691375394 
-5.984556575267691 
-6.018816666721082 
-6.052958034069165 
-6.086980752770158 
-6.120884905293559 
-6.154670581007136 
-6.188337876064385 
-6.221886893292826 
-6.255317742083039 
-6.288630538278217 
-6.321825404064387 
-6.354902467861538 
-6.387861864215295 
-6.420703733689591 
-6.453428222759718 
-6.486035483706461 
-6.518525674511026 
-6.550898958750554 
-6.583155505494719 
-6.61529548920284 
-6.647319089622159 
-6.6792264916867605 
-6.711017885417419 
-6.7426934658222475 
-6.77425343279844 
-6.805697991034508 
-6.837027349913835 
-6.868241723418842 
-6.899341330036252 
-6.930326392662928 
-6.9611971385132 
-6.991953799026536 
-7.022596609776503 
-7.053125810380443 
-7.083541644410397 
-7.113844359304424 
-7.144034206279516 
-7.174111440245027 
-7.204076319717009 
-7.233929106733775 
-7.263670066772315 
-7.293299468665472 
-7.322817584520401 
-7.352224689637591 
-7.381521062431199 
-7.41070698435 
-7.439782739799677 
-7.468748616065641 
-7.497604903237077 
-7.526351894131848 
-7.554989884222252 
-7.5835191715619175 
-7.611940056713506 
-7.6402528426772305 
-7.668457834820619 
-7.696555340808899 
-7.724545670536459 
-7.752429136059257 
-7.780206051527964 
-7.80787673312222 
-7.835441498985787 
-7.862900669162422 
-7.890254565532731 
-7.91750351175214 
-7.944647833189412 
-7.971687856866038 
-7.998623911397131 
-8.025456326932268 
-8.052185435097858 
-8.078811568940155 
-8.105335062869065 
-8.131756252602909 
-8.158075475114078 
-8.184293068575265 
-8.21040937230692 
-8.236424726725017 
-8.262339473290151 
-8.288153954457211 
-8.313868513625739 
-8.339483495091274 
-8.364999243997516 
-8.390416106288958 
-8.415734428664804 
-8.440954558533038 
-8.466076843965912 
-8.491101633655596 
-8.516029276871032 
-8.540860123415156 
-8.56559452358318 
-8.590232828121323 
-8.614775388186562 
-8.639222555306741 
-8.663574681341572 
-8.687832118444547 
-8.711995219024976 
-8.736064335711271 
-8.760039821314656 
-8.783922028793473 
-8.807711311218265 
-8.831408021737563 
-8.85501251354424 
-8.878525139842198 
-8.901946253814462 
-8.92527620859113 
-8.94851535721822 
-8.971664052627203 
-8.994722647605077 
-9.017691494765053 
-9.040570946517633 
-9.063361355042653 
-9.08606307226144 
-9.108676449810003 
-9.131201839012352 
-9.153639590854624 
-9.175990055959852 
-9.198253584562684 
-9.220430526485575 
-9.242521231114555 
-9.264526047376187 
-9.286445323714613 
-9.308279408069478 
-9.33002864785382 
-9.351693389933079 
-9.37327398060416 
-9.394770765574986 
-9.416184089944698 
-9.437514298184265 
-9.458761734117475 
-9.479926740902448 
-9.501009661013512 
-9.522010836223492 
-9.542930607586701 
-9.563769315422022 
-9.58452729929636 
-9.605204898009088 
-9.625802449576156 
-9.64632029121491 
-9.666758759329579 
-9.687118189496644 
-9.707398916451071 
-9.727601274072267 
-9.747725595371312 
-9.767772212477738 
-9.787741456627067 
-9.807633658148587 
-9.82744914645362 
-9.847188250023931 
-9.86685129640046 
-9.886438612172672 
-9.905950522967837 
-9.925387353441158 
-9.944749427265407 
-9.964037067121758 
-9.983250594690322 
-10.002390330641148 
-10.021456594625754 
-10.040449705268424 
-10.059369980158422 
-10.078217735841763 
-10.096993287814094 
-10.115696950513094 
-10.134329037311694 
-10.152889860510975 
-10.171379731333987 
-10.189798959919374 
-10.208147855315286 
-10.226426725473747 
-10.244635877245106 
-10.262775616372569 
-10.280846247487407 
-10.298848074103848 
-10.316781398614657 
-10.334646522286622 
-10.352443745256481 
-10.37017336652675 
-10.387835683962159 
-10.405430994285897 
-10.422959593076389 
-10.440421774764065 
-10.457817832628244 
-10.475148058794609 
-10.492412744232258 
-10.509612178751532 
-10.526746651001549 
-10.543816448468338 
-10.560821857472675 
-10.57776316316847 
-10.594640649541056 
-10.61145459940602 
-10.628205294407628 
-10.64489301501779 
-10.661518040535096 
-10.678080649084096 
-10.694581117614419 
-10.711019721900405 
-10.727396736540525 
-10.743712434957356 
-10.759967089397069 
-10.776160970929809 
-10.792294349449733 
-10.808367493674897 
-10.824380671148012 
-10.840334148236906 
-10.856228190134928 
-10.872063060861631 
-10.88783902326386 
-10.903556339016477 
-10.919215268623436 
-10.93481607141896 
-10.950359005568725 
-10.965844328071235 
-10.981272294759261 
-10.996643160301366 
-11.011957178203508 
-11.027214600810712 
-11.042415679309098 
-11.057560663727394 
-11.07264980293926 
-11.087683344665077 
-11.102661535474311 
-11.117584620787415 
-11.132452844878458 
-11.147266450877266 
-11.16202568077183 
-11.17673077541102 
-11.19138197450689 
-11.205979516637505 
-11.220523639249556 
-11.235014578661062 
-11.249452570064395 
-11.2638378475289 
-11.278170644004064 
-11.292451191322332 
-11.306679720202315 
-11.320856460251797 
-11.33498163997088 
-11.349055486755212 
-11.363078226899347 
-11.377050085599826 
-11.390971286958742 
-11.404842053986929 
-11.41866260860769 
-11.432433171659877 
-11.446153962901779 
-11.459825201014457 
-11.473447103605332 
-11.487019887211979 
-11.500543767305576 
-11.514018958294857 
-11.527445673529659 
-11.540824125304638 
-11.554154524863245 
-11.567437082401453 
-11.580672007071524 
-11.593859506986087 
-11.606999789221828 
-11.620093059823672 
-11.633139523808369 
-11.646139385168912 
-11.659092846878103 
-11.67200011089299 
-11.684861378158452 
-11.69767684861179 
-11.710446721186205 
-11.723171193815423 
-11.73585046343758 
-11.748484725999221 
-11.761074176459704 
-11.77361900879517 
-11.786119416002746 
-11.798575590104921 
-11.810987722153337 
-11.823356002233336 
-11.835680619468036 
-11.84796176202273 
-11.860199617108726 
-11.87239437098802 
-11.884546208977257 
-11.896655315452172 
-11.908721873851745 
-11.920746066682394 
-11.932728075522448 
-11.944668081026359 
-11.956566262928714 
-11.968422800048927 
-11.980237870295369 
-11.992011650669426 
-12.003744317270206 
-12.0154360452984 
-12.02708700906095 
-12.038697381975004 
-12.050267336572368 
-12.061797044503972 
-12.073286676543745 
-12.084736402593252 
-12.096146391685718 
-12.107516811990532 
-12.118847830817284 
-12.130139614620425 
-12.141392329002908 
-12.152606138721072 
-12.16378120768853 
-12.174917698980462 
-12.186015774838038 
-12.197075596672438 
-12.208097325069268 
-12.21908111979252 
-12.230027139789147 
-12.240935543192933 
-12.2518064873289 
-12.26264012871743 
-12.27343662307845 
-12.284196125335646 
-12.294918789620427 
-12.305604769276506 
-12.316254216863564 
-12.326867284161677 
-12.337444122175429 
-12.347984881137837 
-12.358489710514608 
-12.368958759008327 
-12.37939217456221 
-12.389790104364588 
-12.400152694852547 
-12.410480091716313 
-12.42077243990309 
-12.431029883621118 
-12.441252566343802 
-12.451440630813455 
-12.46159421904563 
-12.471713472332619 
-12.481798531247989 
-12.491849535649902 
-12.501866624685642 
-12.51184993679501 
-12.521799609714634 
-12.531715780481598 
-12.541598585437331 
-12.551448160231718 
-12.561264639826547 
-12.571048158499691 
-12.580798849848707 
-12.590516846794731 
-12.600202281586283 
-12.609855285802816 
-12.619475990358804 
-12.629064525507363 
-12.638621020843793 
-12.648145605309502 
-12.657638407195648 
-12.667099554146589 
-12.676529173164138 
-12.685927390610363 
-12.695294332211951 
-12.70463012306352 
-12.713934887631101 
-12.72320874975604 
-12.732451832658125 
-12.74166425893962 
-12.750846150588501 
-12.759997628981935 
-12.769118814889929 
-12.778209828478847 
-12.787270789314759 
-12.79630181636686 
-12.80530302801099 
-12.814274542033141 
-12.823216475632535 
-12.83212894542556 
-12.84101206744842 
-12.84986595716115 
-12.858690729450615 
-12.867486498633689 
-12.876253378461165 
-12.884991482120245 
-12.893700922238358 
-12.90238181088619 
-12.911034259581054 
-12.919658379289945 
-12.928254280432938 
-12.936822072886127 
-12.945361865985046 
-12.953873768527636 
-12.962357888777461 
-12.970814334466898 
-12.979243212800121 
-12.98764463045612 
-12.996018693591871 
-13.004365507845655 
-13.012685178339506 
-13.020977809682831 
-13.029243505974886 
-13.03748237080822 
-13.045694507271289 
-13.053880017951613 
-13.062039004938736 
-13.070171569826886 
-13.078277813718337 
-13.086357837225812 
-13.094411740475639 
-13.102439623110481 
-13.110441584292364 
-13.118417722705171 
-13.126368136557808 
-13.13429292358683 
-13.142192181059219 
-13.150066005774933 
-13.157914494070148 
-13.165737741819628 
-13.173535844439357 
-13.181308896889593 
-13.189056993677088 
-13.196780228858348 
-13.204478696041658 
-13.212152488390142 
-13.219801698624021 
-13.227426419023722 
-13.235026741432112 
-13.242602757256936 
-13.250154557473696 
-13.257682232628134 
-13.265185872838629 
-13.272665567798589 
-13.280121406779418 
-13.287553478632532 
-13.294961871792056 
-13.302346674277072 
-13.309707973694337 
-13.317045857240604 
-13.324360411704742 
-13.331651723470593 
-13.338919878519075 
-13.346164962430489 
-13.353387060387085 
-13.360586257175228 
-13.367762637187798 
-13.374916284426352 
-13.382047282503589 
-13.389155714645685 
-13.39624166369429 

 Time 
4676.643795967102 
