Energy 
 
1.1249210048522276 
0.8736958341789087 
0.25230709685662056 
-0.6589554708720851 
-1.6914084614884675 
-1.8310025866729651 
-1.8785904317465714 
-3.070532645166643 
-3.662283130275976 
-3.7151099279590847 
-4.320087933059695 
-4.367477022910174 
-4.460861184747444 
-4.535971469049565 
-5.008677975669175 
-5.134063220092835 
-5.812476282449287 
-5.846459297001868 
-5.992025728452209 
-5.993276243567757 
-6.299231872103512 
-6.330838158483575 
-6.330910360291625 
-6.484873047792919 
-7.084569533411527 
-7.231969616831413 
-7.2912846091487635 
-7.297856380820434 
-7.78312881065766 
-7.963182836282782 
-8.093387071348282 
-8.236246176879977 
-8.403978526041383 
-8.599866270802963 
-8.730302737680988 
-9.013016331722875 
-9.013634696482605 
-9.231539315878043 
-9.323028073414463 
-9.432632893387343 
-9.43338676888655 
-9.798864702682959 
-9.811788532612265 
-9.814257468606158 
-9.848462309349173 
-9.915937644922938 
-9.961895084871735 
-10.017797201453355 
-10.96587426720092 
-11.666171550142332 
-11.669938936053477 
-11.670108842297466 
-11.808309963888505 
-11.862287549678394 
-11.863202283581657 
-12.055018873876142 
-12.064110085123232 
-12.247502857916547 
-12.29375652532658 
-12.302798730100843 
-12.324994552014495 
-12.34412376935429 
-12.347741099983967 
-12.675113784645626 
-12.676445080093238 
-12.939587390786283 
-13.086190160006163 
-13.446562670648703 
-14.032121024687882 
-14.091320775915658 
-14.76333609896518 
-14.773441707187406 
-14.844198959285023 
-14.936115805131323 
-14.938348367781675 
-14.938972424607716 
-14.960746310937193 
-14.98928243984205 
-15.0007914358684 
-15.295426132086224 
-15.295591651708754 
-15.299068968419165 
-15.40292976259833 
-15.426423947878934 
-15.510796839917203 
-15.669104345940276 
-15.694957631512661 
-15.81787037940661 
-15.831204519793552 
-15.910038460935294 
-15.912591562181717 
-16.079398351134095 
-16.09485128588909 
-16.11647757929967 
-16.117588378795794 
-16.15319579904475 
-16.166398768547825 
-16.167260385434123 
-16.823087901788522 
-16.896921538654126 
-16.978031063126252 
-16.97779838522183 
-17.05267415154967 
-17.08261278264575 
-17.106168610518125 
-17.262620507706526 
-17.26298873408701 
-17.36936961573949 
-17.440375005538044 
-17.47664047165681 
-17.572074216752252 
-17.57328773794308 
-17.57937781197724 
-17.58153151396614 
-17.66289356067322 
-17.666401124357265 
-17.693349072251472 
-17.69749841626675 
-17.782101686096077 
-17.865357209964106 
-17.865982569202018 
-17.911298450049205 
-17.988194433928815 
-18.01610023819749 
-18.042789005569222 
-18.079892085432757 
-18.140055764587583 
-17.981809797398277 
-18.05350367753441 
-18.070507406897466 
-18.07228156926553 
-18.115723954112237 
-18.116137468820217 
-18.070830291903373 
-18.184214603827876 
-18.18433607176786 
-18.223533881792147 
-18.23910904088506 
-18.367471293524304 
-18.36919588271975 
-18.37639283776392 
-18.423140269101257 
-18.4233616552294 
-18.4273208647385 
-18.477165831633673 
-18.700071250885614 
-18.70755319583105 
-18.666253699300864 
-18.66627118989912 
-18.683644958132167 
-18.683305434185975 
-18.732091445381503 
-18.68101750508074 
-18.68102550933783 
-18.70406539705538 
-18.69994912459271 
-18.69873802881778 
-18.72807018536451 
-18.721992365517508 
-18.79322694613728 
-18.82848282872881 
-18.835060077742813 
-18.850921632152406 
-18.850922978959026 
-18.916438208043576 
-18.917451130334143 
-18.930330154958625 
-18.940278998061416 
-18.933649704792717 
-18.934552299646658 
-18.93455320370352 
-18.928675114780265 
-18.93580548421579 
-19.034988912483723 
-19.051767151607255 
-19.05193428601387 
-19.05129828219884 
-19.05381066967356 
-19.158606222534726 
-19.091303157390072 
-19.099387498296206 
-19.09105435349331 
-19.010287087478346 
-19.010283037096514 
-19.00977205177264 
-19.01313829601158 
-19.0067150024196 
-19.017642371285007 
-19.02079291313805 
-19.042491362369294 
-19.03621341240275 
-19.005326936005453 
-19.00135142899192 
-19.00450728181029 
-18.775486461985054 
-18.833537927987873 
-18.851246980208774 
-18.86380078767987 
-18.863849070176318 
-18.863179834752952 
-18.842158364721143 
-18.80811867117375 
-18.808041413219854 
-18.80816907228474 
-18.60925394658148 
-18.496803072395345 
-18.45722825116055 
-18.469099037714884 
-18.49397629526596 
-18.46768279035548 
-18.466488838009955 
-18.471466027847224 
-18.47811722127179 
-18.480948412026358 
-18.338294259605384 
-18.348046643915268 
-18.360920285838873 
-18.524003779049522 
-18.622229768527014 
-18.110335731967034 
-18.112723649303287 
-18.11776439499235 
-18.18530871085119 
-18.17598777457392 
-17.853739580872297 
-17.859987946731035 
-17.85963934784759 
-17.8581335538335 
-17.874518614036703 
-17.8758137248879 
-17.88028157409165 
-17.919712175014023 
-18.651741848205273 
-18.660853693698925 
-18.575046638887898 
-18.594997980905656 
-18.549881448329657 
-18.47845956928976 
-18.4784635648764 
-18.48285065259985 
-18.56018564897127 
-18.564905314326047 
-18.61476836557535 
-18.61831153498898 
-18.738126795768352 
-18.752986066179343 
-18.755908264148207 
-18.74730800325375 
-18.75220202781039 
-18.61716573277488 
-18.61701009101937 
-18.617620551174056 
-18.617621986915857 
-18.634339724786578 
-18.6304023366071 
-18.637233568219557 
-18.639754795522208 
-18.47995576187001 
-18.740040159306066 
-18.78511574928434 
-18.901035309706298 
-19.051328464427733 
-19.05905034685668 
-19.058757584464285 
-19.069650699010076 
-19.050708353515336 
-19.049889249024737 
-19.047773485567365 
-19.052456679696903 
-18.90153892460328 
-18.992884598869484 
-18.917314191004774 
-18.696099587689087 
-18.647371413000368 
-18.75812712546962 
-18.754798629795506 
-18.749934718074677 
-19.28432036029235 
-19.28378615897276 
-19.280721296200863 
-19.2512301784704 
-19.248153956674606 
-19.267307504269706 
-19.258814956792218 
-19.241316960887055 
-19.24139660669874 
-19.2382932126236 
-19.25430085216251 
-19.181192923252382 
-18.48788554191767 
-18.3396857555673 
-18.356659455697255 
-18.200727603143008 
-18.16868223052556 
-18.167506413846635 
-18.179507364917093 
-18.187742481496834 
-18.125073849239687 
-17.981576922123597 
-17.96924249558849 
-17.921617487744903 
-17.922934678089472 
-18.041270943455572 
-18.0432756333629 
-17.972637571060357 
-17.982012808261317 
-17.996506372229632 
-18.03592106712352 
-18.036274681012948 
-18.038513712066266 
-18.03737337805245 
-18.069775115346033 
-18.06744615208451 
-18.06977661664891 
-18.13525169237716 
-18.135321989031606 
-18.136430805449837 
-18.26186158346186 
-18.1973242356412 
-18.19731724290697 
-18.204610588279714 
-18.203123233238667 
-18.20815574514553 
-18.199385547539933 
-18.201202522196848 
-18.202159809402147 
-18.210363656933783 
-18.212003568703146 
-18.406622422319515 
-18.427297165149227 
-18.439949396034674 
-18.440770502726433 
-18.459608202124038 
-18.46117862055798 
-18.475202855317978 
-18.4524211797123 
-18.67825457791858 
-18.70889612112857 
-18.769144246578154 
-18.79152951848884 
-18.786168731549026 
-18.786384316444114 
-18.8294952333125 
-18.849764178744824 
-18.84996653511527 
-18.88695373233573 
-18.884527072987787 
-18.88428056592112 
-18.838525106129737 
-18.773355896626132 
-18.7685546631826 
-18.7751714877895 
-18.85840729412118 
-18.918681566491607 
-18.928806177189188 
-18.958062943390587 
-18.958583777284893 
-18.9572907911504 
-18.957293981826464 
-18.95762145699163 
-18.957617994932594 
-18.94697336305665 
-18.953302763586123 
-18.953666145268524 
-18.76953795673207 
-18.770454935907377 
-18.749444973101426 
-18.767286224159335 
-18.767338884218702 
-18.760564139821287 
-18.76059764834866 
-19.03099545774513 
-19.126797102469848 
-19.126968656990467 
-19.127502526289284 
-19.147531829723878 
-19.114930518881494 
-19.114922769907277 
-19.212915954273623 
-19.409133941296286 
-19.401417459018845 
-19.548810845504903 
-19.60037368786709 
-19.635196688341104 
-19.639166370417037 
-19.639624911568934 
-19.613037377430018 
-19.618918727003347 
-19.49392796529875 
-19.51202903479675 
-19.512073377877616 
-19.72498879796293 
-19.72661346762535 
-19.73285671156117 
-19.727751723494833 
-19.73756476110281 
-19.740151389421477 
-19.748322179289904 
-19.943913240571828 
-19.988660400868568 
-20.068005468593885 
-20.109640438368643 
-20.164935767388194 
-20.16867261505084 
-20.17290952927648 
-20.079127484420976 
-20.07445715831176 
-20.168492811612804 
-20.170345647341193 
-20.257743436176128 
-20.33154476351647 
-20.33238794570815 
-20.343683207951756 
-20.439175175931037 
-20.428306955981274 
-20.44228031224639 
-20.444368036482206 
-20.43363056687567 
-20.44505089954861 
-20.44504993375717 
-20.44503435676639 
-20.440877000833797 
-20.550962124243753 
-20.551711816787368 
-20.530509463411835 
-20.537432251914066 
-20.500254006620782 
-20.49656963519581 
-20.51435077260036 
-20.51313265710944 
-20.513608903126702 
-20.50607785142702 
-20.506528977277934 
-20.509973705709243 
-20.514816134177785 
-20.586230760771972 
-20.586173009265735 
-20.587488013484492 
-20.628353979536424 
-20.63304758087227 
-20.66037933049725 
-20.42557795105868 
-20.439766609010405 
-20.439503849084243 
-20.438370070609036 
-20.438482126945814 
-20.487178493016067 
-20.49033119815678 
-20.4913842147747 
-20.493210438760475 
-20.56989194016444 
-20.56990397752314 
-20.565915723454516 
-20.569854857538285 
-20.49319856790486 
-20.50039116613726 
-20.50041840562939 
-20.595402971177286 
-20.58039550851453 
-20.575481966788484 
-20.582796778681157 
-20.586901062518592 
-20.594621847926035 
-20.59552827539974 
-20.59754831376235 
-20.62233704661874 
-20.622559844574468 
-20.62769447144098 
-20.616573792581345 
-20.630962474867154 
-20.63285587090192 
-20.63589177799704 
-20.61496709485223 
-20.646780580615065 
-20.69718477787492 
-20.69719120584121 
-20.697192918165904 
-20.733123963281372 
-20.735720239286604 
-20.734452252689948 
-20.729058829635065 
-20.72624937961563 
-20.767763511015946 
-20.87682150030506 
-20.876823625602807 
-20.87706152483516 
-20.88660802895454 
-20.83011435719102 
-20.930625673651342 
-20.90923870355635 
-20.93406989479707 
-20.898538562852785 
-20.912428068563752 
-20.912419560821018 
-20.986118077871843 
-21.040864770514133 
-21.098108175726445 
-21.100239252262558 
-21.11295397989477 
-21.16110696343603 

 Time 
9393.584439754486 
