Parameters 
 
[-0.5 -0.5 -0.5 -0.5 -0.5 -0.5 -0.5 -0.5 -0.5 -0.5] 
[-0.69107263 -0.50009593 -0.65923769 -0.59399233 -0.41968898 -0.34391102
 -0.22795778 -0.38668193 -0.23621987 -0.24183043] 
[-0.74348445 -0.50030214 -0.67692275 -0.68565909 -0.40527517 -0.26054024
 -0.14573092 -0.30337694 -0.06845816 -0.14900938] 
[-0.74855322 -0.50061327 -0.70273705 -0.67403942 -0.37583849 -0.24248213
 -0.16381982 -0.28541881  0.00977178 -0.12445005] 
[-0.74180985 -0.50110569 -0.69522552 -0.65391141 -0.36559872 -0.21739436
 -0.17653003 -0.26062827  0.03059116 -0.1068181 ] 
[-0.74537221 -0.501318   -0.69228758 -0.65335545 -0.36722312 -0.21510759
 -0.17379737 -0.25856168  0.03159948 -0.10771658] 
[-0.74544689 -0.50210266 -0.69077791 -0.65425463 -0.36626987 -0.21385868
 -0.17160607 -0.25773721  0.03193261 -0.10778134] 
[-0.74563109 -0.50312454 -0.68970562 -0.65541696 -0.36592552 -0.21243983
 -0.16977837 -0.25687391  0.03226828 -0.10710385] 
[-0.74566724 -0.50409346 -0.68852575 -0.65604047 -0.36481181 -0.21095162
 -0.16798358 -0.25577243  0.03317821 -0.10675676] 
[-0.74189248 -0.50993816 -0.67408545 -0.66101058 -0.34971975 -0.19274403
 -0.14907086 -0.2437052   0.04343786 -0.10568603] 
[-0.74123395 -0.51146966 -0.67266314 -0.66111222 -0.34785928 -0.18984782
 -0.14718238 -0.24100938  0.04584614 -0.10461561] 
[-0.74058159 -0.51394705 -0.66980584 -0.66131364 -0.34468959 -0.1864261
 -0.14436844 -0.23757155  0.04897526 -0.10378335] 
[-0.74023193 -0.51469297 -0.66985092 -0.66194982 -0.34410975 -0.18506249
 -0.14304558 -0.23642995  0.05003006 -0.10313438] 
[-0.73967903 -0.51578364 -0.67042868 -0.66138785 -0.34362207 -0.18346047
 -0.14362961 -0.23417595  0.05219085 -0.1010599 ] 
[-0.73895862 -0.51688446 -0.67094145 -0.66120261 -0.34291093 -0.18170324
 -0.1435781  -0.23201976  0.05430042 -0.09927168] 
[-0.73851814 -0.51803756 -0.67022603 -0.66078732 -0.34142318 -0.17920237
 -0.14290292 -0.22948442  0.05643584 -0.09756643] 
[-0.73830784 -0.51934483 -0.66915858 -0.65981416 -0.33968122 -0.17613347
 -0.14271793 -0.22646028  0.05952763 -0.09565363] 
[-0.73823137 -0.52018876 -0.66860315 -0.65940942 -0.33886673 -0.17417639
 -0.14267802 -0.224239    0.06147139 -0.09400529] 
[-0.73811559 -0.52099998 -0.66821201 -0.6590393  -0.3381977  -0.17221975
 -0.14257134 -0.22206008  0.06333243 -0.09234044] 
[-0.73831165 -0.51978361 -0.66942922 -0.65771051 -0.33965227 -0.16764076
 -0.14378082 -0.21857008  0.06586628 -0.0874332 ] 
[-0.73865628 -0.51831771 -0.67055994 -0.65645444 -0.34127474 -0.16254242
 -0.14494014 -0.2146839   0.06860967 -0.08189649] 
[-0.73861878 -0.51923038 -0.67021981 -0.65618386 -0.34038194 -0.16128899
 -0.14419276 -0.21340054  0.06961343 -0.08118039] 
[-0.73842702 -0.52046984 -0.66967076 -0.65547679 -0.33905812 -0.15998788
 -0.1444158  -0.21196532  0.07121875 -0.08006307] 
[-0.73592086 -0.52443985 -0.66622966 -0.65261153 -0.33336287 -0.15602128
 -0.14716787 -0.2085534   0.07575756 -0.0769587 ] 
[-0.73485829 -0.5275764  -0.66464741 -0.65340064 -0.33073202 -0.15466787
 -0.14591013 -0.20680743  0.07705996 -0.07605527] 
[-0.73383365 -0.53074045 -0.66301795 -0.65416315 -0.32806291 -0.15325696
 -0.14455786 -0.20495272  0.07844452 -0.07519481] 
[-0.73331729 -0.53309859 -0.66192994 -0.65493374 -0.32637114 -0.15178961
 -0.14281684 -0.20340573  0.07941575 -0.07433995] 
[-0.73392464 -0.53456902 -0.66135866 -0.65511661 -0.32616211 -0.15053719
 -0.14157742 -0.2009812   0.08111486 -0.07346487] 
[-0.73442004 -0.53624366 -0.66053802 -0.65534305 -0.32597992 -0.14874263
 -0.13981887 -0.19772784  0.08321171 -0.07231957] 
[-0.73492344 -0.53790995 -0.65973059 -0.65555459 -0.32575787 -0.14698095
 -0.13807679 -0.19454019  0.08526573 -0.07117911] 
[-0.73543928 -0.53951552 -0.65906448 -0.6557654  -0.32566842 -0.14540332
 -0.13650478 -0.19159084  0.08716858 -0.07016541] 
[-0.73594783 -0.54120681 -0.65847804 -0.65592326 -0.32573082 -0.14391489
 -0.13498001 -0.18875757  0.08907166 -0.06931644] 
[-0.73678997 -0.54328747 -0.65753647 -0.65611462 -0.32596    -0.14214536
 -0.13293607 -0.1851068   0.09142373 -0.06857645] 
[-0.73764556 -0.54532641 -0.65664604 -0.65633489 -0.32623837 -0.1404154
 -0.13088712 -0.18150497  0.09374136 -0.06785488] 
[-0.73835055 -0.5480057  -0.65560854 -0.65699707 -0.3268     -0.13853114
 -0.1288507  -0.17760129  0.09652782 -0.06710657] 
[-0.73869553 -0.55038615 -0.65433419 -0.65819149 -0.32736507 -0.13708551
 -0.12736103 -0.17390456  0.0986968  -0.06597059] 
[-0.73928272 -0.55319717 -0.65301087 -0.65949678 -0.32808593 -0.13579741
 -0.12603409 -0.17017928  0.10109692 -0.06473289] 
[-0.73989238 -0.55608038 -0.65186393 -0.66061204 -0.32875871 -0.13441461
 -0.12479463 -0.16649215  0.10354266 -0.06360615] 
[-0.73957925 -0.55748178 -0.65084968 -0.66101955 -0.32815384 -0.1334928
 -0.12443881 -0.1642714   0.10456376 -0.06216693] 
[-0.73916523 -0.55928313 -0.64654913 -0.66190587 -0.32695107 -0.13218052
 -0.12474777 -0.1605252   0.10422882 -0.05824383] 
[-0.73870999 -0.56095268 -0.64495438 -0.66234272 -0.32628915 -0.13117852
 -0.1249179  -0.15842731  0.10465067 -0.05577512] 
[-0.73202643 -0.56640289 -0.63864223 -0.66413763 -0.32224825 -0.12686156
 -0.12785651 -0.15379712  0.10300209 -0.04220643] 
[-0.71794217 -0.57483695 -0.61290912 -0.66233154 -0.31557556 -0.10686198
 -0.12706085 -0.12943224  0.09531674 -0.00885849] 
[-0.70608403 -0.58146293 -0.59178178 -0.66075977 -0.31042557 -0.08985535
 -0.1258846  -0.10876451  0.08878972  0.01909705] 
[-0.69240718 -0.58733443 -0.56947069 -0.65865817 -0.30531418 -0.0707707
 -0.12419458 -0.08661067  0.08055499  0.0502016 ] 
[-0.68941185 -0.58885265 -0.5617395  -0.6580691  -0.30318083 -0.0654069
 -0.12311209 -0.07988878  0.07723446  0.05956382] 
[-0.68896415 -0.58974848 -0.5613082  -0.65806197 -0.30307038 -0.06422327
 -0.12263128 -0.0780566   0.07738741  0.06162738] 
[-0.68792995 -0.59153089 -0.56010349 -0.65798019 -0.30303318 -0.06188673
 -0.12213306 -0.07391403  0.07807176  0.06622252] 
[-0.68693587 -0.59325609 -0.55897958 -0.65789216 -0.30299869 -0.05961727
 -0.1216221  -0.06988574  0.07876886  0.07064563] 
[-0.68510939 -0.5952249  -0.5570144  -0.6576031  -0.30316978 -0.05572171
 -0.12022356 -0.06322288  0.07867898  0.07830153] 
[-0.68423527 -0.59655145 -0.55688439 -0.65744577 -0.30317775 -0.05422148
 -0.11970484 -0.06053004  0.07963863  0.08110436] 
[-0.68334339 -0.59792092 -0.55678225 -0.65730168 -0.30318639 -0.05275679
 -0.11921806 -0.05791523  0.08055743  0.08393223] 
[-0.68249198 -0.59917466 -0.55668773 -0.65714886 -0.30322532 -0.05128103
 -0.11864761 -0.05534811  0.0813988   0.08669791] 
[-0.68201096 -0.60017678 -0.55646465 -0.65691615 -0.30325231 -0.05011726
 -0.11833383 -0.05317577  0.08220827  0.08911552] 
[-0.68141382 -0.60146403 -0.55625469 -0.65676005 -0.3032942  -0.048896
 -0.1181539  -0.05090458  0.08316558  0.09186926] 
[-0.68067994 -0.60288452 -0.55600108 -0.65654672 -0.30318685 -0.04759703
 -0.11798696 -0.04875343  0.08423012  0.09443375] 
[-0.67988142 -0.60442146 -0.55584564 -0.6563386  -0.30312942 -0.04627221
 -0.11789684 -0.04653491  0.08545982  0.09714283] 
[-0.67841248 -0.6073083  -0.55305531 -0.65625445 -0.30259298 -0.04406834
 -0.11837579 -0.04279365  0.08620976  0.10337872] 
[-0.67685209 -0.61047231 -0.54980767 -0.65628466 -0.30195713 -0.04181797
 -0.11899699 -0.03894308  0.08676023  0.11019004] 
[-0.66884588 -0.6249881  -0.534852   -0.65833513 -0.29923657 -0.03533301
 -0.12449095 -0.02697046  0.08661208  0.13852861] 
[-0.66663998 -0.62823599 -0.53301094 -0.65842155 -0.29876781 -0.03299041
 -0.12542702 -0.02303203  0.08835459  0.14475643] 
[-0.66494198 -0.63067735 -0.53167984 -0.6583475  -0.29834887 -0.03097742
 -0.1259656  -0.01977612  0.08979897  0.14967464] 
[-0.66269646 -0.63424435 -0.53006574 -0.65800836 -0.29885296 -0.02806886
 -0.12673733 -0.01368127  0.0935159   0.15760094] 
[-0.66032166 -0.63853479 -0.52901991 -0.65755453 -0.29997833 -0.02496702
 -0.12765147 -0.00662218  0.0985834   0.16634016] 
[-0.65981824 -0.63945163 -0.53060794 -0.65745635 -0.30118778 -0.02425948
 -0.12701023 -0.00443115  0.10126777  0.16832621] 
[-0.65949314 -0.64009102 -0.53223371 -0.6571553  -0.3023777  -0.02350774
 -0.12633268 -0.00227508  0.10378264  0.16999321] 
[-0.65937104 -0.64055706 -0.53345476 -0.65678739 -0.30335615 -0.02306997
 -0.12610327 -0.000797    0.10604769  0.17080996] 
[-0.65930175 -0.64097878 -0.53466035 -0.65641053 -0.30432443 -0.02264584
 -0.12585203  0.00072573  0.10836429  0.17160177] 
[-0.65882719 -0.6412389  -0.5351419  -0.65643698 -0.3048163  -0.02213926
 -0.12533516  0.00147838  0.1089505   0.1726913 ] 
[-0.65846707 -0.64160194 -0.53567257 -0.65643996 -0.30522241 -0.02170091
 -0.12495383  0.00213323  0.10967006  0.17356285] 
[-0.65810679 -0.64202102 -0.53626715 -0.65647161 -0.30565348 -0.02129799
 -0.12457475  0.00282773  0.11042936  0.1745128 ] 
[-0.6577392  -0.64247181 -0.53689394 -0.65650785 -0.30609024 -0.02090449
 -0.12421434  0.00351203  0.11120684  0.17546734] 
[-0.65751392 -0.64266022 -0.53747032 -0.65642913 -0.30667725 -0.02045114
 -0.12362929  0.00437809  0.11200362  0.17634562] 
[-0.65720046 -0.64271156 -0.53796752 -0.65631234 -0.30740123 -0.01984202
 -0.1229215   0.00528024  0.11267164  0.17742066] 
[-0.65685288 -0.6428139  -0.5384599  -0.65620803 -0.30805417 -0.01921061
 -0.12220877  0.00615636  0.1133069   0.17846927] 
[-0.65647126 -0.64292457 -0.53897321 -0.65608912 -0.3087219  -0.01854611
 -0.12148356  0.00701452  0.11390654  0.17953929] 
[-0.65641177 -0.64179268 -0.53901975 -0.65573629 -0.31072875 -0.01738255
 -0.11949725  0.0091221   0.11477718  0.18110034] 
[-0.65630096 -0.64115362 -0.53916428 -0.65549562 -0.31232985 -0.01642801
 -0.11800648  0.01078735  0.1156152   0.1825304 ] 
[-0.65617613 -0.640568   -0.53930162 -0.65526558 -0.31378187 -0.01549195
 -0.11660126  0.01234851  0.11640326  0.18389741] 
[-0.65594571 -0.64036752 -0.53938663 -0.65518147 -0.3145708  -0.01469304
 -0.11547488  0.01351181  0.11691336  0.18488131] 
[-0.65550992 -0.64046046 -0.539498   -0.65518411 -0.31502998 -0.01393308
 -0.11462695  0.01446857  0.11723225  0.18588765] 
[-0.65509482 -0.6406008  -0.539654   -0.65520579 -0.31546589 -0.01319152
 -0.11379457  0.01535002  0.1175187   0.18684964] 
[-0.65465019 -0.64084794 -0.53987572 -0.65522632 -0.31575805 -0.012485
 -0.11299122  0.01617904  0.11779893  0.18771175] 
[-0.65424032 -0.64103385 -0.54006407 -0.65522757 -0.31610127 -0.0117803
 -0.11215157  0.01701911  0.11803916  0.18860626] 
[-0.65383652 -0.64127154 -0.54025665 -0.65524758 -0.31638777 -0.01109949
 -0.1113183   0.01786868  0.11832769  0.18945092] 
[-0.6534162  -0.64140707 -0.54039475 -0.65523611 -0.31679336 -0.01036187
 -0.11039456  0.01879154  0.11859143  0.19040237] 
[-0.65301689 -0.64144359 -0.54037026 -0.65520813 -0.31731678 -0.00955727
 -0.10927208  0.01993211  0.1189724   0.19142132] 
[-0.65265064 -0.64130307 -0.54019688 -0.65510944 -0.3179911  -0.00867079
 -0.10806218  0.02120616  0.11930786  0.19251257] 
[-0.65228624 -0.64117833 -0.54004234 -0.65501513 -0.31863108 -0.00779635
 -0.10687029  0.0224485   0.11963765  0.19358014] 
[-0.65191326 -0.64098982 -0.53984282 -0.6548948  -0.31936439 -0.00686887
 -0.10560249  0.02377589  0.11998761  0.19471566] 
[-0.65156439 -0.64075009 -0.53957872 -0.65475185 -0.32018245 -0.00591513
 -0.10424269  0.02523283  0.12037735  0.19592751] 
[-0.65121663 -0.64043883 -0.5392014  -0.65459942 -0.32115225 -0.00490089
 -0.10278782  0.02688031  0.12084459  0.19722541] 
[-0.65078131 -0.63962993 -0.5383998  -0.65419629 -0.32260263 -0.00354931
 -0.1006616   0.0290868   0.12136976  0.19901063] 
[-0.65035161 -0.63899089 -0.53777457 -0.65386003 -0.3238465  -0.00230304
 -0.09872381  0.0310555   0.12187639  0.2006466 ] 
[-0.65006432 -0.63874908 -0.53750681 -0.65369207 -0.32456043 -0.00142369
 -0.09727061  0.0326202   0.12245145  0.201871  ] 
[-6.49743931e-01 -6.38543178e-01 -5.37286037e-01 -6.53523212e-01
 -3.25255429e-01 -5.35174953e-04 -9.58546577e-02  3.41302486e-02
  1.23008661e-01  2.03094691e-01] 
[-6.49420634e-01 -6.38360472e-01 -5.37086715e-01 -6.53362866e-01
 -3.25908322e-01  3.41474098e-04 -9.44615048e-02  3.55999617e-02
  1.23554998e-01  2.04288633e-01] 
[-0.64910062 -0.63821457 -0.53695486 -0.65320557 -0.32643039  0.00117522
 -0.09316863  0.0369341   0.12407833  0.20538237] 
[-0.64895677 -0.63775657 -0.5364183  -0.65293555 -0.32744652  0.00212587
 -0.09129006  0.03904685  0.12477784  0.20699876] 
[-0.64879638 -0.63735593 -0.53593243 -0.65267676 -0.3283764   0.00305404
 -0.08946544  0.0410877   0.12547483  0.2085399 ] 
[-0.64864004 -0.6370639  -0.53558085 -0.65245987 -0.32913635  0.00389632
 -0.08776457  0.04291027  0.12615912  0.20989448] 
[-0.64847409 -0.63680369 -0.53521578 -0.65223533 -0.32991543  0.00476026
 -0.08609105  0.04472042  0.12685364  0.21126003] 
[-0.64811412 -0.63700566 -0.53534741 -0.65219147 -0.33004068  0.00541719
 -0.08508162  0.04569479  0.12722728  0.21215314] 
[-0.64776377 -0.63711873 -0.53547546 -0.65213542 -0.33018664  0.00609523
 -0.08397804  0.0466778   0.12755416  0.2131057 ] 
[-0.64741937 -0.63723247 -0.53560867 -0.6520789  -0.33032369  0.00676789
 -0.08288219  0.04765901  0.12788743  0.21405244] 
[-0.64709588 -0.63735359 -0.53578172 -0.65198195 -0.33049905  0.00744374
 -0.08185713  0.04863229  0.12819294  0.21496352] 
[-0.64680712 -0.63742923 -0.53592571 -0.65187739 -0.33069206  0.00810547
 -0.08079491  0.0496295   0.12848325  0.21587873] 
[-0.64652052 -0.63749848 -0.53608072 -0.65177338 -0.33088739  0.00876543
 -0.07974315  0.05060325  0.12875827  0.2167968 ] 
[-0.64624897 -0.63757044 -0.5362515  -0.65167536 -0.33103942  0.00941739
 -0.0787014   0.05154112  0.1290446   0.21766297] 
[-0.64599751 -0.63761088 -0.53642063 -0.65157224 -0.33121546  0.01005963
 -0.07762675  0.0524986   0.12931559  0.21854711] 
[-0.64574016 -0.63764812 -0.53658147 -0.65147191 -0.33137267  0.01072035
 -0.07652951  0.05344314  0.12955726  0.21943415] 
[-0.6454933  -0.63771114 -0.53675081 -0.65137594 -0.33149315  0.01136378
 -0.07544149  0.05435274  0.12979593  0.22028563] 
[-0.64525077 -0.63778627 -0.53691833 -0.6512805  -0.33160555  0.01200528
 -0.0743653   0.05526361  0.13004876  0.22112121] 
[-0.64498734 -0.63784936 -0.53709817 -0.65117441 -0.33172667  0.01266263
 -0.07329434  0.05615229  0.13027628  0.22197603] 
[-0.64471544 -0.63791349 -0.53728535 -0.65106611 -0.33184432  0.01333175
 -0.07221475  0.05704554  0.13049526  0.22283774] 
[-0.64443294 -0.63791433 -0.53745481 -0.65094093 -0.33194059  0.0140406
 -0.0710701   0.05793305  0.13065004  0.22372554] 
[-0.64414821 -0.63790513 -0.53761582 -0.65081017 -0.33203704  0.01475417
 -0.06990916  0.05883045  0.13079856  0.22461341] 
[-0.64389067 -0.63787371 -0.53780633 -0.65069236 -0.33207046  0.01546544
 -0.06873993  0.05967583  0.13097272  0.2254257 ] 
[-0.6436654  -0.63782457 -0.53803657 -0.65056305 -0.3321035   0.01613576
 -0.06758293  0.06047421  0.1311686   0.22619714] 
[-0.64335178 -0.63782348 -0.53835899 -0.65038965 -0.33211361  0.01682512
 -0.06654796  0.06111656  0.13133295  0.22690387] 
[-0.64302107 -0.63778827 -0.5387055  -0.6501918  -0.33207987  0.01751855
 -0.06549414  0.06169621  0.13143615  0.22758895] 
[-0.64269503 -0.63775719 -0.539051   -0.64999171 -0.33204882  0.01821028
 -0.06445234  0.06226362  0.13153351  0.22827498] 
[-0.64243743 -0.63780356 -0.53943422 -0.6498474  -0.33206251  0.01883022
 -0.06338253  0.06291719  0.13175376  0.22892231] 
[-0.64226276 -0.63766051 -0.53980684 -0.649678   -0.33221513  0.0194327
 -0.06208989  0.06368312  0.13190968  0.2296806 ] 
[-0.6421473  -0.63728698 -0.5400736  -0.64950459 -0.33269635  0.02008516
 -0.06033735  0.06475317  0.13196025  0.23078236] 
[-0.64207609 -0.63698748 -0.54030651 -0.64936875 -0.33311253  0.02069186
 -0.05862423  0.06586348  0.13209627  0.23178658] 
[-0.64201069 -0.63669975 -0.54054937 -0.64923987 -0.33350855  0.02128521
 -0.0569463   0.06696529  0.13224794  0.23277649] 
[-0.64199715 -0.63625034 -0.54067638 -0.64905266 -0.33401328  0.02193145
 -0.05500612  0.0681727   0.1323454   0.23385105] 
[-0.64207676 -0.63555645 -0.5406524  -0.6488449  -0.33467888  0.02263471
 -0.05269861  0.06961558  0.13236455  0.23509362] 
[-0.64206124 -0.63487216 -0.54070842 -0.64862233 -0.33534154  0.02343631
 -0.05030611  0.07097852  0.13227556  0.23642593] 
[-0.64197686 -0.6341286  -0.54076687 -0.64833074 -0.33604565  0.02432425
 -0.04773427  0.0723796   0.13212721  0.23784318] 
[-0.64171987 -0.63369038 -0.5409545  -0.64800564 -0.33663176  0.02523486
 -0.04555134  0.07364049  0.13206229  0.23904562] 
[-0.64143176 -0.6333336  -0.54121753 -0.6477208  -0.3372436   0.02610957
 -0.04346983  0.07488044  0.13201681  0.24027268] 
[-0.64119075 -0.6330023  -0.54147444 -0.64746757 -0.33781481  0.02693217
 -0.04144575  0.07606929  0.13198572  0.24142735] 
[-0.6408835  -0.63273169 -0.541704   -0.64718865 -0.33817573  0.02777354
 -0.03964633  0.07720878  0.13205787  0.24238232] 
[-0.64057519 -0.63257741 -0.54199078 -0.64692013 -0.33849583  0.0285922
 -0.03797665  0.07833608  0.1322506   0.24325298] 
[-0.64025301 -0.63240443 -0.54231942 -0.64662743 -0.33899763  0.02945014
 -0.03607221  0.07961176  0.13253267  0.2442463 ] 
[-0.63987118 -0.63227414 -0.54270479 -0.64632094 -0.3394988   0.03033888
 -0.0342427   0.08079785  0.13277986  0.24525134] 
[-0.63948946 -0.63215586 -0.54310758 -0.64601916 -0.33993848  0.03121843
 -0.03249024  0.08195143  0.133049    0.24620816] 
[-0.63910713 -0.63203204 -0.54349391 -0.64571853 -0.34041433  0.0321057
 -0.03067475  0.08313453  0.1333113   0.24716536] 
[-0.63888326 -0.63214491 -0.5438571  -0.64557191 -0.34067028  0.0327443
 -0.02938406  0.0840748   0.1337375   0.24784633] 
[-0.63867942 -0.63225087 -0.54416788 -0.64543816 -0.34088129  0.03339324
 -0.02811326  0.08494914  0.13408907  0.24849249] 
[-0.63846786 -0.63235253 -0.5444808  -0.64529819 -0.34109773  0.03405021
 -0.0268611   0.08579576  0.13441446  0.24915207] 
[-0.63822187 -0.63245915 -0.54475257 -0.64515906 -0.34130225  0.03473938
 -0.0256005   0.08672397  0.13480465  0.24981468] 
[-0.63797998 -0.63259425 -0.54503917 -0.64501714 -0.34150355  0.0354257
 -0.02437611  0.087643    0.13519941  0.25045661] 
[-0.63782304 -0.63267251 -0.54529919 -0.64489504 -0.34172606  0.03602857
 -0.02320258  0.08858991  0.13561058  0.25107355] 
[-0.63766414 -0.63275759 -0.54556512 -0.64477395 -0.34193837  0.03663065
 -0.02204514  0.08952267  0.13601967  0.25168436] 
[-0.6375082  -0.63282539 -0.54581391 -0.64464727 -0.34215922  0.03723574
 -0.0208655   0.09046929  0.1364192   0.25229812] 
[-0.63735591 -0.63289821 -0.54603455 -0.64453031 -0.34237749  0.0378458
 -0.01965537  0.09146215  0.13685637  0.25289382] 
[-0.63719585 -0.63298002 -0.54626123 -0.6444182  -0.34257375  0.03845774
 -0.0184667   0.09244947  0.1373056   0.25347057] 
[-0.63697431 -0.63321681 -0.54663727 -0.64435426 -0.3427095   0.03900389
 -0.0175327   0.09322882  0.13779471  0.25391984] 
[-0.63680701 -0.63342807 -0.54703818 -0.64431253 -0.34276735  0.03949133
 -0.01665643  0.09391861  0.13824109  0.25430266] 
[-0.63665359 -0.63365117 -0.54742706 -0.64427298 -0.3428139   0.03996874
 -0.01581788  0.0945787   0.13867356  0.25468698] 
[-0.63650393 -0.63386897 -0.54781566 -0.64423462 -0.34285504  0.04044453
 -0.01498816  0.09522815  0.13909329  0.25507175] 
[-0.6363705  -0.63409098 -0.54821738 -0.64420804 -0.34289331  0.04091095
 -0.01414065  0.09588357  0.13951216  0.25545351] 
[-0.63624176 -0.63432249 -0.54860375 -0.64418397 -0.34292497  0.04138248
 -0.01329281  0.09655315  0.13994082  0.2558304 ] 
[-0.63613618 -0.63452803 -0.54896536 -0.64416574 -0.34297448  0.04184055
 -0.01242137  0.09723596  0.14035173  0.25620859] 
[-0.63602585 -0.63473262 -0.54933442 -0.6441397  -0.34300426  0.04229926
 -0.01157169  0.0978966   0.14074372  0.25658229] 
[-0.63594345 -0.63491968 -0.54962714 -0.64409402 -0.34293838  0.04271961
 -0.01079465  0.09858319  0.14117419  0.25687191] 
[-0.63586571 -0.63506634 -0.54994669 -0.64401779 -0.34288425  0.04315164
 -0.00997297  0.09924555  0.14154328  0.25720729] 
[-0.63578672 -0.63521105 -0.55026449 -0.64394091 -0.34282918  0.04358611
 -0.00915211  0.09990366  0.14190531  0.25754459] 
[-0.635712   -0.6353586  -0.55058569 -0.6438624  -0.34277303  0.0440179
 -0.00832958  0.10055799  0.14227039  0.25787738] 
[-0.63559134 -0.63546299 -0.550945   -0.64374848 -0.34274645  0.04448001
 -0.00754014  0.10113425  0.14253954  0.25826057] 
[-0.63546368 -0.63557242 -0.5512817  -0.6436217  -0.34270368  0.04494341
 -0.00671552  0.10173407  0.14279713  0.25862867] 
[-0.63533516 -0.63569184 -0.55160952 -0.64349737 -0.34266945  0.04540966
 -0.00588864  0.10235163  0.14307479  0.25899609] 
[-0.63520153 -0.63580905 -0.55192954 -0.64337518 -0.34264138  0.04588442
 -0.00505155  0.1029738   0.14334846  0.25936593] 
[-0.63506595 -0.63594141 -0.55226054 -0.64325003 -0.3425955   0.04636094
 -0.00423559  0.10358335  0.14363578  0.25972855] 
[-0.63493198 -0.63607346 -0.55258949 -0.64312392 -0.34255084  0.04683542
 -0.00340993  0.10420622  0.1439381   0.26008458] 
[-0.63480061 -0.63620457 -0.55292065 -0.64299683 -0.34250042  0.04730773
 -0.00258676  0.10482376  0.14424064  0.26043638] 
[-0.63468394 -0.63633758 -0.55322442 -0.64288971 -0.34242537  0.04775925
 -0.00180487  0.10543783  0.14451768  0.26078483] 
[-0.63453806 -0.63650875 -0.55349232 -0.64283094 -0.34227296  0.0481814
 -0.0011843   0.10594047  0.14480948  0.26101805] 
[-6.34377623e-01 -6.36683679e-01 -5.53773166e-01 -6.42765714e-01
 -3.42094758e-01  4.86125148e-02 -5.86705127e-04  1.06426406e-01
  1.45116388e-01  2.61230773e-01] 
[-6.34198091e-01 -6.36882811e-01 -5.54051057e-01 -6.42691214e-01
 -3.41900576e-01  4.90484792e-02 -6.67529139e-06  1.06933430e-01
  1.45457071e-01  2.61440976e-01] 
[-6.34007479e-01 -6.37090355e-01 -5.54337540e-01 -6.42615427e-01
 -3.41694439e-01  4.94927630e-02  5.65273243e-04  1.07434713e-01
  1.45806054e-01  2.61639728e-01] 
[-0.63385753 -0.63726314 -0.5546512  -0.64254288 -0.34145874  0.04989322
  0.00109125  0.10786437  0.14608703  0.26184282] 
[-0.63371299 -0.63743223 -0.55495773 -0.64247138 -0.3412253   0.05029271
  0.00161572  0.10829511  0.14635979  0.2620502 ] 
[-0.63356746 -0.63760003 -0.5552638  -0.64239796 -0.3409888   0.05069514
  0.00214011  0.10872595  0.14663578  0.26225407] 
[-0.6334223  -0.63776424 -0.55557214 -0.64232489 -0.34075525  0.05109954
  0.00266663  0.10915604  0.14690992  0.26246026] 
[-0.63327671 -0.63792848 -0.55587888 -0.6422515  -0.34051942  0.05150579
  0.00319164  0.10958365  0.14718053  0.2626669 ] 
[-0.63312061 -0.63809205 -0.55618189 -0.64218581 -0.34026409  0.0519241
  0.0036932   0.10999331  0.14745814  0.2628493 ] 
[-0.63297328 -0.63826615 -0.55647457 -0.64211534 -0.34001947  0.05233046
  0.00417548  0.11038631  0.1477314   0.2630354 ] 
[-0.63279945 -0.63842481 -0.55674798 -0.64202672 -0.33976276  0.05276425
  0.00465677  0.11079248  0.14798491  0.26323721] 
[-0.63263564 -0.63857306 -0.55700924 -0.64194164 -0.33949865  0.05319944
  0.00514468  0.11118715  0.14822179  0.26343279] 
[-0.63246429 -0.6387255  -0.55727519 -0.64185807 -0.33923555  0.05364088
  0.00562784  0.11157631  0.14845844  0.26363343] 
[-0.63230029 -0.6388805  -0.55753368 -0.64177884 -0.33896989  0.0540782
  0.00611755  0.11196926  0.14868975  0.26382911] 
[-0.63213282 -0.63903026 -0.55778675 -0.64169746 -0.3387108   0.05452032
  0.00660803  0.11236422  0.14891251  0.26403335] 
[-0.631957   -0.63917576 -0.5580254  -0.64162443 -0.33842844  0.05496002
  0.00710492  0.1127444   0.1491474   0.26420106] 
[-0.63178032 -0.63931999 -0.55826704 -0.6415515  -0.33814115  0.05540203
  0.00760096  0.11312577  0.14938694  0.26436715] 
[-0.63160756 -0.63946091 -0.55850861 -0.64147843 -0.33785793  0.05584313
  0.00809658  0.11350756  0.14962129  0.26453574] 
[-0.6314356  -0.63960166 -0.5587502  -0.64140559 -0.33757452  0.05628431
  0.00859208  0.11388871  0.14985476  0.26470492] 
[-0.63125347 -0.63973255 -0.55896976 -0.64131725 -0.33727411  0.05674423
  0.00906527  0.11424662  0.15008916  0.26484456] 
[-0.63107914 -0.63985575 -0.55919399 -0.64123174 -0.33697608  0.0571979
  0.00954398  0.11459636  0.15030837  0.26499123] 
[-0.63090651 -0.63997772 -0.5594129  -0.64114604 -0.33667855  0.05765211
  0.01002467  0.11495116  0.15052796  0.26513894] 
[-0.63073666 -0.64009998 -0.55963013 -0.64106158 -0.33638007  0.05810552
  0.01050631  0.11530643  0.15074564  0.26528657] 
[-0.63056612 -0.64022412 -0.55984737 -0.64097764 -0.3360777   0.05855954
  0.01099081  0.11565753  0.15096146  0.26543764] 
[-0.63040574 -0.64034321 -0.56006433 -0.64089504 -0.33579352  0.05901263
  0.01147029  0.11598994  0.15114704  0.2656102 ] 
[-0.63024184 -0.64046693 -0.56028636 -0.64081077 -0.33550189  0.05946486
  0.01194405  0.11632088  0.15133217  0.26577809] 
[-0.6300728  -0.6405926  -0.56050856 -0.64072273 -0.33519646  0.05991562
  0.01240716  0.11665263  0.1515268   0.26593441] 
[-0.62990871 -0.64071429 -0.56073402 -0.64063784 -0.33489933  0.0603641
  0.01286862  0.11699642  0.15173834  0.2661029 ] 
[-0.62971754 -0.64082474 -0.56093823 -0.64053594 -0.33456819  0.0608436
  0.01332379  0.11735804  0.15194495  0.2662505 ] 
[-0.6295288  -0.6409345  -0.56114203 -0.64043306 -0.33423772  0.06132257
  0.0137797   0.11772091  0.15215087  0.26639974] 
[-0.6293288  -0.64105368 -0.56133755 -0.64033679 -0.33391637  0.06181666
  0.01424505  0.11807006  0.15233617  0.26654473] 
[-0.62912915 -0.6411737  -0.56153512 -0.64023968 -0.33359388  0.06231043
  0.01470822  0.118421    0.15252558  0.26668911] 
[-0.62893932 -0.64128769 -0.56173981 -0.64014564 -0.33327896  0.06279627
  0.01516383  0.11876974  0.1527232   0.2668365 ] 
[-0.62876658 -0.64140262 -0.56193459 -0.64004488 -0.33296607  0.06327103
  0.01562698  0.11910069  0.15289063  0.26700113] 
[-0.62859758 -0.64151763 -0.5621263  -0.63994067 -0.33264598  0.06374195
  0.01608662  0.11942842  0.15306475  0.26716166] 
[-0.62843295 -0.64163034 -0.56231522 -0.63983857 -0.33232769  0.0642122
  0.01654776  0.11975236  0.15323279  0.26732318] 
[-0.6282651  -0.64174417 -0.56249293 -0.63973027 -0.3320212   0.06468242
  0.01702183  0.12008565  0.15339308  0.26748407] 
[-0.62809462 -0.64185251 -0.56266272 -0.63962687 -0.33170826  0.06514673
  0.01748405  0.12043208  0.15356832  0.26764821] 
[-0.62792527 -0.6419785  -0.56282552 -0.63951585 -0.33136707  0.0656289
  0.01796424  0.12076753  0.15373283  0.26779505] 
[-0.62776228 -0.64209777 -0.56298337 -0.6394085  -0.33102158  0.06611408
  0.01845148  0.12109811  0.15388874  0.26793855] 
[-0.62761021 -0.64222637 -0.56313292 -0.63930167 -0.33068925  0.06658791
  0.01893592  0.12142217  0.1540566   0.26807833] 
[-0.62746018 -0.64235329 -0.56328137 -0.63919556 -0.33035817  0.06706171
  0.01942148  0.12174557  0.15422468  0.26821808] 
[-0.6273109  -0.64247972 -0.56343023 -0.63908982 -0.33002724  0.06753521
  0.01990697  0.12206847  0.15439196  0.26835875] 
[-0.62716781 -0.64260155 -0.56357917 -0.63898299 -0.32970044  0.06800288
  0.02039017  0.12239016  0.15455802  0.26850197] 
[-0.627026   -0.64272781 -0.56373296 -0.63888017 -0.32936956  0.06847086
  0.02086709  0.12270421  0.15471838  0.26864795] 
[-0.62687381 -0.6428185  -0.56387997 -0.63875867 -0.32907817  0.06891707
  0.0213333   0.12303487  0.15484485  0.26882177] 
[-0.62671943 -0.64291012 -0.5640306  -0.63863467 -0.32878443  0.0693662
  0.02179961  0.12336543  0.15497637  0.26899117] 
[-0.62656972 -0.64299864 -0.56417817 -0.63851259 -0.3284946   0.06981312
  0.02226835  0.12369662  0.15510388  0.26916437] 
[-0.62642457 -0.64308568 -0.5643284  -0.63838842 -0.32820674  0.07025764
  0.02273198  0.12402307  0.15523402  0.26934169] 
[-0.6262736  -0.64317787 -0.56447353 -0.63826954 -0.32791962  0.07069522
  0.02317572  0.12433464  0.15535449  0.26953135] 
[-0.62613091 -0.64325973 -0.56462591 -0.63815421 -0.32764091  0.07113286
  0.02362749  0.12463421  0.15546438  0.26971776] 
[-0.62599479 -0.64333146 -0.56476617 -0.63804161 -0.32733799  0.0715857
  0.02409644  0.12493404  0.15558806  0.26987662] 
[-0.62584432 -0.6434056  -0.5649159  -0.63792207 -0.32702205  0.07205032
  0.02456376  0.12523271  0.15571292  0.27003294] 
[-0.62569408 -0.6434822  -0.5650637  -0.63780513 -0.32670313  0.0725131
  0.0250258   0.12553076  0.15583599  0.27018633] 
[-0.62554755 -0.64355563 -0.56521072 -0.63768817 -0.32638189  0.07297461
  0.02548867  0.12583133  0.15595952  0.27033993] 
[-0.62540053 -0.64362809 -0.56537283 -0.6375614  -0.32604269  0.07343777
  0.02594207  0.12612744  0.15609859  0.27048964] 
[-0.62526228 -0.64370487 -0.56552922 -0.63745129 -0.32569177  0.07388644
  0.02637194  0.12640203  0.15621565  0.27063972] 
[-0.62512053 -0.64378556 -0.56568414 -0.63733802 -0.32533451  0.0743363
  0.02680447  0.12667079  0.15632694  0.27078447] 
[-0.62499456 -0.6438506  -0.56585165 -0.63721713 -0.32496775  0.0747734
  0.02724803  0.12692717  0.15642493  0.27092256] 
[-0.62487359 -0.64391531 -0.56602473 -0.63709013 -0.32460586  0.07520616
  0.02770118  0.12718729  0.15652579  0.27106558] 
[-0.62475613 -0.64398241 -0.56619143 -0.63696217 -0.32424927  0.07563947
  0.02815264  0.12744889  0.15662097  0.27121545] 
[-0.62464113 -0.64404582 -0.5663491  -0.63682922 -0.32389009  0.07607526
  0.0286056   0.12771836  0.15671718  0.27136354] 
[-0.6245459  -0.64411485 -0.56652252 -0.63671367 -0.32355336  0.07649003
  0.02906243  0.12796461  0.15678435  0.27153048] 
[-0.62442679 -0.64418663 -0.56671943 -0.63661789 -0.32322305  0.07691183
  0.02947894  0.12818304  0.15688042  0.27166571] 
[-0.62430936 -0.64426259 -0.56690882 -0.63651734 -0.322888    0.07732614
  0.02988022  0.12839626  0.15697143  0.27179175] 
[-0.62419236 -0.64433836 -0.56709854 -0.63641661 -0.32255214  0.07774029
  0.03028073  0.12860905  0.15706303  0.27191792] 
[-0.62408101 -0.64440762 -0.56728288 -0.63631271 -0.32221308  0.07815537
  0.03067892  0.12881607  0.15714488  0.27205118] 
[-0.6239781  -0.6444706  -0.56747167 -0.6362063  -0.32187084  0.07856134
  0.0310748   0.12902558  0.15722206  0.27219054] 
[-0.62388062 -0.64453796 -0.56765271 -0.63610328 -0.32153692  0.07897032
  0.03147775  0.1292346   0.15730165  0.27233522] 
[-0.62376961 -0.64461871 -0.56783348 -0.6359963  -0.32119096  0.07939134
  0.03186844  0.12943508  0.15737999  0.27247105] 
[-0.62365777 -0.64469915 -0.56801808 -0.63589219 -0.32083882  0.07980933
  0.03225272  0.12963705  0.15746494  0.2726022 ] 
[-0.62355325 -0.64477818 -0.56819896 -0.63578663 -0.32048747  0.08022375
  0.03264282  0.12983674  0.15754226  0.27274001] 
[-0.62345669 -0.64485323 -0.56838275 -0.63568785 -0.32012853  0.08062681
  0.03302137  0.13004395  0.15763395  0.27286908] 
[-0.6233618  -0.64492886 -0.5685669  -0.6355901  -0.31976692  0.08103105
  0.03339971  0.13025099  0.15772364  0.27299795] 
[-0.62327107 -0.64500282 -0.56874396 -0.63548919 -0.31941431  0.08143869
  0.03378792  0.13045618  0.15780261  0.27313609] 
[-0.62316768 -0.64508292 -0.56892892 -0.63538918 -0.31903574  0.08186321
  0.03416876  0.13066228  0.15788973  0.27325236] 
[-0.6230645  -0.64516334 -0.56911382 -0.63528972 -0.31865771  0.0822877
  0.03454941  0.13086829  0.15797677  0.27336884] 
[-0.62297233 -0.6452451  -0.56929949 -0.63519269 -0.31829012  0.08270271
  0.03493579  0.13106852  0.15805968  0.27348844] 
[-0.62287541 -0.64532853 -0.56948154 -0.63509791 -0.31791968  0.08312037
  0.03532937  0.13127331  0.15813968  0.27360547] 
[-0.62277371 -0.64540604 -0.56966234 -0.63500133 -0.31754621  0.08354493
  0.03573143  0.13147824  0.15821222  0.27372568] 
[-0.62268217 -0.64547013 -0.56982539 -0.63490948 -0.31718476  0.08397187
  0.03615112  0.13169488  0.15827426  0.27384891] 
[-0.6225883  -0.64553985 -0.56999233 -0.63482254 -0.31681148  0.08440533
  0.0365662   0.13191064  0.1583403   0.27396137] 
[-0.62249484 -0.64560967 -0.57015942 -0.63473572 -0.31643815  0.08483871
  0.03698093  0.13212633  0.1584066   0.274074  ] 
[-0.62240521 -0.64567348 -0.57032141 -0.63465441 -0.31606988  0.08527253
  0.0374087   0.13234937  0.15846202  0.27419251] 
[-0.6223156  -0.64573878 -0.5704812  -0.63457335 -0.31570148  0.08570807
  0.03783637  0.13257437  0.1585189   0.27430948] 
[-0.62223272 -0.64580061 -0.57063469 -0.63448948 -0.31534156  0.08614023
  0.03826297  0.13280415  0.15857005  0.27443107] 
[-0.62215246 -0.64586318 -0.57079197 -0.63440399 -0.31497707  0.08656929
  0.03868506  0.13303359  0.15862694  0.27454793] 
[-0.62207224 -0.64591773 -0.57093793 -0.6343181  -0.31461764  0.08700409
  0.03912534  0.13328016  0.15868631  0.27466423] 
[-0.62199345 -0.64597056 -0.57108321 -0.63423119 -0.31425724  0.08743951
  0.03956753  0.13352721  0.15874556  0.27478104] 
[-0.62191476 -0.64602461 -0.57122877 -0.63414269 -0.31389728  0.08787557
  0.04001162  0.13377427  0.15880465  0.27489843] 
[-0.62183607 -0.64607904 -0.57137488 -0.63405472 -0.31353686  0.08831176
  0.04045469  0.13402057  0.15886422  0.2750159 ] 
[-0.62175779 -0.64613283 -0.57152035 -0.6339663  -0.31317665  0.08874764
  0.04089814  0.1342669   0.1589241   0.2751344 ] 
[-0.62168268 -0.64618806 -0.57166459 -0.6338798  -0.31281582  0.08918139
  0.04134149  0.13451239  0.15898544  0.27525466] 
[-0.62160257 -0.64624966 -0.57180893 -0.63379559 -0.31245106  0.08961964
  0.04177764  0.13475315  0.1590471   0.27537039] 
[-0.62151384 -0.64631216 -0.57195422 -0.63370675 -0.31207375  0.09006837
  0.0422063   0.13498594  0.15911336  0.27548543] 
[-0.62142455 -0.64636979 -0.57210087 -0.63361332 -0.31169936  0.09051505
  0.04263999  0.1352238   0.15918381  0.2755982 ] 
[-0.62133545 -0.64642661 -0.57224856 -0.63351899 -0.3113251   0.09096116
  0.04307373  0.13546191  0.15925578  0.27571004] 
[-0.6212346  -0.64649935 -0.57238254 -0.6334362  -0.3109606   0.09141604
  0.04349315  0.13570809  0.1593276   0.27581408] 
[-0.62112848 -0.64658154 -0.57252841 -0.6333562  -0.31059118  0.09186773
  0.04389927  0.13594389  0.15940417  0.2759134 ] 
[-0.62102066 -0.64665968 -0.57267597 -0.63327798 -0.31022877  0.09231253
  0.04429834  0.13617883  0.15948202  0.27601375] 
[-0.62091508 -0.64673507 -0.5728208  -0.63319835 -0.30986768  0.09275425
  0.04469539  0.13641406  0.15955974  0.27611521] 
[-0.62080999 -0.6468104  -0.57296562 -0.63311902 -0.30950692  0.09319562
  0.04509209  0.13664903  0.15963732  0.27621713] 
[-0.62070456 -0.64689447 -0.57310945 -0.63303467 -0.30913998  0.0936424
  0.04548161  0.13688154  0.15972447  0.27631737] 
[-0.62059517 -0.64698065 -0.5732537  -0.63294862 -0.30877689  0.0940905
  0.04586699  0.13710868  0.15980735  0.2764188 ] 
[-0.62048573 -0.647065   -0.57339838 -0.63286392 -0.30841662  0.09453783
  0.04625072  0.13733387  0.15988696  0.27652167] 
[-0.62036701 -0.6471525  -0.57355208 -0.63277929 -0.30805532  0.0949931
  0.04663835  0.13755171  0.15996519  0.27662523] 
[-0.62024834 -0.64724068 -0.57370512 -0.63269415 -0.30769371  0.09544775
  0.04702461  0.13777042  0.16004467  0.27672954] 
[-0.62013456 -0.64732498 -0.57385385 -0.63260886 -0.30733343  0.09589825
  0.04741004  0.13799216  0.1601227   0.27683656] 
[-0.6200213  -0.64740919 -0.57400257 -0.63252384 -0.3069735   0.09634836
  0.04779514  0.13821365  0.16020067  0.27694398] 
[-0.61990802 -0.64749353 -0.57414867 -0.6324394  -0.3066155   0.09679957
  0.04817839  0.13843549  0.1602788   0.27705021] 
[-0.61979668 -0.64757673 -0.57429533 -0.63235448 -0.30625917  0.09724857
  0.04856215  0.13865867  0.16035865  0.27715626] 
[-0.61968658 -0.64765959 -0.57444163 -0.63226916 -0.30590245  0.09769707
  0.04894583  0.13888255  0.16043886  0.27726244] 
[-0.61957504 -0.64772599 -0.57458701 -0.63217705 -0.30556348  0.09813984
  0.04935143  0.13911497  0.16050033  0.2773923 ] 
[-0.61945593 -0.64779519 -0.57474228 -0.63208419 -0.30521792  0.09858466
  0.0497558   0.13934266  0.16055944  0.27752697] 
[-0.61933317 -0.6478598  -0.57489226 -0.6319881  -0.30487672  0.0990351
  0.0501675   0.13956843  0.16061249  0.27766176] 
[-0.61921083 -0.64792345 -0.57504403 -0.63189087 -0.30453437  0.09948322
  0.05057591  0.13979271  0.16066747  0.27779511] 
[-0.61908863 -0.64798531 -0.57519306 -0.63179366 -0.30418434  0.09993308
  0.05098788  0.14002436  0.16071546  0.2779292 ] 
[-0.6189707  -0.64804481 -0.57534242 -0.63169684 -0.30383712  0.1003801
  0.05139834  0.14025339  0.16076728  0.2780596 ] 
[-0.61884867 -0.64810481 -0.5754903  -0.63159894 -0.30349307  0.10083173
  0.05181302  0.14047979  0.16081436  0.2781956 ] 
[-0.61872436 -0.64815726 -0.57563527 -0.63149215 -0.30313978  0.10128236
  0.05223395  0.14070496  0.16087265  0.27831979] 
[-0.61858667 -0.64820706 -0.57577792 -0.63137899 -0.30277359  0.1017481
  0.05264717  0.14092071  0.16092435  0.27843454] 
[-0.61844911 -0.64825784 -0.57592098 -0.63126616 -0.3024068   0.10221392
  0.0530588   0.14113591  0.16097646  0.27854917] 
[-0.61831571 -0.64831188 -0.57606922 -0.63115778 -0.30204122  0.10267372
  0.05346672  0.14134506  0.16102737  0.27866411] 
[-0.61818362 -0.64836516 -0.57621756 -0.63104947 -0.30167681  0.10313197
  0.05387425  0.14155356  0.16107892  0.27877908] 
[-0.61805406 -0.64841653 -0.57635994 -0.63094375 -0.30131532  0.10359054
  0.05428665  0.14176593  0.16112589  0.27889598] 
[-0.61792255 -0.64847192 -0.57650037 -0.63083514 -0.30095088  0.1040476
  0.05469316  0.14198223  0.1611795   0.27901383] 
[-0.61778046 -0.64850544 -0.57662169 -0.63071564 -0.30060225  0.10452737
  0.05513534  0.14219712  0.16120992  0.27913583] 
[-0.61762993 -0.64853945 -0.57674411 -0.63059544 -0.30025301  0.10501462
  0.05557636  0.14240561  0.16123537  0.27926525] 
[-0.61747457 -0.64857511 -0.57686523 -0.63047401 -0.29990384  0.10550971
  0.05601777  0.14261312  0.16125901  0.27940302] 
[-0.61732076 -0.6486107  -0.57698558 -0.63035252 -0.2995556   0.10600337
  0.05645862  0.14282101  0.16128354  0.2795406 ] 
[-0.61716781 -0.64864615 -0.5771054  -0.63023075 -0.29920703  0.10649651
  0.05689865  0.14302813  0.16130816  0.27967835] 
[-0.61701526 -0.64868208 -0.57722574 -0.63010957 -0.2988585   0.10698865
  0.05733718  0.14323501  0.16133347  0.27981614] 
[-0.61685982 -0.64872413 -0.5773445  -0.629992   -0.29851204  0.10748356
  0.05776856  0.1434431   0.16136381  0.27994872] 
[-0.61670644 -0.64877186 -0.5774673  -0.62987037 -0.29816589  0.1079788
  0.05819296  0.14365351  0.16140417  0.28007372] 
[-0.61655543 -0.64881993 -0.57759075 -0.6297482  -0.29781842  0.10847143
  0.05861447  0.14386386  0.16144751  0.2801963 ] 
[-0.61640305 -0.64886748 -0.5777111  -0.62962692 -0.29747197  0.10896751
  0.05903785  0.1440773   0.16148541  0.28032473] 
[-0.61626886 -0.6489045  -0.57782779 -0.62951481 -0.29713937  0.10944327
  0.05945762  0.14428303  0.16152926  0.28045196] 
[-0.61613528 -0.64894105 -0.57794474 -0.6294034  -0.29680745  0.10991858
  0.05987715  0.14448812  0.16157244  0.28058008] 
[-0.61599898 -0.6489792  -0.57806214 -0.62929131 -0.29647126  0.11038654
  0.06028112  0.1446852   0.16162467  0.28069659] 
[-0.61586361 -0.64901698 -0.57818182 -0.62917845 -0.2961327   0.11085453
  0.0606834   0.14488018  0.16167622  0.28081108] 
[-0.61572679 -0.64905495 -0.57830217 -0.62906358 -0.29579264  0.11132485
  0.0610843   0.14507296  0.16172957  0.28092413] 
[-0.61559163 -0.64909253 -0.57842428 -0.62894789 -0.29545489  0.11179369
  0.06148273  0.1452635   0.16178179  0.28103894] 
[-0.61546177 -0.64912386 -0.57854002 -0.6288353  -0.29512295  0.11225252
  0.06187344  0.14544818  0.16182911  0.28116358] 
[-0.61533054 -0.64915687 -0.57865666 -0.62872336 -0.29479167  0.11271198
  0.06226228  0.14563329  0.16187802  0.28128878] 
[-0.61519643 -0.6491912  -0.57877855 -0.62861089 -0.29445887  0.11317192
  0.06265204  0.14581412  0.16192594  0.28141316] 
[-0.61506824 -0.64922293 -0.57889659 -0.62850076 -0.29413084  0.11362652
  0.06304427  0.14599759  0.16197564  0.28153873] 
[-0.61493776 -0.64925825 -0.57901902 -0.62839401 -0.29380106  0.11407856
  0.06343102  0.14618006  0.16202261  0.28166716] 
[-0.61480934 -0.64929259 -0.57914122 -0.62828798 -0.29347201  0.11452818
  0.06381614  0.14636216  0.16206917  0.28179682] 
[-0.614667   -0.64931911 -0.57927465 -0.62818687 -0.29314641  0.11499082
  0.06421447  0.14653313  0.16210312  0.28192536] 
[-0.61452709 -0.64934682 -0.57940961 -0.6280867  -0.29282415  0.11545287
  0.06460693  0.14669971  0.16214096  0.28205396] 
[-0.61438406 -0.64937061 -0.57954323 -0.62798242 -0.29249825  0.11591559
  0.06500481  0.14686625  0.16218331  0.28218455] 
[-0.61424195 -0.64939279 -0.57967445 -0.62787912 -0.29217459  0.11637681
  0.06540363  0.14703445  0.16222572  0.28231669] 
[-0.61410528 -0.64941675 -0.57981002 -0.62778166 -0.2918482   0.11683048
  0.06579516  0.14720054  0.16226316  0.28245249] 
[-0.61397158 -0.64944278 -0.57994417 -0.62768275 -0.29152799  0.1172798
  0.06618661  0.14736245  0.16229538  0.28259216] 
[-0.61383314 -0.6494699  -0.58007837 -0.62758363 -0.29120778  0.11773452
  0.06657967  0.14752269  0.16232395  0.28272978] 
[-0.61369935 -0.64949605 -0.58020994 -0.62748391 -0.29088806  0.11818447
  0.06696947  0.14768641  0.16235603  0.28286874] 
[-0.61356273 -0.64951265 -0.5803331  -0.62737894 -0.29056086  0.11863632
  0.06737352  0.14786325  0.16238422  0.28300418] 
[-0.6134271  -0.64952963 -0.5804554  -0.62727398 -0.29023453  0.11908751
  0.06777658  0.14804059  0.16241313  0.28313996] 
[-0.61329128 -0.64954724 -0.5805819  -0.62716929 -0.28990507  0.11953805
  0.06817884  0.14821685  0.16244233  0.28327793] 
[-0.61317118 -0.64955364 -0.58069829 -0.62707319 -0.28957516  0.11997807
  0.06858929  0.14838967  0.16246409  0.28340996] 
[-0.61304887 -0.64955864 -0.58080251 -0.62697541 -0.28926158  0.12040738
  0.06898743  0.14856877  0.16249554  0.28355371] 
[-0.61292684 -0.64956198 -0.58090695 -0.62686865 -0.2889386   0.12084096
  0.0693959   0.14875011  0.16252965  0.28369484] 
[-0.61281271 -0.64956607 -0.5810086  -0.62677062 -0.2886229   0.12126899
  0.06979552  0.14892813  0.16255692  0.28383226] 
[-0.61269373 -0.64956428 -0.58111806 -0.62666282 -0.28831653  0.12168398
  0.07017976  0.14910805  0.16259857  0.2839565 ] 
[-0.61257595 -0.6495637  -0.58122672 -0.62655528 -0.28801002  0.12209813
  0.07056457  0.14928915  0.16264222  0.28408069] 
[-0.61246379 -0.64956825 -0.58133997 -0.62644559 -0.28770847  0.12250399
  0.0709414   0.14946834  0.16268705  0.28420581] 
[-0.612353   -0.6495747  -0.58145274 -0.62633704 -0.28740892  0.12290984
  0.07131582  0.14964674  0.1627301   0.28433148] 
[-0.61223704 -0.64958648 -0.58157234 -0.62623166 -0.28710504  0.12331893
  0.07168513  0.1498192   0.16277193  0.28445363] 
[-0.61212189 -0.64959763 -0.58169107 -0.62612622 -0.28680161  0.12372713
  0.07205407  0.14999187  0.16281328  0.28457611] 
[-0.61200157 -0.6496067  -0.58181182 -0.6260222  -0.28650005  0.1241388
  0.07242088  0.15016638  0.16285865  0.28470059] 
[-0.61188401 -0.64961383 -0.58193123 -0.62591965 -0.28619796  0.12454801
  0.07278808  0.15034007  0.16290478  0.28482608] 
[-0.61176699 -0.64962009 -0.5820497  -0.62581485 -0.28589649  0.12495681
  0.07315615  0.15051673  0.16295142  0.28495219] 
[-0.61163602 -0.64963737 -0.5822017  -0.62570422 -0.28560611  0.12535012
  0.07349643  0.15065985  0.16298948  0.2850648 ] 
[-0.61151258 -0.64965261 -0.58234454 -0.62559059 -0.28531761  0.12574113
  0.07383389  0.15080992  0.16302468  0.28517425] 
[-0.61138534 -0.64966723 -0.58249044 -0.6254744  -0.2850306   0.12613484
  0.07416911  0.15095731  0.16306301  0.28528555] 
[-0.6112586  -0.64968192 -0.58263607 -0.62535849 -0.28474388  0.12652812
  0.07450385  0.15110475  0.16310149  0.28539693] 
[-0.6111291  -0.64969645 -0.5827826  -0.62524264 -0.28445735  0.126923
  0.07484119  0.15124925  0.16313898  0.28550899] 
[-0.61100413 -0.64970753 -0.58292885 -0.62512353 -0.28417394  0.1273144
  0.07518216  0.15139694  0.16317856  0.28562326] 
[-0.61087666 -0.64971798 -0.58307461 -0.62500666 -0.28388765  0.12770808
  0.07551963  0.15154296  0.16322142  0.28573402] 
[-0.61074503 -0.64973111 -0.58321497 -0.62489106 -0.28360343  0.12810689
  0.07585936  0.15169357  0.16326266  0.28584498] 
[-0.61061818 -0.64974203 -0.58335104 -0.62477561 -0.28332401  0.12850205
  0.0762002   0.15184271  0.16330062  0.28596029] 
[-0.61049087 -0.6497528  -0.58348752 -0.62465975 -0.2830453   0.12889732
  0.07654058  0.15199241  0.16333875  0.28607552] 
[-0.61036644 -0.64976091 -0.58362129 -0.62454555 -0.28276933  0.12929251
  0.07688291  0.15214064  0.16337415  0.28619045] 
[-0.61024077 -0.649767   -0.58375019 -0.62442955 -0.2824958   0.12968983
  0.07722433  0.15229272  0.16340762  0.2863045 ] 
[-0.61011549 -0.64977309 -0.58387944 -0.62431422 -0.28222216  0.13008618
  0.07756474  0.15244506  0.16344174  0.28641879] 
[-0.60999082 -0.64977932 -0.58400844 -0.6241992  -0.28194871  0.13048204
  0.07790458  0.15259728  0.16347591  0.28653312] 
[-0.60987036 -0.64978176 -0.58413829 -0.62408272 -0.28167802  0.13087371
  0.07824703  0.15275247  0.1635094   0.2866454 ] 
[-0.60974965 -0.6497845  -0.58426984 -0.62396622 -0.28140508  0.13126536
  0.07859111  0.15290491  0.16354034  0.28675738] 
[-0.60962898 -0.64978599 -0.58439962 -0.623849   -0.2811337   0.13165641
  0.0789359   0.15305904  0.16357307  0.28686845] 
[-0.60950987 -0.64978676 -0.58452948 -0.62373127 -0.2808632   0.13204616
  0.07928116  0.15321387  0.16360669  0.28697998] 
[-0.60938696 -0.64978821 -0.58466356 -0.62361332 -0.28059193  0.13243707
  0.07962508  0.15336786  0.16364188  0.28709063] 
[-0.60926401 -0.64978998 -0.58479706 -0.62349306 -0.28032047  0.13283027
  0.07997004  0.15352264  0.16367781  0.28719897] 
[-0.60914141 -0.64979226 -0.58493003 -0.62337314 -0.28004915  0.13322338
  0.08031439  0.15367736  0.16371391  0.28730706] 
[-0.6090244  -0.64979016 -0.58505702 -0.62325915 -0.27977407  0.13361766
  0.08065134  0.15382716  0.16375246  0.28741979] 
[-0.6089035  -0.64978932 -0.5851941  -0.62313789 -0.27948835  0.13401993
  0.08098986  0.1539745   0.16379335  0.28752924] 
[-0.60878499 -0.64978578 -0.58532811 -0.62301537 -0.27920529  0.13442321
  0.0813317   0.1541211   0.16383159  0.28763887] 
[-0.60866621 -0.64978353 -0.58546081 -0.62289403 -0.27892219  0.13482574
  0.08167375  0.15426707  0.1638703   0.28774982] 
[-0.60854798 -0.6497814  -0.58559327 -0.62277305 -0.2786394   0.13522769
  0.08201526  0.15441299  0.16390911  0.28786087] 
[-0.60843022 -0.64977934 -0.58572546 -0.62265248 -0.27835692  0.13562915
  0.08235621  0.15455884  0.16394794  0.28797208] 
[-0.60831061 -0.64977763 -0.58584843 -0.62254125 -0.27808529  0.13602314
  0.08268792  0.15470618  0.16398327  0.28808801] 
[-0.60819175 -0.64977604 -0.58597121 -0.62243019 -0.27781415  0.13641643
  0.08301934  0.15485359  0.16401853  0.28820423] 
[-0.60807341 -0.64977446 -0.5860937  -0.62231941 -0.27754338  0.13680917
  0.08335038  0.15500101  0.16405381  0.28832063] 
[-0.6079557  -0.64977344 -0.58621656 -0.62220931 -0.27727238  0.13720149
  0.08368032  0.1551478   0.16408901  0.28843664] 
[-0.60784049 -0.6497716  -0.58634003 -0.62209673 -0.27700466  0.13759038
  0.08401271  0.15529203  0.16412518  0.28855036] 
[-0.60772616 -0.6497712  -0.58646239 -0.62198454 -0.27673849  0.13797747
  0.08434285  0.15543618  0.16416279  0.2886642 ] 
[-0.60761305 -0.64977318 -0.58658555 -0.62187398 -0.27647412  0.13836419
  0.08467     0.15558125  0.1642025   0.28877901] 
[-0.6075004  -0.64977545 -0.58670822 -0.62176365 -0.27620981  0.13875069
  0.08499664  0.1557264   0.16424216  0.28889416] 
[-0.60738989 -0.64977693 -0.58683219 -0.6216532  -0.2759452   0.13913466
  0.08532127  0.15587059  0.16428255  0.28900998] 
[-0.6072815  -0.64977944 -0.58695846 -0.62154197 -0.27567891  0.13951674
  0.08564631  0.15601299  0.16432248  0.28912394] 
[-0.60718405 -0.64977583 -0.58708824 -0.62142892 -0.27540664  0.13988778
  0.08596517  0.1561606   0.16436044  0.28923051] 
[-0.60708397 -0.64977732 -0.5872259  -0.62131787 -0.27512841  0.1402574
  0.08628211  0.15630449  0.1644034   0.28933139] 
[-0.60697862 -0.64978291 -0.58736862 -0.62120952 -0.27485164  0.14063246
  0.0866019   0.1564439   0.16444309  0.28943057] 
[-0.60687245 -0.64978843 -0.58751755 -0.62109761 -0.27456968  0.14101044
  0.0869198   0.15657871  0.16448521  0.28952912] 
[-0.60676754 -0.64979544 -0.5876661  -0.62098517 -0.27428919  0.1413885
  0.08723623  0.15671436  0.1645267   0.28962754] 
[-0.60666349 -0.64980327 -0.58781516 -0.62087257 -0.2740097   0.14176606
  0.08755172  0.15684886  0.16456794  0.28972653] 
[-0.60656651 -0.64980682 -0.58795411 -0.6207647  -0.27373864  0.14213767
  0.08787058  0.15698814  0.16460166  0.28983296] 
[-0.60646761 -0.64981375 -0.58809602 -0.62066029 -0.27346541  0.14250695
  0.0881847   0.15712791  0.16463333  0.2899411 ] 
[-0.60637632 -0.64982569 -0.58823226 -0.62055828 -0.27319774  0.14286807
  0.08849158  0.15726833  0.16466782  0.29004503] 
[-0.60628769 -0.64983224 -0.58837606 -0.6204532  -0.27293692  0.14322068
  0.08879161  0.15739855  0.16469561  0.29015222] 
[-0.60619948 -0.64983893 -0.58851966 -0.62034839 -0.27267646  0.14357283
  0.08909132  0.15752872  0.16472354  0.2902595 ] 
[-0.60610783 -0.64984542 -0.58866574 -0.62024414 -0.27240924  0.1439298
  0.08938945  0.15766319  0.16475488  0.29036298] 
[-0.60601395 -0.6498518  -0.58881493 -0.62013724 -0.27214176  0.1442889
  0.089686    0.15779882  0.16479091  0.29046297] 
[-0.60591901 -0.64985902 -0.58896438 -0.6200299  -0.27187506  0.14464882
  0.08998183  0.15793498  0.16482695  0.29056268] 
[-0.60582489 -0.64986652 -0.58911317 -0.61992231 -0.27160829  0.145008
  0.09027742  0.15807296  0.16486518  0.29066165] 
[-0.60573061 -0.64987333 -0.58926336 -0.61981599 -0.27134078  0.14536653
  0.09057351  0.15820953  0.1649024   0.29076   ] 
[-0.60563681 -0.6498806  -0.58941248 -0.61971071 -0.27107441  0.14572462
  0.09086908  0.1583455   0.16493879  0.29085892] 
[-0.60554482 -0.64988446 -0.58955755 -0.61960413 -0.27080699  0.14608567
  0.09116403  0.15847861  0.16496858  0.29096387] 
[-0.60545323 -0.6498884  -0.58970232 -0.61949785 -0.27053993  0.14644625
  0.09145856  0.15861166  0.16499847  0.29106894] 
[-0.60536185 -0.64989264 -0.58984674 -0.61939143 -0.27027307  0.14680622
  0.09175246  0.15874596  0.16502981  0.29117481] 
[-0.60527061 -0.64989731 -0.58999081 -0.61928543 -0.27000613  0.14716606
  0.09204568  0.15888053  0.16506171  0.29128032] 
[-0.60517121 -0.6498996  -0.59014152 -0.61918182 -0.26974034  0.14753386
  0.09234307  0.15900987  0.1650888   0.29138436] 
[-0.60507221 -0.64990146 -0.59029143 -0.61907802 -0.26947472  0.14790058
  0.09263931  0.1591387   0.16511639  0.29148887] 
[-0.60497226 -0.64990328 -0.5904423  -0.61897381 -0.26920971  0.14826765
  0.09293463  0.15926671  0.16514499  0.2915942 ] 
[-0.6048706  -0.64990402 -0.59059807 -0.61887313 -0.26894015  0.14863173
  0.09322504  0.1593943   0.16517448  0.29169506] 
[-0.60476931 -0.64990487 -0.59075348 -0.61877274 -0.26867088  0.14899543
  0.09351505  0.15952183  0.16520413  0.29179601] 
[-0.60466828 -0.64990514 -0.59090506 -0.61867012 -0.26840163  0.14935898
  0.09380834  0.15965333  0.16523329  0.29189676] 
[-0.60456621 -0.64990532 -0.59105761 -0.61856863 -0.26813352  0.14972295
  0.09409997  0.15978333  0.16526319  0.29199842] 
[-0.60446815 -0.64990766 -0.59120661 -0.61846736 -0.26786451  0.15008272
  0.09438803  0.15991625  0.16529461  0.29210166] 
[-0.60437255 -0.64990821 -0.59135433 -0.61836751 -0.26759787  0.15044008
  0.09467722  0.16004927  0.16532513  0.29220675] 
[-0.60427485 -0.64990918 -0.59150218 -0.6182663  -0.26733369  0.15079698
  0.09496936  0.16018459  0.16535335  0.29231557] 
[-0.60417801 -0.64991155 -0.59164865 -0.61816606 -0.26707046  0.15115206
  0.09525916  0.16031849  0.16538127  0.29242577] 
[-0.60408123 -0.64991563 -0.59179618 -0.61806716 -0.26680643  0.15150572
  0.09554642  0.16045133  0.16541071  0.29253572] 
[-0.60398494 -0.64991972 -0.59194329 -0.6179686  -0.26654278  0.15185887
  0.09583332  0.16058416  0.16544021  0.29264577] 
[-0.60389051 -0.64992204 -0.59208851 -0.61786741 -0.26627895  0.15221081
  0.09612297  0.16072057  0.16547243  0.29275601] 
[-0.60379581 -0.64992474 -0.59223375 -0.61776459 -0.266015    0.15256216
  0.09641206  0.1608588   0.16550568  0.29286779] 
[-0.60370146 -0.64992872 -0.59237606 -0.61766086 -0.26575388  0.15291163
  0.09670251  0.16099925  0.16554086  0.29297863] 
[-0.6036051  -0.64993292 -0.59252244 -0.61756032 -0.26549507  0.15326206
  0.09698855  0.16113376  0.16557261  0.2930875 ] 
[-0.60350899 -0.64993389 -0.59266781 -0.61745917 -0.26523472  0.15361269
  0.09727793  0.16127129  0.16560328  0.29319882] 
[-0.60341206 -0.64993847 -0.59281024 -0.61735876 -0.26497816  0.15396484
  0.09756314  0.16140586  0.16563602  0.29331291] 
[-0.60331315 -0.64994479 -0.59295273 -0.61725683 -0.26471953  0.15431861
  0.09784656  0.16153947  0.165671    0.29342515] 
[-0.60321584 -0.6499498  -0.59309618 -0.61715385 -0.26446262  0.15467037
  0.09813041  0.16167172  0.16570655  0.29353871] 
[-0.60311928 -0.64995482 -0.59323954 -0.61705085 -0.26420626  0.15502159
  0.09841354  0.16180373  0.16574274  0.29365197] 
[-0.60302248 -0.64996078 -0.59338358 -0.61694736 -0.26395087  0.15537203
  0.09869661  0.16193495  0.16577999  0.293766  ] 
[-0.60292611 -0.64996676 -0.593527   -0.61684411 -0.26369588  0.155722
  0.09897936  0.16206648  0.16581758  0.29388002] 
[-0.60283011 -0.64997317 -0.59367071 -0.61674188 -0.26344165  0.15607078
  0.09926205  0.16219704  0.16585589  0.29399422] 
[-0.60273193 -0.64998005 -0.59380931 -0.61663826 -0.26319366  0.15641753
  0.09954637  0.16232408  0.16588744  0.29411568] 
[-0.60263238 -0.64998671 -0.59394445 -0.61653865 -0.26294931  0.15676604
  0.09982755  0.16244801  0.16591592  0.29423962] 
[-0.60253286 -0.64999387 -0.59407914 -0.61643875 -0.26270459  0.15711405
  0.10010856  0.16257179  0.16594553  0.29436263] 
[-0.6024342  -0.65000125 -0.59421324 -0.61633926 -0.26246096  0.1574605
  0.10038829  0.16269637  0.16597578  0.29448475] 
[-0.60233592 -0.65000728 -0.59434648 -0.61624108 -0.26221792  0.15780669
  0.10066906  0.16282097  0.16600398  0.29460854] 
[-0.60224276 -0.65001691 -0.5944765  -0.61614631 -0.26197343  0.15814722
  0.10094428  0.1629471   0.16603631  0.2947314 ] 
[-0.60214843 -0.6500294  -0.59460452 -0.61604958 -0.26172677  0.15848594
  0.10121614  0.16307631  0.16607168  0.29485072] 
[-0.60205313 -0.65003848 -0.59472557 -0.61595882 -0.26148701  0.15882421
  0.1014808   0.16320489  0.16611453  0.2949632 ] 
[-0.60197025 -0.65003881 -0.59483401 -0.61587105 -0.2612563   0.15915207
  0.10174957  0.16334283  0.16615058  0.29507293] 
[-0.60188971 -0.6500346  -0.59493493 -0.61578529 -0.26103194  0.15947483
  0.10201586  0.16348516  0.16618046  0.29518982] 
[-0.60180972 -0.65003004 -0.59503589 -0.61569949 -0.26080778  0.15979751
  0.1022824   0.16362774  0.16621037  0.2953066 ] 
[-0.60172969 -0.65002485 -0.59513621 -0.61561418 -0.26058338  0.1601194
  0.102549    0.16377012  0.16624131  0.29542238] 
[-0.60164979 -0.65001998 -0.59523667 -0.61552934 -0.26035898  0.16044082
  0.10281498  0.1639124   0.16627211  0.29553835] 
[-0.60157018 -0.65001523 -0.595337   -0.61544474 -0.26013473  0.16076192
  0.10308062  0.16405451  0.16630301  0.29565426] 
[-0.60149182 -0.65001074 -0.59543563 -0.61536047 -0.25991201  0.16108312
  0.103345    0.16419653  0.16633379  0.29577049] 
[-0.60141347 -0.65000612 -0.59553391 -0.61527625 -0.25969005  0.1614037
  0.10360963  0.16433875  0.16636485  0.29588668] 
[-0.6013336  -0.65000388 -0.59563574 -0.61519504 -0.25946575  0.16172316
  0.10387451  0.16447732  0.16639334  0.29600079] 
[-0.60125401 -0.65000171 -0.59573746 -0.61511403 -0.25924165  0.1620423
  0.10413907  0.16461576  0.16642196  0.29611491] 
[-0.60117496 -0.64999972 -0.59583878 -0.61503359 -0.25901756  0.16236114
  0.10440313  0.16475373  0.16645029  0.29622938] 
[-0.60109565 -0.64999816 -0.5959387  -0.61495233 -0.25879473  0.16267936
  0.10466789  0.16489311  0.1664797   0.29634461] 
[-0.601015   -0.64999527 -0.59604082 -0.61487133 -0.25857218  0.16299925
  0.10493332  0.16503147  0.16651135  0.29645846] 
[-0.60093648 -0.6499937  -0.5961436  -0.61479263 -0.25835198  0.16331644
  0.10519932  0.16517092  0.16654121  0.29657403] 
[-0.60085682 -0.64999338 -0.59624506 -0.61471377 -0.25813286  0.16363462
  0.1054641   0.16531095  0.1665709   0.2966889 ] 
[-0.60077738 -0.64999305 -0.59634608 -0.61463531 -0.25791394  0.16395276
  0.1057289   0.16545098  0.1666006   0.29680355] 
[-0.60069775 -0.64999193 -0.59644882 -0.61455703 -0.25769308  0.16427037
  0.10599505  0.16559278  0.16663216  0.29691574] 
[-0.60061892 -0.64999043 -0.59655124 -0.61447864 -0.2574723   0.16458742
  0.10626134  0.16573483  0.16666432  0.29702763] 
[-0.60053976 -0.64998996 -0.59665188 -0.61439924 -0.25725334  0.16490472
  0.10652559  0.16587622  0.16669659  0.2971382 ] 
[-0.60046071 -0.64998925 -0.59675275 -0.61431968 -0.25703484  0.1652215
  0.10678977  0.16601723  0.16672924  0.29724903] 
[-0.60038016 -0.6499881  -0.59685298 -0.61424205 -0.25681531  0.1655395
  0.10705228  0.1661564   0.16675996  0.29735912] 
[-0.60029927 -0.64998758 -0.59695286 -0.61416429 -0.25659549  0.1658579
  0.10731404  0.16629499  0.16679042  0.29746889] 
[-0.60021852 -0.64998734 -0.59705374 -0.61408643 -0.25637494  0.16617606
  0.1075752   0.16643329  0.16682212  0.29757809] 
[-0.60013815 -0.64998743 -0.59715446 -0.6140088  -0.25615423  0.16649416
  0.10783627  0.16657141  0.16685431  0.2976868 ] 
[-0.6000592  -0.64998812 -0.59725426 -0.61392946 -0.2559321   0.16680969
  0.10809423  0.16670778  0.16688964  0.29779465] 
[-0.59998279 -0.64998762 -0.59735615 -0.61385126 -0.25570849  0.1671229
  0.10835239  0.16684254  0.16692662  0.29790014] 
[-0.59990746 -0.64998595 -0.5974564  -0.61377412 -0.25548643  0.1674366
  0.10861184  0.1669767   0.16696406  0.2980068 ] 
[-0.59983174 -0.64998354 -0.59755652 -0.61369792 -0.25526481  0.16774928
  0.10887084  0.16711085  0.16700219  0.29811433] 
[-0.59975604 -0.6499811  -0.5976565  -0.61362161 -0.25504309  0.16806195
  0.1091293   0.16724478  0.16704079  0.29822159] 
[-0.59968105 -0.64997861 -0.59775616 -0.61354513 -0.25482168  0.16837432
  0.10938801  0.16737858  0.16707893  0.29832907] 
[-0.59960674 -0.64997328 -0.59785163 -0.61346636 -0.25460454  0.16868314
  0.10964414  0.16751433  0.16711814  0.2984402 ] 
[-0.59953149 -0.64996643 -0.59794736 -0.61338978 -0.25438951  0.16899066
  0.10990071  0.16764863  0.16715415  0.2985541 ] 
[-0.59945987 -0.64996115 -0.59804398 -0.6133121  -0.25417673  0.16929494
  0.11015859  0.16778422  0.16718918  0.29866598] 
[-0.59938797 -0.64995655 -0.59814141 -0.61323392 -0.25396479  0.16959856
  0.11041648  0.16791898  0.16722502  0.29877839] 
[-0.59931566 -0.64995393 -0.59823618 -0.61315875 -0.25375283  0.16990037
  0.11067161  0.16805517  0.16725792  0.29889341] 
[-0.59924504 -0.64994971 -0.59832913 -0.61308172 -0.25354235  0.17020292
  0.11092873  0.16819095  0.16729274  0.29900686] 
[-0.59917615 -0.64994648 -0.59842092 -0.61300464 -0.25333194  0.17050374
  0.11118436  0.16832781  0.16732865  0.29911958] 
[-0.59910677 -0.64994263 -0.5985123  -0.61292783 -0.25312059  0.17080527
  0.11143941  0.16846535  0.16736599  0.29923099] 
[-0.59903795 -0.64993859 -0.59860337 -0.61285147 -0.25290971  0.17110634
  0.11169429  0.16860282  0.167403    0.29934258] 
[-0.5989662  -0.64993358 -0.59869653 -0.61277674 -0.25270012  0.17140917
  0.11194667  0.16874222  0.16744377  0.2994512 ] 
[-0.59889671 -0.64993028 -0.59878688 -0.61270059 -0.25249275  0.17171248
  0.11219666  0.16888373  0.1674889   0.29955662] 
[-0.59882594 -0.64992967 -0.59887544 -0.61262688 -0.25228796  0.17201639
  0.11244434  0.16902296  0.1675354   0.29966313] 
[-0.59875404 -0.64992997 -0.59896142 -0.61255572 -0.25208622  0.17231774
  0.11269131  0.16916263  0.16758543  0.29976664] 
[-0.5986823  -0.64993046 -0.59904769 -0.61248498 -0.25188431  0.17261902
  0.11293764  0.16930194  0.1676355   0.29987016] 
[-0.59860995 -0.64992867 -0.59913134 -0.61241634 -0.25168116  0.17291943
  0.11318657  0.16944411  0.16768348  0.29997253] 
[-0.5985382  -0.64992592 -0.5992131  -0.61234595 -0.25148048  0.17321784
  0.11343611  0.16958493  0.16773259  0.30007437] 
[-0.59846691 -0.64992352 -0.59929511 -0.61227609 -0.25128019  0.17351613
  0.1136856   0.16972514  0.16778125  0.30017604] 
[-0.59839695 -0.64992129 -0.59937692 -0.61220672 -0.25108087  0.17381357
  0.11393384  0.16986487  0.16782907  0.3002771 ] 
[-0.59832694 -0.64991946 -0.59946028 -0.61213602 -0.25088122  0.17411054
  0.11418139  0.17000466  0.16787894  0.30037774] 
[-0.59825744 -0.64991664 -0.59954237 -0.6120648  -0.25068196  0.1744075
  0.11442997  0.17014542  0.16792805  0.30047858] 
[-0.59818746 -0.64991578 -0.59962581 -0.61199575 -0.25048513  0.17470255
  0.11467894  0.17028354  0.16797733  0.30058149] 
[-0.59811694 -0.64991518 -0.5997093  -0.61192691 -0.25028886  0.17499791
  0.11492746  0.17042164  0.16802707  0.30068485] 
[-0.59804807 -0.64991329 -0.59979214 -0.61185817 -0.25009176  0.17529243
  0.11517633  0.17056111  0.16807707  0.3007882 ] 
[-0.59797981 -0.64991117 -0.5998749  -0.61178935 -0.24989485  0.17558637
  0.11542507  0.17070071  0.16812714  0.30089133] 
[-0.59791066 -0.64990927 -0.59995959 -0.61172188 -0.24969889  0.17588044
  0.11567154  0.17083819  0.16817879  0.30099349] 
[-0.59784177 -0.64990756 -0.60004423 -0.61165503 -0.24950384  0.17617492
  0.11591854  0.17097494  0.16822897  0.30109683] 
[-0.59777321 -0.64990584 -0.60012885 -0.61158839 -0.2493089   0.17646907
  0.1161653   0.1711115   0.16827916  0.30120024] 
[-0.59770513 -0.64990393 -0.60021312 -0.61152137 -0.2491142   0.17676237
  0.11641205  0.17124869  0.16832899  0.30130313] 
[-0.59763735 -0.64990441 -0.60029573 -0.61145529 -0.24891835  0.1770536
  0.1166551   0.17138257  0.16837504  0.3014091 ] 
[-0.59757128 -0.64990412 -0.60037644 -0.61138867 -0.24872482  0.17734266
  0.11689955  0.17151552  0.16842263  0.30151552] 
[-0.59750516 -0.64990376 -0.60045715 -0.61132271 -0.24853129  0.17763164
  0.11714536  0.17164787  0.16846793  0.30162277] 
[-0.59743951 -0.64990354 -0.60053765 -0.611257   -0.24833776  0.17792017
  0.11739099  0.17178032  0.16851348  0.30172978] 
[-0.59737402 -0.6499033  -0.60061802 -0.61119141 -0.24814442  0.1782085
  0.11763631  0.17191268  0.16855898  0.30183686] 
[-0.59730928 -0.64990368 -0.60069686 -0.61112721 -0.24795252  0.1784977
  0.11788239  0.17204351  0.16860201  0.30194598] 
[-0.59724409 -0.64990425 -0.60077651 -0.61106261 -0.24776113  0.17878683
  0.11812803  0.17217345  0.16864535  0.30205448] 
[-0.59717967 -0.64990573 -0.60085979 -0.61100015 -0.24757189  0.17907274
  0.11837449  0.17230046  0.16869239  0.30215927] 

 Time 
1032.5335137844086 
