Energy 
 
-8.106606214627288 
-8.10953672766917 
-8.112464074012118 
-8.11538825707039 
-8.11830928025745 
-8.121227146985646 
-8.12414186066658 
-8.127053424711303 
-8.12996184252954 
-8.132867117530287 
-8.135769253121879 
-8.138668252711764 
-8.141564119706201 
-8.144456857511043 
-8.147346469530916 
-8.150232959169907 
-8.153116329831047 
-8.155996584916736 
-8.158873727827999 
-8.161747761965783 
-8.16461869072961 
-8.167486517518267 
-8.170351245729977 
-8.173212878761662 
-8.17607142000977 
-8.17892687286973 
-8.181779240736173 
-8.18462852700293 
-8.187474735062821 
-8.190317868307941 
-8.193157930129825 
-8.195994923918587 
-8.198828853063672 
-8.201659720954051 
-8.204487530977325 
-8.207312286520896 
-8.210133990970686 
-8.212952647711896 
-8.215768260129158 
-8.218580831606177 
-8.22139036552569 
-8.224196865269455 
-8.227000334218886 
-8.229800775754093 
-8.232598193254267 
-8.235392590098172 
-8.238183969663334 
-8.240972335326706 
-8.243757690464385 
-8.246540038451217 
-8.249319382661573 
-8.252095726469081 
-8.254869073246146 
-8.25763942636443 
-8.26040678919484 
-8.263171165107336 
-8.265932557471022 
-8.268690969654244 
-8.271446405024284 
-8.274198866947867 
-8.27694835879045 
-8.27969488391701 
-8.282438445691241 
-8.285179047476541 
-8.28791669263482 
-8.290651384527454 
-8.29338312651488 
-8.296111921956602 
-8.298837774211439 
-8.301560686637158 
-8.304280662590692 
-8.306997705427866 
-8.309711818504052 
-8.312423005173288 
-8.315131268789111 
-8.317836612703992 
-8.320539040269441 
-8.323238554836049 
-8.325935159753792 
-8.328628858371282 
-8.331319654036662 
-8.334007550097013 
-8.336692549898501 
-8.339374656786031 
-8.342053874104487 
-8.344730205196809 
-8.34740365340576 
-8.350074222072756 
-8.35274191453856 
-8.355406734142829 
-8.35806868422425 
-8.360727768120922 
-8.363383989169519 
-8.366037350706067 
-8.368687856065876 
-8.371335508582805 
-8.373980311589946 
-8.376622268419592 
-8.379261382403143 
-8.381897656870686 
-8.384531095151678 
-8.387161700574419 
-8.389789476466357 
-8.392414426153909 
-8.395036552962582 
-8.397655860216863 
-8.40027235124028 
-8.402886029355333 
-8.405496897883701 
-8.408104960145746 
-8.410710219461253 
-8.413312679148692 
-8.41591234252568 
-8.418509212908651 
-8.421103293613523 
-8.423694587954477 
-8.426283099245373 
-8.428868830798642 
-8.431451785925763 
-8.434031967937258 
-8.436609380142512 
-8.439184025850091 
-8.441755908367554 
-8.444325031000938 
-8.446891397055655 
-8.449455009836143 
-8.452015872645422 
-8.454573988785842 
-8.4571293615584 
-8.459681994263272 
-8.462231890199327 
-8.464779052664552 
-8.467323484955704 
-8.46986519036862 
-8.472404172198077 
-8.474940433737439 
-8.477473978279395 
-8.480004809115037 
-8.482532929535374 
-8.485058342828857 
-8.487581052284016 
-8.490101061187659 
-8.492618372825845 
-8.495132990483075 
-8.497644917443033 
-8.500154156988307 
-8.502660712400248 
-8.505164586958974 
-8.507665783943645 
-8.51016430663224 
-8.512660158301367 
-8.515153342226688 
-8.51764386168287 
-8.52013171994294 
-8.522616920279011 
-8.525099465962228 
-8.527579360262328 
-8.53005660644775 
-8.532531207785892 
-8.535003167543007 
-8.537472488984152 
-8.539939175373059 
-8.5424032299721 
-8.54486465604302 
-8.547323456845637 
-8.549779635639085 
-8.55223319568105 
-8.55468414022787 
-8.557132472534924 
-8.559578195856 
-8.56202131344393 
-8.56446182855017 
-8.566899744425038 
-8.569335064317368 
-8.571767791474803 
-8.574197929144095 
-8.576625480569998 
-8.579050448996588 
-8.581472837666254 
-8.583892649820333 
-8.586309888698953 
-8.588724557540491 
-8.59113665958261 
-8.593546198061123 
-8.595953176210914 
-8.598357597265336 
-8.600759464456377 
-8.603158781014884 
-8.605555550170022 
-8.607949775150114 
-8.610341459181791 
-8.612730605490437 
-8.615117217299833 
-8.617501297832687 
-8.619882850310361 
-8.622261877952543 
-8.624638383977858 
-8.627012371603183 
-8.629383844044423 
-8.631752804515862 
-8.634119256230155 
-8.636483202399045 
-8.63884464623259 
-8.64120359093933 
-8.64356003972629 
-8.645913995799694 
-8.648265462363643 
-8.65061444262114 
-8.65296093977331 
-8.655304957020613 
-8.657646497561355 
-8.65998556459267 
-8.66232216131018 
-8.664656290907928 
-8.666987956578586 
-8.669317161513465 
-8.671643908902098 
-8.673968201932803 
-8.676290043791981 
-8.678609437664946 
-8.680926386735438 
-8.68324089418555 
-8.68555296319565 
-8.68786259694511 
-8.690169798611327 
-8.692474571370267 
-8.694776918396403 
-8.697076842862561 
-8.699374347940257 
-8.701669436799019 
-8.703962112607153 
-8.706252378531174 
-8.708540237736381 
-8.710825693385924 
-8.713108748641659 
-8.715389406664215 
-8.717667670611595 
-8.719943543641525 
-8.722217028908824 
-8.724488129567648 
-8.726756848770199 
-8.729023189666552 
-8.73128715540626 
-8.733548749136139 
-8.735807974001977 
-8.738064833147599 
-8.740319329715357 
-8.74257146684586 
-8.744821247678056 
-8.747068675349237 
-8.749313752994787 
-8.751556483748987 
-8.753796870743699 
-8.75603491710958 
-8.758270625975271 
-8.760504000468131 
-8.762735043713251 
-8.764963758834346 
-8.767190148953302 
-8.769414217190308 
-8.771635966663874 
-8.773855400490602 
-8.776072521785244 
-8.77828733366139 
-8.78049983923005 
-8.782710041601083 
-8.784917943882252 
-8.787123549179777 
-8.789326860597678 
-8.791527881238842 
-8.793726614203646 
-8.795923062591154 
-8.79811722949837 
-8.800309118020634 
-8.80249873125152 
-8.804686072282372 
-8.806871144203328 
-8.809053950102005 
-8.81123449306495 
-8.813412776175928 
-8.815588802517777 
-8.817762575170912 
-8.819934097214134 
-8.82210337172406 
-8.824270401775703 
-8.82643519044215 
-8.828597740794653 
-8.830758055902391 
-8.832916138833005 
-8.835071992651546 
-8.837225620422144 
-8.839377025205707 
-8.841526210062726 
-8.84367317805069 
-8.845817932225485 
-8.847960475640999 
-8.850100811349165 
-8.852238942400419 
-8.854374871842412 
-8.856508602721577 
-8.858640138081885 
-8.860769480965798 
-8.862896634413358 
-8.86502160146282 
-8.867144385150448 
-8.869264988510603 
-8.871383414575492 
-8.873499666375393 
-8.875613746938496 
-8.87772565929124 
-8.879835406457541 
-8.881942991459917 
-8.88404841731834 
-8.886151687051099 
-8.888252803674105 
-8.890351770201667 
-8.892448589645417 
-8.894543265015788 
-8.89663579932012 
-8.898726195564729 
-8.90081445675297 
-8.902900585886822 
-8.904984585965597 
-8.907066459987014 
-8.90914621094616 
-8.911223841836716 
-8.913299355649578 
-8.9153727553741 
-8.917444043997097 
-8.919513224503318 
-8.921580299875698 
-8.923645273094962 
-8.925708147139042 
-8.927768924984598 
-8.929827609605885 
-8.931884203974871 
-8.933938711061451 
-8.935991133833085 
-8.93804147525586 
-8.940089738292425 
-8.942135925904601 
-8.944180041051114 
-8.946222086688795 
-8.948262065772383 
-8.950299981254158 
-8.95233583608477 
-8.954369633211819 
-8.956401375581162 
-8.958431066136608 
-8.960458707819427 
-8.962484303568782 
-8.964507856321806 
-8.966529369013076 
-8.968548844574729 
-8.970566285937359 
-8.972581696028902 
-8.974595077774804 
-8.97660643409877 
-8.978615767921966 
-8.980623082163154 
-8.982628379739008 
-8.984631663563984 
-8.986632936550128 
-8.988632201607054 
-8.9906294616424 
-8.992624719561556 
-8.994617978266946 
-8.996609240659536 
-8.998598509637375 
-9.000585788096599 
-9.002571078930591 
-9.004554385031028 
-9.006535709286563 
-9.008515054583844 
-9.010492423807326 
-9.012467819838928 
-9.014441245558224 
-9.016412703842532 
-9.018382197566636 
-9.020349729603085 
-9.022315302822053 
-9.024278920091351 
-9.026240584276355 
-9.028200298240183 
-9.03015806484364 
-9.032113886944517 
-9.034067767399097 
-9.036019709060563 
-9.03796971478043 
-9.039917787406704 
-9.041863929786269 
-9.043808144762556 
-9.045750435177203 
-9.047690803869065 
-9.049629253674807 
-9.05156578742832 
-9.05350040796162 
-9.055433118103824 
-9.057363920681649 
-9.059292818519605 
-9.061219814439514 
-9.063144911260975 
-9.065068111800617 
-9.06698941887337 
-9.068908835291086 
-9.070826363863297 
-9.072742007397288 
-9.074655768697422 
-9.076567650566108 
-9.078477655802844 
-9.080385787204687 
-9.082292047566378 
-9.084196439680198 
-9.086098966335635 
-9.08799963031983 
-9.089898434417512 
-9.091795381410547 
-9.093690474078645 
-9.095583715199194 
-9.097475107546229 
-9.099364653891923 
-9.10125235700581 
-9.103138219654689 
-9.10502224460289 
-9.106904434612463 
-9.1087847924427 
-9.110663320849955 
-9.112540022588833 
-9.114414900410486 
-9.116287957064507 
-9.11815919529691 
-9.120028617851665 
-9.121896227470227 
-9.123762026891011 
-9.125626018850573 
-9.127488206082363 
-9.129348591317093 
-9.131207177283315 
-9.13306396670703 
-9.134918962311122 
-9.136772166816273 
-9.138623582940479 
-9.140473213398812 
-9.142321060904441 
-9.144167128167181 
-9.146011417894794 
-9.147853932791946 
-9.149694675560738 
-9.15153364890111 
-9.153370855509987 
-9.155206298081405 
-9.157039979307394 
-9.158871901876958 
-9.160702068476361 
-9.162530481789325 
-9.16435714449713 
-9.166182059278256 
-9.168005228808417 
-9.169826655760604 
-9.171646342805381 
-9.17346429261054 
-9.175280507841187 
-9.17709499115951 
-9.178907745225775 
-9.180718772696745 
-9.18252807622675 
-9.184335658467509 
-9.18614152206836 
-9.187945669675182 
-9.189748103932029 
-9.191548827479261 
-9.193347842955495 
-9.19514515299639 
-9.196940760234467 
-9.198734667299995 
-9.20052687682014 
-9.202317391419752 
-9.204106213720591 
-9.205893346342272 
-9.207678791900937 
-9.209462553010587 
-9.211244632282048 
-9.213025032323841 
-9.214803755741482 
-9.21658080513789 
-9.218356183112899 
-9.220129892264346 
-9.221901935186278 
-9.22367231447103 
-9.225441032707616 
-9.227208092482154 
-9.228973496378513 
-9.230737246977746 
-9.232499346857269 
-9.234259798593202 
-9.23601860475751 
-9.237775767920414 
-9.239531290648705 
-9.241285175506802 
-9.243037425056 

 Time 
84812.74241995811 
