Parameters 
 
[-0.5 -0.5 -0.5 -0.5 -0.5 -0.5 -0.5 -0.5] 
[-0.69616103 -0.66917855 -0.6310033  -0.39075315 -0.22472198 -0.25582995
 -0.25215075 -0.3382581 ] 
[-0.77593534 -0.73117471 -0.69296737 -0.30720207 -0.08587482 -0.11413264
 -0.14396977 -0.2367443 ] 
[-0.781631   -0.77420101 -0.73563632 -0.25864009  0.00770569 -0.06573657
 -0.08204151 -0.1726266 ] 
[-0.78882573 -0.77691788 -0.73758068 -0.2129326   0.06221214 -0.05634199
 -0.08351335 -0.16766024] 
[-0.78928425 -0.77714865 -0.73745498 -0.17461511  0.10082453 -0.05596593
 -0.08317078 -0.16713281] 
[-0.79072845 -0.77708067 -0.73614288 -0.17194916  0.10338383 -0.05539167
 -0.08202403 -0.16561874] 
[-0.79266326 -0.77653431 -0.73385182 -0.16508415  0.10958895 -0.05468228
 -0.08038341 -0.16296487] 
[-0.79505233 -0.77578647 -0.73061466 -0.15675441  0.11615558 -0.05430009
 -0.07836702 -0.16024241] 
[-0.79595687 -0.77560473 -0.73065098 -0.15643849  0.11707325 -0.05388648
 -0.07851382 -0.1599752 ] 
[-0.7969193  -0.77567255 -0.73158138 -0.15627022  0.11891169 -0.05268765
 -0.07948225 -0.15990636] 
[-0.79774304 -0.77526302 -0.73152398 -0.1553039   0.12092095 -0.05207225
 -0.07999027 -0.15967302] 
[-0.79841725 -0.77516713 -0.73123334 -0.15499216  0.12169977 -0.05187806
 -0.07988267 -0.1593482 ] 
[-0.79912045 -0.77502137 -0.73088381 -0.15464492  0.12257646 -0.05165916
 -0.07976247 -0.15896984] 
[-0.79954086 -0.77523697 -0.73114496 -0.1542174   0.12318796 -0.05146635
 -0.07964385 -0.15908946] 
[-0.79999574 -0.77552744 -0.73140275 -0.15378841  0.12376413 -0.05127321
 -0.07946367 -0.15922972] 
[-0.80668576 -0.77810894 -0.73432137 -0.15310112  0.1210892  -0.04995165
 -0.07820653 -0.16335566] 
[-0.8096919  -0.77903135 -0.73528986 -0.15243195  0.12030523 -0.04943259
 -0.07765788 -0.16500044] 
[-0.81205245 -0.77967074 -0.73597442 -0.15178387  0.1197954  -0.04901573
 -0.07713126 -0.1662316 ] 
[-0.81584728 -0.7808185  -0.7365564  -0.15112023  0.11832288 -0.04855194
 -0.07631765 -0.16806761] 
[-0.81694052 -0.7810381  -0.73674234 -0.15043045  0.1187038  -0.0482698
 -0.07604613 -0.16851472] 
[-0.82694517 -0.78593089 -0.74017166 -0.14891243  0.11657546 -0.04667699
 -0.0767096  -0.17387837] 
[-0.83905822 -0.79286592 -0.74122289 -0.14578478  0.11296947 -0.04731592
 -0.07541114 -0.1803188 ] 
[-0.85387962 -0.80174626 -0.74262082 -0.14254178  0.10781675 -0.04792257
 -0.07345513 -0.1883681 ] 
[-0.85542465 -0.80273393 -0.74247012 -0.14186962  0.10771464 -0.04805396
 -0.0728853  -0.18904834] 
[-0.85711145 -0.8040542  -0.74233454 -0.1413285   0.10738125 -0.04839063
 -0.07231138 -0.18973936] 
[-0.85742284 -0.80391067 -0.74229502 -0.14042434  0.10793864 -0.04768391
 -0.07202839 -0.19003461] 
[-0.85892117 -0.80389639 -0.74167062 -0.13910846  0.10813887 -0.04727819
 -0.07092579 -0.19091426] 
[-0.86047474 -0.80454352 -0.74064938 -0.13865024  0.10763449 -0.04802127
 -0.06954599 -0.19104568] 
[-0.86117116 -0.80470508 -0.74019358 -0.13803816  0.10786661 -0.04802111
 -0.06883016 -0.1911288 ] 
[-0.86156088 -0.80457914 -0.74001053 -0.13740154  0.10836768 -0.04762558
 -0.06842134 -0.19129237] 
[-0.86184181 -0.80455771 -0.73996795 -0.13687387  0.10885819 -0.04723433
 -0.06808264 -0.19139413] 
[-0.86204665 -0.80437859 -0.73994613 -0.13623747  0.10948789 -0.04654614
 -0.06780189 -0.1915365 ] 
[-0.86229105 -0.80422167 -0.73984298 -0.13566192  0.11004303 -0.04597192
 -0.06750406 -0.19162429] 
[-0.86249829 -0.80416502 -0.73980394 -0.13517375  0.11061456 -0.04548581
 -0.06718093 -0.19171165] 
[-0.86272701 -0.80408849 -0.73978925 -0.13468145  0.11119086 -0.04494761
 -0.06683706 -0.19182638] 
[-0.86309918 -0.80390748 -0.73961378 -0.13411762  0.11171161 -0.0443576
 -0.06645058 -0.19194464] 
[-0.86455001 -0.8023859  -0.73683031 -0.13113919  0.1127065  -0.04320414
 -0.06534682 -0.19233537] 
[-0.86625789 -0.80048048 -0.73339146 -0.12756281  0.11372018 -0.04192528
 -0.06410856 -0.19275476] 
[-0.86690409 -0.79940606 -0.7320294  -0.12534001  0.1144171  -0.04112829
 -0.06352276 -0.19321631] 
[-0.86728706 -0.79890825 -0.73124513 -0.12374208  0.11507447 -0.04067925
 -0.06291051 -0.19364641] 
[-0.86764607 -0.79841765 -0.73050029 -0.12218644  0.11572008 -0.04021858
 -0.06233548 -0.19404977] 
[-0.86780846 -0.79821615 -0.73016521 -0.12110044  0.116417   -0.03976731
 -0.06196031 -0.19429198] 
[-0.86802171 -0.79788735 -0.72965414 -0.11983595  0.11713495 -0.0391895
 -0.06163614 -0.19452663] 
[-0.86824716 -0.79758715 -0.72901433 -0.11854664  0.11787275 -0.03874529
 -0.06128401 -0.19469215] 
[-0.86843864 -0.79732901 -0.728357   -0.11727482  0.11864315 -0.03833294
 -0.0609196  -0.19481624] 
[-0.86854251 -0.79710947 -0.72785725 -0.11600272  0.11954549 -0.03791602
 -0.06055091 -0.19495422] 
[-0.86865147 -0.79675555 -0.72777361 -0.1145666   0.12066038 -0.03713507
 -0.06010024 -0.19542212] 
[-0.86878722 -0.79645916 -0.7273995  -0.11323837  0.12158118 -0.03657502
 -0.05971382 -0.1956734 ] 
[-0.86909253 -0.79602765 -0.72563867 -0.11114959  0.12238585 -0.03638852
 -0.05928202 -0.19566935] 
[-0.868998   -0.79611115 -0.72631547 -0.11078353  0.12315171 -0.03581312
 -0.05907114 -0.19579115] 
[-0.869002   -0.79615643 -0.7266393  -0.11027575  0.12377326 -0.03526763
 -0.05891148 -0.19580946] 
[-0.86901561 -0.79622928 -0.72691451 -0.10976935  0.12438117 -0.03476931
 -0.05874448 -0.19581553] 
[-0.86900375 -0.79628427 -0.72725427 -0.10922756  0.1250576  -0.03425346
 -0.05854289 -0.19583131] 
[-0.86900095 -0.79633806 -0.72756665 -0.10866003  0.12574702 -0.03374687
 -0.05834884 -0.19584137] 
[-0.86902065 -0.79639828 -0.72787472 -0.10810381  0.12641634 -0.03322979
 -0.05815944 -0.19584878] 
[-0.86900264 -0.79642497 -0.72827178 -0.10749485  0.12719126 -0.03257234
 -0.05800207 -0.19583733] 
[-0.86895192 -0.79647072 -0.72870076 -0.10690173  0.12801348 -0.03197294
 -0.05781278 -0.19580278] 
[-0.86878689 -0.79633049 -0.72945464 -0.10617153  0.12910668 -0.03100419
 -0.05753033 -0.19589389] 
[-0.86859276 -0.79616205 -0.73022343 -0.10541475  0.13024791 -0.02999377
 -0.05727164 -0.195967  ] 
[-0.86837022 -0.79599433 -0.7310151  -0.10465756  0.13143008 -0.02896605
 -0.05700162 -0.19605049] 
[-0.86814882 -0.79583898 -0.7317942  -0.10390379  0.13261373 -0.02796233
 -0.05672697 -0.19612668] 
[-0.86768648 -0.79555615 -0.73281524 -0.10293862  0.1341428  -0.02675927
 -0.05627131 -0.19636627] 
[-0.86725241 -0.7952951  -0.73379555 -0.10198838  0.13563577 -0.02558721
 -0.05582218 -0.19659215] 
[-0.86683609 -0.79504736 -0.73475298 -0.10105125  0.13710298 -0.02443254
 -0.05538002 -0.19680852] 
[-0.86652908 -0.79497805 -0.73575347 -0.10030266  0.13852953 -0.0235488
 -0.05492777 -0.19702349] 
[-0.86624881 -0.79492438 -0.73670443 -0.09955779  0.13992535 -0.02269069
 -0.05449001 -0.19722048] 
[-0.86501732 -0.79400654 -0.73945391 -0.09845595  0.14254427 -0.02061354
 -0.05384079 -0.19799026] 
[-0.86409103 -0.79332319 -0.74172395 -0.09749519  0.14474249 -0.01880832
 -0.05329178 -0.19862446] 
[-0.86391977 -0.7933531  -0.74251436 -0.09678727  0.14599067 -0.01798544
 -0.05291375 -0.19878636] 
[-0.85676922 -0.78797454 -0.76118372 -0.08985785  0.16107218 -0.00798171
 -0.04373995 -0.20829229] 
[-0.85444148 -0.78573887 -0.76876704 -0.08656739  0.16722191 -0.00353116
 -0.04006226 -0.21209893] 
[-8.52153377e-01 -7.84012759e-01 -7.75137446e-01 -8.36170284e-02
  1.72972533e-01  6.79241882e-04 -3.69710682e-02 -2.15477270e-01] 
[-0.85127919 -0.78349565 -0.77818635 -0.0819763   0.17613743  0.0030515
 -0.03521863 -0.21714413] 
[-0.85075187 -0.78315157 -0.77993597 -0.08086109  0.17817493  0.00475391
 -0.03416673 -0.21808413] 
[-0.85027413 -0.78283365 -0.7815503  -0.07975527  0.18014613  0.00643194
 -0.03314142 -0.21898204] 
[-0.84828296 -0.78135275 -0.78507835 -0.07654756  0.18531304  0.01030056
 -0.03106723 -0.22142899] 
[-0.84699454 -0.78050081 -0.78730392 -0.07409851  0.18906803  0.01293915
 -0.02960671 -0.22296504] 
[-0.84600635 -0.77981351 -0.78939757 -0.07174715  0.19222733  0.01522794
 -0.0285118  -0.22422378] 
[-0.84533188 -0.77954688 -0.79065036 -0.07004335  0.1944969   0.01675966
 -0.02783055 -0.22492329] 
[-0.8446858  -0.77927327 -0.79175627 -0.06830497  0.19671402  0.01828938
 -0.0271723  -0.22558214] 
[-0.84421876 -0.77905439 -0.79270501 -0.06679846  0.19856985  0.01958908
 -0.02662613 -0.22611086] 
[-0.8437737  -0.77870288 -0.79371298 -0.06512204  0.20061257  0.02114446
 -0.02605483 -0.22680182] 
[-0.84293447 -0.77794911 -0.79558359 -0.06279786  0.20371958  0.02347798
 -0.02486743 -0.2282095 ] 
[-0.84231407 -0.77744314 -0.79692261 -0.06083067  0.20625644  0.02535516
 -0.0239946  -0.22920756] 
[-0.84213471 -0.77739052 -0.79766892 -0.05995695  0.20746419  0.02620338
 -0.02356383 -0.22965572] 
[-0.84200656 -0.7774911  -0.79816333 -0.05935159  0.20836968  0.02676396
 -0.02319062 -0.22996156] 
[-0.84186867 -0.77763632 -0.79863118 -0.05877114  0.20924328  0.02726553
 -0.02282035 -0.2302212 ] 
[-0.84188025 -0.7779001  -0.79868036 -0.05840613  0.20976082  0.02749874
 -0.02255325 -0.23027338] 
[-0.84190888 -0.77817045 -0.79872785 -0.05802313  0.21027793  0.02774176
 -0.02226342 -0.23035532] 
[-0.84194772 -0.77841723 -0.79877608 -0.05757627  0.21083909  0.02800637
 -0.0219503  -0.23049951] 
[-0.84197469 -0.77867403 -0.79879607 -0.05713216  0.2114029   0.02825354
 -0.02166261 -0.23060494] 
[-0.84202401 -0.7789594  -0.79876911 -0.05669628  0.21193611  0.02847808
 -0.02139099 -0.23068274] 
[-0.84210791 -0.77928255 -0.79864223 -0.05632873  0.2124171   0.02863587
 -0.02120495 -0.23065631] 
[-0.84218829 -0.7796126  -0.79850623 -0.05596582  0.21290348  0.0287912
 -0.02101939 -0.23062143] 
[-0.84227106 -0.77994114 -0.79837431 -0.05559639  0.21339594  0.02895005
 -0.02082877 -0.23059202] 
[-0.84235906 -0.78027368 -0.79824104 -0.05523111  0.21388312  0.02910875
 -0.0206397  -0.23055624] 
[-0.8424192  -0.78060057 -0.79809571 -0.05482469  0.21442278  0.02929062
 -0.02043477 -0.23053724] 
[-0.84246994 -0.780984   -0.79788533 -0.05447009  0.21491902  0.02941075
 -0.02019482 -0.23052425] 
[-0.84252152 -0.78136954 -0.79767501 -0.05411574  0.21541601  0.02953098
 -0.01995565 -0.23050776] 
[-0.84257644 -0.78175739 -0.79746233 -0.05376103  0.21591048  0.02965065
 -0.01971771 -0.23048718] 
[-0.84264498 -0.78212744 -0.79727919 -0.05341495  0.21639051  0.02976482
 -0.01948932 -0.23044887] 
[-0.84271329 -0.78249957 -0.79709678 -0.0530696   0.21687232  0.02987902
 -0.01926171 -0.23040667] 
[-0.84284389 -0.78283561 -0.79688954 -0.05268122  0.21729857  0.03003627
 -0.01904051 -0.23040875] 
[-0.84297146 -0.78316631 -0.79669077 -0.0522881   0.21773246  0.03019993
 -0.01882051 -0.2304093 ] 
[-0.84309409 -0.78352496 -0.79645957 -0.05189629  0.21817523  0.03035068
 -0.01860568 -0.23039331] 
[-0.84321588 -0.78392554 -0.79618392 -0.05151195  0.2186004   0.03048128
 -0.01843544 -0.23031707] 
[-0.84333008 -0.78433107 -0.79591182 -0.05113428  0.21903243  0.03061315
 -0.01827641 -0.23022431] 
[-0.84343285 -0.78475381 -0.79566103 -0.05080614  0.21944113  0.03073389
 -0.01811682 -0.23010458] 
[-0.84354825 -0.78519583 -0.79538724 -0.05049321  0.21982754  0.03084191
 -0.01797311 -0.22996383] 
[-0.84366826 -0.78561793 -0.79513994 -0.05016037  0.22023012  0.030963
 -0.01780598 -0.22985668] 
[-0.84380147 -0.78599507 -0.79495204 -0.04986028  0.22059376  0.03110259
 -0.01767044 -0.22973312] 
[-0.84394416 -0.78635745 -0.79477939 -0.04955157  0.22095413  0.03125685
 -0.01752787 -0.22961752] 
[-0.84409206 -0.78666888 -0.79466003 -0.0491568   0.22138425  0.0314591
 -0.01729125 -0.22963673] 
[-0.84424252 -0.78698028 -0.79454223 -0.04875857  0.22181591  0.03166426
 -0.0170516  -0.22965882] 
[-0.84440025 -0.78729721 -0.79442587 -0.04834283  0.22225341  0.03187482
 -0.01679541 -0.22969697] 
[-0.84455732 -0.78761777 -0.79430682 -0.04792782  0.22269037  0.03208275
 -0.01654136 -0.22972889] 
[-0.84467319 -0.7878984  -0.79424167 -0.04754748  0.22315057  0.03231122
 -0.01633467 -0.22970455] 
[-0.844796   -0.78819073 -0.79416808 -0.04716574  0.22360721  0.03254545
 -0.0161321  -0.22967745] 
[-0.84492763 -0.7884809  -0.7940973  -0.04677668  0.22405966  0.0327878
 -0.01592762 -0.2296555 ] 
[-0.84505906 -0.78877839 -0.79401317 -0.04638882  0.22451247  0.0330257
 -0.01571623 -0.22963277] 
[-0.84519289 -0.78906745 -0.79392673 -0.04599508  0.2249491   0.033249
 -0.01550015 -0.22959903] 
[-0.84531938 -0.78934229 -0.793861   -0.04557966  0.2254182   0.03348478
 -0.01526379 -0.22959009] 
[-0.84540823 -0.78959512 -0.79383755 -0.04522344  0.22588805  0.03368445
 -0.01509345 -0.22949746] 
[-0.84549898 -0.78985013 -0.79381391 -0.0448666   0.22635542  0.0338834
 -0.01492417 -0.22940451] 
[-0.84558987 -0.79010333 -0.79379362 -0.04450866  0.22682614  0.0340859
 -0.01475179 -0.22931388] 
[-0.84568698 -0.79034815 -0.79379233 -0.04413463  0.22730557  0.03429961
 -0.01456465 -0.22924221] 
[-0.84580311 -0.79060471 -0.79377556 -0.04377043  0.22776558  0.03451262
 -0.01436207 -0.229187  ] 
[-0.84589961 -0.79082706 -0.79379817 -0.04344338  0.22823146  0.03470401
 -0.01417553 -0.2291463 ] 
[-0.84596298 -0.79105545 -0.79378146 -0.04317394  0.22865327  0.03486884
 -0.01405323 -0.22900791] 
[-0.84605214 -0.79126029 -0.79379408 -0.04288466  0.22906775  0.03506438
 -0.01391977 -0.22889097] 
[-0.84615771 -0.79147658 -0.7937898  -0.04260702  0.2294632   0.03525988
 -0.01378741 -0.22876444] 
[-0.84626564 -0.79169508 -0.7937842  -0.04232998  0.22985783  0.03545535
 -0.0136543  -0.22863665] 
[-0.84645273 -0.79185639 -0.79386254 -0.04207153  0.23018419  0.03571342
 -0.01352487 -0.22857543] 
[-0.84663906 -0.79201782 -0.79394485 -0.04181238  0.23051554  0.03597309
 -0.01339492 -0.22851291] 
[-0.84684407 -0.79218341 -0.79403468 -0.04155671  0.23083403  0.03624159
 -0.01326786 -0.22845723] 
[-0.84704619 -0.79235222 -0.79412794 -0.04130356  0.23115834  0.03651012
 -0.01314127 -0.22839895] 
[-0.84719411 -0.79255549 -0.79418065 -0.04108121  0.23150996  0.03672901
 -0.0130248  -0.22828655] 
[-0.84733428 -0.79273224 -0.79422353 -0.04082804  0.2318414   0.03696654
 -0.01291552 -0.22819564] 
[-0.84747548 -0.79290698 -0.7942649  -0.04057071  0.23217734  0.03720502
 -0.01280532 -0.22810645] 
[-0.84761743 -0.79308352 -0.79429533 -0.0403106   0.23249785  0.03743042
 -0.01271313 -0.22799528] 
[-0.84773628 -0.79325928 -0.79433183 -0.04004774  0.2328465   0.03765065
 -0.0126264  -0.22786268] 
[-0.84786246 -0.79343417 -0.7943641  -0.03977668  0.23319574  0.03787128
 -0.01254072 -0.22773411] 
[-0.84799238 -0.79361167 -0.79440465 -0.03950257  0.23354534  0.03809486
 -0.01244681 -0.22761393] 
[-0.84813109 -0.79378628 -0.79443579 -0.03922526  0.2338855   0.03831487
 -0.01234423 -0.22750503] 
[-0.84826693 -0.7939644  -0.79446207 -0.03895077  0.23422954  0.03853006
 -0.01223606 -0.22739868] 
[-0.84840503 -0.79414054 -0.79449504 -0.03867141  0.23458237  0.03874907
 -0.01212315 -0.22730118] 
[-0.84855201 -0.79432236 -0.79453304 -0.03837877  0.23493336  0.03897385
 -0.01199897 -0.22722381] 
[-0.84870935 -0.79450672 -0.79456471 -0.03808878  0.2352755   0.03919964
 -0.01187545 -0.22715002] 
[-0.84883752 -0.79468972 -0.79458609 -0.03781227  0.2356321   0.03941001
 -0.01175876 -0.22704977] 
[-0.84894592 -0.79487446 -0.79461265 -0.03753937  0.23601424  0.03962796
 -0.01165473 -0.22692742] 
[-0.84904658 -0.79506753 -0.79462849 -0.03726663  0.23639157  0.0398354
 -0.01156068 -0.22679056] 
[-0.84912605 -0.7952627  -0.79464403 -0.03699473  0.23679855  0.0400426
 -0.01147777 -0.22662656] 
[-0.84921293 -0.79545444 -0.79466272 -0.03671953  0.2372003   0.04025553
 -0.01139807 -0.2264596 ] 
[-0.84929991 -0.79564081 -0.79468654 -0.03645396  0.23759397  0.04046805
 -0.01132789 -0.22627922] 
[-0.84937907 -0.7958222  -0.79471937 -0.03616792  0.23801909  0.04069306
 -0.01125673 -0.22610163] 
[-0.84946616 -0.79600821 -0.79475082 -0.0358811   0.23843877  0.04091768
 -0.01118372 -0.22592654] 
[-0.84955276 -0.79619393 -0.79478401 -0.03559572  0.23886058  0.04114127
 -0.01111102 -0.2257485 ] 
[-0.84963561 -0.79640131 -0.79478504 -0.03533373  0.2392441   0.04134891
 -0.01104015 -0.22557914] 
[-0.84971953 -0.79660948 -0.79478584 -0.03507141  0.23962735  0.04155668
 -0.01096875 -0.22540927] 
[-0.84980391 -0.79681777 -0.7947869  -0.03480907  0.24001105  0.04176516
 -0.01089699 -0.22523898] 
[-0.84989416 -0.79703209 -0.79479427 -0.03454955  0.24039541  0.0419688
 -0.01082497 -0.22507253] 
[-0.8499783  -0.7972469  -0.79480109 -0.03428574  0.24078767  0.04217327
 -0.01075231 -0.22490502] 
[-0.85006314 -0.7974637  -0.7948076  -0.03402308  0.24117796  0.04237578
 -0.01067933 -0.22473629] 
[-0.85014869 -0.79768159 -0.7948136  -0.03376036  0.24156814  0.04257789
 -0.01060552 -0.22456735] 
[-0.85023667 -0.79789841 -0.79482056 -0.03349809  0.24195908  0.04278264
 -0.01053108 -0.22439957] 
[-0.85033158 -0.79811913 -0.79482161 -0.03324056  0.24234246  0.04298194
 -0.01046087 -0.2242279 ] 
[-0.85041971 -0.79833137 -0.79483401 -0.0329872   0.24271512  0.04317045
 -0.0103887  -0.22405743] 
[-0.85050654 -0.79854542 -0.79484913 -0.03273477  0.2430907   0.04335728
 -0.01031335 -0.22388903] 
[-0.8505971  -0.79876214 -0.79486203 -0.03248148  0.24346266  0.04354251
 -0.01023961 -0.22371852] 
[-0.85068588 -0.79897594 -0.794879   -0.03224092  0.24381924  0.04373711
 -0.01016175 -0.22356094] 
[-0.85077196 -0.7991896  -0.79489228 -0.03199962  0.24418038  0.04393481
 -0.01008493 -0.22339876] 
[-0.85086587 -0.79940292 -0.79490189 -0.03176202  0.24453294  0.04413272
 -0.0100049  -0.2232368 ] 
[-0.85095006 -0.79962113 -0.79491299 -0.03152718  0.24489561  0.04432699
 -0.00993324 -0.22306274] 
[-0.85101221 -0.79984752 -0.79492622 -0.03129256  0.2452835   0.04451805
 -0.00986273 -0.22287978] 
[-0.85107354 -0.80007445 -0.79494058 -0.03105627  0.24567289  0.04470924
 -0.00979439 -0.22269373] 
[-0.85113572 -0.80030213 -0.79495434 -0.0308196   0.24606153  0.04490022
 -0.00972539 -0.22250718] 
[-0.85119635 -0.80053127 -0.79497012 -0.03058258  0.24645264  0.04509284
 -0.00965636 -0.22232033] 
[-0.85125401 -0.80076279 -0.79498807 -0.03034661  0.24684984  0.04528833
 -0.00958788 -0.22213294] 
[-0.85131166 -0.80100043 -0.79501528 -0.03010229  0.24724302  0.04548829
 -0.00952376 -0.22195276] 
[-0.85136405 -0.80123733 -0.79504309 -0.02985795  0.2476435   0.0456908
 -0.00946349 -0.22176733] 
[-0.85142105 -0.80147582 -0.79506826 -0.02961227  0.24803996  0.04589227
 -0.0094024  -0.22158168] 
[-0.85147921 -0.80171446 -0.79509368 -0.02936649  0.24843614  0.04609425
 -0.00934034 -0.22139599] 
[-0.85152184 -0.80194139 -0.79511063 -0.02912525  0.24884693  0.04630865
 -0.00928165 -0.22120949] 
[-0.85155856 -0.80216577 -0.79510419 -0.02889948  0.24923695  0.04653156
 -0.00922116 -0.22103055] 
[-0.85159613 -0.80239035 -0.79509781 -0.02867262  0.2496269   0.04675551
 -0.00916089 -0.22085121] 
[-0.85164258 -0.80261707 -0.79509014 -0.02844429  0.25000813  0.04697638
 -0.00909708 -0.2206772 ] 
[-0.85169515 -0.80284613 -0.79508226 -0.02821838  0.25038283  0.04719467
 -0.00903136 -0.22050396] 
[-0.85174607 -0.80307536 -0.79507331 -0.02799073  0.25076054  0.0474139
 -0.00896638 -0.22032808] 
[-0.85179925 -0.80330353 -0.79506611 -0.02776366  0.25113476  0.04763337
 -0.00890224 -0.22015152] 
[-0.85185309 -0.80353825 -0.79506717 -0.02752971  0.25150533  0.04785589
 -0.0088426  -0.21998027] 
[-0.8519167  -0.80376651 -0.79508091 -0.02729936  0.25187935  0.04808769
 -0.00878097 -0.21981737] 
[-0.85197921 -0.80399861 -0.7950974  -0.02706625  0.25225282  0.04832031
 -0.0087213  -0.21965572] 
[-0.85203905 -0.80423011 -0.79511159 -0.02683738  0.25262253  0.04855209
 -0.00866356 -0.21948822] 
[-0.85209649 -0.80446778 -0.79511241 -0.02661877  0.25298017  0.048788
 -0.00860029 -0.21932907] 
[-0.85214818 -0.80469989 -0.79510984 -0.02640081  0.25334481  0.0490284
 -0.00853024 -0.21917274] 
[-0.85219954 -0.80493374 -0.79510798 -0.0261832   0.25370987  0.04926819
 -0.00846164 -0.2190144 ] 
[-0.85224542 -0.80516259 -0.79510307 -0.02596586  0.25408159  0.04951219
 -0.00838741 -0.21885808] 
[-0.85234359 -0.80537903 -0.79508224 -0.02575112  0.25438965  0.04973485
 -0.008318   -0.21872288] 
[-0.85244552 -0.80559311 -0.79506391 -0.02553608  0.25469776  0.0499612
 -0.00824128 -0.21859382] 
[-0.85254874 -0.80580124 -0.79502742 -0.02533787  0.25498267  0.05017444
 -0.00818693 -0.21843713] 
[-0.85264213 -0.80601668 -0.79498986 -0.0251417   0.25527627  0.05038132
 -0.00813801 -0.21827925] 
[-0.85272902 -0.80622218 -0.79495938 -0.02494824  0.25557911  0.05059492
 -0.0080763  -0.21813059] 
[-0.85281044 -0.80643014 -0.79492561 -0.02475612  0.25588751  0.05080508
 -0.00800967 -0.21798495] 
[-0.85289809 -0.80664395 -0.79488917 -0.02456745  0.25618962  0.05101591
 -0.00794983 -0.21783193] 
[-0.85298665 -0.80685768 -0.79485184 -0.02437937  0.25649137  0.05122666
 -0.00789067 -0.21767726] 
[-0.85306895 -0.80706951 -0.79481714 -0.0241911   0.25680702  0.05144614
 -0.00782041 -0.21752837] 
[-0.85315788 -0.8072762  -0.79479017 -0.02399682  0.25712614  0.05166448
 -0.0077361  -0.21739361] 
[-0.85324782 -0.80748266 -0.79476227 -0.02380122  0.25744565  0.05188243
 -0.00765169 -0.21725943] 
[-0.85334177 -0.80769158 -0.79473337 -0.02360727  0.2577614   0.05210106
 -0.00757057 -0.21712187] 
[-0.85343821 -0.80790093 -0.79470458 -0.02341239  0.25807607  0.05232067
 -0.00748846 -0.21698501] 
[-0.85353519 -0.80811071 -0.7946761  -0.02321769  0.25839018  0.05254033
 -0.0074059  -0.21684771] 
[-0.85363345 -0.80832308 -0.79464632 -0.02301722  0.25870395  0.05276142
 -0.00731453 -0.21671961] 
[-0.85373613 -0.8085358  -0.79461655 -0.02281754  0.25901529  0.0529843
 -0.00722048 -0.21659224] 
[-0.85384059 -0.80874797 -0.79458653 -0.02261762  0.25932549  0.05320815
 -0.00712637 -0.21646432] 
[-0.85394414 -0.80896699 -0.79455025 -0.02241915  0.25963704  0.05342954
 -0.00703907 -0.216327  ] 
[-0.85404686 -0.80918689 -0.79451412 -0.02221952  0.25994947  0.05365057
 -0.00695038 -0.21619011] 
[-0.85415331 -0.8094076  -0.79447898 -0.0220212   0.26025849  0.05387217
 -0.00686252 -0.21605295] 
[-0.85426439 -0.8096311  -0.79444473 -0.02182496  0.26056192  0.05409039
 -0.00677273 -0.21591861] 
[-0.85436867 -0.80985344 -0.79440788 -0.02162794  0.26087752  0.05431665
 -0.00668562 -0.21577528] 
[-0.85447283 -0.81007498 -0.79437074 -0.02143065  0.26119205  0.05454299
 -0.00659653 -0.21563268] 
[-0.85457254 -0.81027874 -0.79435486 -0.02123101  0.26148349  0.05474967
 -0.00648721 -0.21551834] 
[-0.85467349 -0.81048161 -0.79433803 -0.02103177  0.2617754   0.0549578
 -0.0063777  -0.21540428] 
[-0.85477291 -0.81068267 -0.79431984 -0.02083269  0.26206944  0.05516751
 -0.00626595 -0.21529081] 
[-0.85486936 -0.81088196 -0.79429985 -0.02063498  0.26236737  0.05537992
 -0.00615388 -0.21517412] 
[-0.85496239 -0.81108319 -0.79427788 -0.02043817  0.26266778  0.05559077
 -0.00604508 -0.21505326] 
[-0.85505256 -0.81128688 -0.79425698 -0.02024258  0.26297026  0.05579974
 -0.00593972 -0.21492849] 
[-0.8551408  -0.81149814 -0.79423405 -0.02004663  0.26327255  0.05600768
 -0.00584203 -0.21479383] 
[-0.85523021 -0.81170991 -0.79421163 -0.01985109  0.26357353  0.05621519
 -0.00574407 -0.21465873] 
[-0.8553192  -0.8119211  -0.79418962 -0.01965478  0.26387513  0.0564224
 -0.00564461 -0.21452448] 
[-0.85540968 -0.81212747 -0.79416345 -0.01945152  0.26418291  0.05662957
 -0.00553342 -0.2143996 ] 
[-0.85550465 -0.81233001 -0.7941386  -0.01924635  0.26448157  0.05683196
 -0.00541771 -0.21427387] 
[-0.85560203 -0.81253228 -0.79411501 -0.01904089  0.2647779   0.05703512
 -0.00530319 -0.21414688] 
[-0.85569726 -0.81273623 -0.79409078 -0.01883447  0.26507373  0.05723512
 -0.00519075 -0.21402028] 
[-0.8557944  -0.81293731 -0.79406477 -0.01862815  0.2653668   0.05743728
 -0.00507591 -0.21389606] 
[-0.85589368 -0.81313681 -0.79403805 -0.01842372  0.26565733  0.05764074
 -0.00496    -0.21377058] 
[-0.85599543 -0.81333792 -0.79401115 -0.01821918  0.26594529  0.05784281
 -0.00484394 -0.21364584] 
[-0.85608967 -0.81353529 -0.7939791  -0.01801009  0.26623866  0.05804483
 -0.0047296  -0.21352168] 
[-0.85617408 -0.8137232  -0.79394085 -0.01780229  0.26654429  0.05825473
 -0.00460499 -0.21340147] 
[-0.85625956 -0.81391082 -0.79390226 -0.01759498  0.26684921  0.0584645
 -0.00447968 -0.21328128] 
[-0.85633999 -0.81411037 -0.79387644 -0.0174032   0.26713274  0.05865305
 -0.00437895 -0.21314517] 
[-0.85641887 -0.81430654 -0.79384911 -0.01721149  0.26742259  0.05884715
 -0.00427278 -0.21300941] 
[-0.85650647 -0.81449554 -0.79383154 -0.01702464  0.26771474  0.05905129
 -0.00416693 -0.21287981] 
[-0.85659461 -0.81468608 -0.7938146  -0.0168374   0.2680048   0.05925421
 -0.00406028 -0.21275163] 
[-0.85668661 -0.81487609 -0.79379973 -0.01664927  0.26829094  0.05945844
 -0.00395599 -0.21262146] 
[-0.85677889 -0.81506624 -0.79378487 -0.0164612   0.26857678  0.05966263
 -0.00385155 -0.21249087] 
[-0.85687142 -0.81525779 -0.79377072 -0.01627218  0.26886134  0.05986659
 -0.00374814 -0.21236024] 
[-0.85696223 -0.81545112 -0.79375781 -0.01608139  0.26914804  0.0600694
 -0.00364566 -0.2122299 ] 
[-0.85704275 -0.8156337  -0.79374912 -0.01589254  0.26944848  0.06028189
 -0.0035309  -0.21210668] 
[-0.85712377 -0.81581832 -0.79374082 -0.01570244  0.26974837  0.06049254
 -0.00341655 -0.21198357] 
[-0.85720319 -0.81600247 -0.79373198 -0.01551099  0.2700503   0.06070377
 -0.0033017  -0.21186089] 
[-0.85728204 -0.81618628 -0.79372388 -0.01531877  0.27035214  0.06091521
 -0.00318639 -0.21173788] 
[-0.85736313 -0.81636966 -0.79371683 -0.01512603  0.27065206  0.06112707
 -0.00306946 -0.21161629] 
[-0.85744461 -0.81655319 -0.79370971 -0.01493334  0.2709515   0.06133876
 -0.00295231 -0.21149447] 
[-0.8575312  -0.81674166 -0.7937071  -0.0147419   0.2712519   0.06154742
 -0.00282885 -0.21137881] 
[-0.85761749 -0.81693149 -0.79370312 -0.0145489   0.27155089  0.0617564
 -0.00270647 -0.21126372] 
[-0.85769896 -0.81711636 -0.793696   -0.01435677  0.2718561   0.06197007
 -0.0025782  -0.21115092] 
[-0.85778065 -0.81730229 -0.7936896  -0.01416432  0.27215997  0.06218237
 -0.00244961 -0.21103764] 
[-0.85786288 -0.8174882  -0.79368343 -0.01397192  0.27246354  0.06239476
 -0.00232044 -0.21092447] 
[-0.85795013 -0.81767275 -0.79367763 -0.0137818   0.27276118  0.06260656
 -0.00219002 -0.21081371] 
[-0.85803439 -0.81785212 -0.79367405 -0.01358953  0.27305913  0.0628243
 -0.00205632 -0.21070138] 
[-0.85811396 -0.8180343  -0.79366179 -0.01340701  0.2733467   0.06303045
 -0.0019189  -0.21058429] 
[-0.85820004 -0.81821552 -0.79365141 -0.01322211  0.27362717  0.06323298
 -0.00177862 -0.21047265] 
[-0.85827772 -0.81839313 -0.79363472 -0.01303933  0.27391062  0.06343202
 -0.00164589 -0.21035145] 
[-0.8583591  -0.81857288 -0.79362054 -0.01285481  0.27419091  0.06363171
 -0.0015141  -0.21023183] 
[-0.85844128 -0.81875275 -0.79360644 -0.01267032  0.27447048  0.06383129
 -0.00138198 -0.21011182] 
[-0.85852522 -0.8189321  -0.7935923  -0.01248574  0.2747497   0.06403207
 -0.00124758 -0.20999351] 
[-0.85860821 -0.81910941 -0.79357952 -0.0122999   0.27502859  0.06423486
 -0.00111131 -0.20987476] 
[-0.85868793 -0.81928003 -0.79357015 -0.01211125  0.27529923  0.06442906
 -0.00096764 -0.2097669 ] 
[-8.58769019e-01 -8.19450830e-01 -7.93560758e-01 -1.19225627e-02
  2.75568840e-01  6.46231451e-02 -8.23683189e-04 -2.09659061e-01] 
[-8.58854650e-01 -8.19619547e-01 -7.93547463e-01 -1.17325165e-02
  2.75831644e-01  6.48131189e-02 -6.78366642e-04 -2.09549197e-01] 
[-8.58941373e-01 -8.19791675e-01 -7.93534584e-01 -1.15424492e-02
  2.76093575e-01  6.50019403e-02 -5.33353859e-04 -2.09439154e-01] 
[-8.59030178e-01 -8.19964501e-01 -7.93521091e-01 -1.13530548e-02
  2.76353613e-01  6.51911247e-02 -3.87258448e-04 -2.09329784e-01] 
[-8.59117275e-01 -8.20137521e-01 -7.93511252e-01 -1.11637407e-02
  2.76609925e-01  6.53793965e-02 -2.45513453e-04 -2.09219336e-01] 
[-8.59203918e-01 -8.20311863e-01 -7.93503942e-01 -1.09723310e-02
  2.76863724e-01  6.55644437e-02 -1.01329899e-04 -2.09111100e-01] 
[-8.59289899e-01 -8.20484424e-01 -7.93497119e-01 -1.07796392e-02
  2.77116891e-01  6.57502669e-02  4.50737782e-05 -2.09004249e-01] 
[-8.59384429e-01 -8.20662425e-01 -7.93487969e-01 -1.05907179e-02
  2.77359526e-01  6.59296803e-02  1.92925507e-04 -2.08900872e-01] 
[-8.59477625e-01 -8.20838588e-01 -7.93477653e-01 -1.04017672e-02
  2.77601415e-01  6.61105495e-02  3.39759516e-04 -2.08795892e-01] 
[-8.59570751e-01 -8.21016312e-01 -7.93469813e-01 -1.02112695e-02
  2.77841142e-01  6.62893371e-02  4.89337303e-04 -2.08694194e-01] 
[-8.59664166e-01 -8.21194140e-01 -7.93461972e-01 -1.00207393e-02
  2.78080635e-01  6.64679596e-02  6.38998803e-04 -2.08592229e-01] 
[-8.59760397e-01 -8.21373950e-01 -7.93452855e-01 -9.83269210e-03
  2.78315980e-01  6.66438728e-02  7.89052889e-04 -2.08488309e-01] 
[-0.85985278 -0.82155596 -0.79344712 -0.00964677  0.27855293  0.06681566
  0.00093775 -0.20838575] 
[-0.85994516 -0.82173788 -0.79344136 -0.00946104  0.27878972  0.06698715
  0.00108645 -0.2082826 ] 
[-0.86002717 -0.82191373 -0.79342376 -0.00926995  0.27901854  0.0671461
  0.00122098 -0.20817183] 
[-0.86011369 -0.82208731 -0.79340864 -0.00908139  0.27924255  0.06730545
  0.00135843 -0.20806246] 
[-0.86020308 -0.82226359 -0.79339573 -0.00889556  0.27946147  0.06746132
  0.00149214 -0.20795038] 
[-0.86029472 -0.8224399  -0.79338122 -0.00870778  0.27967735  0.0676173
  0.00162458 -0.20784002] 
[-0.86038517 -0.8226161  -0.79336651 -0.00852256  0.27989171  0.06777444
  0.00175565 -0.20772653] 
[-0.86047515 -0.82279288 -0.79335095 -0.00833797  0.28010583  0.06793158
  0.00188734 -0.20761337] 
[-0.86056371 -0.82297107 -0.79333521 -0.00815368  0.28032046  0.06808812
  0.0020182  -0.20749818] 
[-0.86065426 -0.82314858 -0.79331973 -0.00796947  0.28053295  0.06824373
  0.00215041 -0.20738367] 
[-0.86074178 -0.82332243 -0.79330295 -0.00779038  0.28074271  0.0683993
  0.00228074 -0.20726376] 
[-0.86082912 -0.82349708 -0.79328669 -0.00761095  0.28095126  0.06855342
  0.00241085 -0.20714443] 
[-0.8609167  -0.82366985 -0.79326984 -0.00743092  0.28115791  0.06870835
  0.00254006 -0.20702639] 
[-0.86100236 -0.82383973 -0.79325503 -0.00725281  0.28136277  0.06886407
  0.00266918 -0.20690551] 
[-0.86108837 -0.82400961 -0.79324149 -0.00707327  0.28156755  0.06902096
  0.00280028 -0.20678658] 
[-0.86117463 -0.82417965 -0.7932279  -0.0068937   0.28177203  0.0691777
  0.00293137 -0.2066673 ] 
[-0.86125913 -0.82434889 -0.79321367 -0.00671418  0.28197853  0.06933507
  0.00306384 -0.20654773] 
[-0.86134296 -0.82451899 -0.79320099 -0.00653686  0.28218373  0.0694949
  0.00319867 -0.20642679] 
[-0.86142623 -0.82468805 -0.7931869  -0.00636067  0.28238995  0.06965474
  0.00333242 -0.20630446] 
[-0.86150941 -0.82485694 -0.79317253 -0.00618447  0.28259607  0.0698147
  0.003466   -0.20618167] 
[-0.86159427 -0.82502387 -0.7931604  -0.00601007  0.2828031   0.06997576
  0.00359782 -0.2060583 ] 
[-0.86167844 -0.82519133 -0.79314878 -0.00583598  0.28301083  0.07013602
  0.00373048 -0.20593547] 
[-0.86176222 -0.8253582  -0.79313675 -0.0056621   0.28321908  0.07029675
  0.00386389 -0.2058128 ] 
[-0.86184623 -0.82552518 -0.79312465 -0.00548824  0.28342707  0.0704573
  0.0039973  -0.20568987] 
[-0.86192896 -0.82569262 -0.79311356 -0.00531757  0.28363113  0.07061596
  0.00413246 -0.20557004] 
[-0.86201459 -0.82585797 -0.79310395 -0.00514916  0.28383218  0.07077663
  0.00426908 -0.20544916] 
[-0.86209937 -0.82602143 -0.79309515 -0.00498001  0.28403322  0.07093948
  0.00440759 -0.20532751] 
[-0.86218284 -0.82618444 -0.79308558 -0.00481343  0.28423267  0.07110189
  0.0045473  -0.20520364] 
[-0.86226684 -0.82634728 -0.79307622 -0.00464687  0.28443222  0.07126431
  0.00468996 -0.20508091] 
[-0.86235003 -0.82651063 -0.79306495 -0.00448217  0.2846313   0.0714276
  0.00483476 -0.2049554 ] 
[-0.86243407 -0.82667431 -0.79305397 -0.00431771  0.28482962  0.07159093
  0.00498003 -0.2048301 ] 
[-0.86251879 -0.82683847 -0.79304354 -0.00415283  0.28502697  0.07175349
  0.00512517 -0.2047051 ] 
[-0.86260336 -0.82700249 -0.79303316 -0.00398814  0.28522444  0.07191608
  0.00527006 -0.20457959] 
[-0.86268737 -0.82716723 -0.79302327 -0.00382284  0.28542236  0.07207794
  0.00541442 -0.20445408] 
[-0.86277122 -0.82733169 -0.79301354 -0.00365716  0.28562132  0.07224086
  0.00555805 -0.20432832] 
[-0.86285488 -0.82749659 -0.79300401 -0.00349175  0.2858202   0.07240334
  0.0057011  -0.20420179] 
[-0.86292957 -0.8276572  -0.79299763 -0.00332223  0.28602508  0.07256116
  0.00584018 -0.20407882] 
[-0.86300423 -0.82781754 -0.79299098 -0.00315252  0.28622983  0.07271903
  0.0059796  -0.20395596] 
[-0.86308056 -0.82797873 -0.79298635 -0.00298292  0.28643539  0.07287782
  0.00611857 -0.20383356] 
[-0.86315717 -0.82814149 -0.79298301 -0.00281227  0.28663945  0.07303721
  0.00625615 -0.20371209] 
[-0.86323217 -0.82830407 -0.7929789  -0.00264174  0.28684647  0.0731989
  0.00639334 -0.20358948] 
[-0.86330138 -0.82846843 -0.79297815 -0.00247201  0.28705999  0.07336454
  0.00652824 -0.20346798] 
[-0.86336833 -0.82863071 -0.79297717 -0.00230491  0.28727596  0.07352762
  0.00665976 -0.20334384] 
[-0.86343725 -0.8287939  -0.79297515 -0.00213678  0.28749022  0.07369138
  0.0067906  -0.20322031] 
[-0.86350251 -0.8289537  -0.79296754 -0.00196949  0.28769974  0.0738487
  0.00691865 -0.20309388] 
[-0.86356827 -0.82911356 -0.79296129 -0.00180224  0.28790905  0.07400585
  0.00704847 -0.20296821] 
[-0.86363346 -0.82927339 -0.79295486 -0.00163669  0.28811663  0.07416231
  0.00717812 -0.20284199] 
[-0.86369681 -0.82943589 -0.79295248 -0.00146821  0.28832052  0.07431301
  0.00730249 -0.20271465] 
[-0.86376022 -0.82959858 -0.79294976 -0.00129959  0.28852401  0.07446377
  0.00742672 -0.20258726] 
[-0.86382341 -0.82976102 -0.79294723 -0.00113071  0.28872778  0.07461471
  0.00755098 -0.20245989] 
[-0.86388763 -0.82992332 -0.79294452 -0.00096211  0.2889303   0.0747649
  0.00767497 -0.20233187] 
[-8.63952406e-01 -8.30085561e-01 -7.92941894e-01 -7.93540610e-04
  2.89132214e-01  7.49147071e-02  7.79909665e-03 -2.02203601e-01] 
[-8.64017522e-01 -8.30247209e-01 -7.92938571e-01 -6.25683311e-04
  2.89333730e-01  7.50645756e-02  7.92374266e-03 -2.02074783e-01] 
[-8.64080110e-01 -8.30406147e-01 -7.92931686e-01 -4.57020650e-04
  2.89534346e-01  7.52165148e-02  8.04373939e-03 -2.01941529e-01] 
[-8.64142447e-01 -8.30565913e-01 -7.92925493e-01 -2.87513812e-04
  2.89733841e-01  7.53669298e-02  8.16443790e-03 -2.01809052e-01] 
[-8.64199966e-01 -8.30720533e-01 -7.92916263e-01 -1.19590842e-04
  2.89939019e-01  7.55222575e-02  8.29080008e-03 -2.01680147e-01] 
[-8.64257541e-01 -8.30874476e-01 -7.92908568e-01  4.98248206e-05
  2.90146887e-01  7.56761272e-02  8.41390471e-03 -2.01547411e-01] 
[-8.64317008e-01 -8.31026838e-01 -7.92899365e-01  2.17385728e-04
  2.90352629e-01  7.58311931e-02  8.53824324e-03 -2.01413768e-01] 
[-8.64376005e-01 -8.31179944e-01 -7.92890383e-01  3.85119179e-04
  2.90558170e-01  7.59856345e-02  8.66325575e-03 -2.01279983e-01] 
[-8.64434904e-01 -8.31333549e-01 -7.92881054e-01  5.53471521e-04
  2.90762811e-01  7.61392392e-02  8.78900329e-03 -2.01147063e-01] 
[-8.64493112e-01 -8.31487330e-01 -7.92870505e-01  7.19805962e-04
  2.90965288e-01  7.62947911e-02  8.91878685e-03 -2.01017536e-01] 
[-0.86455016 -0.83164175 -0.79286095  0.00088582  0.29116895  0.07645106
  0.00904794 -0.20088814] 
[-0.86460711 -0.83179683 -0.79285116  0.00105215  0.29137262  0.07660688
  0.00917668 -0.20075799] 
[-0.8646667  -0.8319508  -0.79284146  0.00121713  0.29157339  0.07676247
  0.00930597 -0.20062913] 
[-0.864723   -0.83210268 -0.79283378  0.00138448  0.29177764  0.07691735
  0.00943871 -0.20050315] 
[-0.86477963 -0.83225455 -0.7928259   0.00155168  0.29198157  0.0770721
  0.00957135 -0.20037688] 
[-0.86483685 -0.83240587 -0.7928171   0.00171786  0.29218456  0.07722581
  0.00970409 -0.20025016] 
[-0.86489444 -0.83255692 -0.79280939  0.00188499  0.29238751  0.07738066
  0.00983712 -0.20012361] 
[-0.86494821 -0.83270412 -0.79279959  0.00205131  0.29259525  0.07753916
  0.00997429 -0.19999957] 
[-0.86499515 -0.83284839 -0.79279323  0.00221276  0.29280598  0.07769309
  0.01010463 -0.19986792] 
[-0.86504243 -0.83299283 -0.79278699  0.00237416  0.29301635  0.07784697
  0.01023499 -0.19973628] 
[-0.86508697 -0.83312987 -0.7927904   0.00252755  0.29322521  0.07799199
  0.01035875 -0.19961021] 
[-0.86513397 -0.83326802 -0.792795    0.00268179  0.29343171  0.07813783
  0.01048164 -0.19948506] 
[-0.86518165 -0.83340609 -0.79279971  0.00283607  0.29363751  0.0782837
  0.01060421 -0.19935957] 
[-0.86522815 -0.8335419  -0.79280653  0.00299214  0.29384273  0.07843129
  0.01072915 -0.19923649] 
[-0.86527396 -0.83367736 -0.79281333  0.00314853  0.29404973  0.07857929
  0.01085593 -0.19911385] 
[-0.86531802 -0.83381067 -0.79281734  0.00330598  0.29425572  0.07872906
  0.01097897 -0.1989882 ] 
[-0.86536164 -0.83394412 -0.79281994  0.00346288  0.29446037  0.07887985
  0.01110332 -0.19886417] 
[-0.86540509 -0.83407791 -0.79282261  0.00361994  0.29466508  0.07903027
  0.01122744 -0.19874003] 
[-0.8654504  -0.83421055 -0.79282659  0.00377672  0.29486868  0.07917964
  0.01135395 -0.19861795] 
[-0.86549675 -0.83434369 -0.79283079  0.00393293  0.29507104  0.07932894
  0.01147977 -0.19849519] 
[-0.86554338 -0.83447723 -0.79283527  0.00408903  0.29527313  0.07947836
  0.01160538 -0.1983719 ] 
[-0.86558935 -0.83461017 -0.79284076  0.00424557  0.29547445  0.0796284
  0.01172925 -0.19824709] 
[-0.86563469 -0.83474254 -0.79284623  0.00440181  0.29567637  0.07977857
  0.01185337 -0.19812254] 
[-0.86568273 -0.83487565 -0.79285313  0.00455645  0.2958756   0.0799266
  0.01197826 -0.19799947] 
[-0.86573112 -0.83500891 -0.79285995  0.00471103  0.29607436  0.08007433
  0.01210307 -0.1978762 ] 
[-0.86577705 -0.83513555 -0.7928569   0.00485794  0.29627207  0.08021293
  0.01222093 -0.19775599] 
[-0.86582422 -0.83526265 -0.79285268  0.00500382  0.29646828  0.08035138
  0.01233781 -0.19763612] 
[-0.86587229 -0.83539013 -0.7928481   0.00514925  0.29666345  0.08048974
  0.01245417 -0.19751566] 
[-0.86591907 -0.83551595 -0.79284483  0.00529598  0.29685789  0.08062956
  0.01256806 -0.19739351] 
[-0.86596612 -0.83564186 -0.79284148  0.00544266  0.29705199  0.0807692
  0.01268199 -0.19727123] 
[-0.86601591 -0.83576635 -0.79283617  0.00558963  0.29724217  0.08090654
  0.01279893 -0.19715184] 
[-0.86606857 -0.83589302 -0.79282925  0.00573475  0.29742849  0.08104115
  0.01291348 -0.1970302 ] 
[-0.86612185 -0.83601947 -0.79282183  0.00587939  0.29761435  0.08117552
  0.01302752 -0.19690786] 
[-0.8661752  -0.83614589 -0.79281442  0.00602395  0.29780008  0.08130984
  0.01314151 -0.19678532] 
[-0.86622944 -0.8362727  -0.79280671  0.00616876  0.29798492  0.08144424
  0.01325525 -0.19666294] 
[-0.8662829  -0.83640057 -0.7927993   0.00631428  0.29816958  0.08157777
  0.01336915 -0.19654024] 
[-0.86633658 -0.83652846 -0.79279183  0.00645974  0.29835394  0.08171113
  0.01348309 -0.19641746] 
[-0.86639041 -0.83665637 -0.79278428  0.0066052   0.2985381   0.08184432
  0.01359713 -0.19629453] 
[-0.86644535 -0.83678414 -0.79277681  0.00675235  0.29872357  0.08197781
  0.01371144 -0.19617168] 
[-0.86649741 -0.83691008 -0.7927699   0.00690205  0.29890588  0.08210665
  0.01382082 -0.1960468 ] 
[-0.86654957 -0.83703609 -0.79276289  0.00705166  0.29908802  0.08223541
  0.01393021 -0.19592183] 
[-0.86660434 -0.83716327 -0.79275429  0.00720157  0.29926764  0.08236199
  0.01403824 -0.19579773] 
[-0.86665953 -0.83728999 -0.7927447   0.00735055  0.29944714  0.08248769
  0.0141452  -0.19567226] 
[-0.86671373 -0.83741565 -0.79273642  0.00750027  0.29962743  0.08261238
  0.01425221 -0.19554799] 
[-0.86676742 -0.83754058 -0.79272766  0.00764967  0.29980839  0.08273756
  0.01436012 -0.1954242 ] 
[-0.86682237 -0.83766315 -0.79271778  0.00779824  0.29999046  0.08286579
  0.01447132 -0.19530241] 
[-0.86687744 -0.83778578 -0.79270786  0.0079468   0.30017232  0.08299389
  0.01458257 -0.19518056] 
[-0.86693458 -0.83790963 -0.7926966   0.00809575  0.30035122  0.08312049
  0.01469259 -0.19505957] 
[-0.86699069 -0.8380335  -0.79268323  0.00824239  0.30052792  0.08324625
  0.0148024  -0.19493791] 
[-0.86704949 -0.83815648 -0.79266739  0.00839013  0.30070073  0.08336922
  0.01490928 -0.19481456] 
[-0.86710846 -0.83827948 -0.79265155  0.00853782  0.30087327  0.08349209
  0.01501619 -0.19469111] 
[-0.86716734 -0.8384054  -0.79263796  0.00868397  0.30104676  0.08361195
  0.0151211  -0.19456859] 
[-0.86722641 -0.83853123 -0.79262354  0.00882984  0.30122022  0.0837318
  0.01522563 -0.19444509] 
[-0.86728235 -0.8386557  -0.79260689  0.00897491  0.3013955   0.0838497
  0.01532779 -0.19431942] 
[-0.86733865 -0.8387803  -0.79259028  0.00911983  0.30157032  0.08396754
  0.01542986 -0.19419359] 
[-0.86739653 -0.83890629 -0.79257275  0.00926405  0.30174467  0.08408402
  0.01553377 -0.19406884] 
[-0.86745456 -0.83903226 -0.79255511  0.00940804  0.30191892  0.08420021
  0.0156375  -0.19394381] 
[-0.86751183 -0.83915871 -0.79253691  0.00955166  0.30209364  0.08431564
  0.01574205 -0.19381916] 
[-0.86757097 -0.83928574 -0.79251694  0.00969524  0.30226477  0.08442843
  0.0158451  -0.19369568] 
[-0.86762811 -0.83941135 -0.79249611  0.00983825  0.30243885  0.08454333
  0.01594861 -0.19357051] 
[-0.86768403 -0.83953898 -0.79247377  0.00997874  0.30261095  0.08465921
  0.01604877 -0.1934424 ] 
[-0.86774117 -0.83966448 -0.79245028  0.01011681  0.30278239  0.08477258
  0.01614701 -0.19331559] 
[-0.86779944 -0.83978966 -0.79242728  0.01025506  0.30295254  0.08488529
  0.01624575 -0.19318855] 
[-0.86785774 -0.83991493 -0.79240437  0.01039319  0.30312252  0.08499784
  0.0163446  -0.1930615 ] 
[-0.86791494 -0.8400395  -0.7923815   0.01053156  0.30329354  0.08511064
  0.0164431  -0.19293475] 
[-0.86797317 -0.84016367 -0.79235914  0.01066984  0.30346344  0.08522337
  0.01654237 -0.19280872] 
[-0.86802913 -0.84028921 -0.79233795  0.01080976  0.30363544  0.08533481
  0.01664073 -0.19268345] 
[-0.86808461 -0.84041416 -0.79231667  0.0109493   0.30380767  0.08544676
  0.01673872 -0.19255798] 
[-0.86814017 -0.84053907 -0.79229535  0.0110888   0.30397964  0.08555854
  0.01683686 -0.19243246] 
[-0.86819398 -0.8406626  -0.79227143  0.01122766  0.3041497   0.08566738
  0.01693379 -0.1923041 ] 
[-0.86824729 -0.84078533 -0.79224801  0.01136707  0.30431929  0.08577674
  0.01703016 -0.19217529] 
[-0.86830021 -0.84090947 -0.79222295  0.01150536  0.30448809  0.08588616
  0.01712681 -0.19204483] 
[-0.86835446 -0.84103414 -0.79219846  0.01164286  0.30465543  0.08599581
  0.01722266 -0.19191357] 
[-0.86840899 -0.84116013 -0.79217404  0.01177997  0.3048226   0.08610478
  0.01731948 -0.19178125] 
[-0.86846368 -0.8412861  -0.79214963  0.01191703  0.30498953  0.08621366
  0.01741638 -0.19164892] 
[-0.86851688 -0.84140933 -0.7921276   0.01205145  0.30515509  0.08632489
  0.01751369 -0.19151467] 
[-0.86856997 -0.84153358 -0.7921044   0.01218527  0.30532005  0.08643604
  0.01761209 -0.19138009] 
[-0.86862512 -0.84165854 -0.79208045  0.01231818  0.30548284  0.08654752
  0.01771183 -0.19124676] 
[-0.86868061 -0.84178208 -0.79205774  0.01244987  0.30564435  0.08666013
  0.01781294 -0.19111366] 
[-0.86873558 -0.84190584 -0.79203466  0.01258137  0.30580635  0.08677303
  0.0179138  -0.19098064] 
[-0.86879074 -0.8420295  -0.79201164  0.01271287  0.30596807  0.08688588
  0.01801464 -0.1908477 ] 
[-0.86884533 -0.84215266 -0.79198863  0.01284413  0.30613028  0.08699879
  0.01811577 -0.19071509] 
[-0.86889934 -0.84227521 -0.7919653   0.01297593  0.30629317  0.08711234
  0.01821671 -0.19058275] 
[-0.86895353 -0.84239719 -0.79194158  0.01310824  0.30645647  0.08722652
  0.01831754 -0.19045062] 
[-0.86900785 -0.84251916 -0.79191787  0.01324051  0.30661954  0.08734057
  0.01841844 -0.19031847] 
[-0.86906174 -0.84264103 -0.79189397  0.01337304  0.30678287  0.08745443
  0.01851885 -0.19018579] 
[-0.86911569 -0.84276308 -0.79186994  0.01350557  0.30694586  0.08756797
  0.01861911 -0.19005291] 
[-0.86916957 -0.84288523 -0.79184505  0.01363774  0.30710857  0.08768212
  0.01872028 -0.1899199 ] 
[-0.86922327 -0.84300789 -0.79182016  0.01376931  0.30727055  0.08779587
  0.0188221  -0.18978705] 
[-0.86927712 -0.84313015 -0.79179493  0.0139012   0.30743246  0.08790956
  0.01892448 -0.18965446] 
[-0.86932993 -0.84325006 -0.79176732  0.01403098  0.30759471  0.088021
  0.01903104 -0.18952491] 
[-0.86938265 -0.84336982 -0.79173959  0.01416081  0.30775666  0.0881326
  0.01913722 -0.18939498] 
[-0.86943575 -0.84348974 -0.79171202  0.0142904   0.30791808  0.08824384
  0.0192435  -0.18926492] 
[-0.86948722 -0.8436104  -0.79168324  0.01441905  0.30808012  0.0883535
  0.01934954 -0.1891354 ] 
[-0.86953795 -0.84373258 -0.7916542   0.01454962  0.3082443   0.0884634
  0.0194554  -0.18900593] 
[-0.86958956 -0.84385406 -0.79162455  0.01467959  0.30840814  0.08857302
  0.01956203 -0.18887718] 
[-0.86964189 -0.84397614 -0.79159474  0.01480931  0.30857153  0.08868223
  0.01966786 -0.18874762] 
[-0.86969329 -0.84409715 -0.79156346  0.01493873  0.30873397  0.0887911
  0.01977162 -0.18861609] 
[-0.86974666 -0.84421891 -0.79153331  0.01506898  0.30889442  0.08890063
  0.01987459 -0.18848563] 
[-0.86980085 -0.84434013 -0.79150284  0.01519961  0.30905408  0.08901057
  0.01997827 -0.18835588] 
[-0.86985586 -0.84446066 -0.79147201  0.01532915  0.30921399  0.0891196
  0.02008053 -0.1882245 ] 
[-0.86991097 -0.84458107 -0.79144133  0.01545977  0.309374    0.08922852
  0.02018263 -0.18809307] 
[-0.869966   -0.844701   -0.79141127  0.01559052  0.30953324  0.0893367
  0.02028536 -0.18796159] 
[-0.87002116 -0.84482078 -0.79138115  0.01572126  0.30969219  0.08944481
  0.02038825 -0.1878302 ] 
[-0.87007569 -0.84494002 -0.79135064  0.01585255  0.30985181  0.08955348
  0.02049091 -0.18769908] 
[-0.87013031 -0.84505963 -0.79132065  0.0159832   0.31001054  0.08966129
  0.02059402 -0.18756779] 
[-0.87018447 -0.84517978 -0.79129099  0.0161134   0.31016899  0.08976911
  0.02069727 -0.18743591] 
[-0.87023844 -0.84530041 -0.79126154  0.01624331  0.31032683  0.08987678
  0.02079988 -0.18730363] 
[-0.87029245 -0.84542134 -0.79123241  0.0163731   0.3104845   0.08998423
  0.02090245 -0.18717103] 
[-0.87034735 -0.84554349 -0.79120208  0.01650218  0.31064343  0.09009341
  0.02100402 -0.18703887] 
[-0.87040251 -0.84566573 -0.79117191  0.0166313   0.31080192  0.09020234
  0.02110573 -0.18690689] 
[-0.87045757 -0.84578864 -0.79114166  0.01676053  0.31096074  0.09031049
  0.0212074  -0.18677484] 
[-0.87051279 -0.84591157 -0.79111141  0.01688976  0.31111926  0.09041848
  0.02130915 -0.18664286] 
[-0.87056812 -0.84603444 -0.79108119  0.01701894  0.31127757  0.09052637
  0.02141094 -0.1865109 ] 
[-0.87062354 -0.84615717 -0.79105062  0.01714778  0.31143597  0.09063407
  0.02151281 -0.18637855] 
[-0.87067841 -0.84628057 -0.79102088  0.01727604  0.31159455  0.0907408
  0.02161572 -0.18624703] 
[-0.87073481 -0.84640444 -0.79099052  0.01740354  0.31175154  0.09084788
  0.02171963 -0.18611641] 
[-0.87079107 -0.84652868 -0.79095974  0.0175311   0.31190888  0.09095484
  0.02182353 -0.18598566] 
[-0.87084783 -0.84665201 -0.79092821  0.01765794  0.31206687  0.09106354
  0.02192636 -0.1858531 ] 
[-0.87090457 -0.84677583 -0.79089694  0.01778543  0.31222458  0.0911722
  0.02202955 -0.18572135] 
[-0.87096114 -0.84689939 -0.79086586  0.01791307  0.31238233  0.09128065
  0.02213302 -0.18558988] 
[-0.87101894 -0.84702368 -0.79083404  0.01804144  0.31253884  0.0913894
  0.0222359  -0.18545896] 
[-0.87107749 -0.8471484  -0.79080259  0.01816926  0.31269434  0.09149743
  0.02233904 -0.18532774] 
[-0.87113588 -0.84727312 -0.79077083  0.01829689  0.31284943  0.09160561
  0.022442   -0.18519634] 
[-0.87119461 -0.84739753 -0.7907389   0.01842473  0.31300436  0.09171345
  0.02254489 -0.18506524] 
[-0.87125256 -0.84752135 -0.79070652  0.01855214  0.31316006  0.09182186
  0.02264712 -0.18493333] 
[-0.87130964 -0.84764342 -0.79067293  0.01867967  0.31331454  0.09193008
  0.02275158 -0.18480357] 
[-0.87136642 -0.8477655  -0.79063946  0.01880742  0.31346919  0.09203813
  0.02285633 -0.18467399] 
[-0.87142228 -0.84788555 -0.79060772  0.01893568  0.31362301  0.09214778
  0.02296205 -0.18454573] 
[-0.87147673 -0.84800427 -0.79057402  0.01906421  0.313775    0.09225503
  0.02306665 -0.18441651] 
[-0.8715316  -0.84812225 -0.79054108  0.01919194  0.31392589  0.09236219
  0.02317135 -0.18428742] 
[-0.87158763 -0.84824069 -0.79050883  0.01932017  0.31407557  0.0924697
  0.02327551 -0.18415898] 
[-0.87164431 -0.84835793 -0.79047754  0.01944785  0.31422567  0.09257835
  0.02338102 -0.18403165] 
[-0.87170098 -0.84847482 -0.79044638  0.01957564  0.31437589  0.09268696
  0.02348635 -0.18390458] 
[-0.87175939 -0.84859103 -0.79041624  0.01970353  0.31452396  0.0927943
  0.02359036 -0.18377685] 
[-0.87181781 -0.84870724 -0.79038609  0.01983136  0.31467188  0.0929015
  0.02369444 -0.18364917] 
[-0.87187648 -0.84882322 -0.79035579  0.01995906  0.31481968  0.09300876
  0.02379881 -0.18352168] 
[-0.87193422 -0.84893968 -0.79032546  0.02008681  0.31496831  0.09311595
  0.02390321 -0.18339412] 
[-0.87199186 -0.8490558  -0.79029485  0.02021461  0.3151168   0.09322329
  0.0240084  -0.18326592] 
[-0.87204925 -0.84917206 -0.79026473  0.02034186  0.31526461  0.09333073
  0.02411414 -0.18313841] 
[-0.87210686 -0.84928885 -0.79023496  0.02046963  0.31541256  0.09343755
  0.02421958 -0.18301122] 
[-0.87216469 -0.84940549 -0.79020507  0.02059741  0.3155602   0.0935444
  0.02432488 -0.18288387] 
[-0.87222259 -0.84952206 -0.79017521  0.02072514  0.31570764  0.09365113
  0.02443019 -0.18275653] 
[-0.87227937 -0.84963673 -0.79014741  0.0208533   0.31585354  0.09375733
  0.0245367  -0.18263169] 
[-0.8723365  -0.84975152 -0.79011948  0.02098161  0.31599897  0.09386319
  0.02464348 -0.1825071 ] 
[-0.87239662 -0.84986723 -0.79008939  0.02110739  0.31614031  0.09397072
  0.02474798 -0.18238388] 
[-0.87245678 -0.84998279 -0.79005939  0.0212332   0.31628157  0.09407879
  0.02485256 -0.18226075] 
[-0.87251206 -0.85009948 -0.79003244  0.02135693  0.31642626  0.09418391
  0.02495455 -0.18213921] 
[-0.87256683 -0.85021645 -0.79000514  0.02148037  0.31657127  0.0942885
  0.02505708 -0.18201804] 
[-0.87262161 -0.85033455 -0.78997762  0.02160393  0.31671597  0.09439252
  0.0251608  -0.18189701] 
[-0.87267584 -0.85045261 -0.78995065  0.02172748  0.31686069  0.09449639
  0.02526408 -0.18177634] 
[-0.87273069 -0.85057062 -0.78992414  0.02185137  0.31700502  0.09460024
  0.02536789 -0.181656  ] 
[-0.87278567 -0.85068837 -0.78989776  0.02197516  0.31714927  0.09470417
  0.0254719  -0.18153584] 
[-0.87283898 -0.85080529 -0.78987227  0.02209985  0.31729493  0.09480736
  0.02557456 -0.18141452] 
[-0.87289256 -0.85092112 -0.78984672  0.02222547  0.3174394   0.0949107
  0.02567646 -0.18129424] 
[-0.87294915 -0.85103764 -0.78982304  0.02234931  0.31758043  0.09501423
  0.02577694 -0.18117518] 
[-0.8730044  -0.85115539 -0.7898011   0.02247049  0.31771902  0.09511483
  0.02587421 -0.18105314] 
[-0.87306034 -0.85127277 -0.78977849  0.02259084  0.31785639  0.09521603
  0.02597189 -0.18093193] 

 Time 
793.4093906879425 
