Energy 
 
-7.737952898388684 
-8.90044013695765 
-9.664779514667542 
-9.900050581374426 
-10.052356750604353 
-10.159136067262258 
-10.234269195338749 
-10.290746469614863 
-10.332681817286224 
-10.356050679600356 
-10.37388901156617 
-10.390001125850148 
-10.405080366585628 
-10.417822761882228 
-10.430308402433345 
-10.43346023673367 
-10.4646401948375 
-10.466177035855212 
-10.466868268781885 
-10.467464618847519 
-10.468008283943604 
-10.468587047522218 
-10.469183460320409 
-10.469831310892307 
-10.470500940398445 
-10.471459556756075 
-10.472733772108418 
-10.473801256601703 
-10.47497522813662 
-10.477122379638734 
-10.478342542734985 
-10.48190420034115 
-10.482634799589132 
-10.483158375645301 
-10.483714691431256 
-10.484485916020464 
-10.485277152799396 
-10.486075196162586 
-10.48692145481784 
-10.487669672583257 
-10.488376517713226 
-10.489110670488918 
-10.48989761774092 
-10.490428861058668 
-10.490902592598955 
-10.491385282272539 
-10.491820597444487 
-10.492271463559554 
-10.49277467155324 
-10.49336843189332 
-10.49425598322778 
-10.494448299448013 
-10.49491921861583 
-10.495305325453367 
-10.496371619831347 
-10.497424424888642 
-10.498327925367082 
-10.499222828012359 
-10.500280817074014 
-10.501339893492924 
-10.502307914444172 
-10.50325140354498 
-10.504164028273202 
-10.505028615296148 
-10.505915286326326 
-10.506723131289974 
-10.5076801219186 
-10.508651031837168 
-10.509640049646368 
-10.510641415381745 
-10.511496932998117 
-10.512076949345035 
-10.513144144362599 
-10.514224462835601 
-10.51543401059152 
-10.51654548414199 
-10.517715150802237 
-10.518524313587651 
-10.520066520705447 
-10.525346368764566 
-10.527333112626316 
-10.529624879900238 
-10.536051089686008 
-10.540732893138374 
-10.543406226902876 
-10.546752671994957 
-10.549168497355776 
-10.553189983094414 
-10.554984494662666 
-10.556505421680214 
-10.558754840548369 
-10.583043646094895 
-10.585396732027958 
-10.58765848722644 
-10.590810960771368 
-10.595948857912534 
-10.598229271340255 
-10.600475499286201 
-10.602400390207437 
-10.604418690327915 
-10.611478049501393 
-10.613461448204088 
-10.615286368719389 
-10.617273442685299 
-10.627477433612782 
-10.627846034453043 
-10.628676187860007 
-10.629493759708357 
-10.630321003282969 
-10.631255141711001 
-10.632232370148705 
-10.633639676987302 
-10.634371942048169 
-10.63513567961157 
-10.636197639931973 
-10.637195242025644 
-10.638138099328854 
-10.639205570582941 
-10.640325504717499 
-10.641342294654162 
-10.641557807201242 
-10.642271696420202 
-10.644146877897567 
-10.647639691172714 
-10.650052226925354 
-10.652116367158612 
-10.655568589495713 
-10.656025205792018 
-10.65642449102714 
-10.656906431201715 
-10.657858845936047 
-10.65876293479846 
-10.659512908866395 
-10.660661721238327 
-10.662218261127098 
-10.66658886181558 
-10.675793790678675 
-10.676857852787922 
-10.67786096254421 
-10.678880581596482 
-10.680530398102151 
-10.678706105446167 
-10.707975506970428 
-10.709030249728155 
-10.709835062551448 
-10.710673259008894 
-10.711001455278689 
-10.711656266168212 
-10.712478588127682 
-10.713286235345471 
-10.713857480555097 
-10.715392695515826 
-10.716023227939127 
-10.716467389566153 
-10.716738295356839 
-10.717157943964175 
-10.716790496337957 
-10.716787369556288 
-10.716927500432762 
-10.716912223092617 
-10.716916120449728 
-10.717216113166577 
-10.717151727282065 
-10.717644500224099 
-10.718033564549886 
-10.718420399537832 
-10.718997753972857 
-10.71962016478177 
-10.720240556075542 
-10.720823326364357 
-10.721403481316182 
-10.721962091659481 
-10.722517679299273 
-10.72307253937515 
-10.723625117284213 
-10.723692803621017 
-10.723693275680006 
-10.723781169508161 
-10.724230374437758 
-10.724679744786565 
-10.725125391092618 
-10.725576054594342 
-10.726027190611932 
-10.726505767492714 
-10.726926954620025 
-10.727326512210366 
-10.727725421648643 
-10.728039402886694 
-10.728323394657014 
-10.728600445251235 
-10.72887132692125 
-10.729148610155091 
-10.729416033211276 
-10.729688437396758 
-10.729981712915155 
-10.730275975667027 
-10.730578128825398 
-10.73089937896555 
-10.731226522957893 
-10.731559049183115 
-10.731888743466476 
-10.73221838628291 
-10.732549220952126 
-10.732891011261275 
-10.733225056110012 
-10.733525632505675 
-10.733825362927679 
-10.734126338692308 
-10.734437434992543 
-10.73476293566722 
-10.735087913738969 
-10.735412862370925 
-10.735744560132643 
-10.736072877360186 
-10.736413346613215 
-10.736748715367307 
-10.737084156524954 
-10.737416600190642 
-10.73781165564742 
-10.738204797443945 
-10.738597128223116 
-10.738980969973202 
-10.739433228120522 
-10.739952008197648 
-10.740467430973284 
-10.740936190756882 
-10.741402213281392 
-10.741826620333978 
-10.742237808000352 
-10.742650988193816 
-10.743072450791638 
-10.743493507833726 
-10.743910743208094 
-10.744327518229168 
-10.744716651575374 
-10.745115846124907 
-10.745484931631006 
-10.745853746756403 
-10.746235444918465 
-10.746621689268036 
-10.747108132591567 
-10.747706189538178 
-10.748273758341615 
-10.748798954269636 
-10.749323937530225 
-10.749833064793982 
-10.750320435538864 
-10.750744753593606 
-10.751165507933258 
-10.751715757446469 
-10.752566628914758 
-10.753045689369424 
-10.75349505112341 
-10.753945727192438 
-10.754394438992097 
-10.754841312868049 
-10.755325957886708 
-10.756055728411294 
-10.75820835982552 
-10.759813734125228 
-10.761237945693992 
-10.7621307807219 
-10.763236171753393 
-10.764080954346698 
-10.765656526353208 
-10.766827196993475 
-10.76911075582807 
-10.769911529800355 
-10.770512079660547 
-10.7708784025122 
-10.771170804188252 
-10.771439694555312 
-10.771695186392533 
-10.771876949529922 
-10.77212775679891 
-10.772388116949717 
-10.772653483661465 
-10.772881799419434 
-10.773078518162832 
-10.77326022235664 
-10.773452292285079 
-10.773503637554438 
-10.773669256871804 
-10.773868275672083 
-10.773848886734076 
-10.77392577019324 
-10.774048143586684 
-10.77421745931994 
-10.77437650591403 
-10.774393189296914 
-10.774414724747928 
-10.774475843267028 
-10.774611222414347 
-10.774753647288346 
-10.774903592018951 
-10.775117810576363 
-10.7753248634392 
-10.775534901920967 
-10.775753718064509 
-10.776001741488468 
-10.776254619408112 
-10.77652924895139 
-10.776798584263606 
-10.777067962303335 
-10.777349769189506 
-10.777595788231885 
-10.777844111381418 
-10.778062423868134 
-10.778271006450801 
-10.77843828980117 
-10.778647616033846 
-10.778870572855608 
-10.779093444243458 
-10.779307339095137 
-10.779521947117896 
-10.77974423072912 
-10.779969252200639 
-10.780189673505054 
-10.780409478591654 
-10.780630620132953 
-10.78085228188637 
-10.781073117053873 
-10.781286402412993 
-10.781504672705687 
-10.781726204955728 
-10.781948579855438 
-10.782174041131475 
-10.782400806341602 
-10.782627855082373 
-10.782839868219494 
-10.783056750053847 
-10.78327504504775 
-10.78349338540694 
-10.783710500345984 
-10.783936386556189 
-10.78416083101053 
-10.784385596259185 
-10.784614655547228 
-10.784848711774185 
-10.78508553741787 
-10.785322453218459 
-10.785559461152095 
-10.785799135438392 
-10.786041258689234 
-10.786283041966257 
-10.786543304110342 
-10.786807106363145 
-10.787070549808044 
-10.787335948893542 
-10.78760095514776 
-10.787871065336166 
-10.788141819757062 
-10.788411789942629 
-10.788680302610128 
-10.788948405140601 
-10.789216629129104 
-10.789481773598743 
-10.789752561928067 
-10.790023372372085 
-10.79029428811473 
-10.790565288549814 
-10.790835209115704 
-10.791105447456056 
-10.791375580355417 
-10.791645557062957 
-10.791915330948832 
-10.792185180323479 
-10.792455045556943 
-10.792724838461343 
-10.792995100762816 
-10.793265586528811 
-10.793536229150977 
-10.793804632538139 
-10.794071637618796 
-10.794338651231339 
-10.794603931010954 
-10.794858879242538 
-10.795113251152623 
-10.795369764873207 
-10.795628187971419 
-10.795887262152966 
-10.796146363737577 
-10.796406191576848 
-10.796666223530053 
-10.79692384816718 
-10.797182265729312 
-10.797440616537735 
-10.797703890658143 
-10.797967275793173 
-10.79823095977932 
-10.79849730884525 
-10.798763714484501 
-10.799027635575444 
-10.799291076070965 
-10.799554786693857 
-10.799818606317471 
-10.800082771189217 
-10.800347990205154 
-10.800617484142922 
-10.800887245024004 
-10.801155651074582 
-10.801423642666634 
-10.801691413889133 
-10.801961284239672 
-10.802230855496175 
-10.802500549065595 
-10.802770297825422 
-10.803040278844403 
-10.803308032440874 
-10.803576067458652 
-10.803844267657961 
-10.804111476255503 
-10.8043788829563 
-10.80464818299641 
-10.804917763311865 
-10.805187447684641 
-10.805456572231648 
-10.805726569115727 
-10.805995840785364 
-10.806265922462567 
-10.806536121629966 
-10.806805426825992 
-10.807073942116613 
-10.807341902123543 
-10.807608944041641 
-10.807875759609333 
-10.808138886499293 
-10.808402200966551 
-10.808666405997188 
-10.808930277423437 
-10.809195110718402 
-10.809460139313941 
-10.809724529042587 
-10.809990226316252 
-10.810255060646735 
-10.810529099479064 
-10.810802379395069 
-10.811076060921454 
-10.81134952319802 
-10.8116225130722 
-10.81189544613753 
-10.812168078410625 
-10.812439903485298 
-10.812709176022121 
-10.812977955160509 
-10.813246673326478 
-10.81351528380989 
-10.81378377764813 
-10.81405222643702 
-10.814319659722603 
-10.814586969896284 
-10.814854376163424 
-10.81512159201966 
-10.815390265969201 
-10.81565886162775 
-10.815925840491566 
-10.816192561747345 
-10.816459287950769 
-10.816725948967216 
-10.816992367502701 
-10.817258722849951 
-10.817525445384712 
-10.817791606517353 
-10.81805644539899 
-10.818321117869644 
-10.81858058750958 
-10.818840038058918 
-10.819099269129772 
-10.819358480158842 
-10.819617743155 
-10.819876757168052 
-10.820135872033807 
-10.820394898851722 
-10.820653328500503 
-10.820910827326264 
-10.821169046529734 
-10.821427325705512 
-10.821685188386274 
-10.821943530940768 
-10.822202807562999 
-10.822462640895262 
-10.822721133628587 
-10.822980054499567 
-10.823238916719 
-10.823498025396356 
-10.823757039184668 
-10.824016022318778 
-10.824274839430224 
-10.824533354773227 
-10.824790564364784 
-10.825048903085044 
-10.825305505699315 
-10.825562182347689 
-10.825819155975742 
-10.826076180252533 
-10.826332866417484 
-10.826589627183914 
-10.826846425405778 
-10.827101401693335 
-10.827356033177981 

 Time 
265029.19507050514 
