Energy 
 
-8.106606214627288 
-8.58930750805477 
-8.195859787846768 
-8.513567438386339 
-8.894178707010886 
-9.072632508535467 
-9.13232371920509 
-9.145520928109578 
-9.212437026044324 
-9.200190132579579 
-9.194398001672125 
-9.190552054874455 
-9.197855999103666 
-9.199653600540175 
-9.200425604276793 
-9.208096988179014 
-9.21141896442391 
-9.211894313841698 
-9.212110495812116 
-9.212631776539135 
-9.213480147830523 
-9.215070737461529 
-9.21851489678691 
-9.220441565826327 
-9.221956038109395 
-9.223506996868315 
-9.22486325520501 
-9.22605172854061 
-9.227220770811138 
-9.228514387625875 
-9.230004767981107 
-9.231720602309327 
-9.233311015272955 
-9.234650676885591 
-9.236019282236938 
-9.237113322110796 
-9.238290261438301 
-9.239438332708312 
-9.241418752399044 
-9.243025339592917 
-9.245493231613356 
-9.246932391606673 
-9.243150292196429 
-9.24522363544273 
-9.247485922072789 
-9.249763635250222 
-9.25102290332907 
-9.251630580515465 
-9.251562926553047 
-9.253598971442598 
-9.256371076499256 
-9.259643737731905 
-9.266764306518981 
-9.271599182868197 
-9.27406157843113 
-9.276458937041614 
-9.27912759028822 
-9.282291064678352 
-9.286729134359375 
-9.291523466128192 
-9.304587310970234 
-9.308235589614274 
-9.32686979429241 
-9.33179042161378 
-9.336643423339718 
-9.341330743453465 
-9.346462601392627 
-9.348207748956344 
-9.349869233517845 
-9.351811861165027 
-9.353854821006243 
-9.387635855583067 
-9.431560110185375 
-9.435658515615284 
-9.439962852532764 
-9.437753888997332 
-9.444742889234936 
-9.45028197028681 
-9.454820184584046 
-9.45930726463475 
-9.463875882518495 
-9.469614935315063 
-9.475965437205536 
-9.479105917603002 
-9.482164061218832 
-9.485151534098703 
-9.487806842856491 
-9.487677514010272 
-9.494685163134509 
-9.497748289119043 
-9.500941896004887 
-9.504117611907404 
-9.508317182901175 
-9.51251633523476 
-9.516618884501689 
-9.526849266382579 
-9.541279524259421 
-9.544184715334696 
-9.555763487560391 
-9.559588676619033 
-9.567240795266052 
-9.579750302703827 
-9.584034435691144 
-9.64051501630035 
-9.680431806524611 
-9.686278936873745 
-9.690900902999735 
-9.704729155929064 
-9.713362047398533 
-9.72023800692073 
-9.722254665261922 
-9.724037776497466 
-9.725668118074026 
-9.727368305754199 
-9.729450690898606 
-9.730939582788967 
-9.73484521933619 
-9.737733586693796 
-9.740212723601296 
-9.742941609317821 
-9.745487328244225 
-9.747920534240254 
-9.749082312078718 
-9.750223532297342 
-9.753777228627673 
-9.757241772391291 
-9.75811697438369 
-9.759195508641172 
-9.760154644087052 
-9.761143404530962 
-9.762125430094562 
-9.76312422863603 
-9.764128459989841 
-9.76513460975396 
-9.766274844642131 
-9.767361555852842 
-9.767858532279769 
-9.768005760481975 
-9.768484201643323 
-9.768998747587013 
-9.770011483280667 
-9.77101340162647 
-9.771982770268504 
-9.775359405457621 
-9.781526810252991 
-9.786221739261679 
-9.79098344750394 
-9.794788697701854 
-9.797582902232488 
-9.798775771337821 
-9.79965936317787 
-9.79981323617384 
-9.800874838896954 
-9.802820399645944 
-9.804697162474616 
-9.807101296158894 
-9.809118197002228 
-9.812560947154866 
-9.813602701822587 
-9.816157404341606 
-9.817340883410296 
-9.817034104320642 
-9.816606366713055 
-9.816268441237598 
-9.816154733887732 
-9.815757153279172 
-9.8152304922198 
-9.81444240832564 
-9.813107426010054 
-9.811680080455668 
-9.810760669481198 
-9.809055087267241 
-9.807355230043846 
-9.805979604485561 
-9.80466738982941 
-9.80399861412434 
-9.80362253821828 
-9.803268886866594 
-9.80288074410565 
-9.802904175750975 
-9.802925898974731 
-9.802798658758505 
-9.802758361433835 
-9.802752265937063 
-9.802668745132989 
-9.802595683030585 
-9.802574635888494 
-9.802551289450113 
-9.802531314203401 
-9.802570460947852 
-9.802584763015474 
-9.802657887415714 
-9.802794959950502 
-9.80301086317215 
-9.803236376483195 
-9.803495251601765 
-9.803747593815299 
-9.803951913239748 
-9.804151822811926 
-9.804292602452673 
-9.804418028219994 
-9.804540315053773 
-9.804699786657007 
-9.80478313470286 
-9.804857669730485 
-9.80495222785462 
-9.80504090656577 
-9.805088319140467 
-9.805188424684209 
-9.805117381580219 
-9.804992633860717 
-9.80487643487295 
-9.80488653082393 
-9.804917771253505 
-9.80511211285799 
-9.805236021958079 
-9.805380717180622 
-9.805535966196171 
-9.805689567449878 
-9.805872808309417 
-9.806004213730201 
-9.806312208018962 
-9.806573285803587 
-9.806823202903582 
-9.807069709562038 
-9.807253110597426 
-9.807272851987593 
-9.807312046911688 
-9.807319596937981 
-9.80733629050979 
-9.80730644503538 
-9.80727542307014 
-9.807511707660751 
-9.807771775141143 
-9.808023961133344 
-9.808205487264004 
-9.8084164205583 
-9.808638928906227 
-9.808649553056242 
-9.808685777090293 
-9.808727353966404 
-9.808755897409744 
-9.808972604456015 
-9.809232545408157 
-9.809480104515199 
-9.80973674416137 
-9.80999633935054 
-9.810196072479172 
-9.81028929737889 
-9.810337155684211 
-9.81031922011518 
-9.810329433031367 
-9.810352039240346 
-9.810380011879538 
-9.81040289577275 
-9.810415905996486 
-9.810431022070862 
-9.81050894261115 
-9.810581089738141 
-9.810697930899583 
-9.810834347766592 
-9.81109738459249 
-9.811349993569424 
-9.811604990225462 
-9.81186038765422 
-9.812137800714789 
-9.812420105136418 
-9.81269734339715 
-9.812977927622654 
-9.813327670273127 
-9.813689940569843 
-9.814039687548787 
-9.814383299467819 
-9.814724036155393 
-9.815056249351958 
-9.815358437643853 
-9.8156649145947 
-9.815968008631314 
-9.81627128749714 
-9.816580995874114 
-9.816888892181975 
-9.817216344383215 
-9.817557042241125 
-9.817886599497937 
-9.818222765962917 
-9.818534432104366 
-9.818834452794414 
-9.819140973439001 
-9.819457349929852 
-9.819770380621781 
-9.820084915197524 
-9.820398917982292 
-9.820719535829175 
-9.821000601349624 
-9.821286320750824 
-9.821487189099058 
-9.821665265005462 
-9.821860548543778 
-9.82205212786509 
-9.82224657234821 
-9.822429725917663 
-9.822552219159803 
-9.822790062146431 
-9.823034060624675 
-9.823282112912203 
-9.823495368220197 
-9.823703946357886 
-9.823921182973795 
-9.824136359970176 
-9.824360623443631 
-9.824578834938077 
-9.824796957434728 
-9.825024606991219 
-9.825246394610302 
-9.825467153155204 
-9.825664054287907 
-9.825886650205092 
-9.826071152153867 
-9.826255884508548 
-9.826448293499007 
-9.826659402913998 
-9.826870558653418 
-9.827096715467475 
-9.82729680266899 
-9.827496546777311 
-9.82768829111704 
-9.827883767801199 
-9.828081002169606 
-9.828283562680417 
-9.828476006882303 
-9.828672268352063 
-9.82883778842556 
-9.828999647182448 
-9.829156920835487 
-9.829316663039155 
-9.829503696645395 
-9.829695220245462 
-9.829854198427853 
-9.830004295373596 
-9.830154323060997 
-9.830315879106811 
-9.830519332943837 
-9.830704743942228 
-9.830847213645633 
-9.831011037714106 
-9.831175909535226 
-9.831395557671406 
-9.83161347822377 
-9.831820617992904 
-9.832017327827986 
-9.8322196822159 
-9.832417124037825 
-9.832614985210878 
-9.832812774034283 
-9.833010579430493 
-9.833209883108434 
-9.83341790957296 
-9.833626697449247 
-9.833844069429317 
-9.834075091436654 
-9.834305005150698 
-9.83452345688369 
-9.8347435354738 
-9.8349702492298 
-9.835199362086376 
-9.835427626081943 
-9.835704532648167 
-9.835968412225109 
-9.83618643370773 
-9.836403254714652 
-9.836542283229354 
-9.836703408323812 
-9.836865957258608 
-9.836996086113409 
-9.83705280910838 
-9.837118666084594 
-9.837117662308058 
-9.837089581574473 
-9.83706575856588 
-9.83705148248593 
-9.83701982021589 
-9.837014369784981 
-9.836991817232844 
-9.837002472378455 
-9.837011563157386 
-9.837025108803582 
-9.837052727031608 
-9.837091412086759 
-9.837050040906831 
-9.837096052882096 
-9.83714024856172 
-9.837194784767235 
-9.837276353838977 
-9.837353023224235 
-9.837402934285615 
-9.83742510996832 
-9.83747013413906 
-9.83750814874514 
-9.837549788532687 
-9.837584997001022 
-9.837644379689507 
-9.837703139994758 
-9.837732649843593 
-9.83776192728649 
-9.83775931467622 
-9.837729551465419 
-9.837693103157685 
-9.8377364201501 
-9.837781995007278 
-9.837845940348805 
-9.837921326911973 
-9.838028222269926 
-9.838138546624291 
-9.838251741848062 
-9.838367419542031 
-9.838485764160497 
-9.838610892359071 
-9.838735730969397 
-9.838861987281863 
-9.83897853056649 
-9.839065218952399 
-9.83914944922693 
-9.839337303254073 
-9.839535546297862 
-9.839756932567093 
-9.839981243076423 
-9.840206587023394 
-9.840394821927394 
-9.840579050211407 
-9.840766137901207 
-9.840958754401255 
-9.841149300548187 
-9.841311196487647 
-9.8414767788289 
-9.84164167295498 
-9.841795553841159 
-9.841980278533224 
-9.842145680340366 
-9.842309098589547 
-9.842471565305576 
-9.842609284669278 
-9.842747610405143 
-9.842975752735773 
-9.843198244250505 
-9.843421081650135 
-9.843629003865992 
-9.843837566338982 
-9.844038884926668 
-9.844249928989708 
-9.844462939388015 
-9.844672579647275 
-9.844886448184884 
-9.845105192054127 
-9.845351957794703 
-9.845594831546657 
-9.845847916310339 
-9.84610570889609 
-9.846347484330387 
-9.846589487247153 
-9.846831251917475 
-9.847061407159439 
-9.847289178889117 
-9.84752635507384 
-9.847768721354887 
-9.848009403660503 
-9.848251894547502 
-9.84851523699864 
-9.848774930980571 
-9.849037884008268 
-9.849295672944844 
-9.849567697175665 
-9.849829869860518 
-9.850109260768376 
-9.850395782222018 
-9.850680864881873 
-9.85096464019689 
-9.851245062170747 
-9.851527060141619 
-9.85181002947605 
-9.85209278298547 
-9.852373762141031 
-9.852658945429273 
-9.852941375629024 
-9.853220212074119 
-9.853501540156934 
-9.853793912189397 
-9.85408336127 
-9.85436870918419 
-9.854653291514945 
-9.854936104581638 
-9.855224313528568 
-9.855506531694594 
-9.855784835829873 
-9.856062951007145 
-9.856336282242758 
-9.85660860924865 
-9.85688412445583 
-9.857165077377065 
-9.857444701913307 
-9.857727976564513 

 Time 
115681.54922485352 
