Energy 
 
-4.59577048480671 
-11.806454892750034 
-13.741463500886049 
-14.33470211991078 
-14.648308611121042 
-14.788987438691414 
-14.865878934933392 
-14.92554861391875 
-14.951571372881684 
-14.973271455483044 
-14.990196571341137 
-15.001865751069566 
-15.008643718409367 
-15.01591128147976 
-15.020421667284607 
-15.025176524283085 
-15.030096183573125 
-15.03319575958121 
-15.036427374854611 
-15.039386415875718 
-15.04253251946998 
-15.045709746826494 
-15.048666382369419 
-15.05167496427082 
-15.055333680019395 
-15.059067821813828 
-15.062870216083878 
-15.067933593743636 
-15.073927897059892 
-15.078812894811453 
-15.083466175040826 
-15.087860290732936 
-15.09719784874753 
-15.105295148615427 
-15.1129597278983 
-15.118837253005577 
-15.123206378186058 
-15.127902518194706 
-15.135794862490194 
-15.143774850193783 
-15.149898373771439 
-15.155404291809667 
-15.160773862948973 
-15.167069175810003 
-15.175160848038537 
-15.185711765746868 
-15.194565267565853 
-15.206044306057496 
-15.214662510388994 
-15.224813279725302 
-15.23279535318602 
-15.241017335270932 
-15.252824096446414 
-15.263055095167672 
-15.277665818468591 
-15.291965522820336 
-15.340516917491463 
-15.353131219499563 
-15.364602618994928 
-15.376755216230833 
-15.385594029868471 
-15.392568916654678 
-15.399514813939648 
-15.425204526184483 
-15.436125090085632 
-15.4462473277311 
-15.455357701180766 
-15.544452534055901 
-15.592050458266256 
-15.606803369422714 
-15.615027305613662 
-15.623185926730276 
-15.629523203966713 
-15.635838021720991 
-15.641221252565444 
-15.646645926102593 
-15.651882110206397 
-15.656816688405819 
-15.661701348528872 
-15.66764879940698 
-15.673067114191241 
-15.677583775814337 
-15.682070097959851 
-15.686109119620625 
-15.69014962021296 
-15.694194085858978 
-15.698247538566646 
-15.707241358199138 
-15.71563173408479 
-15.723650143950014 
-15.736914706944013 
-15.74673804661321 
-15.755418731160914 
-15.761896278816621 
-15.766603650666127 
-15.774475350628794 
-15.782823632198243 
-15.790555695967377 
-15.801324892325905 
-15.823127002971702 
-15.841064525687434 
-15.848518462752715 
-15.853796771116667 
-15.859121051317054 
-15.87715414376649 
-15.890809138812388 
-15.899533010810257 
-15.915409929326906 
-15.944228607227245 
-15.950500356338745 
-15.954663394020706 
-15.9587479247608 
-15.962803080237 
-15.966669656410538 
-15.969987712160137 
-15.973195109383719 
-15.97645544086281 
-15.979252675659211 
-15.982049566139828 
-15.984846199215577 
-15.98829265561443 
-15.991627972468857 
-15.994626246441008 
-15.997629174184858 
-16.000601305602785 
-16.0035781875851 
-16.006570438684395 
-16.00956729106217 
-16.01242118751426 
-16.015226350835 
-16.018033036346303 
-16.02135350120202 
-16.024592714162072 
-16.02760210631141 
-16.030596448532688 
-16.033624774018897 
-16.036630503353653 
-16.03970905953804 
-16.04270319774903 
-16.0457566174953 
-16.04875961679696 
-16.05171510376967 
-16.05465960499002 
-16.057572092728183 
-16.061277196292547 
-16.06488015808186 
-16.068354522702734 
-16.072862572641668 
-16.07578167536905 
-16.078576130077103 
-16.081317232874454 
-16.08401962824955 
-16.08671065516795 
-16.089346959766942 
-16.091968827110918 
-16.0945794768229 
-16.09717034695532 
-16.099744020393803 
-16.10232188897502 
-16.10492418162415 
-16.107482537285943 
-16.110104125956788 
-16.112706971294298 
-16.115291737125187 
-16.11786675971615 
-16.120444280940937 
-16.123067992883282 
-16.12564059083479 
-16.128211473531398 
-16.130845167854144 
-16.13349739102135 
-16.136120663840888 
-16.13873936765074 
-16.141364653923056 
-16.144013326339863 
-16.146714293481548 
-16.149403442900276 
-16.152016122806405 
-16.154622784953308 
-16.157224471854683 
-16.15977487539754 
-16.162322228941942 
-16.164851159712 
-16.167385949911317 
-16.169927453063167 
-16.17247834507966 
-16.175031951528194 
-16.177582838322607 
-16.180142571632004 
-16.1826309773376 
-16.18513819927886 
-16.1876457419921 
-16.190202148889426 
-16.19275082796842 
-16.19529199770085 
-16.197772571146807 
-16.20026788425342 
-16.20277247578253 
-16.205322759822586 
-16.20787885310858 
-16.21043139334856 
-16.21300220266075 
-16.215541092654433 
-16.2181232349835 
-16.22070646966928 
-16.22322923248515 
-16.225741547179414 
-16.228202521052225 
-16.230676900214412 
-16.233156039534208 
-16.235638458423775 
-16.238107149659182 
-16.240562076527233 
-16.243007993164714 
-16.245452473689276 
-16.247895473806416 
-16.250335643624013 
-16.252800694557134 
-16.25524551119551 
-16.25763406682109 
-16.260018512916474 
-16.26239935659318 
-16.26479936473204 
-16.267175881514476 
-16.269551718242447 
-16.27192687539848 
-16.274251436678945 
-16.276537392193156 
-16.27882389476859 
-16.28114713403654 
-16.28347967112229 
-16.28579800733614 
-16.288118473039695 
-16.29044272151994 
-16.292773382797165 
-16.295090324218023 
-16.297409375215405 
-16.299715219425313 
-16.30201636671142 
-16.304320206196234 
-16.306581735285913 
-16.30883843042419 
-16.311100400834725 
-16.31319353190473 
-16.315284333541257 
-16.317371057042415 
-16.31944654138086 
-16.321505355663835 
-16.323564180534724 
-16.32561910223494 
-16.32765997809098 
-16.32968697984856 
-16.331713629222925 
-16.333747828937682 
-16.335785472155017 
-16.337827674778772 
-16.33987554968286 
-16.341928753533175 
-16.343982793502715 
-16.346041860536218 
-16.348093332959515 
-16.350138502039705 
-16.352184391454788 
-16.35423552389991 
-16.35628286369714 
-16.35833611586994 
-16.360417247824614 
-16.362493329583703 
-16.364545481671787 
-16.366603976728356 
-16.3686567626552 
-16.370719614996027 
-16.372781980246497 
-16.374846438832613 
-16.376914841368613 
-16.37897938090937 
-16.381124000401588 
-16.383264695844648 
-16.38540234506037 
-16.38753732970833 
-16.389656392195462 
-16.39177320595174 
-16.393888315131452 
-16.39599763336185 
-16.39810533782242 
-16.40021369994263 
-16.402289258757712 
-16.404357033654563 
-16.406421911585362 
-16.408475883172496 
-16.41052580837259 
-16.41252650422909 
-16.414525260112626 
-16.41652171656651 
-16.4185922831179 
-16.42069257146465 
-16.42279057099301 
-16.424892637797683 
-16.42699543103513 
-16.42909386302378 
-16.431202034441586 
-16.433306254508345 
-16.43540866213184 
-16.437503780237527 
-16.43960408726977 
-16.441677552708576 
-16.443733603262984 
-16.445787005634784 
-16.447850919208776 
-16.4499157277748 
-16.451927975004793 
-16.45392781611912 
-16.455915373369578 
-16.45791769135548 
-16.45988765209401 
-16.461848017685867 
-16.463827769805242 
-16.465834620955782 
-16.46783952371981 
-16.469854509519994 
-16.471860139639336 
-16.473870690899204 
-16.475860591557772 
-16.47785150978936 
-16.479841045566936 
-16.4818250753085 
-16.483808003138535 
-16.485800630795936 
-16.487784119153368 
-16.48973074957857 
-16.4916764368687 
-16.49358051882946 
-16.495486893378473 
-16.497393014810832 
-16.49929898027952 
-16.501202521132868 
-16.50307761773068 
-16.504931022859083 
-16.506781293804405 
-16.50861906156634 
-16.51044391897251 
-16.512265174735372 
-16.51406951264256 
-16.515880946350613 
-16.517666622893884 
-16.51944772018326 
-16.52122718674583 
-16.5229209570232 
-16.524596893237188 
-16.526272222649887 
-16.527942139777267 
-16.529607249409672 
-16.531286814534454 
-16.532965027070695 
-16.534642719455164 
-16.53631815381511 
-16.5379453166286 
-16.539575963622816 
-16.541202251034274 
-16.542821314531288 
-16.54443970297126 
-16.546049970954414 
-16.547659265573284 
-16.54927590592562 
-16.550904718955106 
-16.552526173018492 
-16.55414098459519 
-16.55579817995955 
-16.557445648696373 
-16.55909786840246 
-16.56074148158072 
-16.5623860692032 
-16.564028725544702 
-16.56566874662606 
-16.567307139933654 
-16.56894334462218 
-16.570578216068228 
-16.572212158830062 
-16.573845075395177 
-16.5754760955365 
-16.577104715895914 
-16.578734041942802 
-16.58028228747996 
-16.581829306603172 
-16.583385220013607 
-16.58493981690533 
-16.586494983084783 
-16.588038486213822 
-16.589577921599215 
-16.591116723245605 
-16.592647658763454 
-16.594133435756206 
-16.59562161147212 
-16.597109687696857 
-16.59859981251294 
-16.600093417419018 
-16.601545879872262 
-16.602990048579677 
-16.60439530721885 
-16.605801950771166 
-16.607201389484757 
-16.60859907839876 
-16.609995541727404 
-16.61139090974942 
-16.612805905686244 
-16.614216105849547 
-16.61562272076775 
-16.617024375758643 
-16.618422282368677 
-16.61981317078881 
-16.6212052620267 
-16.62259218246921 
-16.62397445644917 
-16.625355715173207 
-16.626736769185733 
-16.628117294643385 
-16.62949439877014 
-16.630872849459493 
-16.632254026867013 
-16.63363440991803 
-16.635016818036675 
-16.63639832175047 
-16.63777900568265 
-16.63915651592831 
-16.640528146841717 
-16.641899379079497 
-16.643265084011194 
-16.644631610195297 
-16.64599800381609 
-16.64736215896531 
-16.648724908066853 
-16.65009151933699 
-16.651458156481556 
-16.652803110991695 
-16.65414525697649 
-16.65548686102399 
-16.65682810672555 
-16.658168512431537 
-16.659504840448662 
-16.660840914530908 
-16.662180825794522 
-16.66351983410892 
-16.664857806285458 
-16.666194960567235 
-16.667531262646417 
-16.66886923305642 
-16.67020353303692 
-16.671523814293124 
-16.672843555743782 
-16.674162503990168 
-16.675480530000335 
-16.67678497628969 
-16.678089355673993 
-16.679393733082428 
-16.68070929240818 
-16.682025469732782 
-16.683341355678483 
-16.684658300090355 
-16.685974364236134 
-16.68728929399021 
-16.688604192835026 
-16.689918465149272 
-16.69124068434766 
-16.692561502220943 
-16.69387956200654 
-16.69519581899338 
-16.69651055843605 
-16.697824029831953 
-16.699136205158563 
-16.700447688269136 
-16.70175649339248 
-16.70306436568142 
-16.704372730578342 
-16.705680293066905 
-16.70699404182299 
-16.70830707516889 
-16.709617828412547 
-16.71092753477978 
-16.712234162799533 
-16.713536665177827 
-16.714837501618508 
-16.71613769709644 
-16.71743911792719 
-16.718736836652074 
-16.72003411239967 
-16.721332238258423 
-16.72262331088418 
-16.723913903016186 
-16.725202382586616 
-16.726490191836056 
-16.727779095543717 
-16.72906404981717 
-16.73034819426455 
-16.73163194504841 
-16.732914168225257 
-16.734195150652912 
-16.735465687529565 
-16.736733705185387 
-16.73800334310808 
-16.73927193983158 

 Time 
38920.68935894966 
