Energy 
 
-6.447666291553563 
-7.0430574576957365 
-7.378119334184559 
-8.300262780025907 
-8.39669488376367 
-11.216008362979002 
-12.096368535190905 
-13.751200543734038 
-14.192727637192426 
-14.226414656060143 
-14.42532361102938 
-14.93637047601051 
-15.308451143525028 
-16.343137502159955 
-16.395652018187647 
-16.510558858644984 
-16.510632990335647 
-16.56303415798098 
-16.596404673712723 
-17.587909853202795 
-17.69015394056236 
-17.780827011756806 
-17.936124406871706 
-18.131411280915202 
-18.133996886385564 
-18.233194914366848 
-18.235766123111546 
-18.23601124393801 
-18.23987701113395 
-18.325659698697947 
-18.582227901406544 
-18.66712120218901 
-18.68103746581826 
-18.716314240955025 
-18.917756751040063 
-18.95282840846727 
-18.953005773655974 
-19.001541124082454 
-19.095912105180332 
-19.22136126887864 
-19.442232726252637 
-19.569985543674886 
-19.703309594705946 
-19.738796078327873 
-19.76123313834041 
-19.784244330687535 
-19.944251418831016 
-19.945951812576972 
-19.950646709148117 
-19.960495404178147 
-20.01504100776888 
-20.163143801612666 
-20.2303351681673 
-20.239128141918503 
-20.243825198638945 
-20.38925030984012 
-20.41991587787315 
-20.421323516397113 
-20.703557384463142 
-20.703812412953393 
-20.742708688313996 
-20.84639921267195 
-20.84870310999338 
-20.966527865045453 
-21.000083920022103 
-21.02210074409222 
-21.091943040066994 
-21.185191271895242 
-21.435673085405842 
-21.515305610754723 
-21.523969577087897 
-21.6055610988278 
-21.605613511424792 
-21.608651998161676 
-21.608666639146218 
-21.703177901771443 
-21.705433932587994 
-21.71228189322035 
-21.799414971101932 
-21.808241384267976 
-21.83295979620106 
-21.837770408976 
-21.91254379031374 
-21.923114343478087 
-21.96681502264136 
-21.968651616321544 
-22.04857756829193 
-22.049800144032602 
-22.04985455386113 
-22.064094029242376 
-22.086722727130457 
-22.08715594550413 
-22.106475522860976 
-22.1252433377055 
-22.1263617585988 
-22.141149045000255 
-22.144792699082483 
-22.154994742802597 
-22.155871739788974 
-22.15663639287207 
-22.156650970775598 
-22.157416202188074 
-22.16078062522394 
-22.162604473651992 
-22.196444042084778 
-22.202686358523533 
-22.207837059527634 
-22.207851136010373 
-22.218010640175798 
-22.21802898108264 
-22.22320662758427 
-22.223494658431733 
-22.225514171259224 
-22.236626490501386 
-22.25950419648535 
-22.260060513824747 
-22.261281290855624 
-22.268557410546723 
-22.268674102285342 
-22.26867888264315 
-22.268827723125657 
-22.26883600087786 
-22.269203027703917 
-22.276862218589862 
-22.296198561462724 
-22.29644767641515 
-22.298551320855438 
-22.300131159061255 
-22.300147271221064 
-22.30167244429303 
-22.310322640921964 
-22.311053906385055 
-22.31844015909069 
-22.319593260626533 
-22.319628382021833 
-22.32192462570701 
-22.322677643356947 
-22.322923347601904 
-22.324500441560346 
-22.334692890511967 
-22.336257563474867 
-22.33705818499899 
-22.337329607343644 
-22.341873666856685 
-22.347362468417383 
-22.34814245465933 
-22.348267656955095 
-22.353992226910705 
-22.358540704600983 
-22.370273410573233 
-22.372141540756925 
-22.374805508619488 
-22.377865438260876 
-22.379695893143488 
-22.381528700025715 
-22.386232355690364 
-22.388118836956828 
-22.391717802575634 
-22.391740634838165 
-22.392497246489675 
-22.392628819783504 
-22.39269533075418 
-22.393751670083887 
-22.393790672741044 
-22.393849507900075 
-22.39413359762823 
-22.400606989062542 
-22.401376524709942 
-22.40150821955223 
-22.40162335548568 
-22.401623405899397 
-22.40327268356551 
-22.404518345322387 
-22.405039482576527 
-22.405241837366102 
-22.405862268202714 
-22.405927602139787 
-22.40593041434711 
-22.406085876759743 
-22.406208335175553 
-22.40817258212712 
-22.408709020671868 
-22.4087164195007 
-22.411196736512746 
-22.411952040947646 
-22.41213119196189 
-22.412157163257646 
-22.41218764613905 
-22.41251466501083 
-22.413393891297662 
-22.413442058121984 
-22.413523076058745 
-22.415446081696107 
-22.41738857836311 
-22.41764704594905 
-22.417742419225675 
-22.417749728157816 
-22.417765861202295 
-22.41816082033135 
-22.420722670310848 
-22.420918222361266 
-22.420948868439513 
-22.420955604510354 
-22.421969760278806 
-22.423017157014943 
-22.423051681417505 
-22.42305461639771 
-22.423062158204957 
-22.42434144281099 
-22.424344349679547 
-22.424416678680128 
-22.425708367366298 
-22.426451483776617 
-22.42648755303331 
-22.42648928728644 
-22.426588619998572 
-22.426589184712707 
-22.426828773493977 
-22.428478874956966 
-22.428897791075567 
-22.429768856062214 
-22.431458226274884 
-22.431622102354382 
-22.43192099460135 
-22.43192923506263 
-22.431955453480235 
-22.432597962592745 
-22.432667792928424 
-22.433368236461398 
-22.433435086839207 
-22.435544871174756 
-22.435689177659285 
-22.43570171326906 
-22.435702222777955 
-22.435704296732027 
-22.435768053567752 
-22.436152966441245 
-22.436220018127887 
-22.4368773389648 
-22.436992354992185 
-22.437023085030127 
-22.437023196177496 
-22.43710685766107 
-22.437107199991793 
-22.43726217636921 
-22.437847709899977 
-22.43787743300976 
-22.438132863103206 
-22.438496779054415 
-22.438691355744567 
-22.439137542054127 
-22.43918405730079 
-22.43926780957427 
-22.4392679947906 
-22.43939564255016 
-22.439637241927205 
-22.439713422894037 
-22.439950720406312 
-22.440568834861395 
-22.440623376598943 
-22.440942195690422 
-22.44114864009105 
-22.441212895845574 
-22.441212921478744 
-22.44144056648519 
-22.441452007514354 
-22.441622306427718 
-22.443366114688462 
-22.443456945351386 
-22.443559959213488 
-22.444323944132915 
-22.444324255483654 
-22.445222086076026 
-22.445304196266854 
-22.445673924776294 
-22.446005137995773 
-22.44611202277544 
-22.446754449433907 
-22.4467595137429 
-22.446772289741656 
-22.446773217496748 
-22.447064942851725 
-22.44713502639624 
-22.44720382462095 
-22.447642192330573 
-22.44777533313518 
-22.447941218519922 
-22.44794126044751 
-22.447950616452218 
-22.44795106000029 
-22.44797000228047 
-22.447970147556482 
-22.44797394214482 
-22.447977786407712 
-22.447986551262055 
-22.449400432934727 
-22.449492049432006 
-22.45037314514833 
-22.450528317418915 
-22.450535359464148 
-22.450540063781446 
-22.450685754762482 
-22.45112315465642 
-22.451226231415532 
-22.451402200627005 
-22.451741320612033 
-22.451852833512746 
-22.452112869089092 
-22.452230947228223 
-22.45223448323826 
-22.453081496462563 
-22.45311364665564 
-22.453116115366075 
-22.45315531891407 
-22.45322623347961 
-22.453329243739116 
-22.45344495054837 
-22.45347633940625 
-22.453620970073228 
-22.45378583928786 
-22.4538251612986 
-22.453855541004057 
-22.453993078680156 
-22.454014743666928 
-22.454145198958198 
-22.454187689446503 
-22.454215985162065 
-22.454216045338857 
-22.454385595552 
-22.45542709903695 
-22.45543203267482 
-22.455468311540166 
-22.45548740097345 
-22.455613289352247 
-22.45565635076862 
-22.455688289503225 
-22.455698589731153 
-22.45624000892019 
-22.456303949451822 
-22.45642161968583 
-22.456488969104434 
-22.456698686087726 
-22.45732363737165 
-22.457339291889078 
-22.45773560565504 
-22.457751603986644 
-22.4577523439451 
-22.457754770702497 
-22.457761442424328 
-22.45820688902111 
-22.458245806243312 
-22.458271560706855 
-22.4582715661481 
-22.458298044450434 
-22.458310401189202 
-22.458367435426528 
-22.458417019696412 
-22.458417805296705 
-22.458429467486223 
-22.45858291643153 
-22.4588904429577 
-22.458971906840915 
-22.459258975966424 
-22.459553013223555 
-22.459572838329006 
-22.459587798819516 
-22.459733170909054 
-22.460059558159543 
-22.460059954692856 
-22.460068854652157 
-22.460138974807993 
-22.460141897381117 
-22.460241542587713 
-22.460245332702467 
-22.46032775838023 
-22.460330861360532 
-22.460344846963128 
-22.460371408886264 
-22.46044168109116 
-22.460915530473017 
-22.460990663868184 
-22.461010157422752 
-22.461348607347922 
-22.461418671473375 
-22.46148588263879 
-22.461582673448426 
-22.46163238118261 
-22.461856751646764 
-22.461901579809133 
-22.46195085033737 
-22.462158981652006 
-22.46224094534547 
-22.46224385402821 
-22.4622778008712 
-22.462278474738767 
-22.46228167091393 
-22.462299543723407 
-22.462310412488677 
-22.462338813863628 
-22.462419952185876 
-22.462429634550944 
-22.46254908298075 
-22.462600461686968 
-22.46260059408195 
-22.462619867762776 
-22.46268622374428 
-22.46270676521746 
-22.46300038367139 
-22.46332297712055 
-22.46335374254257 
-22.463361086239914 
-22.463641203952776 
-22.46364145937732 
-22.46372268905551 
-22.463722697915628 
-22.463909109304304 
-22.464109731716682 
-22.464131392907365 
-22.46432471755488 
-22.464342698408643 
-22.46446545883165 
-22.46510823445812 
-22.465117690130384 
-22.465118551971756 
-22.465164012040283 
-22.465171584040526 
-22.465172067448073 
-22.46545020591226 
-22.465457159951953 
-22.465500263624232 
-22.465504807207278 
-22.46550481067692 
-22.465595448766546 
-22.46564215531374 
-22.465643034486014 
-22.465646554728263 
-22.465838179627497 
-22.46616740191178 
-22.466235697216383 
-22.46631634875136 
-22.46633067477931 
-22.466387543100527 
-22.466441757279494 
-22.466475678680094 
-22.466500387006366 
-22.466502170066406 
-22.46655789357554 
-22.466565849233834 
-22.4665658489917 
-22.466802458179117 
-22.466803615555513 
-22.467067548021074 
-22.467067620511212 
-22.467101189762506 
-22.46722888847293 
-22.46723570846522 
-22.467246622126975 
-22.46725283916622 
-22.467253412269436 
-22.467273653128167 
-22.467293060485726 
-22.467298490999116 
-22.467305546223308 
-22.4673368905788 
-22.467375062473504 
-22.467404762992192 
-22.467407359839964 
-22.467407513464813 
-22.46749832520922 
-22.467505892082784 
-22.46750590646755 
-22.467533771353033 
-22.467563109625324 
-22.4677669124786 
-22.467780784264257 
-22.46794263864365 
-22.467944242463275 
-22.4679704209102 
-22.46833878371564 
-22.46839919035213 
-22.468408129736908 
-22.468453924805278 
-22.468636104138668 
-22.46863745077255 
-22.468647419678163 
-22.468805959195706 
-22.468895855147462 
-22.468895899705764 
-22.46890890922355 
-22.468908991530775 
-22.46890927395055 
-22.468929345598042 
-22.468993585576243 
-22.468995868036664 
-22.46904498576727 
-22.46904505191667 
-22.469054594573674 
-22.469056102784695 
-22.469098080128255 
-22.469200154872887 

 Time 
11807.824165344238 
