Parameters 
 
[-0.5 -0.5 -0.5 -0.5 -0.5 -0.5 -0.5 -0.5 -0.5 -0.5 -0.5 -0.5 -0.5 -0.5
 -0.5 -0.5 -0.5 -0.5 -0.5 -0.5 -0.5 -0.5 -0.5 -0.5] 
[-0.77121503 -0.61050776 -0.38450956 -0.30698409 -0.31588865 -0.35832686
 -0.3716023  -0.37782696 -0.38582556 -0.39573468 -0.39900512 -0.79058293
 -0.40441114 -0.37855166 -0.35674979 -0.3763676  -0.75393472 -0.72850148
 -0.73713916 -0.71243653 -0.65980047 -0.67649461 -0.66175187 -0.61821019] 
[-0.89946517 -0.66150549 -0.2931696  -0.20663779 -0.27731774 -0.28628098
 -0.34846236 -0.35590829 -0.34662217 -0.35619906 -0.33866515 -0.91525646
 -0.38560145 -0.33495863 -0.31639455 -0.30427141 -0.84613488 -0.81202934
 -0.816453   -0.80179091 -0.74069228 -0.77843368 -0.74078095 -0.68731602] 
[-0.96092726 -0.68311638 -0.23216359 -0.16264728 -0.26953175 -0.27130249
 -0.35991591 -0.3602149  -0.33855879 -0.33459845 -0.28537298 -0.98541869
 -0.38800632 -0.31534122 -0.28012208 -0.2667378  -0.90568684 -0.87701837
 -0.88297858 -0.83996061 -0.80587409 -0.82852292 -0.77756936 -0.72392297] 
[-0.99632411 -0.69379596 -0.18502643 -0.13970784 -0.26497898 -0.26600229
 -0.37650896 -0.36173668 -0.33889639 -0.31666238 -0.25151169 -1.03561119
 -0.37967757 -0.2997057  -0.26153501 -0.23985082 -0.94389355 -0.9254062
 -0.92566204 -0.87523472 -0.8497063  -0.8578904  -0.8115789  -0.75480117] 
[-1.02760654 -0.70703097 -0.15288093 -0.13412602 -0.26838651 -0.26076416
 -0.38603355 -0.37336722 -0.33876619 -0.3057624  -0.23355428 -1.0677638
 -0.38099933 -0.28015062 -0.25543854 -0.22813149 -0.97957107 -0.95531745
 -0.96253454 -0.90817873 -0.87457728 -0.87334913 -0.83599471 -0.78375023] 
[-1.04377738 -0.72075162 -0.12904247 -0.12938308 -0.26471824 -0.24359969
 -0.38472704 -0.3834463  -0.34882368 -0.29920216 -0.22284957 -1.09334236
 -0.38594023 -0.26173934 -0.25354742 -0.21636969 -1.00135332 -0.98440698
 -0.98853099 -0.92832399 -0.89802297 -0.87823189 -0.84887917 -0.80209577] 
[-1.05511352 -0.73462481 -0.10828554 -0.12616941 -0.25976041 -0.23015637
 -0.38378592 -0.39093208 -0.35741697 -0.29628272 -0.21263598 -1.11192277
 -0.38955932 -0.2480707  -0.25330812 -0.20896776 -1.01870578 -1.00673574
 -1.01066916 -0.94323021 -0.91791651 -0.88286913 -0.86155425 -0.81851945] 
[-1.06503596 -0.74119792 -0.09272245 -0.12605012 -0.25337642 -0.21835713
 -0.38380132 -0.39384492 -0.36915468 -0.294892   -0.20588701 -1.12552034
 -0.39249374 -0.23912835 -0.25530964 -0.20190145 -1.03462201 -1.02281458
 -1.03150139 -0.95508652 -0.93282019 -0.89237394 -0.86864453 -0.83316365] 
[-1.07234646 -0.74354812 -0.08655188 -0.12626188 -0.25111776 -0.21328074
 -0.3785704  -0.39832353 -0.37878761 -0.29381908 -0.20065508 -1.13373111
 -0.39726769 -0.23719306 -0.26254748 -0.19700913 -1.04054705 -1.03887855
 -1.04905572 -0.96633049 -0.94707427 -0.90104611 -0.87878414 -0.84475268] 
[-1.0774813  -0.74497577 -0.08850002 -0.13307426 -0.25043089 -0.20622734
 -0.37842492 -0.40054838 -0.38574938 -0.29416972 -0.19740206 -1.13575668
 -0.39858765 -0.23518859 -0.25707579 -0.19805426 -1.03927733 -1.04610041
 -1.05423615 -0.97325703 -0.95803546 -0.90780085 -0.88569271 -0.85396702] 
[-1.08258887 -0.74368863 -0.08590394 -0.13763929 -0.2489052  -0.20419927
 -0.37547345 -0.40352518 -0.39023672 -0.29693749 -0.19443286 -1.13531276
 -0.3979812  -0.23428703 -0.2511007  -0.19579313 -1.03628101 -1.04862784
 -1.05790425 -0.97632207 -0.96172381 -0.90899944 -0.89040191 -0.86058695] 
[-1.08532041 -0.74521752 -0.0860332  -0.13784461 -0.25009176 -0.20477258
 -0.37497621 -0.40356403 -0.39325631 -0.29606178 -0.19166366 -1.13476779
 -0.39597317 -0.23199434 -0.24925249 -0.19638015 -1.03384194 -1.04855593
 -1.06023341 -0.9777762  -0.96476405 -0.90967955 -0.89194759 -0.86295766] 
[-1.08640357 -0.74681282 -0.08568712 -0.13746422 -0.24941271 -0.20523563
 -0.3749081  -0.40415719 -0.39426965 -0.29522275 -0.19084477 -1.13489271
 -0.39539826 -0.23183546 -0.24936261 -0.19611041 -1.03399157 -1.04876164
 -1.06079118 -0.97904787 -0.96580919 -0.91036156 -0.89156994 -0.86444274] 
[-1.08728532 -0.74855623 -0.08538471 -0.13700275 -0.24887868 -0.20565876
 -0.37504242 -0.40479963 -0.39500736 -0.29460583 -0.19020732 -1.13523285
 -0.39485105 -0.231876   -0.24964412 -0.1960963  -1.03442739 -1.04921406
 -1.06112757 -0.98043777 -0.96676508 -0.9113417  -0.89119922 -0.86573183] 
[-1.08774198 -0.74900834 -0.08495343 -0.13659692 -0.24886954 -0.20567638
 -0.37521631 -0.40499884 -0.39493734 -0.29467314 -0.19009548 -1.13554709
 -0.39417133 -0.23190875 -0.24956184 -0.19646083 -1.03465893 -1.04921228
 -1.0612655  -0.98083746 -0.96672514 -0.91179614 -0.89141383 -0.86576145] 
[-1.08815964 -0.74962656 -0.08457411 -0.13633502 -0.24901165 -0.2058216
 -0.37526    -0.40530055 -0.39503364 -0.29488063 -0.19007416 -1.13579136
 -0.39340695 -0.23179956 -0.24940113 -0.19672931 -1.03484442 -1.04935369
 -1.06124523 -0.98109875 -0.9667611  -0.91237066 -0.89161847 -0.8659283 ] 
[-1.08866245 -0.75035126 -0.08418433 -0.13616073 -0.24920204 -0.20607295
 -0.37531857 -0.40562798 -0.39512203 -0.29514401 -0.19004703 -1.13604506
 -0.39270334 -0.23168057 -0.2490916  -0.19694278 -1.03498002 -1.04950458
 -1.06119692 -0.9813416  -0.96681117 -0.91294387 -0.8918266  -0.86615867] 
[-1.08913509 -0.75080685 -0.083829   -0.13608773 -0.24924185 -0.2060763
 -0.37537186 -0.40570948 -0.39512687 -0.29533917 -0.190158   -1.1363076
 -0.39223356 -0.23169558 -0.24890835 -0.19701098 -1.03525775 -1.04962583
 -1.06102338 -0.98160829 -0.96692329 -0.91347638 -0.89201567 -0.86644271] 
[-1.08947504 -0.75217559 -0.08375762 -0.13607681 -0.25001414 -0.20571376
 -0.37566603 -0.40611506 -0.39552014 -0.29530484 -0.19031859 -1.13764498
 -0.39154934 -0.23203421 -0.24836818 -0.19828293 -1.03536274 -1.04998148
 -1.0603762  -0.98226687 -0.96814942 -0.91460591 -0.89200897 -0.86678694] 
[-1.08982356 -0.75367597 -0.08373111 -0.13611793 -0.25080558 -0.20527408
 -0.37602002 -0.40653487 -0.39596285 -0.29525394 -0.1904979  -1.13899394
 -0.3907992  -0.23241538 -0.24776065 -0.19963833 -1.03544208 -1.05040635
 -1.05963704 -0.98299226 -0.96951167 -0.91580525 -0.89199747 -0.86717797] 
[-1.08891225 -0.75938307 -0.08446308 -0.13385508 -0.25525257 -0.20217356
 -0.3763356  -0.4103756  -0.39966779 -0.29311451 -0.19103536 -1.14938322
 -0.3888605  -0.23273334 -0.24572443 -0.20828513 -1.03826859 -1.05171304
 -1.05498308 -0.9846169  -0.97321717 -0.92154328 -0.89081086 -0.86791506] 
[-1.08929283 -0.75967449 -0.08413075 -0.13376119 -0.25523286 -0.20216821
 -0.37640811 -0.41046237 -0.39960424 -0.29328257 -0.19110856 -1.14953973
 -0.38838464 -0.23268353 -0.2454528  -0.20826858 -1.03857199 -1.0517914
 -1.05477064 -0.98483795 -0.97330395 -0.92218552 -0.89106835 -0.8683051 ] 
[-1.08963771 -0.75966284 -0.08373848 -0.13343328 -0.25526213 -0.2023265
 -0.37629368 -0.41047697 -0.39954543 -0.29344993 -0.19109572 -1.14970579
 -0.38802432 -0.23256748 -0.24546661 -0.20806972 -1.03894727 -1.05176906
 -1.05475396 -0.9848571  -0.97310481 -0.92272258 -0.89139342 -0.86863939] 
[-1.09001983 -0.75968017 -0.08335159 -0.13310165 -0.25530703 -0.20251503
 -0.37620164 -0.41048124 -0.39947162 -0.29365086 -0.19107392 -1.14985434
 -0.38762948 -0.23247594 -0.24548035 -0.20787788 -1.03929562 -1.05177699
 -1.05473886 -0.98489089 -0.97293927 -0.92328234 -0.89173398 -0.86897724] 
[-1.09044045 -0.75965372 -0.08274654 -0.13252342 -0.25526396 -0.2029597
 -0.37614977 -0.41080843 -0.39922003 -0.29386228 -0.19084184 -1.15054225
 -0.38731138 -0.23235811 -0.24549254 -0.20751024 -1.03977567 -1.05144232
 -1.05493051 -0.98497264 -0.97241114 -0.92386202 -0.89192218 -0.86934674] 
[-1.09064138 -0.75991384 -0.08255702 -0.13226339 -0.25535097 -0.20304947
 -0.37622225 -0.41080026 -0.39925946 -0.2938604  -0.19068637 -1.15066679
 -0.38704463 -0.23235297 -0.24558188 -0.20740046 -1.03995777 -1.05159589
 -1.05502659 -0.98521609 -0.97262697 -0.92420748 -0.89206897 -0.86962802] 
[-1.09084232 -0.76014252 -0.08238813 -0.13196187 -0.25545758 -0.20314375
 -0.37628538 -0.41078713 -0.39931783 -0.29381513 -0.19049318 -1.15082996
 -0.38678485 -0.23229836 -0.2456373  -0.20728562 -1.04018564 -1.05172263
 -1.05508623 -0.98542857 -0.97280767 -0.92458586 -0.89221508 -0.86991237] 
[-1.09106277 -0.7603676  -0.0822264  -0.13164345 -0.25557094 -0.20324849
 -0.3763347  -0.4107636  -0.39938438 -0.29376092 -0.1902999  -1.15100453
 -0.38654102 -0.23224418 -0.24569959 -0.20718049 -1.04040312 -1.05184959
 -1.05515908 -0.98564709 -0.97300813 -0.92496105 -0.89237452 -0.87019246] 
[-1.09120349 -0.76060238 -0.08203885 -0.13133823 -0.25568057 -0.20329779
 -0.37636254 -0.41066599 -0.39950994 -0.29367417 -0.19012452 -1.15115521
 -0.38627793 -0.23213345 -0.24573546 -0.20703063 -1.04071249 -1.05191526
 -1.05520911 -0.98591076 -0.97317169 -0.92534838 -0.89252614 -0.87044822] 
[-1.09151684 -0.76104553 -0.08188011 -0.13093413 -0.25569498 -0.20336933
 -0.37640301 -0.41044233 -0.39972181 -0.29365523 -0.18989687 -1.15133681
 -0.38594202 -0.23208843 -0.24591192 -0.20687592 -1.04077159 -1.05202727
 -1.05519877 -0.98622329 -0.97350683 -0.92585376 -0.89271517 -0.87075828] 
[-1.0918718  -0.76148712 -0.08175833 -0.13050547 -0.25575506 -0.20342623
 -0.37637343 -0.41027297 -0.399941   -0.29366563 -0.18968012 -1.15152027
 -0.38558152 -0.23201027 -0.24613122 -0.2067946  -1.04089969 -1.05222517
 -1.05516028 -0.98655778 -0.97379866 -0.9263547  -0.89290641 -0.87109228] 
[-1.09227126 -0.76202351 -0.08172078 -0.13008868 -0.25560495 -0.20350777
 -0.37642072 -0.4102269  -0.40008241 -0.29383725 -0.18937455 -1.15157137
 -0.38506908 -0.23200558 -0.24628456 -0.20671652 -1.04101973 -1.05243452
 -1.0550973  -0.98697387 -0.97394832 -0.92680366 -0.89312167 -0.87140423] 
[-1.09265039 -0.76237435 -0.08160121 -0.12975084 -0.25570961 -0.2036307
 -0.37634741 -0.41018447 -0.4002361  -0.29383711 -0.18916917 -1.15167791
 -0.38468523 -0.23184    -0.24642008 -0.20671444 -1.04136493 -1.05266139
 -1.05500302 -0.98728904 -0.97416316 -0.92726015 -0.89328542 -0.87172763] 
[-1.09302037 -0.76263756 -0.08147192 -0.12944459 -0.25586897 -0.20380353
 -0.37619781 -0.41022152 -0.40030793 -0.29386296 -0.18900317 -1.15168815
 -0.3843212  -0.2315574  -0.24651885 -0.20677873 -1.04169461 -1.05301034
 -1.0549626  -0.98760627 -0.97431199 -0.92775925 -0.89343358 -0.87210967] 
[-1.09335342 -0.76280341 -0.08129235 -0.12915114 -0.25603893 -0.20401907
 -0.3760428  -0.41025199 -0.40031221 -0.29387818 -0.18888957 -1.15167865
 -0.3840386  -0.23123874 -0.24663346 -0.20681649 -1.0419662  -1.05336064
 -1.05504515 -0.98788602 -0.97450213 -0.92830256 -0.89356553 -0.8724671 ] 
[-1.0936867  -0.76297862 -0.08111057 -0.12885056 -0.25620568 -0.20423694
 -0.37588506 -0.41028203 -0.40031775 -0.29389097 -0.18877262 -1.15166502
 -0.38374422 -0.23091857 -0.24675225 -0.20684673 -1.04224746 -1.05371581
 -1.0551233  -0.98817141 -0.97469149 -0.92885948 -0.89370222 -0.87283552] 
[-1.09400842 -0.76317652 -0.08091533 -0.12855665 -0.25625253 -0.2043815
 -0.37581476 -0.41030559 -0.40033391 -0.29390512 -0.1886451  -1.15168078
 -0.38340741 -0.2306342  -0.24682237 -0.20685151 -1.04254121 -1.05396559
 -1.05513434 -0.98847702 -0.97489225 -0.92941471 -0.89385364 -0.87323171] 
[-1.09433058 -0.76338919 -0.0807136  -0.12825284 -0.25632645 -0.20453883
 -0.3757366  -0.41034881 -0.40036201 -0.29392974 -0.18852059 -1.15170714
 -0.38305396 -0.23032434 -0.24687729 -0.20688055 -1.04283981 -1.05424278
 -1.05513997 -0.98876475 -0.97510041 -0.93000637 -0.89402637 -0.87362669] 
[-1.09487565 -0.76370022 -0.08049963 -0.12816347 -0.25639928 -0.20466782
 -0.37588721 -0.41041421 -0.40022779 -0.29398036 -0.18845759 -1.15169325
 -0.38270275 -0.22991851 -0.24692724 -0.20696913 -1.0428709  -1.05465614
 -1.05538606 -0.98892536 -0.97549014 -0.93054425 -0.8941201  -0.87418933] 
[-1.09552413 -0.76411196 -0.08025519 -0.12817632 -0.25647817 -0.20473646
 -0.37610861 -0.41039091 -0.40009068 -0.29401042 -0.18835762 -1.15170498
 -0.38228069 -0.22952265 -0.24696386 -0.20701715 -1.04291287 -1.05505507
 -1.05563002 -0.98913588 -0.97592683 -0.93103396 -0.89420269 -0.87482714] 
[-1.09685848 -0.76471994 -0.08020962 -0.12875264 -0.25676309 -0.20464691
 -0.37664378 -0.41066392 -0.39963033 -0.2944739  -0.18834582 -1.15153379
 -0.38144498 -0.229046   -0.24685632 -0.20753379 -1.04247    -1.05614592
 -1.05624242 -0.9890534  -0.97656218 -0.93133207 -0.89408521 -0.87597039] 
[-1.09706741 -0.76495507 -0.07997051 -0.12832411 -0.25660844 -0.20486366
 -0.37642067 -0.41040885 -0.39983014 -0.29436215 -0.18805945 -1.15175938
 -0.38112341 -0.22894119 -0.24697142 -0.20722091 -1.04305542 -1.05597995
 -1.0561247  -0.98967837 -0.97670125 -0.93191818 -0.89428467 -0.87623966] 
[-1.09754112 -0.76515318 -0.07974039 -0.12807731 -0.2565153  -0.20513257
 -0.37631778 -0.41019062 -0.3999372  -0.29431326 -0.18781344 -1.15198406
 -0.3807657  -0.22883036 -0.24715356 -0.20697325 -1.0435456  -1.05592947
 -1.05613419 -0.99025612 -0.97696678 -0.93246342 -0.89441524 -0.87657987] 
[-1.09803842 -0.76538351 -0.07952678 -0.12785391 -0.25642824 -0.20538453
 -0.37619292 -0.40991863 -0.40007381 -0.29428257 -0.18754738 -1.15225062
 -0.38039568 -0.22870072 -0.24731191 -0.20673464 -1.04400944 -1.05583022
 -1.05613357 -0.99087497 -0.97725007 -0.93299557 -0.89456025 -0.87692422] 
[-1.09757719 -0.76405268 -0.07784502 -0.12503367 -0.2532591  -0.20593385
 -0.37673681 -0.4130756  -0.39794072 -0.29306092 -0.18751739 -1.14791919
 -0.37903599 -0.23079121 -0.24970643 -0.20488759 -1.04765481 -1.05877945
 -1.05725271 -0.99068802 -0.97553196 -0.9339372  -0.89275922 -0.87795345] 
[-1.097666   -0.76358245 -0.07695551 -0.12361249 -0.25172096 -0.20631489
 -0.37693943 -0.41443155 -0.39701957 -0.29246704 -0.18735158 -1.14600171
 -0.37815697 -0.23171381 -0.25091976 -0.20388936 -1.04961945 -1.06014958
 -1.05779144 -0.99091096 -0.9748731  -0.93465541 -0.8919734  -0.87863973] 
[-1.09834415 -0.76379876 -0.07667359 -0.12330372 -0.2513159  -0.20657068
 -0.37679576 -0.41427244 -0.39701081 -0.29232991 -0.18706913 -1.14592211
 -0.37760746 -0.23171344 -0.25122233 -0.2035056  -1.05016987 -1.06025745
 -1.05782597 -0.99158155 -0.97514367 -0.93526994 -0.89197528 -0.87908351] 
[-1.10082198 -0.7652795  -0.07693661 -0.12575192 -0.25292621 -0.20669295
 -0.37618042 -0.41053026 -0.39869366 -0.2929407  -0.18631986 -1.14972981
 -0.3772862  -0.23027251 -0.24968969 -0.20398195 -1.04840183 -1.05775898
 -1.05654315 -0.99378938 -0.97767376 -0.93579984 -0.8931528  -0.87890229] 
[-1.10241861 -0.76625602 -0.07557495 -0.12537957 -0.25287126 -0.20826189
 -0.3760032  -0.40946843 -0.39897284 -0.29238865 -0.18581975 -1.14950111
 -0.37646671 -0.23039783 -0.25073659 -0.20311589 -1.04953717 -1.05943302
 -1.05679314 -0.99541856 -0.97804949 -0.93762813 -0.89213799 -0.87972844] 
[-1.10398879 -0.76722122 -0.07456017 -0.12488755 -0.25262813 -0.20944034
 -0.37565849 -0.40862868 -0.39915532 -0.29191513 -0.18535607 -1.14928339
 -0.37548845 -0.23042178 -0.25165532 -0.20233126 -1.05058814 -1.06076551
 -1.05701941 -0.99697084 -0.97829768 -0.93921081 -0.89133843 -0.88069024] 
[-1.10536334 -0.7683473  -0.07371517 -0.12485689 -0.25262444 -0.21046167
 -0.37564508 -0.40772579 -0.39986696 -0.29122613 -0.18448376 -1.14928194
 -0.37462443 -0.23045043 -0.25219904 -0.20112983 -1.05126081 -1.0614761
 -1.05713119 -0.9988899  -0.97827589 -0.94122672 -0.89136198 -0.88151463] 
[-1.10871081 -0.76894042 -0.07482192 -0.12705375 -0.2524994  -0.21142904
 -0.37504188 -0.40691579 -0.40121465 -0.29173702 -0.18249926 -1.1497508
 -0.3720048  -0.2295443  -0.24937458 -0.20126251 -1.05038973 -1.05898484
 -1.05638776 -1.00162628 -0.97977183 -0.94381673 -0.89395299 -0.88233986] 
[-1.11007179 -0.76957306 -0.07429582 -0.12724721 -0.25301607 -0.21240436
 -0.37463425 -0.40603917 -0.4016087  -0.29137564 -0.18198917 -1.15040904
 -0.37119813 -0.22942538 -0.24932019 -0.20027762 -1.05100698 -1.0590569
 -1.05636766 -1.00305919 -0.97977173 -0.94568224 -0.8944645  -0.88254397] 
[-1.11135938 -0.77004827 -0.07399524 -0.12768085 -0.25364627 -0.21328538
 -0.37438044 -0.40530227 -0.40196645 -0.29111298 -0.18142826 -1.15125937
 -0.37031754 -0.22925246 -0.24892637 -0.19958995 -1.05144905 -1.05878157
 -1.05620033 -1.00418295 -0.98001799 -0.94733324 -0.8952336  -0.88260505] 
[-1.11267154 -0.77052997 -0.0737248  -0.12817208 -0.25430077 -0.21411224
 -0.37413435 -0.40455565 -0.40232568 -0.29089583 -0.18085093 -1.15214134
 -0.36937727 -0.22904539 -0.24845977 -0.19897361 -1.05189127 -1.05846443
 -1.05600361 -1.0052834  -0.98030656 -0.94891634 -0.8960124  -0.88266993] 
[-1.1138561  -0.77359429 -0.06888273 -0.12491307 -0.25548977 -0.21973989
 -0.37445567 -0.40201164 -0.40138611 -0.28935621 -0.18035159 -1.15186834
 -0.36915151 -0.23083946 -0.25289344 -0.19407576 -1.05462495 -1.06630695
 -1.05700619 -1.00789614 -0.97946703 -0.95600172 -0.89226263 -0.88410952] 
[-1.11381714 -0.77422232 -0.06769443 -0.12386979 -0.25549276 -0.22157974
 -0.37443203 -0.40183636 -0.40150267 -0.28864458 -0.17992604 -1.15107558
 -0.36926095 -0.2313716  -0.25426947 -0.19258245 -1.05546837 -1.06821875
 -1.05758371 -1.00901863 -0.97878052 -0.95828336 -0.89158631 -0.88489767] 
[-1.11304816 -0.77568329 -0.0645438  -0.12161591 -0.25653491 -0.22615794
 -0.3748697  -0.4012223  -0.40232821 -0.28609691 -0.17958829 -1.14982144
 -0.37119583 -0.23310989 -0.25874583 -0.18799802 -1.05831031 -1.07261069
 -1.05888484 -1.01112398 -0.97686111 -0.96322122 -0.88964459 -0.88633041] 
[-1.11351886 -0.77602062 -0.0644124  -0.12153451 -0.25646208 -0.22667275
 -0.37484156 -0.40112481 -0.4023672  -0.28601209 -0.17927805 -1.14976747
 -0.37073386 -0.23304279 -0.25873096 -0.18779044 -1.05833761 -1.07304134
 -1.05898238 -1.01157045 -0.97682633 -0.96402161 -0.88962932 -0.88682721] 
[-1.114055   -0.77637601 -0.06430634 -0.12154808 -0.2564287  -0.22713441
 -0.37481446 -0.40098269 -0.40240292 -0.28595559 -0.17895939 -1.14980914
 -0.37019456 -0.23295316 -0.25865516 -0.18763433 -1.05835199 -1.07342458
 -1.05901214 -1.01201267 -0.97684122 -0.96475819 -0.88960727 -0.88732387] 
[-1.11430617 -0.77656271 -0.06408115 -0.121266   -0.25637122 -0.22789842
 -0.37481101 -0.40106545 -0.40258117 -0.28590177 -0.17860903 -1.14975252
 -0.36980405 -0.23284021 -0.25874198 -0.18756813 -1.05835176 -1.07384925
 -1.05928983 -1.01261849 -0.97678918 -0.9656168  -0.8896085  -0.88794968] 
[-1.11465599 -0.77677418 -0.06392368 -0.1210863  -0.25633504 -0.22854476
 -0.37474536 -0.40107275 -0.40268449 -0.2858619  -0.17830885 -1.14974365
 -0.36938091 -0.23269367 -0.25880214 -0.18748752 -1.05833475 -1.07426399
 -1.05949602 -1.01315274 -0.97675249 -0.96640539 -0.88959764 -0.88852639] 
[-1.11554258 -0.77743994 -0.06391888 -0.12138662 -0.25643099 -0.22866643
 -0.37462545 -0.40059104 -0.40280318 -0.28561628 -0.17792006 -1.15008472
 -0.36859149 -0.23224419 -0.25883767 -0.1873633  -1.0584276  -1.07471779
 -1.05937941 -1.01352387 -0.97667494 -0.9670412  -0.88928639 -0.88909337] 
[-1.11606261 -0.7777431  -0.06378443 -0.1213186  -0.25614978 -0.2290023
 -0.37456366 -0.4003815  -0.40290532 -0.28549299 -0.17743147 -1.15009228
 -0.36784814 -0.23195665 -0.25871412 -0.18744468 -1.05835045 -1.07500942
 -1.05942065 -1.01402427 -0.97661163 -0.96774111 -0.88915671 -0.88959929] 
[-1.11657219 -0.77803774 -0.06364387 -0.12128539 -0.25599584 -0.22932107
 -0.3745684  -0.4001455  -0.40299576 -0.28533536 -0.17698032 -1.15020822
 -0.36721484 -0.23169088 -0.25866557 -0.18747754 -1.05827909 -1.0752774
 -1.0594767  -1.01443984 -0.97660608 -0.96839594 -0.88907386 -0.89002597] 
[-1.11692126 -0.77820523 -0.06351599 -0.12110195 -0.25598103 -0.22963201
 -0.37444772 -0.39988173 -0.40290387 -0.28511633 -0.17660926 -1.15035739
 -0.36665738 -0.23151192 -0.25851411 -0.18732951 -1.05835192 -1.0754658
 -1.05954141 -1.01471886 -0.97642318 -0.96904168 -0.88908634 -0.89027956] 
[-1.11726427 -0.7784799  -0.06334048 -0.12086423 -0.25587532 -0.22992541
 -0.3742779  -0.3995333  -0.40290548 -0.28484139 -0.17622074 -1.15052293
 -0.3661345  -0.2313347  -0.25848736 -0.1871946  -1.05848637 -1.07567161
 -1.05959626 -1.01509542 -0.97620284 -0.96964006 -0.88901434 -0.89056681] 
[-1.11773115 -0.7786657  -0.06321559 -0.12054748 -0.25572472 -0.23018595
 -0.37393589 -0.39917288 -0.40276924 -0.28451035 -0.17579293 -1.15068277
 -0.36553349 -0.23110412 -0.25828208 -0.18720238 -1.05859996 -1.07574629
 -1.05967297 -1.01540863 -0.97592845 -0.97020314 -0.88897993 -0.89082939] 
[-1.11790549 -0.77849932 -0.06313622 -0.12006833 -0.25604156 -0.2303611
 -0.37359146 -0.3988438  -0.4024732  -0.28376984 -0.17548962 -1.1511964
 -0.36528303 -0.23082439 -0.25812446 -0.18672117 -1.0587756  -1.07549132
 -1.05994513 -1.01555255 -0.97554762 -0.97080413 -0.88925448 -0.89079154] 
[-1.11809794 -0.77835616 -0.06305281 -0.1196468  -0.25635889 -0.23051081
 -0.37327011 -0.3985049  -0.40221341 -0.28307356 -0.17520217 -1.15171061
 -0.36502385 -0.230566   -0.25797013 -0.18623512 -1.05894219 -1.07524254
 -1.06018995 -1.01572685 -0.97518509 -0.97138643 -0.88952302 -0.89076552] 
[-1.11830102 -0.77836549 -0.06297047 -0.11932607 -0.25640014 -0.23064764
 -0.37303696 -0.39827298 -0.40216043 -0.28270802 -0.17490223 -1.15196779
 -0.36468509 -0.23032848 -0.2578002  -0.1861132  -1.05899697 -1.07514159
 -1.06032355 -1.01604622 -0.97500547 -0.97182003 -0.88970072 -0.89092628] 
[-1.1190019  -0.77852799 -0.06299514 -0.11905603 -0.25603143 -0.23069485
 -0.37250576 -0.3979914  -0.40220765 -0.28247164 -0.17470294 -1.15201057
 -0.36420235 -0.23004258 -0.2572953  -0.18658434 -1.0589981  -1.07507529
 -1.0603073  -1.01652427 -0.97484766 -0.97204624 -0.88970871 -0.89115112] 
[-1.11969583 -0.77865625 -0.06296788 -0.11885904 -0.25576105 -0.23068559
 -0.37193848 -0.39768167 -0.40224582 -0.28227787 -0.17454254 -1.15201081
 -0.36375453 -0.22984337 -0.25674541 -0.18695077 -1.05905336 -1.07505691
 -1.06032029 -1.01699032 -0.97463356 -0.97219279 -0.88967119 -0.89130625] 
[-1.12266991 -0.77863351 -0.06323842 -0.11841228 -0.25389536 -0.23021067
 -0.36960166 -0.39719361 -0.40156199 -0.28194876 -0.17461271 -1.15138849
 -0.36212652 -0.22908904 -0.25396684 -0.18998555 -1.05889777 -1.07500486
 -1.05995626 -1.01758222 -0.97413048 -0.97165801 -0.88853667 -0.89143428] 
[-1.1274348  -0.77805618 -0.06396241 -0.11643489 -0.2494503  -0.22935554
 -0.36435119 -0.39611402 -0.39946808 -0.28099667 -0.17471108 -1.14963273
 -0.35957648 -0.22735834 -0.24980311 -0.19586664 -1.0594287  -1.07455245
 -1.05974298 -1.01791344 -0.97311435 -0.96972723 -0.88592964 -0.89122474] 
[-1.12868373 -0.77816235 -0.06415362 -0.11545728 -0.24843959 -0.22945243
 -0.36278194 -0.39578652 -0.39917525 -0.28052839 -0.17438731 -1.14906455
 -0.35862671 -0.22665842 -0.24857555 -0.19729562 -1.05973609 -1.07454706
 -1.0598557  -1.01818927 -0.97249173 -0.96965148 -0.88545867 -0.89134568] 
[-1.12978443 -0.7781261  -0.06420202 -0.1148368  -0.24766094 -0.22938142
 -0.36164956 -0.39538559 -0.39879548 -0.28006045 -0.1741324  -1.14886126
 -0.35788359 -0.22616059 -0.24761008 -0.19830303 -1.05983399 -1.07444744
 -1.05994568 -1.01851327 -0.97214101 -0.96961727 -0.88513374 -0.89139416] 
[-1.13047142 -0.77824389 -0.06411763 -0.1148379  -0.24757836 -0.22919943
 -0.36134177 -0.39499351 -0.39873289 -0.27978234 -0.17406445 -1.1491837
 -0.35762085 -0.22610237 -0.24725921 -0.19838554 -1.05977303 -1.07440494
 -1.05995346 -1.018902   -0.97205317 -0.96985183 -0.88516315 -0.89143269] 
[-1.13093707 -0.77853263 -0.06411586 -0.11465787 -0.24779193 -0.22942097
 -0.36115481 -0.39486344 -0.39901368 -0.27952755 -0.17378971 -1.14930216
 -0.35725345 -0.22588886 -0.2469923  -0.19845765 -1.05971403 -1.07456429
 -1.0600995  -1.0191849  -0.97188077 -0.97025167 -0.88531649 -0.89156859] 
[-1.13141028 -0.77880889 -0.0641094  -0.11447693 -0.24799877 -0.22963396
 -0.36096443 -0.39472948 -0.39928032 -0.27926843 -0.17352266 -1.14942062
 -0.35689685 -0.22567875 -0.24672826 -0.19852671 -1.05965864 -1.07472302
 -1.06025296 -1.01947106 -0.97171207 -0.97064673 -0.88546328 -0.89170247] 
[-1.13182821 -0.77905513 -0.06407329 -0.11429511 -0.24825057 -0.22983355
 -0.36079743 -0.39459414 -0.39950483 -0.27898982 -0.1732508  -1.14957236
 -0.35655004 -0.22549748 -0.24648078 -0.19851721 -1.05958524 -1.07488114
 -1.06042564 -1.01975398 -0.97151671 -0.97105051 -0.88562467 -0.89182034] 
[-1.13239847 -0.77931904 -0.06402739 -0.11412133 -0.24835538 -0.23000609
 -0.36046408 -0.39439042 -0.39973867 -0.2787189  -0.17298921 -1.14981249
 -0.35613247 -0.22541998 -0.24605352 -0.19858598 -1.0594589  -1.07494671
 -1.06046705 -1.0201412  -0.97120473 -0.9714947  -0.88580818 -0.89192609] 
[-1.1330233  -0.77962379 -0.0640065  -0.11393695 -0.24830467 -0.23013575
 -0.36004212 -0.39410877 -0.399956   -0.27842646 -0.17273216 -1.15001402
 -0.35575105 -0.22530395 -0.24568689 -0.1987276  -1.05944131 -1.07492153
 -1.06044457 -1.02052082 -0.9709039  -0.9718412  -0.88594814 -0.89203211] 
[-1.13358073 -0.77991285 -0.0639357  -0.11382335 -0.24835182 -0.23039817
 -0.3597974  -0.39391969 -0.40028904 -0.27814141 -0.1723982  -1.15014813
 -0.35545644 -0.22514968 -0.24545622 -0.1988704  -1.05943411 -1.07490942
 -1.06053613 -1.02091289 -0.97074585 -0.97218475 -0.88613784 -0.8921993 ] 
[-1.13409233 -0.78034352 -0.06353957 -0.11388469 -0.24871999 -0.23071967
 -0.35967249 -0.39370185 -0.40080397 -0.27717138 -0.17165383 -1.15058928
 -0.35497847 -0.2248136  -0.24514774 -0.19876881 -1.0595294  -1.07471236
 -1.06058941 -1.02144788 -0.96999767 -0.97274103 -0.88658402 -0.89245824] 
[-1.13457111 -0.78069041 -0.06316604 -0.11391925 -0.24902623 -0.23096473
 -0.3594959  -0.39343185 -0.40122218 -0.27623382 -0.17100685 -1.15101069
 -0.35456578 -0.22453132 -0.24486323 -0.19860327 -1.05966285 -1.07452137
 -1.06064037 -1.02196002 -0.96927846 -0.97326889 -0.88697633 -0.89266651] 
[-1.13501775 -0.78106233 -0.06281713 -0.1139218  -0.24927192 -0.23132169
 -0.35938159 -0.39300094 -0.40184596 -0.27519227 -0.17017078 -1.15154802
 -0.3541623  -0.22409389 -0.24494852 -0.1985933  -1.0597005  -1.07433997
 -1.06080928 -1.0224732  -0.96886221 -0.9738898  -0.88739383 -0.89283385] 
[-1.13612562 -0.78163227 -0.06225502 -0.11439212 -0.24965502 -0.23125576
 -0.35937881 -0.39274144 -0.40270463 -0.27369723 -0.16925625 -1.15204607
 -0.35358845 -0.22328336 -0.24467366 -0.19864015 -1.05980564 -1.07424617
 -1.06102815 -1.02357945 -0.9681189  -0.97419082 -0.88761617 -0.89352863] 
[-1.13693101 -0.78187787 -0.0617091  -0.11470812 -0.24994979 -0.23103121
 -0.35926196 -0.39231983 -0.4031565  -0.27240154 -0.16864788 -1.15252571
 -0.353222   -0.22277172 -0.24441065 -0.19840137 -1.06007235 -1.07407619
 -1.06117675 -1.02453731 -0.96743448 -0.97443163 -0.8877574  -0.89391065] 
[-1.13769582 -0.78216818 -0.06117934 -0.1150421  -0.25029726 -0.23088902
 -0.3592557  -0.39193011 -0.40371306 -0.2710697  -0.16793311 -1.1530479
 -0.35286704 -0.22217071 -0.24427864 -0.19822061 -1.06028182 -1.07390304
 -1.06139985 -1.0254386  -0.9669055  -0.97467384 -0.88790455 -0.89428295] 
[-1.13844769 -0.78244072 -0.06068362 -0.1153415  -0.25062582 -0.230752
 -0.35924956 -0.39156808 -0.40422032 -0.2698322  -0.167267   -1.15354163
 -0.35253867 -0.22160259 -0.24414878 -0.19807067 -1.06046694 -1.0737684
 -1.06163347 -1.02629543 -0.96643159 -0.97491031 -0.88803372 -0.89463728] 
[-1.13920833 -0.78280619 -0.06002192 -0.11574065 -0.25115958 -0.23062749
 -0.3593413  -0.39103002 -0.40502295 -0.2679897  -0.16627654 -1.15423138
 -0.35217059 -0.22076189 -0.24419806 -0.19774554 -1.06080341 -1.07343668
 -1.06191447 -1.02727107 -0.9657529  -0.97523999 -0.88828514 -0.8949675 ] 
[-1.13995444 -0.78316763 -0.05941504 -0.11609732 -0.25165103 -0.23050856
 -0.35941322 -0.39054105 -0.4057457  -0.26630454 -0.16537778 -1.15484631
 -0.35179407 -0.2199977  -0.24416468 -0.19746382 -1.06111343 -1.07314632
 -1.06216915 -1.02820746 -0.96509346 -0.97553558 -0.8885028  -0.895316  ] 
[-1.14492346 -0.78521963 -0.05483308 -0.12125224 -0.25704912 -0.22927023
 -0.36268444 -0.39039032 -0.41278566 -0.25481542 -0.15939696 -1.15735244
 -0.34967382 -0.21319383 -0.24290755 -0.1964272  -1.06493146 -1.0708844
 -1.06446409 -1.03455601 -0.95900439 -0.97431758 -0.88889868 -0.89862803] 
[-1.14640451 -0.78576432 -0.05388986 -0.12211758 -0.2581615  -0.22906053
 -0.36305524 -0.39012277 -0.41426482 -0.25222953 -0.15798422 -1.1578673
 -0.34897316 -0.21152104 -0.24258895 -0.19609597 -1.065647   -1.07065441
 -1.06511321 -1.03603726 -0.95765457 -0.97430791 -0.88901736 -0.89943536] 
[-1.14763104 -0.78622295 -0.05314748 -0.12276466 -0.25902448 -0.22892221
 -0.36332635 -0.38990004 -0.41545927 -0.25020786 -0.15682515 -1.15826836
 -0.3483958  -0.21016029 -0.24234951 -0.19588218 -1.06618981 -1.07050882
 -1.06567687 -1.03723796 -0.95665633 -0.97433961 -0.88912861 -0.90010431] 
[-1.14872807 -0.78661775 -0.05251394 -0.1232817  -0.25973462 -0.22879894
 -0.36352571 -0.38967533 -0.41646009 -0.24847797 -0.15583806 -1.15862874
 -0.34788923 -0.20899659 -0.242149   -0.19568399 -1.06663979 -1.07040517
 -1.06617251 -1.038307   -0.95582169 -0.97439748 -0.88922486 -0.90069048] 
[-1.15010793 -0.78697961 -0.05143303 -0.12401825 -0.26080032 -0.2283505
 -0.36350665 -0.38892867 -0.41745905 -0.24478005 -0.15461564 -1.15942482
 -0.34721827 -0.2076075  -0.24156416 -0.19426334 -1.06767307 -1.06941454
 -1.06638937 -1.03998301 -0.95304417 -0.97488503 -0.88971666 -0.90146736] 
[-1.15149616 -0.78728213 -0.05038553 -0.12471044 -0.26203394 -0.22819769
 -0.36362544 -0.38833724 -0.4186016  -0.24145786 -0.15336169 -1.16018288
 -0.34679354 -0.20619662 -0.24139758 -0.19315367 -1.06862297 -1.06861011
 -1.06697498 -1.04136838 -0.95108707 -0.97518765 -0.89015797 -0.90204652] 
[-1.15284939 -0.78747084 -0.04942993 -0.12537589 -0.26314886 -0.22794776
 -0.36368039 -0.38780556 -0.41954259 -0.238345   -0.15231753 -1.16081625
 -0.3464179  -0.20489921 -0.241147   -0.19199359 -1.06953663 -1.06786117
 -1.06752478 -1.04273582 -0.94918061 -0.97541072 -0.89050245 -0.90262599] 
[-1.15375026 -0.7876738  -0.04898778 -0.12561762 -0.26370781 -0.22799577
 -0.36383868 -0.38764303 -0.42016867 -0.23722716 -0.15158894 -1.16115453
 -0.34623648 -0.20412973 -0.24121254 -0.19198175 -1.0696637  -1.06791887
 -1.0681414  -1.0433822  -0.94905057 -0.97558159 -0.89058245 -0.9029482 ] 
[-1.15476984 -0.78794264 -0.0484322  -0.1258894  -0.26446303 -0.22802061
 -0.36402528 -0.38748423 -0.42095291 -0.23593389 -0.15077935 -1.16134122
 -0.34606209 -0.20321668 -0.2413044  -0.19178137 -1.07002087 -1.06805074
 -1.06891891 -1.04409876 -0.9488594  -0.9755587  -0.89053642 -0.90324287] 
[-1.15645296 -0.78833256 -0.04756566 -0.12650306 -0.26545634 -0.22753338
 -0.3640997  -0.38730761 -0.42219771 -0.23310822 -0.14964489 -1.16153255
 -0.34584813 -0.20141806 -0.24092579 -0.19111725 -1.07065891 -1.06804899
 -1.0698873  -1.04526139 -0.94766328 -0.9755918  -0.89002927 -0.90416122] 
[-1.16809444 -0.79046741 -0.04116949 -0.13012274 -0.27491642 -0.22971636
 -0.36626249 -0.3827426  -0.42960581 -0.21280956 -0.13542525 -1.1731001
 -0.34391967 -0.19159645 -0.24537196 -0.19503922 -1.06749068 -1.06740855
 -1.07878797 -1.04613998 -0.94880358 -0.97970232 -0.89260726 -0.90172229] 
[-1.17222975 -0.79123284 -0.03896131 -0.13152178 -0.27797968 -0.23000959
 -0.36682782 -0.38141949 -0.43232386 -0.20567416 -0.1310067  -1.17635315
 -0.34335984 -0.18800933 -0.24628705 -0.19566847 -1.06709393 -1.06709284
 -1.0817503  -1.0471599  -0.94842051 -0.98077968 -0.89302994 -0.90168605] 
[-1.17389576 -0.79157689 -0.03792019 -0.13212466 -0.27905806 -0.23005493
 -0.36700136 -0.38092763 -0.43320997 -0.20290209 -0.12926206 -1.17773017
 -0.34321307 -0.18674239 -0.24665436 -0.19606144 -1.06673545 -1.06705963
 -1.08301868 -1.04768941 -0.94849709 -0.98123645 -0.89325553 -0.90178196] 
[-1.17557272 -0.79202105 -0.03684725 -0.13273759 -0.28020087 -0.2300692
 -0.3671645  -0.38039386 -0.43422567 -0.20006008 -0.1273642  -1.17914369
 -0.34296483 -0.18535525 -0.24701803 -0.19647651 -1.06640606 -1.06703053
 -1.08432241 -1.04824686 -0.9485415  -0.9817041  -0.89348796 -0.901871  ] 
[-1.17708616 -0.79241076 -0.03591842 -0.13325108 -0.28117841 -0.23008334
 -0.36727731 -0.37990405 -0.43508464 -0.19758977 -0.12570139 -1.18040401
 -0.34272578 -0.18415457 -0.24731621 -0.19685883 -1.06608655 -1.06702309
 -1.08546408 -1.04875813 -0.94859974 -0.98215578 -0.89370912 -0.90196325] 
[-1.17828245 -0.79268012 -0.03526802 -0.13357902 -0.28174311 -0.23010495
 -0.36740556 -0.37956261 -0.43548697 -0.19585274 -0.12443108 -1.18166354
 -0.34258845 -0.18349956 -0.24755285 -0.19746556 -1.06551249 -1.06698373
 -1.08630612 -1.04911877 -0.94895127 -0.98273261 -0.89400293 -0.90207019] 
[-1.17922398 -0.79296969 -0.03475966 -0.13378077 -0.28225649 -0.23019961
 -0.3674323  -0.37917193 -0.43591579 -0.19447013 -0.12328581 -1.18266521
 -0.34235639 -0.18290373 -0.24777531 -0.19787182 -1.06514362 -1.0669391
 -1.08696701 -1.04944245 -0.94920913 -0.98319962 -0.89431046 -0.9021093 ] 
[-1.17992974 -0.79307519 -0.03454985 -0.13382908 -0.28231205 -0.23012887
 -0.36736868 -0.37902038 -0.43592296 -0.19397366 -0.12281735 -1.1832341
 -0.3422179  -0.18270519 -0.24766578 -0.19822832 -1.06479912 -1.06703613
 -1.08728736 -1.04976637 -0.94938564 -0.98356288 -0.89445012 -0.90226596] 
[-1.18054927 -0.79320541 -0.03446856 -0.13378459 -0.2823902  -0.23027351
 -0.36721966 -0.37869212 -0.43587722 -0.1936613  -0.12217858 -1.18402714
 -0.3419776  -0.18265472 -0.24769088 -0.19875018 -1.06432357 -1.0670207
 -1.08756354 -1.04993879 -0.94970715 -0.98416638 -0.89489422 -0.90224624] 
[-1.18116225 -0.793336   -0.03440888 -0.13372502 -0.28246203 -0.23039921
 -0.36703292 -0.3783604  -0.4358754  -0.19333357 -0.12159919 -1.18467955
 -0.3417471  -0.18254355 -0.24768826 -0.19914657 -1.06395397 -1.06702326
 -1.08782641 -1.05013208 -0.94994485 -0.98470894 -0.89525815 -0.90226262] 
[-1.18154391 -0.79337972 -0.03454611 -0.13347847 -0.28248863 -0.23084813
 -0.36675171 -0.3777933  -0.43560645 -0.19348176 -0.12091046 -1.18569373
 -0.3415469  -0.18293133 -0.248062   -0.19984002 -1.06331026 -1.06685646
 -1.08816304 -1.050072   -0.95069439 -0.98567226 -0.89603777 -0.90200278] 
[-1.18220802 -0.793648   -0.03443477 -0.13352641 -0.28249682 -0.23069106
 -0.36660448 -0.37759305 -0.43569085 -0.19309443 -0.12042558 -1.1861456
 -0.34115558 -0.18262878 -0.24769932 -0.20016423 -1.0630908  -1.06695832
 -1.08825336 -1.05050582 -0.95056187 -0.98604573 -0.89622055 -0.90224008] 
[-1.18278305 -0.7938568  -0.03437545 -0.13354157 -0.28249347 -0.23061413
 -0.3664215  -0.37735458 -0.43573255 -0.19283876 -0.11996616 -1.18658331
 -0.34081982 -0.18245037 -0.24741835 -0.20048427 -1.06287401 -1.06699955
 -1.0883487  -1.05089068 -0.95054052 -0.98647342 -0.89648448 -0.9024297 ] 
[-1.18333599 -0.79403452 -0.0343453  -0.13353012 -0.28248351 -0.23058879
 -0.36622184 -0.37708886 -0.43573364 -0.19263779 -0.1195141  -1.18705603
 -0.34051305 -0.1823427  -0.2471994  -0.20082951 -1.06262631 -1.06701506
 -1.08846046 -1.0512305  -0.95059911 -0.98694097 -0.89679401 -0.90257931] 
[-1.18368932 -0.79424412 -0.03461277 -0.13303173 -0.2826966  -0.23151155
 -0.36576551 -0.37607567 -0.43587237 -0.19246572 -0.11834683 -1.18846821
 -0.34040102 -0.18299209 -0.24795133 -0.20165665 -1.06219023 -1.06640645
 -1.08897154 -1.05087042 -0.95165672 -0.98844075 -0.8980138  -0.90187333] 
[-1.18383006 -0.79375666 -0.03529887 -0.1318547  -0.28298608 -0.23400505
 -0.36515824 -0.37449567 -0.43530103 -0.19293823 -0.11673348 -1.19127575
 -0.34112587 -0.18528331 -0.24998476 -0.20353015 -1.06095423 -1.06482918
 -1.09013233 -1.04954041 -0.95450444 -0.9913169  -0.90069489 -0.90023373] 
[-1.1847623  -0.79373106 -0.03532585 -0.13177201 -0.28305263 -0.23430516
 -0.36482627 -0.37399825 -0.43527437 -0.19247638 -0.11593993 -1.19249461
 -0.34106729 -0.18546361 -0.25002197 -0.20434643 -1.0603328  -1.06457444
 -1.09057896 -1.04969575 -0.9550716  -0.99234745 -0.90139178 -0.90014672] 
[-1.18569149 -0.79374058 -0.03532561 -0.13173642 -0.28309286 -0.23447929
 -0.36451207 -0.3735623  -0.43526959 -0.19201196 -0.11521734 -1.19357222
 -0.34094801 -0.18553511 -0.24994333 -0.20507731 -1.05977534 -1.06440447
 -1.09096017 -1.04993241 -0.95549742 -0.99324788 -0.90196747 -0.90014308] 
[-1.18659156 -0.7936968  -0.03534102 -0.13166044 -0.28314278 -0.23475528
 -0.36418912 -0.37309859 -0.4352129  -0.19157243 -0.11447877 -1.19472375
 -0.34090897 -0.18571932 -0.24997251 -0.20585935 -1.05917707 -1.06417157
 -1.09139658 -1.05008767 -0.95605485 -0.99423177 -0.90262557 -0.90007308] 
[-1.18749161 -0.79378244 -0.03523845 -0.13168482 -0.28319673 -0.23475465
 -0.36392568 -0.37271348 -0.43530747 -0.1909981  -0.11375266 -1.19565265
 -0.34072134 -0.18564589 -0.2497236  -0.20654012 -1.05870596 -1.0641121
 -1.09172879 -1.05042829 -0.95627145 -0.99505687 -0.90304577 -0.90019296] 
[-1.18834988 -0.79388423 -0.03512655 -0.13169737 -0.28326034 -0.23475379
 -0.36368073 -0.37234116 -0.43541941 -0.19042041 -0.11303652 -1.19653217
 -0.34053302 -0.18555488 -0.24948551 -0.20717357 -1.05828427 -1.06405908
 -1.09205825 -1.05076293 -0.95647631 -0.99584302 -0.90344753 -0.90030616] 
[-1.18914863 -0.79398194 -0.03499833 -0.13165635 -0.28337922 -0.23487148
 -0.36345939 -0.37193899 -0.43552026 -0.18982093 -0.11227252 -1.19749404
 -0.34040372 -0.1855666  -0.2493618  -0.20783592 -1.05785128 -1.06394375
 -1.09244278 -1.0510113  -0.95678397 -0.99671698 -0.90392694 -0.90036098] 
[-1.18981711 -0.79399986 -0.03495044 -0.13163033 -0.28342    -0.23492474
 -0.3632506  -0.3716301  -0.43544773 -0.189506   -0.11173174 -1.19822792
 -0.34022095 -0.18564839 -0.24910532 -0.208376   -1.0574391  -1.06388565
 -1.09269093 -1.05129595 -0.95697592 -0.99744694 -0.90437876 -0.90047644] 
[-1.19048985 -0.79401808 -0.0348939  -0.13164376 -0.28342273 -0.23490715
 -0.36303927 -0.37136201 -0.43535469 -0.18921004 -0.11123594 -1.1989011
 -0.34001299 -0.18569842 -0.24877614 -0.20889785 -1.05705468 -1.0638611
 -1.092896   -1.0516255  -0.95710561 -0.99811671 -0.90479176 -0.90062406] 
[-1.19108171 -0.79409809 -0.03477757 -0.13170297 -0.28342319 -0.23485994
 -0.36288977 -0.37116096 -0.43534468 -0.18894528 -0.11072834 -1.19943738
 -0.33974542 -0.18567558 -0.24841131 -0.2093142  -1.05675482 -1.06384598
 -1.09305082 -1.05207278 -0.95713542 -0.99867303 -0.90515224 -0.90088689] 
[-1.19164521 -0.79419521 -0.0346949  -0.13173435 -0.28341318 -0.23481832
 -0.36269478 -0.37091376 -0.43533007 -0.18872478 -0.1102277  -1.19999696
 -0.33945579 -0.18568238 -0.24807056 -0.2097491  -1.05644526 -1.06385119
 -1.0931758  -1.0524678  -0.95719896 -0.9992742  -0.90554079 -0.90109487] 
[-1.1921983  -0.79427806 -0.0346136  -0.13176719 -0.28339966 -0.23478727
 -0.36247483 -0.37064889 -0.43527993 -0.18853772 -0.10970045 -1.20062822
 -0.33919441 -0.18577337 -0.24772682 -0.21027765 -1.05608308 -1.06385106
 -1.09330791 -1.05283364 -0.95731362 -0.99995873 -0.9059931  -0.90127003] 
[-1.19279641 -0.79430196 -0.03450714 -0.13191159 -0.28325229 -0.23453557
 -0.36230925 -0.37060823 -0.43512031 -0.18843461 -0.10944474 -1.20092425
 -0.33888063 -0.18571968 -0.2471307  -0.21060663 -1.05586785 -1.06397758
 -1.09329166 -1.0533748  -0.95716568 -1.00031431 -0.90620515 -0.90162589] 
[-1.19336142 -0.79440124 -0.03437278 -0.13205148 -0.28317923 -0.23429723
 -0.36218584 -0.37054258 -0.43507147 -0.18825491 -0.1091003  -1.20120696
 -0.33852732 -0.18557813 -0.24658217 -0.21087438 -1.05568073 -1.0640849
 -1.09332102 -1.05393776 -0.9569981  -1.00066493 -0.90640261 -0.90201207] 
[-1.19391173 -0.7944941  -0.03424185 -0.13216104 -0.28311242 -0.23410282
 -0.36206945 -0.3704688  -0.43500514 -0.18808134 -0.10875669 -1.20149017
 -0.33819609 -0.18546354 -0.24607995 -0.21113931 -1.05548395 -1.06418946
 -1.09336341 -1.05446037 -0.9568763  -1.00102287 -0.90660962 -0.90237572] 
[-1.19442232 -0.79463069 -0.03408081 -0.132249   -0.28311875 -0.23396034
 -0.36196982 -0.37038794 -0.43498555 -0.18787927 -0.1083711  -1.2017125
 -0.33788483 -0.1853077  -0.24566438 -0.21130566 -1.05534659 -1.06427931
 -1.09344146 -1.054981   -0.95677114 -1.00135362 -0.9067969  -0.90272067] 
[-1.19494735 -0.79478198 -0.03391513 -0.13233815 -0.28314829 -0.23380567
 -0.36188552 -0.37030718 -0.43500606 -0.18763184 -0.10796978 -1.20191392
 -0.3375698  -0.18509083 -0.2452696  -0.21142685 -1.05521927 -1.06436929
 -1.09354942 -1.05551525 -0.9566553  -1.00164597 -0.90695064 -0.90308746] 
[-1.1954913  -0.79483846 -0.03377124 -0.13242396 -0.28311094 -0.23369721
 -0.36178936 -0.37026421 -0.43489666 -0.18745544 -0.10766379 -1.20215038
 -0.3373239  -0.18501714 -0.24485847 -0.2116098  -1.05504673 -1.06444052
 -1.09361961 -1.05602886 -0.95660951 -1.00198398 -0.90713993 -0.90345679] 
[-1.1960428  -0.79492429 -0.03361415 -0.13250863 -0.28310672 -0.23357904
 -0.361706   -0.37021489 -0.43483379 -0.18723408 -0.10732835 -1.20237594
 -0.33706139 -0.18488565 -0.24445923 -0.21175605 -1.05489247 -1.06451826
 -1.09371457 -1.05655555 -0.9565377  -1.00229531 -0.9073039  -0.90383837] 
[-1.19674575 -0.79519424 -0.03345282 -0.13264122 -0.2831732  -0.23321408
 -0.36166465 -0.37018477 -0.43507155 -0.18670409 -0.10704394 -1.20244627
 -0.33657709 -0.18428857 -0.2439246  -0.21142763 -1.05499904 -1.06458752
 -1.09378162 -1.05751905 -0.9560526  -1.00223623 -0.90707622 -0.90458134] 
[-1.19735007 -0.79534948 -0.03330823 -0.13270535 -0.28318507 -0.2330374
 -0.36155125 -0.37012856 -0.43515396 -0.18635873 -0.10677604 -1.20262031
 -0.33621032 -0.18398028 -0.24351528 -0.21133885 -1.05499814 -1.06467508
 -1.09383712 -1.05816503 -0.95584433 -1.00234075 -0.90703742 -0.9050574 ] 
[-1.1979417  -0.79553995 -0.03313557 -0.13281148 -0.28319031 -0.23283262
 -0.36142219 -0.37007341 -0.43522536 -0.18603589 -0.10644291 -1.20283206
 -0.33581094 -0.18371754 -0.24306356 -0.21132596 -1.05496726 -1.06477943
 -1.09387859 -1.0588122  -0.95561694 -1.0025273  -0.90706191 -0.90550946] 
[-1.19852351 -0.79569889 -0.03297019 -0.13290573 -0.28318409 -0.23264745
 -0.36129293 -0.37002706 -0.43525548 -0.18573879 -0.10613985 -1.20304488
 -0.3354438  -0.18349795 -0.24262207 -0.21133106 -1.05492849 -1.0648833
 -1.09392042 -1.05942887 -0.95541774 -1.00272732 -0.90710211 -0.90594334] 
[-1.19909003 -0.79586004 -0.03280081 -0.13299654 -0.2831843  -0.2324762
 -0.36117468 -0.36998285 -0.43528684 -0.1854447  -0.10583148 -1.20326476
 -0.33508519 -0.18329601 -0.24219058 -0.21134145 -1.05488244 -1.06497845
 -1.09396767 -1.06004004 -0.9552273  -1.0029462  -0.90715865 -0.90638032] 
[-1.19971994 -0.79590451 -0.03262801 -0.13305213 -0.28314924 -0.23232475
 -0.36101052 -0.36993801 -0.43520914 -0.1850978  -0.10561878 -1.20346393
 -0.33481894 -0.18315253 -0.24174807 -0.2113003  -1.05488525 -1.06509123
 -1.09406374 -1.06061419 -0.95508425 -1.00309314 -0.90713073 -0.90677086] 
[-1.2004964  -0.79595656 -0.03247328 -0.13312808 -0.28309958 -0.23216587
 -0.36077649 -0.36981911 -0.43520445 -0.18461808 -0.10528002 -1.2037533
 -0.33447813 -0.1829047  -0.24128413 -0.21125951 -1.05482416 -1.06520754
 -1.09422684 -1.06121676 -0.95493569 -1.00325419 -0.90703778 -0.90718155] 
[-1.20096604 -0.79597526 -0.03231992 -0.13310981 -0.28308418 -0.23200987
 -0.36062904 -0.36977567 -0.4350749  -0.18441138 -0.10519605 -1.20389353
 -0.33422612 -0.18285504 -0.24089541 -0.21121925 -1.05482549 -1.06541789
 -1.09426888 -1.06162136 -0.95479149 -1.00347644 -0.90702496 -0.90743628] 
[-1.20143828 -0.79599032 -0.03216209 -0.13308199 -0.28307423 -0.23186119
 -0.36048776 -0.36973048 -0.43495244 -0.18418872 -0.10510886 -1.20402154
 -0.33397869 -0.18279274 -0.24051461 -0.21116144 -1.05484024 -1.0656226
 -1.09432261 -1.06203098 -0.95464357 -1.00368505 -0.90700607 -0.90769263] 
[-1.20198939 -0.79606131 -0.03199469 -0.13315492 -0.28303335 -0.23165843
 -0.36031581 -0.36966802 -0.43484312 -0.18398241 -0.10485424 -1.20428624
 -0.33362418 -0.18273282 -0.24005855 -0.21129973 -1.05467115 -1.06583522
 -1.09432027 -1.06245814 -0.95453836 -1.00404837 -0.90710195 -0.90796813] 
[-1.2025241  -0.79615411 -0.03182097 -0.13322515 -0.28300537 -0.23147183
 -0.36014338 -0.36960105 -0.43475344 -0.18378393 -0.10456965 -1.20454818
 -0.33326633 -0.1826684  -0.23962407 -0.21145403 -1.05448499 -1.06604599
 -1.09431999 -1.06286781 -0.9544554  -1.00441598 -0.90722344 -0.9082388 ] 
[-1.20306492 -0.79628694 -0.03161088 -0.13332494 -0.28300885 -0.23125831
 -0.35999502 -0.3695353  -0.43472338 -0.18353489 -0.10420741 -1.20481682
 -0.33285594 -0.18254433 -0.23916902 -0.21161552 -1.05430071 -1.06624463
 -1.09431774 -1.06331885 -0.95432893 -1.0047665  -0.9073571  -0.90851251] 
[-1.20364759 -0.79648861 -0.03140533 -0.13347536 -0.28298742 -0.23091547
 -0.35977919 -0.36943166 -0.43476076 -0.18323784 -0.10380948 -1.20510997
 -0.33233087 -0.182302   -0.23864304 -0.21177397 -1.05413691 -1.06649962
 -1.09428218 -1.0637932  -0.95414123 -1.00506886 -0.90740461 -0.90877561] 
[-1.20564915 -0.79670758 -0.03115043 -0.13396072 -0.2826547  -0.22922025
 -0.35890083 -0.36922782 -0.43521353 -0.18142066 -0.1032036  -1.20544373
 -0.3309903  -0.18074089 -0.23712202 -0.21085008 -1.05454144 -1.06701301
 -1.09426728 -1.06508892 -0.95290506 -1.00452435 -0.9058493  -0.90946035] 
[-1.20682497 -0.796951   -0.03092779 -0.13424742 -0.28251378 -0.22821103
 -0.35835052 -0.36902673 -0.43552229 -0.18031664 -0.10273274 -1.20570497
 -0.33004845 -0.17987219 -0.23615993 -0.21033875 -1.0547838  -1.0673853
 -1.09427059 -1.06590727 -0.95223623 -1.00440275 -0.90499844 -0.90991974] 
[-1.20801076 -0.79740911 -0.03070623 -0.13444219 -0.28249031 -0.22700761
 -0.35773668 -0.3686804  -0.43603734 -0.17885909 -0.10211482 -1.20598073
 -0.32892672 -0.17870438 -0.23521106 -0.2094582  -1.0552557  -1.06784048
 -1.09429992 -1.06672381 -0.95136748 -1.00409365 -0.90387633 -0.91032868] 
[-1.20856664 -0.79782485 -0.03037494 -0.13468727 -0.28254347 -0.22662919
 -0.35752686 -0.36855375 -0.43644822 -0.17837889 -0.10122659 -1.20631013
 -0.32807462 -0.17838134 -0.23448494 -0.20962482 -1.05527375 -1.06809149
 -1.09427236 -1.06745794 -0.95086815 -1.00466984 -0.90399143 -0.91071407] 
[-1.21061862 -0.8043251  -0.02823318 -0.13803973 -0.28326267 -0.22161053
 -0.35413913 -0.36622994 -0.44293884 -0.17471233 -0.09232556 -1.21028787
 -0.31922499 -0.17484121 -0.22911891 -0.2101296  -1.05595822 -1.07092661
 -1.09260578 -1.07208605 -0.94395984 -1.00992273 -0.9043874  -0.9122447 ] 
[-1.21223169 -0.81083524 -0.0259551  -0.14126154 -0.28432361 -0.21714517
 -0.35115922 -0.36398935 -0.44920357 -0.17113551 -0.08290733 -1.21452315
 -0.31044125 -0.17168546 -0.22372115 -0.21128274 -1.05616289 -1.07349215
 -1.09080648 -1.0764322  -0.93737979 -1.01571911 -0.90573403 -0.91340162] 
[-1.2139486  -0.81539205 -0.02420809 -0.14394733 -0.2849843  -0.21421875
 -0.34903758 -0.36231211 -0.453703   -0.16845316 -0.07562406 -1.21835982
 -0.30405963 -0.16951342 -0.21969987 -0.21321612 -1.05514205 -1.07504071
 -1.0895376  -1.07934312 -0.93324315 -1.02057784 -0.90725261 -0.91428562] 
[-1.21482941 -0.81771286 -0.02325671 -0.14516683 -0.28541073 -0.21282893
 -0.34796994 -0.36146074 -0.45597515 -0.16703053 -0.07197615 -1.22028913
 -0.30079374 -0.16837948 -0.21767516 -0.2141104  -1.0547333  -1.07594011
 -1.08897764 -1.08090374 -0.93108593 -1.02314932 -0.90804689 -0.91488198] 
[-1.21528518 -0.81844885 -0.02294036 -0.14542268 -0.28552775 -0.21227224
 -0.34755068 -0.36118606 -0.45666705 -0.16650979 -0.07095586 -1.22074279
 -0.29966218 -0.16791006 -0.21693637 -0.2141044  -1.05485283 -1.07642584
 -1.0888705  -1.08167302 -0.93028512 -1.02391874 -0.90813568 -0.91531567] 
[-1.21575043 -0.81906618 -0.02266193 -0.14565172 -0.28560713 -0.2117734
 -0.3471674  -0.36095246 -0.45723078 -0.16605893 -0.0700717  -1.22115024
 -0.29866993 -0.16749819 -0.2162683  -0.21412906 -1.05491467 -1.0768728
 -1.08878499 -1.0823714  -0.92962278 -1.02461756 -0.90822335 -0.91572601] 
[-1.21626461 -0.81981614 -0.02234978 -0.14594206 -0.28567531 -0.21114672
 -0.34677541 -0.36073901 -0.45788654 -0.16557516 -0.06903376 -1.22165277
 -0.2975331  -0.16699807 -0.21548093 -0.21424814 -1.05499034 -1.07735349
 -1.08864459 -1.08313864 -0.92880301 -1.02540931 -0.90831208 -0.91618876] 
[-1.21673536 -0.82043465 -0.02207557 -0.14615565 -0.28573976 -0.21063959
 -0.34644596 -0.3605541  -0.45840195 -0.16517058 -0.06817061 -1.22206834
 -0.29655917 -0.16658298 -0.21481551 -0.21433559 -1.0550377  -1.07777955
 -1.08853885 -1.08381379 -0.92814131 -1.02610835 -0.90841532 -0.91661705] 
[-1.21711821 -0.82087423 -0.02179925 -0.14617021 -0.28593853 -0.21043528
 -0.34630292 -0.36042097 -0.45899206 -0.16461445 -0.0673806  -1.22225948
 -0.29582025 -0.166184   -0.21429647 -0.21416666 -1.05532617 -1.07800909
 -1.08869978 -1.08445126 -0.92749486 -1.026608   -0.9084657  -0.91710904] 
[-1.2175517  -0.82130849 -0.02146063 -0.14625112 -0.28616885 -0.21034785
 -0.34623923 -0.36030591 -0.45956029 -0.16412038 -0.06652413 -1.22251957
 -0.29511438 -0.16589356 -0.21372304 -0.21420958 -1.05543129 -1.07818874
 -1.08886085 -1.0851114  -0.92694147 -1.02726208 -0.90870343 -0.91761511] 
[-1.21804428 -0.82176627 -0.02112516 -0.14635954 -0.28639964 -0.21023752
 -0.34618341 -0.36021467 -0.4602066  -0.16360383 -0.06559692 -1.22280545
 -0.29434146 -0.16553884 -0.21307869 -0.21426948 -1.0555401  -1.0783449
 -1.08900733 -1.085824   -0.92632434 -1.02791952 -0.90893121 -0.91818069] 
[-1.21851695 -0.82216856 -0.02082539 -0.14645246 -0.28659203 -0.21013098
 -0.34611272 -0.3601273  -0.46073816 -0.16316296 -0.06478743 -1.22306827
 -0.2936414  -0.16523773 -0.21249306 -0.2143357  -1.05560727 -1.07851428
 -1.08912751 -1.08647086 -0.92580763 -1.02853579 -0.90915846 -0.9186917 ] 
[-1.21912227 -0.82247282 -0.02077625 -0.14676172 -0.28646985 -0.20972246
 -0.34584103 -0.36015682 -0.4604266  -0.16345941 -0.06445277 -1.22352587
 -0.29302777 -0.1652291  -0.21184692 -0.21505725 -1.05495258 -1.07899299
 -1.08874598 -1.08671322 -0.92580556 -1.02930313 -0.9096871  -0.9187954 ] 
[-1.219396   -0.82291634 -0.02030726 -0.1467073  -0.28669998 -0.20977696
 -0.34583891 -0.35997861 -0.46126322 -0.16272933 -0.06356832 -1.22361652
 -0.29248172 -0.16491264 -0.21152545 -0.2148154  -1.05522133 -1.07899604
 -1.0891143  -1.08738693 -0.92533173 -1.02984111 -0.90985158 -0.91941178] 
[-1.21965146 -0.82385862 -0.01919783 -0.14647229 -0.2874719  -0.21013802
 -0.34624227 -0.3597435  -0.46391183 -0.16055343 -0.06144845 -1.22351996
 -0.29139396 -0.16392063 -0.21084495 -0.21352662 -1.05687731 -1.07850591
 -1.09033107 -1.08914029 -0.92347419 -1.03028378 -0.90949033 -0.92090223] 
[-1.22010865 -0.82433507 -0.01859994 -0.14641877 -0.28777933 -0.21025564
 -0.34620746 -0.35948584 -0.46531118 -0.15923531 -0.06030676 -1.22356942
 -0.29074823 -0.16330361 -0.21043461 -0.21286225 -1.05744614 -1.07833621
 -1.09101327 -1.09009104 -0.92267407 -1.03067762 -0.90934953 -0.92186068] 
[-1.22075823 -0.82542183 -0.01713533 -0.14639633 -0.28869715 -0.21068982
 -0.34622381 -0.35886788 -0.46892609 -0.15616524 -0.05741856 -1.22372154
 -0.28929792 -0.16192044 -0.20957    -0.21137204 -1.05892641 -1.07769129
 -1.09264541 -1.0922225  -0.92056122 -1.0313694  -0.90890468 -0.92385991] 
[-1.22103616 -0.8258163  -0.01669253 -0.14641949 -0.28886    -0.21065829
 -0.34605278 -0.35860565 -0.4695652  -0.15551545 -0.05669476 -1.22385028
 -0.28881784 -0.16169381 -0.20927527 -0.21117544 -1.05904008 -1.07777841
 -1.09295183 -1.09277451 -0.92026856 -1.0318878  -0.90906434 -0.92438038] 
[-1.22130025 -0.82617642 -0.01629144 -0.14643365 -0.28899397 -0.21062739
 -0.34589013 -0.35836404 -0.47009162 -0.15495824 -0.05604333 -1.22396858
 -0.28836934 -0.16150808 -0.20900464 -0.21103078 -1.05910626 -1.07788333
 -1.09320937 -1.09327447 -0.92004321 -1.03239359 -0.90925461 -0.92484239] 
[-1.22260178 -0.82967118 -0.0133642  -0.14773598 -0.28995885 -0.20893625
 -0.3445334  -0.35716008 -0.47552345 -0.15032187 -0.05089608 -1.22510192
 -0.28517226 -0.15936733 -0.20684091 -0.21031874 -1.05981319 -1.07844333
 -1.09520585 -1.09641696 -0.91654563 -1.03480999 -0.90903637 -0.92782115] 
[-1.22320497 -0.83004186 -0.0129899  -0.14795917 -0.28991926 -0.20855022
 -0.34408755 -0.35686322 -0.47604565 -0.14951474 -0.05026734 -1.22526947
 -0.28461628 -0.15891911 -0.20639279 -0.2102616  -1.05959703 -1.07878553
 -1.09545961 -1.09696657 -0.91634692 -1.03539242 -0.90900802 -0.92849018] 
[-1.22378367 -0.83039616 -0.01262932 -0.14816356 -0.28988234 -0.20818495
 -0.34366044 -0.35657588 -0.47653668 -0.14874624 -0.04966897 -1.22542296
 -0.28408352 -0.15849543 -0.20596778 -0.21019926 -1.05939687 -1.07911674
 -1.09570615 -1.09749995 -0.91616782 -1.03595099 -0.90898591 -0.92913574] 
[-1.22438338 -0.83073544 -0.01226136 -0.1483837  -0.28982839 -0.20781752
 -0.34324161 -0.35630597 -0.47703307 -0.1479682  -0.04908582 -1.22557242
 -0.28354988 -0.15806633 -0.20553018 -0.21014363 -1.0591907  -1.07943498
 -1.09593987 -1.09805853 -0.91597858 -1.03649274 -0.90894857 -0.92981405] 
[-1.22507299 -0.83115949 -0.01184158 -0.14869743 -0.28970908 -0.20728941
 -0.3427115  -0.35599533 -0.4776498  -0.14705945 -0.04840135 -1.22571012
 -0.28292874 -0.15752531 -0.20498442 -0.21008268 -1.05898431 -1.07981723
 -1.09619041 -1.09869395 -0.91571169 -1.03707566 -0.90881966 -0.93056322] 
[-1.22563728 -0.83164306 -0.01143576 -0.14890195 -0.28960558 -0.20679202
 -0.34222939 -0.35562018 -0.47833875 -0.1461691  -0.04765594 -1.22582621
 -0.28228962 -0.15704945 -0.2045     -0.20988684 -1.05892027 -1.08014809
 -1.09652218 -1.0992673  -0.91546954 -1.0376628  -0.90863688 -0.93122051] 
[-1.22616505 -0.83211452 -0.01103046 -0.14907737 -0.28952566 -0.20632909
 -0.34176869 -0.35524818 -0.47902164 -0.14528736 -0.04692717 -1.22593317
 -0.28167616 -0.15658368 -0.20404727 -0.20965682 -1.05889078 -1.08047073
 -1.0968652  -1.09983621 -0.91522594 -1.03822349 -0.90844416 -0.9318694 ] 
[-1.22679992 -0.83266842 -0.0106026  -0.14934711 -0.28939872 -0.20568029
 -0.34116554 -0.35479101 -0.47990734 -0.14425142 -0.04608719 -1.22602433
 -0.2809858  -0.15599128 -0.20347837 -0.2093683  -1.05891546 -1.08083276
 -1.09725156 -1.10048029 -0.91491059 -1.03878086 -0.9080844  -0.93262529] 
[-1.22754114 -0.83336813 -0.01006208 -0.14970518 -0.28929058 -0.20491753
 -0.34049997 -0.35426896 -0.4810898  -0.14294854 -0.04499449 -1.22614959
 -0.280198   -0.15522516 -0.20277606 -0.20904014 -1.05894309 -1.08125311
 -1.09779401 -1.10124289 -0.9144221  -1.03945488 -0.90764296 -0.933524  ] 
[-1.22827128 -0.83387754 -0.00951362 -0.15001707 -0.28920701 -0.20440605
 -0.3400763  -0.35392193 -0.48187242 -0.1419138  -0.04405012 -1.22642609
 -0.27955205 -0.15473197 -0.20217258 -0.20906483 -1.05879044 -1.08154685
 -1.0981767  -1.10195569 -0.91415093 -1.04004173 -0.90751146 -0.9343127 ] 
[-1.22887942 -0.83437961 -0.00889102 -0.15020839 -0.28921657 -0.20393798
 -0.33974934 -0.35355385 -0.48279524 -0.14085032 -0.04315267 -1.22665675
 -0.27900336 -0.15422423 -0.20165252 -0.20890039 -1.05879152 -1.08183648
 -1.09875003 -1.10274839 -0.91388097 -1.04049085 -0.90717372 -0.93524771] 
[-1.2293336  -0.83470086 -0.00849674 -0.15032029 -0.28918047 -0.20366095
 -0.3394696  -0.35328691 -0.48320576 -0.14024241 -0.04256562 -1.22680003
 -0.27856658 -0.1539757  -0.20128233 -0.20888369 -1.05868396 -1.08209216
 -1.09902812 -1.10328279 -0.91384627 -1.0408943  -0.90715087 -0.93579902] 
[-1.22977074 -0.83500182 -0.0081213  -0.15041941 -0.28914573 -0.2034036
 -0.33920469 -0.35303416 -0.48357675 -0.13967136 -0.04201417 -1.22693521
 -0.27814883 -0.15374492 -0.20092928 -0.20887469 -1.05857843 -1.08233937
 -1.09928972 -1.1037931  -0.91382815 -1.041285   -0.90714484 -0.93632524] 
[-1.230965   -0.83606896 -0.00716744 -0.15135088 -0.28896546 -0.20225528
 -0.33818995 -0.35240359 -0.48505708 -0.13782987 -0.04032887 -1.22746657
 -0.27717599 -0.15287297 -0.19988491 -0.20907602 -1.05795345 -1.08305715
 -1.09979057 -1.10508449 -0.91327607 -1.04252802 -0.90711986 -0.93748865] 
[-1.23197834 -0.83695324 -0.00636547 -0.15210143 -0.28881545 -0.20130822
 -0.33734285 -0.35187747 -0.48624407 -0.13630652 -0.03893926 -1.2279027
 -0.27635358 -0.15215432 -0.19900956 -0.20925642 -1.05742863 -1.08367526
 -1.10021135 -1.10617535 -0.91285742 -1.04358447 -0.90713524 -0.93847629] 
[-1.23286246 -0.83771184 -0.00566722 -0.15272455 -0.28869033 -0.2005059
 -0.33661361 -0.35142156 -0.48723187 -0.1350029  -0.03775122 -1.22827284
 -0.27563452 -0.15154341 -0.19825377 -0.20941848 -1.05697357 -1.08422382
 -1.10058062 -1.10712668 -0.91253099 -1.04451442 -0.90717926 -0.93934187] 
[-1.2334205  -0.83807544 -0.00527126 -0.15300236 -0.28866227 -0.20014342
 -0.33621229 -0.3511608  -0.48768279 -0.13424738 -0.03712022 -1.22842549
 -0.27524445 -0.15121309 -0.19783687 -0.20948158 -1.0567533  -1.08454368
 -1.10084753 -1.10772523 -0.91245309 -1.04510951 -0.90731729 -0.93987129] 
[-1.23394182 -0.83840797 -0.00490404 -0.15324664 -0.28863682 -0.19981587
 -0.33584169 -0.35092151 -0.48807204 -0.13356017 -0.03654542 -1.22856519
 -0.27488025 -0.15091672 -0.19745138 -0.20955054 -1.05654302 -1.0848469
 -1.10109263 -1.10827927 -0.91240543 -1.0456718  -0.90746785 -0.9403622 ] 
[-1.23443214 -0.83872002 -0.00455432 -0.15346034 -0.28861759 -0.19952344
 -0.33549975 -0.35069512 -0.48842112 -0.13292365 -0.03600742 -1.22869661
 -0.27453709 -0.15064588 -0.19709425 -0.20962132 -1.05634128 -1.08513522
 -1.10132895 -1.10880236 -0.91237681 -1.04621235 -0.90763219 -0.9408245 ] 
[-1.23489911 -0.83901447 -0.0042195  -0.15365204 -0.28860191 -0.19925261
 -0.33517868 -0.35048127 -0.48873767 -0.13232458 -0.03550219 -1.22881708
 -0.27420855 -0.15039211 -0.19675538 -0.20968875 -1.05615191 -1.08541412
 -1.10155646 -1.10930333 -0.91236197 -1.04673107 -0.90779941 -0.94126927] 
[-1.23532597 -0.83933875 -0.00389494 -0.15381553 -0.28861686 -0.19899894
 -0.33485872 -0.3502362  -0.48906669 -0.13170557 -0.03495953 -1.22895723
 -0.27385388 -0.15016996 -0.19644024 -0.20971266 -1.05594779 -1.08567297
 -1.10178051 -1.10976003 -0.91237727 -1.04725073 -0.90799898 -0.94166898] 
[-1.2357323  -0.83963669 -0.00359188 -0.15395655 -0.28863055 -0.19876397
 -0.33455874 -0.35000604 -0.48935454 -0.13113612 -0.03446362 -1.22908584
 -0.27351638 -0.1499642  -0.19614254 -0.20974077 -1.05575797 -1.08592276
 -1.10198771 -1.11018925 -0.91240886 -1.04773919 -0.90819729 -0.94204787] 
[-1.23611659 -0.83990236 -0.00331066 -0.15407399 -0.28864367 -0.1985565
 -0.33429139 -0.34980403 -0.48957861 -0.13063382 -0.03402379 -1.22920997
 -0.27320363 -0.14978661 -0.19586687 -0.20979517 -1.05556681 -1.08616354
 -1.1021749  -1.11058211 -0.91246442 -1.04820189 -0.90841209 -0.94240072] 
[-1.23649019 -0.84017513 -0.00302275 -0.15417717 -0.2886614  -0.19835325
 -0.33402169 -0.34959252 -0.48981465 -0.13012285 -0.0335782  -1.22932431
 -0.27289139 -0.14960598 -0.19560098 -0.20983113 -1.05538974 -1.08640596
 -1.10237696 -1.11097647 -0.9125202  -1.04866209 -0.9086165  -0.94276058] 
[-1.23685156 -0.84043346 -0.00274296 -0.15427037 -0.28867369 -0.19815597
 -0.33376083 -0.34939135 -0.4900333  -0.1296293  -0.03315509 -1.2294309
 -0.27259087 -0.14943125 -0.19533594 -0.2098709  -1.05522546 -1.08664176
 -1.1025687  -1.11136469 -0.91258194 -1.04911179 -0.90881811 -0.94311163] 
[-1.23750655 -0.84079634 -0.00241693 -0.15458689 -0.28863637 -0.19767844
 -0.33326568 -0.34909597 -0.49045236 -0.1287863  -0.03249242 -1.2296405
 -0.2721026  -0.14904143 -0.1948512  -0.20996639 -1.05489716 -1.08694196
 -1.10281397 -1.11187244 -0.91251404 -1.04969793 -0.90898262 -0.94361687] 
[-1.23980178e+00 -8.42249274e-01 -1.18159416e-03 -1.56269782e-01
 -2.88538057e-01 -1.95774780e-01 -3.31680088e-01 -3.48072606e-01
 -4.92704714e-01 -1.25440578e-01 -2.97135108e-02 -1.23051386e+00
 -2.70540287e-01 -1.47413718e-01 -1.93026090e-01 -2.10415397e-01
 -1.05371828e+00 -1.08775770e+00 -1.10372999e+00 -1.11367880e+00
 -9.11527451e-01 -1.05152883e+00 -9.09096061e-01 -9.45280947e-01] 
[-1.24077003e+00 -8.42870444e-01 -4.87766835e-04 -1.56874895e-01
 -2.88605581e-01 -1.95138585e-01 -3.31046507e-01 -3.47602314e-01
 -4.93623191e-01 -1.24024283e-01 -2.84278006e-02 -1.23089533e+00
 -2.69890610e-01 -1.46815945e-01 -1.92208314e-01 -2.10723333e-01
 -1.05325040e+00 -1.08812933e+00 -1.10426624e+00 -1.11455140e+00
 -9.11268383e-01 -1.05241232e+00 -9.09344734e-01 -9.46017740e-01] 
[-1.24142675e+00 -8.43403059e-01  1.28918423e-04 -1.57255881e-01
 -2.88623774e-01 -1.94635170e-01 -3.30619915e-01 -3.47234080e-01
 -4.94345492e-01 -1.23039829e-01 -2.75165189e-02 -1.23108343e+00
 -2.69452239e-01 -1.46341179e-01 -1.91647655e-01 -2.10925748e-01
 -1.05298081e+00 -1.08842989e+00 -1.10478208e+00 -1.11526795e+00
 -9.11109232e-01 -1.05298702e+00 -9.09451142e-01 -9.46609649e-01] 
[-1.24202816e+00 -8.44001998e-01  8.04495097e-04 -1.57553526e-01
 -2.88678967e-01 -1.94240866e-01 -3.30205990e-01 -3.46843104e-01
 -4.95090637e-01 -1.21978533e-01 -2.65193830e-02 -1.23130308e+00
 -2.69048482e-01 -1.45974865e-01 -1.91140163e-01 -2.11179304e-01
 -1.05261337e+00 -1.08870926e+00 -1.10537131e+00 -1.11592597e+00
 -9.10998841e-01 -1.05370695e+00 -9.09635593e-01 -9.47176663e-01] 
[-1.24221680e+00 -8.44214333e-01  1.08277984e-03 -1.57497127e-01
 -2.88748481e-01 -1.94234622e-01 -3.30094237e-01 -3.46680725e-01
 -4.95198884e-01 -1.21646365e-01 -2.62484636e-02 -1.23134586e+00
 -2.68887093e-01 -1.45929018e-01 -1.91026935e-01 -2.11218407e-01
 -1.05253001e+00 -1.08886221e+00 -1.10563765e+00 -1.11617359e+00
 -9.11151097e-01 -1.05403929e+00 -9.09824180e-01 -9.47403705e-01] 
[-1.24241679 -0.84440578  0.00132392 -0.15743797 -0.28879646 -0.19419348
 -0.32995815 -0.34652142 -0.49526496 -0.12136843 -0.02602141 -1.2313733
 -0.26871645 -0.14586715 -0.19090801 -0.21125255 -1.05245699 -1.08901809
 -1.10587496 -1.11640439 -0.91130819 -1.05431717 -0.90998601 -0.94760708] 
[-1.24260842 -0.84460678  0.00157331 -0.15737343 -0.28885435 -0.19416532
 -0.32983016 -0.34635638 -0.49534982 -0.12107853 -0.02578389 -1.23140645
 -0.26854178 -0.14581015 -0.19079143 -0.21127657 -1.0523871  -1.08916904
 -1.10612017 -1.11664341 -0.91145619 -1.05461157 -0.91015417 -0.94782141] 
[-1.24279294 -0.84476867  0.00178715 -0.15729652 -0.28889171 -0.19413353
 -0.3296919  -0.34620423 -0.49537571 -0.12083868 -0.02560098 -1.23141336
 -0.26838729 -0.1457641  -0.19069257 -0.21129504 -1.05232537 -1.0893136
 -1.10633006 -1.11685963 -0.91163402 -1.05485795 -0.91031238 -0.94801523] 
[-1.2429674  -0.84489816  0.00197958 -0.15720353 -0.28892852 -0.19412
 -0.32957233 -0.34606436 -0.4953656  -0.12063248 -0.02545538 -1.23140402
 -0.26824665 -0.14573128 -0.1906092  -0.21130418 -1.0522856  -1.08944941
 -1.10653281 -1.11705872 -0.9118286  -1.05507196 -0.91046269 -0.94820081] 
[-1.24314069 -0.84502158  0.00216751 -0.15711002 -0.28896124 -0.19410523
 -0.32945225 -0.34592756 -0.49534599 -0.120436   -0.02531775 -1.2313914
 -0.26810817 -0.14570023 -0.19052606 -0.2113163  -1.05224741 -1.0895847
 -1.10672927 -1.11725387 -0.91202647 -1.05528074 -0.91061409 -0.9483822 ] 
[-1.24331625 -0.8451387   0.00235076 -0.15701854 -0.28899014 -0.19408871
 -0.32932973 -0.34579341 -0.49531816 -0.12024654 -0.02518679 -1.23137708
 -0.26797044 -0.14567047 -0.19044118 -0.21133338 -1.05220802 -1.08972007
 -1.10692033 -1.11744441 -0.91222719 -1.0554866  -0.91076694 -0.94855857] 
[-1.24349374 -0.84523662  0.00252265 -0.15693051 -0.28900543 -0.19406603
 -0.32920881 -0.34567108 -0.49526561 -0.12007725 -0.02507172 -1.23135504
 -0.26783867 -0.14564659 -0.19034943 -0.21136598 -1.0521703  -1.08985215
 -1.10709793 -1.11762508 -0.91243611 -1.05568344 -0.91091967 -0.94872643] 
[-1.24355168 -0.84559766  0.00285531 -0.15672366 -0.28925277 -0.19422694
 -0.32924996 -0.34551293 -0.4955198  -0.11962923 -0.02474389 -1.23141177
 -0.26765563 -0.1456021  -0.19026668 -0.21128509 -1.05218906 -1.09004616
 -1.1074804  -1.11793375 -0.91248024 -1.05612122 -0.91106013 -0.94908239] 
[-1.24358898 -0.84631632  0.00345845 -0.15648603 -0.28982024 -0.19451018
 -0.32939888 -0.34517473 -0.49634055 -0.11866386 -0.0239445  -1.23164622
 -0.26735363 -0.14550613 -0.19015761 -0.2110251  -1.05217504 -1.09032068
 -1.10823347 -1.1185237  -0.91230705 -1.05691374 -0.91115471 -0.94972756] 
[-1.24348339 -0.84711493  0.00421302 -0.15615505 -0.29057532 -0.19501145
 -0.32968362 -0.34481134 -0.49727599 -0.11756902 -0.02301791 -1.23197361
 -0.26705844 -0.14553809 -0.19013286 -0.21071349 -1.05207513 -1.09059817
 -1.10906806 -1.11923491 -0.91214664 -1.05795716 -0.91135055 -0.95047646] 
[-1.24342084 -0.84766283  0.00475852 -0.15588837 -0.29109598 -0.19535551
 -0.32988781 -0.34456992 -0.49785524 -0.11681543 -0.02240266 -1.23215628
 -0.26684589 -0.1455575  -0.19006851 -0.2105227  -1.05204256 -1.09082221
 -1.10965601 -1.11978173 -0.91210873 -1.0587172  -0.91152935 -0.95102718] 
[-1.24341462 -0.84803408  0.00515201 -0.15566278 -0.2914722  -0.19563066
 -0.33001317 -0.34439178 -0.49817566 -0.11630333 -0.02197661 -1.23226204
 -0.26667846 -0.14558077 -0.18998669 -0.21042914 -1.05200709 -1.09100661
 -1.11009469 -1.12017554 -0.91214729 -1.05930747 -0.91173794 -0.95142386] 
[-1.24334971 -0.84861539  0.00571006 -0.15537152 -0.29203055 -0.19602
 -0.33023069 -0.34412903 -0.49879649 -0.11552505 -0.02132266 -1.23245167
 -0.26647853 -0.14561151 -0.18993189 -0.21022466 -1.05196186 -1.09123015
 -1.11073404 -1.12071364 -0.91210459 -1.06014595 -0.91196325 -0.95197729] 
[-1.24331595 -0.84900832  0.00612813 -0.15510787 -0.29242765 -0.19632653
 -0.33038007 -0.34393989 -0.49915824 -0.11499486 -0.02087942 -1.23255586
 -0.26632507 -0.14565248 -0.1898776  -0.21008998 -1.05193928 -1.09141024
 -1.11121361 -1.12112279 -0.91215317 -1.06077538 -0.91218052 -0.95240066] 
[-1.24339508 -0.84915435  0.00633138 -0.15496173 -0.29253502 -0.19641029
 -0.33036514 -0.34385755 -0.49914168 -0.11479959 -0.02074975 -1.23254958
 -0.2661958  -0.14566328 -0.18975987 -0.21008819 -1.05193135 -1.09155102
 -1.11140719 -1.12134975 -0.91229551 -1.06108321 -0.91235687 -0.95262211] 
[-1.24345673 -0.84923578  0.00649693 -0.15480076 -0.29260599 -0.19649615
 -0.3303502  -0.34379997 -0.49904741 -0.11469592 -0.02068408 -1.23251124
 -0.26609006 -0.14568967 -0.18966491 -0.21009807 -1.05193874 -1.09167039
 -1.11155958 -1.12153652 -0.91247664 -1.06132528 -0.91254147 -0.95280402] 
[-1.24351467 -0.84924697  0.00661413 -0.15462925 -0.29263914 -0.19657711
 -0.33032279 -0.34376343 -0.49885859 -0.11468837 -0.02068435 -1.23244118
 -0.26600298 -0.14572857 -0.18958986 -0.21013085 -1.05194955 -1.09177672
 -1.11166614 -1.12166884 -0.91270723 -1.0614933  -0.91272792 -0.95293735] 
[-1.24357671 -0.84926495  0.00673393 -0.15446035 -0.29267428 -0.1966546
 -0.33029398 -0.34372339 -0.49867863 -0.11467112 -0.02067849 -1.23237434
 -0.26591203 -0.14576355 -0.18951065 -0.21016237 -1.05196119 -1.09188591
 -1.11177586 -1.12180536 -0.91293213 -1.06166621 -0.91291226 -0.95307439] 
[-1.24364008 -0.84928368  0.00685315 -0.15429186 -0.29270883 -0.19672998
 -0.33026389 -0.34368266 -0.49849996 -0.11465289 -0.02067231 -1.23230742
 -0.26582042 -0.14579655 -0.1894303  -0.21019322 -1.05197426 -1.0919957
 -1.11188606 -1.12194205 -0.91315613 -1.06183833 -0.91309557 -0.95321189] 
[-1.24374732 -0.84935963  0.00699843 -0.15414702 -0.292776   -0.19678019
 -0.33020979 -0.34360061 -0.49840529 -0.11453929 -0.02059142 -1.2322565
 -0.2656947  -0.14578785 -0.18930953 -0.21021552 -1.05198048 -1.09212841
 -1.11204597 -1.12211088 -0.91334445 -1.06205738 -0.91326958 -0.95337768] 
[-1.24385047 -0.84942651  0.00713904 -0.15399879 -0.29283703 -0.19683357
 -0.33015752 -0.3435221  -0.49829988 -0.11444186 -0.0205226  -1.23219972
 -0.26557474 -0.1457846  -0.18919448 -0.21023688 -1.05198983 -1.09225696
 -1.11219888 -1.1222764  -0.91354071 -1.06226818 -0.91344398 -0.95354006] 
[-1.24393572 -0.84944313  0.00725191 -0.1538354  -0.29286651 -0.19689113
 -0.33010455 -0.34346524 -0.49812756 -0.11441879 -0.02050974 -1.23211975
 -0.26547886 -0.14580144 -0.18909946 -0.2102713  -1.05200673 -1.0923681
 -1.11231931 -1.12241032 -0.91377449 -1.06243158 -0.91362541 -0.95367736] 
[-1.24400656 -0.84945664  0.00736001 -0.15366653 -0.292892   -0.19694789
 -0.33005948 -0.34341777 -0.49794635 -0.11442204 -0.02051404 -1.23203531
 -0.26538369 -0.14581841 -0.18901638 -0.21029728 -1.05203248 -1.09247587
 -1.1124264  -1.12254204 -0.91401515 -1.06257677 -0.91380501 -0.95381576] 
[-1.24411917 -0.84955517  0.00752709 -0.15354348 -0.29296872 -0.19697903
 -0.32998655 -0.34331323 -0.49789046 -0.1142715  -0.02042237 -1.23201253
 -0.26523542 -0.14578959 -0.18887756 -0.21032804 -1.05204288 -1.0926149
 -1.11257478 -1.12273421 -0.91418741 -1.06279344 -0.91398333 -0.95402192] 
[-1.2442305  -0.84968293  0.00771235 -0.15341699 -0.29306854 -0.19701687
 -0.32992061 -0.34320092 -0.49787658 -0.11407861 -0.02029966 -1.23200106
 -0.26508081 -0.14574703 -0.18873628 -0.21033986 -1.05205663 -1.09275761
 -1.11275192 -1.12294108 -0.91434099 -1.06302604 -0.91415015 -0.95424848] 
[-1.24431429 -0.84970377  0.00784094 -0.15326138 -0.29312164 -0.19707735
 -0.32988406 -0.34315182 -0.49773266 -0.11404269 -0.02028235 -1.2319322
 -0.26498247 -0.14573626 -0.18864077 -0.21036167 -1.05210033 -1.09286606
 -1.11287601 -1.12309142 -0.9145514  -1.06315815 -0.91432749 -0.95440534] 
[-1.24440089 -0.84971023  0.00794353 -0.15310264 -0.29315445 -0.19712138
 -0.32983209 -0.34311463 -0.49754771 -0.11403618 -0.02029305 -1.23184865
 -0.2648965  -0.14572093 -0.1885536  -0.21039418 -1.05214942 -1.09297594
 -1.11299221 -1.12320584 -0.91478603 -1.0632547  -0.91450286 -0.95453917] 
[-1.24449736 -0.84973019  0.00806105 -0.15295453 -0.29320041 -0.19717011
 -0.32978538 -0.343068   -0.49739008 -0.11399891 -0.02028391 -1.23178289
 -0.26480315 -0.14570495 -0.18845621 -0.21042701 -1.0521938  -1.09308686
 -1.11311388 -1.12333992 -0.91500328 -1.06337447 -0.91468054 -0.9546871 ] 
[-1.24461265 -0.84974979  0.00816061 -0.15280144 -0.29322747 -0.19720017
 -0.32972321 -0.34302469 -0.4972378  -0.11396927 -0.02027235 -1.23171803
 -0.26471161 -0.14566539 -0.18834818 -0.21047016 -1.05224654 -1.09319433
 -1.11324458 -1.12345753 -0.91520921 -1.06346701 -0.91484644 -0.95482379] 
[-1.24472366 -0.84976961  0.00825808 -0.15264693 -0.29325143 -0.19722936
 -0.32966034 -0.34298095 -0.49708323 -0.11394406 -0.02026239 -1.23165008
 -0.26462274 -0.14562946 -0.18824453 -0.21050933 -1.05230159 -1.0933023
 -1.11337285 -1.12357125 -0.91541869 -1.06355939 -0.91501356 -0.9549555 ] 
[-1.24483635 -0.84979189  0.00835585 -0.15249218 -0.29327624 -0.1972582
 -0.32959555 -0.34293522 -0.49693163 -0.11391628 -0.02025232 -1.2315832
 -0.26453325 -0.14559164 -0.18814007 -0.21054707 -1.05235625 -1.09341176
 -1.11350105 -1.12368521 -0.91562807 -1.06365206 -0.91517967 -0.95508785] 
[-1.24493927 -0.84979033  0.00842892 -0.15233045 -0.29326774 -0.19726469
 -0.3295082  -0.34290182 -0.49675502 -0.11393914 -0.02026952 -1.23148656
 -0.26445687 -0.14553875 -0.1880436  -0.21059375 -1.05240955 -1.09352733
 -1.11360475 -1.12378417 -0.91585562 -1.06370488 -0.91533904 -0.95521605] 
[-1.24504312 -0.84978905  0.00850299 -0.15216916 -0.29325944 -0.19727073
 -0.32942125 -0.34286816 -0.49657959 -0.11396029 -0.02028615 -1.23139052
 -0.26438008 -0.14548554 -0.18794631 -0.21063992 -1.05246378 -1.093643
 -1.11370904 -1.12388461 -0.91608218 -1.06375838 -0.91549827 -0.95534498] 
[-1.24514759 -0.849783    0.00857614 -0.15200174 -0.29324069 -0.19726354
 -0.32933463 -0.34282982 -0.49639946 -0.11397669 -0.02030052 -1.23128154
 -0.26430081 -0.14542281 -0.18784267 -0.21067569 -1.05253857 -1.09375442
 -1.11382437 -1.12398173 -0.91630186 -1.06379509 -0.91564193 -0.95546836] 
[-1.24526455 -0.84978898  0.00864669 -0.15185758 -0.29321247 -0.1972226
 -0.32925199 -0.34280141 -0.49624611 -0.11398236 -0.02030174 -1.23116504
 -0.26422113 -0.14533116 -0.18771027 -0.21072882 -1.05260496 -1.09386097
 -1.11395061 -1.12407573 -0.91651573 -1.06381775 -0.91575591 -0.95561803] 
[-1.24536383 -0.84976603  0.00869489 -0.1517009  -0.29316615 -0.19719664
 -0.32916693 -0.34278875 -0.49603169 -0.11404914 -0.02033574 -1.23102448
 -0.26415712 -0.14525783 -0.18759601 -0.21079816 -1.05265942 -1.09395966
 -1.11405053 -1.12413145 -0.91677636 -1.06381398 -0.91589146 -0.95573439] 
[-1.24545455 -0.84972828  0.00872392 -0.15153737 -0.29310412 -0.19716731
 -0.32907421 -0.34278013 -0.49578706 -0.11414749 -0.02038366 -1.23087192
 -0.26409726 -0.14519291 -0.1874893  -0.21087245 -1.05271159 -1.09405497
 -1.11413509 -1.12416481 -0.91705379 -1.06379967 -0.91603018 -0.95583015] 
[-1.24553862 -0.84969533  0.00879711 -0.1513931  -0.29307824 -0.19716787
 -0.32901287 -0.34275862 -0.49562261 -0.1142036  -0.02039846 -1.23077075
 -0.26401344 -0.14512801 -0.18738242 -0.21093249 -1.05273945 -1.09413735
 -1.11423902 -1.12425938 -0.91728234 -1.06384658 -0.9161815  -0.95597302] 
[-1.24562007 -0.84966057  0.00887358 -0.15124839 -0.29305388 -0.197172
 -0.32895373 -0.34273915 -0.4954577  -0.11425881 -0.02041398 -1.23066999
 -0.26393153 -0.14506425 -0.18727597 -0.21099395 -1.05276855 -1.09421994
 -1.11434264 -1.12435706 -0.91751096 -1.06389511 -0.9163332  -0.95611849] 
[-1.24570256 -0.84962614  0.00894979 -0.15110386 -0.29302925 -0.19717531
 -0.32889381 -0.34271886 -0.49529387 -0.11431294 -0.02042926 -1.23056979
 -0.26384916 -0.14500006 -0.1871688  -0.21105451 -1.05279818 -1.0943026
 -1.11444669 -1.12445509 -0.91773893 -1.063944   -0.91648476 -0.95626446] 
[-1.24577926 -0.84958608  0.00901913 -0.1509513  -0.29299279 -0.19717635
 -0.32882777 -0.34269926 -0.49512109 -0.11437423 -0.02045146 -1.23045861
 -0.26377248 -0.14493042 -0.18706751 -0.21111618 -1.05283693 -1.09438895
 -1.11454777 -1.12454533 -0.9179787  -1.06397579 -0.91662469 -0.95640999] 
[-1.24585642 -0.84954665  0.00908887 -0.15079885 -0.29295672 -0.19717732
 -0.32876173 -0.34267929 -0.4949494  -0.11443422 -0.02047305 -1.23034818
 -0.26369532 -0.14486063 -0.18696582 -0.21117714 -1.05287607 -1.09447534
 -1.11464932 -1.12463625 -0.91821768 -1.06400863 -0.91676484 -0.95655612] 
[-1.24593632 -0.84950678  0.00915674 -0.15064639 -0.29292123 -0.19717904
 -0.32869548 -0.34265733 -0.49477976 -0.11449512 -0.02049499 -1.2302377
 -0.26361874 -0.14478875 -0.18686459 -0.2112343  -1.05291664 -1.09455896
 -1.11475156 -1.12472846 -0.9184569  -1.06404037 -0.91690473 -0.95670417] 
[-1.24601637 -0.8494676   0.00922526 -0.15049403 -0.29288609 -0.19718055
 -0.32862925 -0.34263511 -0.49461078 -0.11455493 -0.02051641 -1.23012762
 -0.26354165 -0.14471668 -0.186763   -0.21129118 -1.05295767 -1.09464285
 -1.11485442 -1.12482113 -0.91869554 -1.06407259 -0.91704454 -0.95685272] 
[-1.24610175 -0.84942102  0.00928411 -0.15033915 -0.29284357 -0.19717371
 -0.32855386 -0.34261036 -0.49443678 -0.11462924 -0.02054306 -1.23001009
 -0.26346244 -0.14464149 -0.18666263 -0.21134312 -1.05300037 -1.09472654
 -1.11495387 -1.1249079  -0.91894549 -1.06409582 -0.91718078 -0.95699379] 
[-1.24618748 -0.84937526  0.00934356 -0.15018443 -0.29280157 -0.19716684
 -0.32847854 -0.34258529 -0.49426397 -0.11470198 -0.02056898 -1.22989346
 -0.26338276 -0.14456624 -0.18656186 -0.2113944  -1.05304332 -1.09481033
 -1.11505375 -1.1249954  -0.91919449 -1.06412033 -0.91731741 -0.95713552] 
[-1.24627366 -0.84933113  0.00940392 -0.15002982 -0.29276082 -0.19716063
 -0.32840358 -0.34255952 -0.4940936  -0.11477312 -0.02059344 -1.22977805
 -0.26330192 -0.14449056 -0.18646054 -0.211445   -1.05308575 -1.09489425
 -1.11515397 -1.12508448 -0.91944264 -1.06414668 -0.91745472 -0.95727863] 
[-1.24636153 -0.84928782  0.00946397 -0.14987711 -0.29272047 -0.19715361
 -0.3283279  -0.34253373 -0.49392281 -0.11484389 -0.0206179  -1.22966403
 -0.26321997 -0.14441369 -0.18635774 -0.21149888 -1.05312611 -1.09498016
 -1.11525456 -1.1251735  -0.9196909  -1.06417178 -0.91759231 -0.95742356] 
[-1.24646926 -0.84925463  0.00951597 -0.14973682 -0.29267046 -0.19712363
 -0.32823975 -0.34249763 -0.49376009 -0.11492073 -0.02063722 -1.22954305
 -0.26312365 -0.14432115 -0.18623885 -0.21156421 -1.05316654 -1.09507679
 -1.11535203 -1.12525783 -0.91993283 -1.06418336 -0.91772925 -0.9575624 ] 
[-1.24657469 -0.849223    0.00956618 -0.14959055 -0.29262352 -0.19710113
 -0.32815706 -0.34245946 -0.49360331 -0.11499948 -0.02065304 -1.22941936
 -0.26303071 -0.14422943 -0.18612694 -0.21161792 -1.05320665 -1.0951684
 -1.11545613 -1.12534339 -0.92017237 -1.06420337 -0.91787137 -0.95769826] 
[-1.24667044 -0.84919691  0.00960548 -0.14944452 -0.29258685 -0.19708385
 -0.32807474 -0.34241796 -0.49346361 -0.11508364 -0.02066885 -1.22929972
 -0.26293147 -0.14413576 -0.18602493 -0.21164816 -1.05325103 -1.09525932
 -1.11555458 -1.12542472 -0.92040023 -1.06424041 -0.91801065 -0.95783066] 
[-1.24676645 -0.8491715   0.0096454  -0.14929848 -0.29255067 -0.19706664
 -0.32799256 -0.34237634 -0.49332491 -0.11516634 -0.02068393 -1.22918109
 -0.26283183 -0.14404204 -0.18592253 -0.21167788 -1.05329565 -1.0953503
 -1.11565343 -1.12550694 -0.92062716 -1.06427858 -0.91815011 -0.95796386] 
[-1.24685849 -0.84914639  0.00968731 -0.14914719 -0.29250434 -0.19704037
 -0.32790686 -0.34233249 -0.49317803 -0.11524717 -0.02070167 -1.2290565
 -0.26273575 -0.14395072 -0.185821   -0.21170576 -1.05335277 -1.09544056
 -1.11575504 -1.12558862 -0.92085306 -1.06431001 -0.91827832 -0.9580968 ] 
[-1.24694982 -0.84912436  0.00972959 -0.14899406 -0.29246071 -0.19701533
 -0.32782114 -0.34228754 -0.49303463 -0.11532743 -0.02071623 -1.22893236
 -0.26263689 -0.1438575  -0.18571788 -0.21173372 -1.05341062 -1.09553203
 -1.11585851 -1.12567117 -0.92107641 -1.06434575 -0.91840912 -0.95823022] 
[-1.24704523 -0.84910573  0.00977551 -0.14884526 -0.2924183  -0.19699251
 -0.32773512 -0.34224392 -0.49289773 -0.11540475 -0.02072674 -1.2288109
 -0.26253757 -0.14376733 -0.18561075 -0.21176422 -1.05346765 -1.09562132
 -1.1159602  -1.12575552 -0.92129374 -1.06438881 -0.91854601 -0.95836639] 
[-1.24714178 -0.84908219  0.00981835 -0.14869878 -0.29237061 -0.19696852
 -0.32764909 -0.34220323 -0.49275121 -0.11549131 -0.02074327 -1.22868478
 -0.26243888 -0.14367868 -0.18550148 -0.21180169 -1.05352711 -1.09571272
 -1.11605652 -1.12583532 -0.92151317 -1.06442514 -0.91868455 -0.95849777] 
[-1.24723509 -0.8490562   0.00986234 -0.1485492  -0.29232429 -0.19694435
 -0.32756794 -0.34216541 -0.49260298 -0.11558299 -0.02075851 -1.22855473
 -0.26234203 -0.14359185 -0.18539067 -0.21184122 -1.05359221 -1.09580614
 -1.11615626 -1.12591736 -0.92173039 -1.06445944 -0.91882375 -0.95862653] 
[-1.24733055 -0.84903271  0.00990863 -0.14840021 -0.29228004 -0.19692109
 -0.32748674 -0.34212607 -0.49246019 -0.11566889 -0.02077013 -1.22842851
 -0.26224312 -0.14350497 -0.18527784 -0.21188011 -1.05365613 -1.09589886
 -1.11625765 -1.12600285 -0.92194419 -1.06449815 -0.91896335 -0.95875828] 
[-1.24742621 -0.84901041  0.00995525 -0.14825043 -0.29223712 -0.19689856
 -0.3274065  -0.34208684 -0.49231939 -0.11575269 -0.02078065 -1.22830332
 -0.26214419 -0.14341807 -0.18516587 -0.21191667 -1.05371967 -1.09599074
 -1.11636036 -1.12608868 -0.92215759 -1.06453911 -0.91910399 -0.95889036] 
[-1.24752192 -0.84898835  0.01000221 -0.14810059 -0.29219455 -0.1968764
 -0.3273265  -0.34204763 -0.49217905 -0.11583559 -0.02079092 -1.22817894
 -0.26204519 -0.14333135 -0.18505393 -0.2119527  -1.05378327 -1.09608251
 -1.1164633  -1.12617488 -0.92237065 -1.06458106 -0.91924511 -0.95902275] 
[-1.24761599 -0.84896525  0.01004842 -0.14794908 -0.29215172 -0.19685574
 -0.3272464  -0.34200813 -0.4920371  -0.11591744 -0.02080208 -1.22805543
 -0.26194728 -0.14324462 -0.18494347 -0.2119883  -1.05384778 -1.09617449
 -1.1165669  -1.12625963 -0.92258334 -1.06462481 -0.9193873  -0.95915408] 
[-1.2477079  -0.84894319  0.01009536 -0.14779553 -0.29211147 -0.19683832
 -0.32716788 -0.34196909 -0.49189736 -0.11599676 -0.02081139 -1.22793295
 -0.26185033 -0.14315953 -0.18483515 -0.21202009 -1.0539124  -1.09626495
 -1.11667267 -1.12634551 -0.92279591 -1.06467273 -0.9195315  -0.9592855 ] 
[-1.24779658 -0.84892125  0.01014618 -0.14764177 -0.2920776  -0.1968284
 -0.32709151 -0.34193447 -0.49175951 -0.11607812 -0.0208207  -1.22781616
 -0.26175227 -0.14307781 -0.18472898 -0.21205634 -1.05396876 -1.09635727
 -1.11677493 -1.12643304 -0.92300855 -1.06472624 -0.91968371 -0.95941933] 
[-1.24788672 -0.84889942  0.01019575 -0.14748773 -0.29204461 -0.19681918
 -0.32701447 -0.34189891 -0.4916231  -0.11615964 -0.02083002 -1.22770056
 -0.26165416 -0.14299558 -0.18462261 -0.21209117 -1.0540242  -1.09644842
 -1.11687707 -1.12652043 -0.92322168 -1.06478    -0.91983677 -0.9595534 ] 
[-1.24798583 -0.84888829  0.01025073 -0.14733829 -0.29202152 -0.1968108
 -0.32693777 -0.34186489 -0.49150974 -0.11623075 -0.02082965 -1.22759383
 -0.2615427  -0.14289997 -0.18450761 -0.21212599 -1.05406772 -1.09654707
 -1.11698124 -1.12662329 -0.92342676 -1.06484407 -0.91999224 -0.95970369] 
[-1.24809141 -0.84887841  0.01031309 -0.1471979  -0.29200602 -0.19680139
 -0.32686719 -0.34182684 -0.49141705 -0.11629424 -0.02082655 -1.22749933
 -0.2614201  -0.14279456 -0.18437771 -0.21216608 -1.05411471 -1.09664462
 -1.11708266 -1.12674562 -0.92361293 -1.06491831 -0.92014229 -0.95986895] 
[-1.24819547 -0.84886521  0.0103749  -0.14705809 -0.29198957 -0.1967938
 -0.32679667 -0.34178794 -0.49132152 -0.11635678 -0.0208247  -1.22740442
 -0.26129849 -0.14269158 -0.18424847 -0.21220598 -1.05416379 -1.09674004
 -1.11718439 -1.12686794 -0.92379818 -1.06499421 -0.92029411 -0.96003227] 
[-1.24829965 -0.84885245  0.01043695 -0.14691821 -0.29197319 -0.19678652
 -0.32672617 -0.34174926 -0.49122614 -0.116419   -0.02082266 -1.22731017
 -0.2611769  -0.14258879 -0.18411937 -0.21224576 -1.0542126  -1.09683562
 -1.11728596 -1.12699036 -0.92398339 -1.06507096 -0.92044661 -0.96019557] 
[-1.24840638 -0.84884405  0.01049695 -0.14677883 -0.29195792 -0.19677416
 -0.32665281 -0.34170613 -0.49113555 -0.11647659 -0.02081622 -1.22721826
 -0.26105168 -0.14248219 -0.18399085 -0.21227804 -1.05426709 -1.09693055
 -1.11739104 -1.12711573 -0.92416281 -1.0651503  -0.92059402 -0.96035851] 
[-1.24851369 -0.84883498  0.01055751 -0.14663942 -0.29194194 -0.19676132
 -0.32658108 -0.34166418 -0.49104374 -0.11653259 -0.02081072 -1.2271273
 -0.26092736 -0.14237682 -0.18386182 -0.21231031 -1.0543234  -1.09702599
 -1.11749619 -1.12724227 -0.92434112 -1.0652296  -0.92074031 -0.96052199] 
[-1.24863145 -0.8488202   0.01061786 -0.14650506 -0.29192649 -0.19675044
 -0.32651028 -0.34161448 -0.49096204 -0.11658001 -0.02080069 -1.22703988
 -0.2607993  -0.14226508 -0.18373015 -0.21234517 -1.05438385 -1.09711619
 -1.11760674 -1.12737583 -0.9245183  -1.06530665 -0.92088755 -0.96068692] 
[-1.24875107 -0.84880367  0.0106722  -0.14637377 -0.29190637 -0.19673661
 -0.32643523 -0.34156328 -0.49087817 -0.11663275 -0.02079669 -1.22695297
 -0.26067319 -0.14215592 -0.1836011  -0.21238012 -1.05444436 -1.09720586
 -1.11771051 -1.12750285 -0.92469977 -1.06537986 -0.92103674 -0.96084645] 
[-1.24892006 -0.84879899  0.01071416 -0.14627554 -0.29186638 -0.19667558
 -0.32630869 -0.34149478 -0.49080419 -0.11669365 -0.02079703 -1.22685619
 -0.26051885 -0.14200549 -0.18343927 -0.2124634  -1.05448779 -1.09732643
 -1.11778856 -1.12762329 -0.92488479 -1.06543198 -0.92120142 -0.96101992] 
[-1.2491     -0.84880514  0.01074914 -0.14617951 -0.29182693 -0.19661251
 -0.32616904 -0.34142207 -0.49073761 -0.11675203 -0.02079515 -1.22676274
 -0.26035751 -0.14185    -0.18327073 -0.2125497  -1.05451763 -1.09744571
 -1.11785622 -1.1277407  -0.92507164 -1.06549062 -0.92137959 -0.96119581] 
[-1.24927858 -0.84881107  0.01078397 -0.14608226 -0.29178711 -0.19655094
 -0.32603031 -0.34135069 -0.49066949 -0.11681025 -0.02079451 -1.22666995
 -0.26019756 -0.14169557 -0.18310384 -0.21263406 -1.05454804 -1.0975638
 -1.11792363 -1.12785677 -0.92525894 -1.0655502  -0.9215584  -0.9613708 ] 
[-1.24945645 -0.84881739  0.01081991 -0.14598331 -0.29174863 -0.19649174
 -0.32589339 -0.34128136 -0.49060119 -0.11686946 -0.02079481 -1.22657815
 -0.26003907 -0.14154252 -0.1829385  -0.21271856 -1.05457912 -1.09768173
 -1.11799245 -1.12797212 -0.92544548 -1.06560981 -0.92173784 -0.96154651] 
[-1.24963391 -0.84882476  0.010857   -0.14588476 -0.29171161 -0.19643367
 -0.32575772 -0.34121306 -0.4905341  -0.11692823 -0.02079461 -1.226488
 -0.25988105 -0.14139053 -0.18277317 -0.21280263 -1.05460875 -1.09780029
 -1.11806174 -1.1280882  -0.92563186 -1.06567157 -0.92191753 -0.96172278] 
[-1.24981094 -0.84883215  0.01089405 -0.14578638 -0.29167438 -0.19637558
 -0.32562231 -0.34114552 -0.49046559 -0.11698765 -0.02079478 -1.22639776
 -0.25972352 -0.14123963 -0.18260802 -0.21288667 -1.05463834 -1.09791848
 -1.11813066 -1.12820371 -0.9258186  -1.06573315 -0.92209779 -0.96189875] 
[-1.24996393 -0.84882205  0.01093636 -0.1456832  -0.29164558 -0.19634293
 -0.325506   -0.34109911 -0.49037075 -0.11704989 -0.02080643 -1.22631293
 -0.25957972 -0.14111327 -0.18245606 -0.21296691 -1.05465674 -1.09802327
 -1.11819428 -1.12830578 -0.92601147 -1.0658011  -0.92228761 -0.96206271] 
[-1.25011507 -0.84881048  0.01097925 -0.14557843 -0.29161729 -0.19631209
 -0.32539219 -0.34105415 -0.49027463 -0.11711304 -0.02081855 -1.22622806
 -0.2594373  -0.14098843 -0.18230517 -0.21304543 -1.05467668 -1.09812689
 -1.11825931 -1.1284082  -0.9262046  -1.06586882 -0.92247698 -0.96222626] 
[-1.25026494 -0.84880192  0.01102094 -0.14547302 -0.2915852  -0.19627567
 -0.32527432 -0.34100602 -0.49017692 -0.11717048 -0.02083062 -1.22614699
 -0.25929301 -0.14086621 -0.18215161 -0.21312482 -1.05469683 -1.09823022
 -1.11832468 -1.12851061 -0.92639456 -1.06593899 -0.92266319 -0.9623883 ] 
[-1.25041509 -0.84879388  0.01106257 -0.14536784 -0.29155272 -0.19623909
 -0.32515613 -0.34095811 -0.49007871 -0.11722729 -0.02084282 -1.22606571
 -0.25914886 -0.14074386 -0.18199783 -0.21320341 -1.05471735 -1.09833356
 -1.1183904  -1.12861265 -0.92658436 -1.06600886 -0.92284961 -0.96255067] 
[-1.25054457 -0.84879279  0.01111037 -0.14527199 -0.29151909 -0.19623277
 -0.32504522 -0.34092319 -0.49001017 -0.1172455  -0.02086401 -1.22600065
 -0.25901595 -0.14061966 -0.18185699 -0.21323402 -1.05473479 -1.09841307
 -1.11844227 -1.12869946 -0.92674168 -1.06612298 -0.92305912 -0.96269717] 
[-1.25067149 -0.84879495  0.01115204 -0.14516526 -0.29147752 -0.19622883
 -0.32493956 -0.34088431 -0.48995041 -0.11724787 -0.02088714 -1.22594621
 -0.25888993 -0.14049523 -0.18171681 -0.21325404 -1.05477659 -1.09849873
 -1.11849161 -1.12878909 -0.92688118 -1.06623342 -0.92324647 -0.96283803] 
[-1.25079783 -0.84879758  0.01119449 -0.14505783 -0.29143624 -0.1962249
 -0.32483502 -0.34084612 -0.48989052 -0.11724973 -0.02090973 -1.22589174
 -0.25876399 -0.14037087 -0.18157628 -0.21327418 -1.05481941 -1.09858482
 -1.11854137 -1.12887877 -0.92701991 -1.06634442 -0.92343405 -0.96297879] 
[-1.25092371 -0.84879991  0.01123702 -0.14494994 -0.29139456 -0.19622104
 -0.32473133 -0.3408083  -0.48982976 -0.11725166 -0.02093299 -1.22583694
 -0.25863871 -0.14024687 -0.18143612 -0.21329336 -1.05486333 -1.09867052
 -1.11859182 -1.12896866 -0.92715894 -1.06645458 -0.92362075 -0.96311982] 
[-1.25104888 -0.84880233  0.01128026 -0.14484142 -0.29135278 -0.19621725
 -0.32462858 -0.34077086 -0.48976868 -0.11725399 -0.02095612 -1.22578198
 -0.25851351 -0.14012347 -0.18129632 -0.21331233 -1.05490792 -1.09875608
 -1.11864297 -1.1290589  -0.92729793 -1.06656447 -0.92380727 -0.96326101] 
[-1.2511751  -0.84880602  0.01132336 -0.14473369 -0.29131066 -0.19621344
 -0.32452499 -0.34073355 -0.48970853 -0.1172549  -0.02097869 -1.22572717
 -0.25838838 -0.14000048 -0.18115592 -0.21333051 -1.05495186 -1.09884186
 -1.11869442 -1.12914906 -0.92743661 -1.06667439 -0.92399443 -0.96340308] 
[-1.25130315 -0.84880712  0.01136452 -0.14462426 -0.29126675 -0.19620831
 -0.32442089 -0.34069464 -0.48964977 -0.11725497 -0.02100064 -1.22567245
 -0.25826266 -0.139875   -0.18101627 -0.21334652 -1.05499619 -1.0989246
 -1.11874824 -1.12923915 -0.92757771 -1.06678222 -0.92418175 -0.96354512] 
[-1.25142385 -0.84879667  0.01140209 -0.14450335 -0.29122452 -0.19621189
 -0.32431632 -0.34065021 -0.48958245 -0.11726782 -0.0210233  -1.22560689
 -0.25813532 -0.13974228 -0.18088046 -0.21336199 -1.05505695 -1.09900171
 -1.11880346 -1.12933402 -0.92771536 -1.06687713 -0.92435954 -0.96369074] 
[-1.25155265 -0.84879871  0.01144354 -0.14439734 -0.29117243 -0.19620249
 -0.32420326 -0.34060334 -0.48950907 -0.11726354 -0.02104298 -1.22554681
 -0.25800286 -0.13960097 -0.18073478 -0.21339471 -1.05511106 -1.09908516
 -1.11885023 -1.12942988 -0.92785239 -1.06696553 -0.92453902 -0.96384442] 
[-1.25168813 -0.8488076   0.01148123 -0.14428766 -0.29110932 -0.19617831
 -0.32409171 -0.34055223 -0.48943094 -0.11725004 -0.02106315 -1.22548616
 -0.25787259 -0.13945313 -0.18058844 -0.21342985 -1.05517996 -1.0991655
 -1.11890194 -1.12951784 -0.9279808  -1.0670497  -0.9247064  -0.96399216] 
[-1.25183111 -0.84881605  0.01151945 -0.14418254 -0.29104649 -0.19614893
 -0.32397544 -0.34049837 -0.4893582  -0.11723215 -0.02108131 -1.22542742
 -0.2577381  -0.13930029 -0.18043602 -0.21346788 -1.05524788 -1.09924777
 -1.11895268 -1.12960598 -0.92810546 -1.06713704 -0.92487519 -0.96414089] 
[-1.25197318 -0.84882301  0.0115572  -0.14407704 -0.29098364 -0.19612021
 -0.32386041 -0.3404447  -0.4892844  -0.1172158  -0.02110012 -1.22536808
 -0.25760461 -0.13914834 -0.18028462 -0.21350448 -1.05531656 -1.09932913
 -1.11900396 -1.12969395 -0.92823044 -1.06722421 -0.92504391 -0.96428853] 
[-1.25211696 -0.84883002  0.01159566 -0.14397349 -0.29092046 -0.19609063
 -0.32374405 -0.34039038 -0.48921165 -0.11719737 -0.02111931 -1.22531052
 -0.25747052 -0.13899712 -0.18013262 -0.21354249 -1.05538453 -1.09940972
 -1.11905497 -1.12978168 -0.92835569 -1.06731068 -0.92521294 -0.96443662] 
