Energy 
 
0.6479341368878508 
0.6384554510954206 
0.6289820919912279 
0.6195141303121208 
0.6100516365778379 
0.6005946810891323 
0.591143333925894 
0.5816976649452985 
0.5722577437799672 
0.562823639836157 
0.5533954222919328 
0.543973160095413 
0.5345569219629729 
0.5251467763775077 
0.5157427915866863 
0.5063450356012391 
0.4969535761932524 
0.4875684808944849 
0.4781898169947081 
0.4688176515400395 
0.45945205133132494 
0.4500930829225174 
0.4407408126190848 
0.43139530647641533 
0.4220566302982751 
0.412724849635246 
0.4034000297832123 
0.3940822357818392 
0.38477153241308315 
0.37546798419972793 
0.36617165540391383 
0.35688261002570587 
0.34760091180167896 
0.33832662420350057 
0.3290598104365561 
0.31980053343858494 
0.31054885587831915 
0.30130484015416004 
0.29206854839286467 
0.2828400424482489 
0.27361938389991103 
0.2644066340519724 
0.25520185393183104 
0.24600510428895683 
0.2368164455936539 
0.22763593803590743 
0.2184636415241854 
0.2092996156843141 
0.20014391985833235 
0.19099661310336757 
0.1818577541905506 
0.17272740160393973 
0.16360561353945213 
0.15449244790382077 
0.1453879623135752 
0.13629221409403214 
0.12720526027830448 
0.11812715760633452 
0.10905796252394118 
0.09999773118187938 
0.09094651943492771 
0.08190438284099355 
0.0728713766602227 
0.06384755585414514 
0.05483297508482021 
0.045827688714015435 
0.036831750802405416 
0.027845215108757593 
0.018868135089176175 
0.009900563896336978 
0.0009425543787602297 
-0.008005840919928842 
-0.016944569761690564 
-0.025873580214759606 
-0.03479282065431466 
-0.04370223976312704 
-0.05260178653220193 
-0.06149141026138616 
-0.07037106055996767 
-0.0792406873472633 
-0.08810024085317503 
-0.09694967161874724 
-0.1057889304966868 
-0.11461796865187779 
-0.12343673756188767 
-0.1322451890174301 
-0.14104327512283787 
-0.14983094829650367 
-0.1586081612713126 
-0.1673748670950428 
-0.176131019130773 
-0.18487657105725464 
-0.19361147686927227 
-0.20233569087798853 
-0.2110491677112747 
-0.21975186231402444 
-0.22844372994843676 
-0.2371247261943208 
-0.24579480694932498 
-0.2544539284292153 
-0.26310204716808827 
-0.27173912001859324 
-0.28036510415212534 
-0.2889799570590119 
-0.29758363654868414 
-0.3061761007498225 
-0.31475730811049507 
-0.32332721739827197 
-0.3318857877003478 
-0.3404329784236073 
-0.3489687492947233 
-0.3574930603601931 
-0.3660058719864021 
-0.3745071448596371 
-0.3829968399861139 
-0.39147491869196127 
-0.3999413426232188 
-0.4083960737457961 
-0.41683907434543466 
-0.42527030702764024 
-0.43368973471761696 
-0.4420973206601688 
-0.4504930284196056 
-0.4588768218796213 
-0.4672486652431622 
-0.47560852303227774 
-0.4839563600879717 
-0.4922921415700159 
-0.5006158329567711 
-0.5089274000449822 
-0.51722680894957 
-0.5255140261033893 
-0.5337890182570055 
-0.5420517524784234 
-0.5503021961528314 
-0.5585403169823111 
-0.5667660829855503 
-0.5749794624975315 
-0.5831804241692111 
-0.5913689369671946 
-0.5995449701733804 
-0.6077084933846029 
-0.6158594765122751 
-0.6239978897819878 
-0.6321237037331318 
-0.6402368892184735 
-0.6483374174037533 
-0.6564252597672364 
-0.6645003880992879 
-0.6725627745018969 
-0.6806123913882347 
-0.6886492114821539 
-0.6966732078177171 
-0.7046843537386769 
-0.7126826228979894 
-0.7206679892572607 
-0.7286404270862394 
-0.7365999109622503 
-0.7445464157696549 
-0.752479916699275 
-0.7604003892478117 
-0.7683078092172719 
-0.7762021527143517 
-0.7840833961498459 
-0.791951516238008 
-0.7998064899959387 
-0.8076482947429375 
-0.8154769080998587 
-0.8232923079884462 
-0.8310944726306657 
-0.8388833805480338 
-0.8466590105609195 
-0.8544213417878523 
-0.862170353644818 
-0.8699060258445339 
-0.8776283383957317 
-0.8853372716024235 
-0.8930328060631527 
-0.9007149226702476 
-0.9083836026090535 
-0.9160388273571782 
-0.9236805786836975 
-0.9313088386483845 
-0.9389235896008965 
-0.9465248141799898 
-0.9541124953127054 
-0.9616866162135469 
-0.9692471603836486 
-0.9767941116099601 
-0.9843274539643769 
-0.9918471718029185 
-0.9993532497648523 
-1.0068456727718391 
-1.0143244260270563 
-1.0217894950143211 
-1.0292408654972058 
-1.0366785235181413 
-1.0441024553975229 
-1.0515126477327965 
-1.0589090873975524 
-1.0662917615406042 
-1.0736606575850556 
-1.081015763227375 
-1.088357066436458 
-1.0956845554526737 
-1.1029982187869223 
-1.1102980452196727 
-1.1175840237999988 
-1.1248561438446165 
-1.132114394936902 
-1.1393587669259193 
-1.146589249925422 
-1.1538058343128794 
-1.161008510728463 
-1.1681972700740577 
-1.1753721035122484 
-1.1825330024653082 
-1.1896799586141835 
-1.1968129638974745 
-1.2039320105104028 
-1.2110370909037869 
-1.218128197782999 
-1.2252053241069338 
-1.2322684630869574 
-1.2393176081858606 
-1.2463527531168062 
-1.2533738918422686 
-1.2603810185729822 
-1.267374127766864 
-1.2743532141279545 
-1.281318272605336 
-1.288269298392061 
-1.295206286924078 
-1.3021292338791417 
-1.3090381351757219 
-1.3159329869719183 
-1.3228137856643731 
-1.3296805278871604 
-1.3365332105107048 
-1.3433718306406566 
-1.350196385616803 
-1.3570068730119569 
-1.3638032906308413 
-1.3705856365089797 
-1.3773539089115758 
-1.3841081063323968 
-1.3908482274926541 
-1.3975742713398767 
-1.4042862370467857 
-1.4109841240101684 
-1.417667931849747 
-1.424337660407048 
-1.430993309744262 
-1.437634880143118 
-1.444262372103735 
-1.4508757863434938 
-1.4574751237958838 
-1.4640603856093735 
-1.4706315731462563 
-1.477188687981506 
-1.4837317319016379 
-1.4902607069035558 
-1.4967756151933933 
-1.503276459185386 
-1.5097632415006967 
-1.5162359649662798 
-1.52269463261372 
-1.5291392476780736 
-1.5355698135967322 
-1.5419863340082451 
-1.5483888127511802 
-1.5547772538629503 
-1.56115166157868 
-1.567512040330022 
-1.573858394744017 
-1.5801907296419313 
-1.5865090500380914 
-1.5928133611387347 
-1.599103668340852 
-1.6053799772310111 
-1.6116422935842214 
-1.6178906233627628 
-1.6241249727150286 
-1.6303453479743637 
-1.6365517556579205 
-1.6427442024654835 
-1.6489226952783216 
-1.6550872411580353 
-1.6612378473453902 
-1.6673745212591693 
-1.6734972704950162 
-1.6796061028242737 
-1.6857010261928436 
-1.6917820487200221 
-1.6978491786973553 
-1.7039024245874868 
-1.709941795023 
-1.71596729880528 
-1.7219789449033622 
-1.7279767424527812 
-1.7339607007544333 
-1.7399308292734141 
-1.745887137637904 
-1.751829635638002 
-1.7577583332245952 
-1.7636732405082238 
-1.769574367757929 
-1.7754617254001317 
-1.781335324017494 
-1.7871951743477827 
-1.7930412872827408 
-1.7988736738669586 
-1.8046923452967443 
-1.8104973129190012 
-1.8162885882300996 
-1.8220661828747584 
-1.8278301086449196 
-1.833580377478636 
-1.8393170014589555 
-1.845039992812804 
-1.850749363909864 
-1.8564451272614881 
-1.8621272955195682 
-1.867795881475447 
-1.8734508980587945 
-1.8790923583365344 
-1.884720275511722 
-1.890334662922459 
-1.8959355340408015 
-1.9015229024716596 
-1.9070967819517157 
-1.9126571863483373 
-1.9182041296584946 
-1.9237376260076724 
-1.9292576896488023 
-1.9347643349611736 
-1.9402575764493775 
-1.9457374287422171 
-1.9512039065916569 
-1.9566570248717468 
-1.9620967985775628 
-1.9675232428241558 
-1.9729363728454823 
-1.97833620399336 
-1.9837227517364109 
-1.9890960316590265 
-1.9944560594603051 
-1.9998028509530277 
-2.005136422062605 
-2.0104567888260543 
-2.0157639673909644 
-2.0210579740144565 
-2.026338825062176 
-2.0316065370072525 
-2.0368611264292946 
-2.0421026100133637 
-2.04733100454897 
-2.052546326929048 
-2.057748594148974 
-2.0629378233055355 
-2.0681140315959583 
-2.0732772363168928 
-2.078427454863424 
-2.0835647047280856 
-2.088689003499873 
-2.093800368863262 
-2.0988988185972306 
-2.103984370574278 
-2.109057042759455 
-2.1141168532094032 
-2.119163820071379 
-2.124197961582304 
-2.1292192960677907 
-2.134227841941208 
-2.139223617702717 
-2.1442066419383297 
-2.1491769333189685 
-2.154134510599518 
-2.1590793926178984 
-2.164011598294131 
-2.168931146629407 
-2.1738380567051645 
-2.1787323476821743 
-2.1836140387996057 
-2.1884831493741395 
-2.1933396987990266 
-2.1981837065432157 
-2.2030151921504264 
-2.2078341752382653 
-2.212640675497318 
-2.2174347126902796 
-2.222216306651048 
-2.2269854772838547 
-2.2317422445623776 
-2.236486628528872 
-2.241218649293297 
-2.2459383270324507 
-2.250645681989109 
-2.2553407344711522 
-2.2600235048507336 
-2.2646940135634077 
-2.2693522811072944 
-2.273998328042233 
-2.2786321749889367 
-2.2832538426281683 
-2.287863351699899 
-2.2924607230024887 
-2.2970459773918606 
-2.30161913578067 
-2.306180219137509 
-2.3107292484860795 
-2.3152662449043926 
-2.3197912295239664 
-2.324304223529022 
-2.3288052481556845 
-2.333294324691208 
-2.3377714744731675 
-2.3422367188886906 
-2.346690079373671 
-2.351131577411993 
-2.355561234534766 
-2.3599790723195566 
-2.3643851123896145 
-2.368779376413125 
-2.3731618861024484 
-2.3775326632133735 
-2.3818917295443693 
-2.3862391069358306 
-2.390574817269362 
-2.3948988824670185 
-2.399211324490591 
-2.403512165340872 
-2.407801427056938 
-2.412079131715426 
-2.4163453014298177 
-2.420599958349734 
-2.424843124660224 
-2.4290748225810663 
-2.433295074366064 
-2.4375039023023604 
-2.441701328709733 
-2.4458873759399222 
-2.4500620663759363 
-2.454225422431386 
-2.458377466549796 
-2.4625182212039447 
-2.466647708895191 
-2.470765952152817 
-2.474872973533362 
-2.478968795619977 
-2.483053441021771 
-2.4871269323731515 
-2.491189292333211 
-2.495240543585049 
-2.4992807088351765 
-2.503309810812856 
-2.507327872269485 
-2.511334915977985 
-2.515330964732156 
-2.5193160413460842 
-2.5232901686535176 
-2.5272533695072688 
-2.531205666778606 
-2.5351470833566476 
-2.5390776421477788 
-2.54299736607505 
-2.546906278077593 
-2.550804401110044 
-2.5546917581419413 
-2.558568372157176 
-2.5624342661533968 
-2.566289463141466 
-2.570133986144867 
-2.573967858199163 
-2.5777911023514286 
-2.5816037416597077 
-2.5854057991924546 
-2.589197298027986 
-2.5929782612539496 
-2.5967487119667805 
-2.6005086732711606 
-2.6042581682795007 
-2.607997220111397 
-2.611725851893125 
-2.615444086757115 
-2.6191519478414156 
-2.6228494582892186 
-2.6265366412483155 
-2.6302135198706194 
-2.6338801173116453 
-2.637536456730021 
-2.641182561286992 
-2.644818454145927 
-2.6484441584718468 
-2.652059697430915 
-2.6556650941899815 
-2.659260371916098 
-2.6628455537760436 
-2.6664206629358587 
-2.6699857225603787 

 Time 
620.6393563747406 
