Parameters 
 
[-0.5 -0.5 -0.5 -0.5 -0.5 -0.5 -0.5 -0.5 -0.5 -0.5] 
[-0.63020953 -0.78147537 -0.68891368 -0.53312922 -0.30578486 -0.40477412
 -0.432401   -0.35700594 -0.17535676 -0.35573455] 
[-0.66852031 -0.89771417 -0.75623621 -0.56118854 -0.27516791 -0.31609508
 -0.51104422 -0.38166698 -0.10194436 -0.25086032] 
[-0.64976162 -0.97963332 -0.79847903 -0.56317132 -0.26815615 -0.24829115
 -0.54436312 -0.3676428  -0.08889103 -0.21598621] 
[-0.64490617 -1.00761432 -0.80999507 -0.5777944  -0.29233639 -0.21976666
 -0.54928257 -0.36730049 -0.0586991  -0.22471474] 
[-0.65000505 -1.02703378 -0.80193056 -0.57893418 -0.30830063 -0.20672852
 -0.5508325  -0.35996176 -0.04644029 -0.2227384 ] 
[-0.65156584 -1.0290505  -0.80291341 -0.58041113 -0.3077898  -0.20404249
 -0.55036674 -0.35984923 -0.04510519 -0.22351039] 
[-0.65250802 -1.02984831 -0.80455232 -0.58219152 -0.30625138 -0.20207485
 -0.54951599 -0.36002683 -0.04468222 -0.22465639] 
[-0.65874889 -1.03493906 -0.80653919 -0.5837741  -0.30514066 -0.19957322
 -0.54866543 -0.36131061 -0.0433238  -0.22630583] 
[-0.66222101 -1.03777611 -0.80861701 -0.58521018 -0.30347527 -0.19804177
 -0.54757867 -0.36213897 -0.04175786 -0.22734568] 
[-0.66620721 -1.04083211 -0.81078727 -0.58657798 -0.3018198  -0.19640132
 -0.54627606 -0.36297298 -0.04003345 -0.228343  ] 
[-0.66849272 -1.04151749 -0.81283926 -0.58735793 -0.30113724 -0.19594758
 -0.54537985 -0.36381015 -0.03984775 -0.22805038] 
[-0.67037841 -1.04189752 -0.81505303 -0.58818931 -0.30020067 -0.19555375
 -0.54415519 -0.36461114 -0.03941398 -0.22781477] 
[-0.6735559  -1.04152068 -0.81771075 -0.5894237  -0.29913925 -0.19446482
 -0.54293226 -0.36587022 -0.03888973 -0.22755446] 
[-0.67591956 -1.04109463 -0.82000333 -0.59060332 -0.29783962 -0.19353258
 -0.54175247 -0.36676585 -0.0382981  -0.227705  ] 
[-0.67837835 -1.04062817 -0.82245292 -0.59187624 -0.29636194 -0.19258526
 -0.54058868 -0.36768479 -0.03773545 -0.22790574] 
[-0.68003675 -1.04051835 -0.82416927 -0.59304773 -0.29580986 -0.1919715
 -0.53915675 -0.36789428 -0.03660773 -0.22786943] 
[-0.68050983 -1.04172354 -0.82575347 -0.59338032 -0.29498444 -0.19219637
 -0.53846762 -0.36742397 -0.03624915 -0.22807704] 
[-0.68103283 -1.04290759 -0.8274662  -0.59364955 -0.29423295 -0.19247551
 -0.53766504 -0.36689161 -0.0357775  -0.22809132] 
[-0.68158547 -1.04394702 -0.82942902 -0.59406922 -0.29329261 -0.19295275
 -0.53676612 -0.36631676 -0.03533608 -0.22816473] 
[-0.682146   -1.04501687 -0.83144596 -0.59458162 -0.29225825 -0.19339753
 -0.5358546  -0.36576864 -0.03493541 -0.22836939] 
[-0.68249874 -1.04689972 -0.83346962 -0.59523613 -0.29110865 -0.19341142
 -0.53518705 -0.36536799 -0.03442858 -0.22868885] 
[-0.68286456 -1.04883638 -0.83564622 -0.59592136 -0.28992462 -0.19346219
 -0.53443653 -0.36494339 -0.0338924  -0.22895984] 
[-0.68295745 -1.05096218 -0.83833518 -0.59706299 -0.28868235 -0.19306473
 -0.53379023 -0.36413727 -0.03277421 -0.22944998] 
[-0.6829638  -1.05441345 -0.84101878 -0.59865423 -0.28684815 -0.19197512
 -0.53373539 -0.36340883 -0.03178338 -0.23101922] 
[-0.6798828  -1.07006617 -0.84125397 -0.6007095  -0.28446531 -0.18305672
 -0.5394858  -0.3649002  -0.03087393 -0.2362124 ] 
[-0.68009665 -1.06995941 -0.84433275 -0.60134935 -0.28402408 -0.18375279
 -0.53773949 -0.36389279 -0.02974606 -0.23490894] 
[-0.68206523 -1.0591705  -0.85577934 -0.60275753 -0.28315166 -0.19419624
 -0.52784031 -0.36093688 -0.02539379 -0.22629657] 
[-0.68174046 -1.0601817  -0.85819097 -0.6038075  -0.28292928 -0.19329727
 -0.52691274 -0.36053005 -0.02473812 -0.22597964] 
[-0.67992964 -1.06580063 -0.86127106 -0.60517633 -0.28266939 -0.18901614
 -0.52733137 -0.36051976 -0.02465193 -0.22590688] 
[-0.67444286 -1.07966868 -0.8667577  -0.60715977 -0.28150094 -0.17932986
 -0.52910473 -0.36205582 -0.02573738 -0.22669157] 
[-0.65315799 -1.09651979 -0.89620333 -0.62095137 -0.27676011 -0.16398841
 -0.52416311 -0.37076273 -0.02574813 -0.22111786] 
[-0.64200588 -1.10906381 -0.91173709 -0.62783555 -0.27385614 -0.1544887
 -0.52261276 -0.3756074  -0.02584673 -0.21939669] 
[-0.63924571 -1.11305849 -0.91771192 -0.63121478 -0.27331885 -0.1511129
 -0.52173688 -0.37760829 -0.02631362 -0.2190327 ] 
[-0.63850767 -1.11946582 -0.92120106 -0.63237528 -0.2728728  -0.14973418
 -0.52303342 -0.3799868  -0.02850166 -0.21691866] 
[-0.63826063 -1.12140822 -0.92298683 -0.6335364  -0.27222954 -0.1484004
 -0.52292069 -0.3801179  -0.02824352 -0.21758817] 
[-0.63840424 -1.12283098 -0.92416873 -0.63441956 -0.27162115 -0.14756321
 -0.5229154  -0.38011632 -0.02799213 -0.2182449 ] 
[-0.63867161 -1.12447113 -0.92535894 -0.63527321 -0.27099373 -0.14690613
 -0.52306218 -0.3801106  -0.0277578  -0.21876176] 
[-0.63907447 -1.12602292 -0.92660953 -0.63613479 -0.27038672 -0.14641194
 -0.52314966 -0.38003536 -0.02753414 -0.2192076 ] 
[-0.63959141 -1.12830018 -0.9277353  -0.6368906  -0.26963274 -0.14583759
 -0.52363955 -0.3799277  -0.0271637  -0.21990156] 
[-0.63964377 -1.13006435 -0.92900021 -0.63787719 -0.26893805 -0.14456725
 -0.52363615 -0.37996421 -0.02670989 -0.22105223] 
[-0.63974625 -1.13183159 -0.93028297 -0.63887522 -0.26824502 -0.14338522
 -0.52367889 -0.37998399 -0.02627123 -0.22210234] 
[-0.64010298 -1.13384874 -0.93237335 -0.6399753  -0.26752627 -0.14344345
 -0.52402463 -0.38003908 -0.02606561 -0.22172031] 
[-0.63695403 -1.13466424 -0.93552503 -0.64231466 -0.26744619 -0.13939058
 -0.5221934  -0.38192527 -0.02589123 -0.22316866] 
[-0.63672282 -1.13611083 -0.93621982 -0.64321348 -0.26739265 -0.13657518
 -0.52147746 -0.38188868 -0.02531422 -0.2251466 ] 
[-0.63697121 -1.13782511 -0.93680509 -0.64406681 -0.2670356  -0.13413835
 -0.52098906 -0.3814976  -0.02453213 -0.22740751] 
[-0.63767041 -1.13825903 -0.93721073 -0.64456911 -0.26671847 -0.13342054
 -0.52080398 -0.38062209 -0.0235956  -0.22850458] 
[-0.6372317  -1.1402789  -0.93832929 -0.64563029 -0.26601123 -0.13212805
 -0.52107481 -0.38108439 -0.02224764 -0.23024431] 
[-0.63695153 -1.1421422  -0.93938471 -0.64661965 -0.26531454 -0.13096618
 -0.52129782 -0.38138725 -0.02095312 -0.23191729] 
[-0.63664896 -1.14338555 -0.94051454 -0.64766228 -0.26496016 -0.12978084
 -0.52126802 -0.38158043 -0.01990751 -0.23295795] 
[-0.63641841 -1.14455424 -0.94164283 -0.64869186 -0.26461011 -0.12866115
 -0.52121315 -0.3817092  -0.01887181 -0.23394719] 
[-0.63646266 -1.14548654 -0.94269297 -0.64965774 -0.26429057 -0.12777752
 -0.52108332 -0.38158345 -0.01787515 -0.23479083] 
[-0.63572736 -1.14748342 -0.94401815 -0.65112935 -0.26394683 -0.12604035
 -0.52134654 -0.38225415 -0.0165022  -0.236109  ] 
[-0.63576172 -1.14967838 -0.94492943 -0.65212199 -0.26321033 -0.12491736
 -0.5219814  -0.38216388 -0.01508518 -0.23788175] 
[-0.63647048 -1.15048359 -0.94558818 -0.65269046 -0.26260751 -0.1248301
 -0.52216408 -0.38151925 -0.01404593 -0.23864564] 
[-0.63715934 -1.15130912 -0.94631299 -0.65326577 -0.26200659 -0.12487051
 -0.52241543 -0.38089783 -0.01299142 -0.23922626] 
[-0.63807679 -1.15301307 -0.94660082 -0.65362853 -0.26119493 -0.12456296
 -0.52308557 -0.38002629 -0.01153524 -0.24086797] 
[-0.63880775 -1.1536296  -0.94754589 -0.65430617 -0.26037169 -0.12451684
 -0.52318966 -0.37930099 -0.0100947  -0.24169499] 
[-0.6395282  -1.15424328 -0.94849054 -0.65496093 -0.25948596 -0.124473
 -0.52330433 -0.37859301 -0.00859737 -0.24259543] 
[-0.6402262  -1.15488398 -0.94942921 -0.65562121 -0.25862775 -0.12440845
 -0.52343169 -0.37790536 -0.00713334 -0.24345919] 
[-0.64111329 -1.15538048 -0.95038449 -0.65624831 -0.2576972  -0.1245601
 -0.52360223 -0.37701995 -0.00569295 -0.24417836] 
[-0.64229352 -1.15595561 -0.95113945 -0.65680186 -0.25671309 -0.12485628
 -0.52384853 -0.37594108 -0.00410041 -0.24510739] 
[-0.6438121  -1.15648995 -0.95146074 -0.65713442 -0.25575401 -0.12516382
 -0.52419586 -0.37447145 -0.00261037 -0.24612801] 
[-0.64486603 -1.15708522 -0.95179229 -0.65741143 -0.25504596 -0.12513568
 -0.52443948 -0.37329889 -0.00163949 -0.24677583] 
[-6.45773062e-01 -1.15760690e+00 -9.52230251e-01 -6.57724075e-01
 -2.54352231e-01 -1.25049518e-01 -5.24634022e-01 -3.72244854e-01
 -7.29380838e-04 -2.47300024e-01] 
[-0.65404645 -1.16174038 -0.9499563  -0.65762642 -0.24827377 -0.13106749
 -0.53183923 -0.36283288  0.00561331 -0.25096508] 
[-0.66053193 -1.16509438 -0.94843868 -0.65757168 -0.2434054  -0.1354833
 -0.53740221 -0.35525602  0.01060919 -0.25385082] 
[-0.66550981 -1.16771661 -0.94748478 -0.65762228 -0.23960388 -0.13867554
 -0.54157434 -0.34937517  0.01452737 -0.25609843] 
[-0.66949874 -1.16989487 -0.9469463  -0.65772319 -0.23641597 -0.14108748
 -0.54484771 -0.34462453  0.01780916 -0.25800625] 
[-0.67366953 -1.17264336 -0.94650096 -0.65801825 -0.23296785 -0.14372488
 -0.54861934 -0.33968075  0.0211514  -0.25970282] 
[-0.6756996  -1.1736037  -0.94640184 -0.65843873 -0.23157601 -0.14473728
 -0.54978452 -0.3373699   0.02260064 -0.26038622] 
[-0.67707231 -1.17453438 -0.94657529 -0.65886452 -0.23064577 -0.14520974
 -0.55059251 -0.33588107  0.02351353 -0.2606432 ] 
[-0.67864389 -1.17542297 -0.94680887 -0.65925283 -0.22957186 -0.14582264
 -0.55138013 -0.33432804  0.02457966 -0.2610246 ] 
[-0.67999536 -1.17617515 -0.94707307 -0.65961646 -0.22864754 -0.14620806
 -0.55200303 -0.33292684  0.02556469 -0.26134386] 
[-0.68130289 -1.17691342 -0.94737241 -0.65998737 -0.22775433 -0.14655837
 -0.55257941 -0.33158955  0.02652961 -0.2616435 ] 
[-0.68254955 -1.17763688 -0.94771006 -0.66035984 -0.22686948 -0.14686342
 -0.55312201 -0.33031695  0.02748034 -0.26194048] 
[-0.68365682 -1.17825025 -0.94805329 -0.66077637 -0.22606243 -0.14704001
 -0.55356599 -0.32923881  0.02830763 -0.26212464] 
[-0.6847294  -1.17885122 -0.94842915 -0.6612035  -0.22526593 -0.14718565
 -0.5539848  -0.32820279  0.02911341 -0.26229029] 
[-0.68627199 -1.18003958 -0.94872882 -0.66189982 -0.22423282 -0.1476739
 -0.5549431  -0.32690526  0.03038024 -0.26255091] 
[-0.68770354 -1.18118315 -0.94908386 -0.66258512 -0.22324254 -0.14805775
 -0.55579508 -0.3257121   0.03158987 -0.2628246 ] 
[-0.68904415 -1.18224658 -0.94948957 -0.66326531 -0.22231671 -0.14834103
 -0.5565255  -0.32460651  0.03276484 -0.26310333] 
[-0.69049982 -1.18336682 -0.94990611 -0.66399251 -0.22132233 -0.14872646
 -0.55733646 -0.32339713  0.03399527 -0.26339219] 
[-0.69190299 -1.18436709 -0.95033943 -0.66464133 -0.22043186 -0.14901349
 -0.5580904  -0.32218828  0.0351061  -0.26359319] 
[-0.69328609 -1.18536509 -0.95079379 -0.66528661 -0.21954602 -0.14925094
 -0.55883512 -0.32096337  0.03623681 -0.26382146] 
[-0.69464453 -1.18628782 -0.95127315 -0.66590268 -0.21869331 -0.14942365
 -0.55951925 -0.31972337  0.03734467 -0.26406931] 
[-0.69603307 -1.18713572 -0.95168279 -0.66645311 -0.21790521 -0.14950374
 -0.56009969 -0.31834349  0.03843856 -0.26442448] 
[-0.69725249 -1.18790047 -0.9521971  -0.66702693 -0.21716705 -0.14943345
 -0.56057867 -0.31706596  0.03944792 -0.26471557] 
[-0.69860442 -1.18870096 -0.95260651 -0.66755918 -0.21629017 -0.14947002
 -0.56119997 -0.31555842  0.04053762 -0.26504907] 
[-0.69992857 -1.18948    -0.95303422 -0.66809272 -0.21542875 -0.14948277
 -0.5617902  -0.31408681  0.04161319 -0.26536901] 
[-0.70169377 -1.19046221 -0.95336488 -0.66862279 -0.21437813 -0.14962346
 -0.56261431 -0.31204398  0.04303289 -0.26600394] 
[-0.70344194 -1.19142054 -0.95370631 -0.66915596 -0.21334377 -0.14974501
 -0.5634119  -0.31001783  0.04443399 -0.26663231] 
[-0.70517552 -1.19226876 -0.95403368 -0.66969268 -0.21239342 -0.14985555
 -0.56408315 -0.30809075  0.04581868 -0.26726947] 
[-0.70679132 -1.19311668 -0.95437965 -0.67023144 -0.21147924 -0.14992979
 -0.56472318 -0.30631586  0.04712034 -0.2678409 ] 
[-0.70839489 -1.19391632 -0.9547202  -0.67077686 -0.21060643 -0.15000169
 -0.56530367 -0.30460111  0.04841264 -0.26840939] 
[-0.70991819 -1.19474133 -0.955133   -0.67132493 -0.20974294 -0.15004001
 -0.56588016 -0.30302601  0.04964359 -0.26889409] 
[-0.71141838 -1.19558993 -0.95554176 -0.67189482 -0.20886907 -0.15006599
 -0.56643997 -0.30150533  0.05084865 -0.26938374] 
[-0.71292685 -1.19641705 -0.95596263 -0.67245325 -0.20798041 -0.15009677
 -0.56697317 -0.29999428  0.0520651  -0.26989159] 
[-0.71432932 -1.19722689 -0.95641667 -0.67303698 -0.20710032 -0.1501252
 -0.5674666  -0.29860363  0.05318488 -0.27032533] 
[-0.71577344 -1.19808769 -0.95685794 -0.67364155 -0.20619515 -0.15016828
 -0.56799698 -0.29715816  0.05433929 -0.27080121] 
[-0.71687522 -1.19874385 -0.95747632 -0.67422648 -0.2054917  -0.1499848
 -0.56825967 -0.29606852  0.05527934 -0.27108007] 
[-0.71796267 -1.19938874 -0.95810219 -0.67481077 -0.20479509 -0.1497909
 -0.56850814 -0.29499511  0.05620898 -0.2713473 ] 
[-0.71899765 -1.19995303 -0.95877232 -0.67538636 -0.20412737 -0.14953074
 -0.56868414 -0.29394277  0.05712621 -0.27158502] 
[-0.72001868 -1.20049018 -0.95945559 -0.67596164 -0.20346774 -0.14924532
 -0.56883224 -0.29288825  0.05804429 -0.27182364] 
[-0.72116746 -1.20083424 -0.96005147 -0.67644695 -0.20278601 -0.14904022
 -0.56887671 -0.29165678  0.05890046 -0.272033  ] 
[-0.72220984 -1.20112187 -0.96068803 -0.67691261 -0.20216162 -0.14878971
 -0.56885508 -0.29055133  0.05969747 -0.27216467] 
[-0.7229515  -1.20158314 -0.9611366  -0.67725167 -0.2014488  -0.14867012
 -0.56887704 -0.28990163  0.06024192 -0.27239786] 
[-0.72368216 -1.20206646 -0.96159035 -0.67760572 -0.20072714 -0.14853896
 -0.56890374 -0.28926732  0.06077871 -0.27262687] 
[-0.72442289 -1.20245312 -0.96202858 -0.67792102 -0.20002491 -0.14838856
 -0.56885226 -0.28863278  0.0613101  -0.27287576] 
[-0.72519687 -1.20272124 -0.96241866 -0.67818272 -0.19941293 -0.1482636
 -0.56868498 -0.28803246  0.06185507 -0.27313814] 
[-0.72596284 -1.20298219 -0.96281442 -0.67844658 -0.19879919 -0.14812559
 -0.5685101  -0.28743537  0.06239851 -0.27339942] 
[-0.72660854 -1.20316943 -0.96324429 -0.67872247 -0.19820163 -0.14788458
 -0.56825694 -0.28693278  0.06291374 -0.27359184] 
[-0.72716317 -1.20329403 -0.96356648 -0.67900927 -0.19775947 -0.14762485
 -0.568053   -0.28658242  0.06327375 -0.27378171] 
[-0.72769812 -1.20346146 -0.96385701 -0.67933006 -0.19735136 -0.14737817
 -0.56784109 -0.28624454  0.06362719 -0.2739342 ] 
[-0.7282504  -1.20360721 -0.96416283 -0.67963835 -0.19693912 -0.14710711
 -0.56761885 -0.28587484  0.06400277 -0.27412146] 
[-0.72880701 -1.20374025 -0.96450041 -0.67994436 -0.19653907 -0.14683331
 -0.56737164 -0.28552567  0.06436993 -0.27427974] 
[-0.72923795 -1.20383256 -0.96492217 -0.68025666 -0.19619197 -0.14647271
 -0.56710095 -0.28526008  0.06464972 -0.27436884] 
[-0.72973266 -1.20387666 -0.96531875 -0.68054113 -0.19583454 -0.1461589
 -0.56680839 -0.28493136  0.06492615 -0.27445004] 
[-0.73025671 -1.20390708 -0.96572904 -0.68080907 -0.19545934 -0.14587474
 -0.56652219 -0.28460276  0.0652004  -0.27453353] 
[-0.73079589 -1.20394526 -0.9661394  -0.68107625 -0.1950737  -0.14559821
 -0.56624356 -0.284266    0.065482   -0.27462683] 
[-0.73138323 -1.20397531 -0.96652704 -0.68133183 -0.19467863 -0.14535243
 -0.56598137 -0.28391691  0.06579197 -0.27472742] 
[-0.73197318 -1.20400448 -0.96691596 -0.68158888 -0.19428171 -0.14510494
 -0.5657176  -0.28356608  0.06610067 -0.27482577] 
[-0.73260409 -1.20399975 -0.96729796 -0.68183645 -0.19388713 -0.14488105
 -0.56542396 -0.28318374  0.06639591 -0.27491068] 
[-0.73333461 -1.20395    -0.96761745 -0.68205284 -0.19351045 -0.14472212
 -0.56513437 -0.28268976  0.06669756 -0.27503932] 
[-0.73407541 -1.20392413 -0.96792857 -0.68228676 -0.19313887 -0.14458545
 -0.56484765 -0.28222035  0.06699285 -0.27516034] 
[-0.73481053 -1.20391897 -0.96823595 -0.68253494 -0.19277085 -0.14444523
 -0.56457499 -0.28177396  0.06728785 -0.27526251] 
[-0.73553738 -1.20391619 -0.96855711 -0.68279343 -0.1923968  -0.14430368
 -0.56429883 -0.28134976  0.06758575 -0.27536104] 
[-0.73637458 -1.20388612 -0.96883529 -0.68304632 -0.19203378 -0.14421951
 -0.56399794 -0.28081121  0.06787062 -0.27546432] 
[-0.73748259 -1.20378134 -0.96910009 -0.68326258 -0.19164819 -0.14429882
 -0.56366388 -0.28003367  0.06822244 -0.27563545] 
[-0.73955786 -1.20295436 -0.96925301 -0.68321558 -0.19140354 -0.14494544
 -0.56277573 -0.27850569  0.0686412  -0.27603714] 
[-0.74182468 -1.20207464 -0.9693951  -0.68317774 -0.19116309 -0.145726
 -0.56185886 -0.27688978  0.06913217 -0.27650217] 
[-0.74363185 -1.20136363 -0.96960115 -0.6832045  -0.19095139 -0.14626467
 -0.5610218  -0.2756785   0.06946528 -0.27676274] 
[-0.74535839 -1.2007112  -0.96982975 -0.68325816 -0.19074185 -0.14676628
 -0.5602119  -0.27453712  0.06979096 -0.27699142] 
[-0.74702835 -1.20009529 -0.97012786 -0.68331571 -0.1905067  -0.14721614
 -0.55943556 -0.2735274   0.0700941  -0.27720184] 
[-0.74833082 -1.19977782 -0.9704631  -0.68343828 -0.19026533 -0.14750987
 -0.558883   -0.27283058  0.07029185 -0.27726177] 
[-0.74922094 -1.19973953 -0.97080098 -0.68365655 -0.19000132 -0.14753171
 -0.55850984 -0.27247275  0.0704766  -0.27728212] 
[-0.75010763 -1.19970392 -0.97114054 -0.68387686 -0.18973533 -0.14754816
 -0.55813679 -0.2721175   0.0706606  -0.2773017 ] 
[-0.75096932 -1.19966273 -0.97148518 -0.68410051 -0.18947602 -0.14754601
 -0.55775474 -0.2717812   0.07083568 -0.27731216] 
[-0.75177813 -1.19963439 -0.97184145 -0.68433557 -0.18921407 -0.1475084
 -0.55737033 -0.27148812  0.07099316 -0.27731744] 
[-0.75253757 -1.19960734 -0.97221969 -0.68455867 -0.18896595 -0.14742221
 -0.55697403 -0.27119908  0.07114303 -0.27730447] 
[-0.75306776 -1.19973894 -0.97264798 -0.68485241 -0.18870333 -0.14718228
 -0.55669051 -0.27111279  0.07124765 -0.27725278] 
[-0.75359126 -1.19986761 -0.9730736  -0.68514301 -0.18844377 -0.14693091
 -0.55640892 -0.27101034  0.0713552  -0.27721125] 
[-0.75413367 -1.1999957  -0.97348693 -0.68543605 -0.18817938 -0.14669092
 -0.55613014 -0.27088913  0.07146539 -0.27718122] 
[-0.75465865 -1.2000823  -0.97391219 -0.68572592 -0.18794224 -0.14643349
 -0.55581272 -0.27079044  0.07154352 -0.27711054] 
[-0.75518393 -1.20017114 -0.97433949 -0.68601088 -0.18770993 -0.14616722
 -0.55549029 -0.2706987   0.07161263 -0.27702637] 
[-0.75570336 -1.20026379 -0.97476796 -0.68629905 -0.1874766  -0.14589301
 -0.55516956 -0.27060678  0.07168006 -0.27694227] 
[-0.756198   -1.20035105 -0.97520131 -0.68659654 -0.18724733 -0.14559448
 -0.55484381 -0.27053008  0.07174488 -0.27684733] 
[-0.75666987 -1.20042508 -0.97563581 -0.68692358 -0.18698749 -0.14531068
 -0.55453732 -0.27041699  0.07179226 -0.2767881 ] 
[-0.75714204 -1.20051504 -0.97606365 -0.68726016 -0.18672538 -0.14502305
 -0.55424205 -0.27031238  0.07183933 -0.27673141] 
[-0.75763349 -1.20058827 -0.97649703 -0.68759019 -0.18647106 -0.14474578
 -0.55393253 -0.27019908  0.07188524 -0.27667874] 
[-0.75813005 -1.20065822 -0.97692402 -0.68791429 -0.18622122 -0.14446945
 -0.55362035 -0.27007615  0.07192592 -0.27662658] 
[-0.75883014 -1.20061893 -0.97729574 -0.68818091 -0.18598236 -0.1443328
 -0.55321417 -0.26984645  0.07197413 -0.2766513 ] 
[-0.75954174 -1.20057401 -0.97766088 -0.68844388 -0.18574651 -0.14419613
 -0.55280677 -0.26960178  0.07202608 -0.27668377] 
[-0.76027174 -1.20051577 -0.9780238  -0.68868332 -0.18551943 -0.14407551
 -0.55237853 -0.26931056  0.07209451 -0.27674597] 
[-0.76094369 -1.20047563 -0.97841288 -0.68891813 -0.18529476 -0.14392666
 -0.55197268 -0.26906166  0.07214864 -0.27676683] 
[-0.76163464 -1.20047214 -0.97880016 -0.68916062 -0.18506262 -0.14379542
 -0.55158244 -0.26882949  0.07218911 -0.27677648] 
[-0.76229097 -1.20046678 -0.97920319 -0.68941275 -0.18483247 -0.14363373
 -0.55118408 -0.26862066  0.07222089 -0.27678047] 
[-0.76289712 -1.20047272 -0.97961571 -0.68968334 -0.18460167 -0.14344016
 -0.55079004 -0.26845539  0.07223585 -0.27676041] 
[-0.76351386 -1.20047435 -0.98002554 -0.68995079 -0.18437319 -0.1432481
 -0.55039018 -0.26827759  0.07225327 -0.27674706] 
[-0.76406799 -1.20059417 -0.98037887 -0.69027314 -0.18408007 -0.14308066
 -0.55009735 -0.26815805  0.07228193 -0.27668139] 
[-0.7646784  -1.20066822 -0.98073999 -0.69058592 -0.1838013  -0.14294871
 -0.54978246 -0.26800056  0.07231747 -0.27661395] 
[-0.76528282 -1.20073764 -0.98110095 -0.69089308 -0.18351792 -0.14280461
 -0.54946849 -0.2678389   0.07235478 -0.27655255] 
[-0.76588952 -1.20079007 -0.98146232 -0.69118965 -0.18323722 -0.14266496
 -0.54914048 -0.26766342  0.07239999 -0.27649553] 
[-0.76648585 -1.20087247 -0.98179695 -0.69150106 -0.18294008 -0.14252873
 -0.54880809 -0.26747155  0.07243082 -0.27646103] 
[-0.76709119 -1.20094806 -0.98212752 -0.69181102 -0.18264331 -0.14239419
 -0.5484684  -0.26727273  0.07245634 -0.27642112] 
[-0.76759109 -1.20109753 -0.98244197 -0.69215836 -0.18234619 -0.14221086
 -0.54814293 -0.26717423  0.07245383 -0.27638166] 
[-0.76809441 -1.20125024 -0.98275827 -0.69250617 -0.18204994 -0.14202775
 -0.54781912 -0.26707826  0.0724501  -0.27633959] 
[-0.76859169 -1.20137873 -0.98307026 -0.69284223 -0.18175525 -0.14182962
 -0.54747978 -0.26695726  0.07244911 -0.27630549] 
[-0.76907918 -1.2014976  -0.98338848 -0.69317783 -0.18145823 -0.14161733
 -0.54713613 -0.26682962  0.0724486  -0.27626909] 
[-0.76959513 -1.20161328 -0.98370045 -0.69351076 -0.18115957 -0.14142542
 -0.5467938  -0.26668505  0.07244971 -0.27623653] 
[-0.7700933  -1.20172441 -0.98402319 -0.69384824 -0.18086219 -0.14121624
 -0.54644539 -0.26654815  0.07244673 -0.27620129] 
[-0.77069606 -1.20176056 -0.98430752 -0.69414238 -0.18057681 -0.14107373
 -0.54607218 -0.26630588  0.07241963 -0.27615676] 
[-0.77132502 -1.20183369 -0.98458006 -0.6944523  -0.18027644 -0.14096026
 -0.54572192 -0.26608978  0.07240635 -0.27612334] 
[-0.77191301 -1.2019105  -0.98485287 -0.69477023 -0.1799785  -0.14081604
 -0.5453718  -0.26589765  0.07238356 -0.27607155] 
[-0.77249118 -1.20199037 -0.98512774 -0.69508979 -0.17967976 -0.1406625
 -0.54502172 -0.26571077  0.07236132 -0.27601938] 
[-0.77311758 -1.20205852 -0.9854105  -0.69541696 -0.17939389 -0.14054747
 -0.54466573 -0.26551303  0.07233924 -0.27596773] 
[-0.77370197 -1.20213542 -0.98568695 -0.6957366  -0.17909594 -0.14039349
 -0.54430765 -0.26531497  0.07231721 -0.27590884] 
[-0.77428607 -1.20221346 -0.9859644  -0.69605778 -0.17879776 -0.14023675
 -0.54394963 -0.26511789  0.07229615 -0.27584979] 
[-0.77487382 -1.20226929 -0.98624814 -0.69638124 -0.17850868 -0.14008065
 -0.54357371 -0.26489897  0.07227275 -0.27580116] 
[-0.77545976 -1.20232685 -0.98653299 -0.69670549 -0.17821863 -0.13992202
 -0.54319816 -0.26468155  0.07224915 -0.2757516 ] 
[-0.77602659 -1.20237957 -0.9868278  -0.69702809 -0.17792525 -0.13974566
 -0.54281974 -0.26447439  0.07222697 -0.27569449] 
[-0.77657246 -1.20242105 -0.98710809 -0.69733347 -0.17764095 -0.13954227
 -0.54242591 -0.26423254  0.07220365 -0.27565855] 
[-0.77710994 -1.20246117 -0.98738967 -0.69763811 -0.1773556  -0.13932965
 -0.54203175 -0.26399354  0.07218216 -0.2756232 ] 
[-0.77764673 -1.20250384 -0.98767222 -0.69794329 -0.17706939 -0.139116
 -0.54163867 -0.26375596  0.0721608  -0.27558728] 
[-0.77814815 -1.20255421 -0.98797117 -0.69824623 -0.1767905  -0.13887686
 -0.54124735 -0.26354298  0.07213518 -0.27553328] 
[-0.77864985 -1.20260663 -0.98827091 -0.69854992 -0.17651091 -0.13863718
 -0.54085647 -0.26333137  0.07210952 -0.27547844] 
[-0.77912605 -1.2026592  -0.98856466 -0.69885978 -0.17623826 -0.13836316
 -0.54045635 -0.2631054   0.07208258 -0.27542144] 
[-0.77960509 -1.20271136 -0.98885967 -0.69916955 -0.17596578 -0.13809052
 -0.54005514 -0.26288005  0.07205576 -0.27536439] 
[-0.78010778 -1.20276621 -0.98916005 -0.69947621 -0.17569833 -0.13783956
 -0.53964964 -0.26265974  0.07203992 -0.275315  ] 
[-0.78061172 -1.20282074 -0.98946006 -0.69978247 -0.17542977 -0.13758726
 -0.53924391 -0.26243799  0.07202545 -0.275267  ] 
[-0.781087   -1.20291939 -0.9897439  -0.70009877 -0.17514006 -0.13734758
 -0.53887451 -0.26225238  0.07199161 -0.27518988] 
[-0.7815627  -1.20301299 -0.99002473 -0.70041659 -0.17484784 -0.13710752
 -0.53849928 -0.26206009  0.07195634 -0.27511588] 
[-0.78204995 -1.20309314 -0.99029312 -0.70071824 -0.17456744 -0.1368591
 -0.53812485 -0.26184787  0.0719096  -0.27503296] 
[-0.78255735 -1.2031615  -0.99056223 -0.70101938 -0.17429393 -0.13662112
 -0.53773871 -0.2616291   0.07186697 -0.27495114] 
[-0.78305774 -1.20324444 -0.99081871 -0.70133201 -0.17402687 -0.13639109
 -0.53734651 -0.26140711  0.07180332 -0.27485143] 
[-0.78355923 -1.20332875 -0.99106692 -0.70163408 -0.17376236 -0.13615187
 -0.53695893 -0.26116793  0.07175273 -0.27476902] 
[-0.78406578 -1.2034163  -0.99131413 -0.70193496 -0.17349603 -0.13591727
 -0.53657342 -0.26092875  0.07170348 -0.27468557] 
[-0.7845643  -1.20353435 -0.99153808 -0.70224932 -0.17323549 -0.1356942
 -0.53618268 -0.26067115  0.07163594 -0.27461714] 
[-0.78506187 -1.20365409 -0.99176294 -0.70256405 -0.17297447 -0.13546937
 -0.53579269 -0.26041486  0.07156824 -0.27454829] 
[-0.78550919 -1.20387074 -0.99199024 -0.70287342 -0.17269846 -0.13526067
 -0.53547545 -0.26023721  0.07152607 -0.27450819] 
[-0.78595707 -1.20408777 -0.99221911 -0.70318263 -0.17242105 -0.13505075
 -0.53515928 -0.26006124  0.07148215 -0.2744651 ] 
[-0.78640483 -1.20430337 -0.99244932 -0.70349222 -0.172144   -0.13483974
 -0.53484192 -0.25988449  0.07143784 -0.27442087] 
[-0.78684973 -1.20450398 -0.99269014 -0.70380649 -0.17186543 -0.13463003
 -0.53451561 -0.2597157   0.07139666 -0.27436633] 
[-0.78728014 -1.20472247 -0.99294071 -0.70413189 -0.17158548 -0.13442087
 -0.53420582 -0.25957081  0.07135079 -0.27430457] 
[-0.78768364 -1.20495828 -0.99320043 -0.70445391 -0.17130767 -0.13418966
 -0.53391055 -0.25943363  0.0712919  -0.27422934] 
[-0.78807923 -1.20518642 -0.99346547 -0.70477332 -0.17102793 -0.13394901
 -0.53361151 -0.2592989   0.07123539 -0.27415081] 
[-0.78848553 -1.20540776 -0.99372641 -0.7050945  -0.17075323 -0.13371768
 -0.53331216 -0.2591585   0.07117966 -0.27407391] 
[-0.78888971 -1.20562408 -0.99397947 -0.70541327 -0.17047841 -0.13349191
 -0.53301272 -0.25900761  0.07112924 -0.27399229] 
[-0.78930297 -1.20583523 -0.99423004 -0.70573237 -0.17020207 -0.13327187
 -0.53271211 -0.2588504   0.07108411 -0.27391567] 
[-0.78971585 -1.20604489 -0.99448212 -0.70604983 -0.1699273  -0.133049
 -0.5324125  -0.25869311  0.07104187 -0.27384013] 
[-0.79013609 -1.20626291 -0.99473302 -0.70636075 -0.16965694 -0.13283642
 -0.53211951 -0.25852983  0.07100086 -0.27376612] 
[-0.79055906 -1.20648137 -0.9949852  -0.70667083 -0.16938726 -0.13262532
 -0.53182693 -0.25836577  0.07096085 -0.27369127] 
[-0.79097704 -1.2066965  -0.99523734 -0.70698168 -0.16911665 -0.13240261
 -0.53152787 -0.25819789  0.07092985 -0.2736281 ] 
[-0.79139791 -1.20690863 -0.99549044 -0.70729063 -0.16884504 -0.13218203
 -0.53122809 -0.2580295   0.07090151 -0.27356579] 
[-0.79181603 -1.20706612 -0.99575924 -0.70757358 -0.16859114 -0.13197371
 -0.53090821 -0.25783962  0.07089172 -0.27348785] 
[-0.79222104 -1.20721687 -0.9960393  -0.70786367 -0.16832787 -0.13177101
 -0.5306039  -0.25767034  0.07089058 -0.27339847] 
[-0.79257775 -1.20735258 -0.9963039  -0.70817931 -0.16808854 -0.13153614
 -0.53032616 -0.25754405  0.07091746 -0.27331417] 
[-0.79293168 -1.20749024 -0.99656922 -0.70849463 -0.16785451 -0.13130537
 -0.53005493 -0.25741935  0.07094983 -0.2732301 ] 
[-0.79328556 -1.20762735 -0.99683526 -0.70880978 -0.16762045 -0.13107328
 -0.52978297 -0.25729389  0.07098254 -0.27314587] 
[-0.793637   -1.20776104 -0.99710401 -0.70912567 -0.16738888 -0.13083691
 -0.52951194 -0.25716896  0.07101927 -0.27306391] 
[-0.7939898  -1.20784855 -0.99738857 -0.70942188 -0.16717902 -0.13061019
 -0.52921773 -0.25701882  0.07106556 -0.27296859] 
[-0.79433485 -1.20795289 -0.99769129 -0.7097372  -0.16696509 -0.13038464
 -0.5289293  -0.25690114  0.07110488 -0.27286551] 
[-0.79467368 -1.2080538  -0.99799839 -0.71005923 -0.16674441 -0.13016116
 -0.52864736 -0.25678951  0.07115171 -0.27276578] 
[-0.79500752 -1.20815728 -0.99831279 -0.7103642  -0.16653643 -0.12994253
 -0.52835542 -0.25665032  0.07121743 -0.27269289] 
[-0.79533994 -1.20826376 -0.99862946 -0.71067122 -0.16632869 -0.12972301
 -0.5280636  -0.25651374  0.07128434 -0.27262156] 
[-0.79567401 -1.2083715  -0.99894618 -0.71097916 -0.16612049 -0.12950456
 -0.52777212 -0.25637861  0.07135033 -0.27254901] 
[-0.79600469 -1.208482   -0.99926201 -0.7112887  -0.16591234 -0.12928185
 -0.52748008 -0.25624502  0.07141825 -0.27247939] 
[-0.79632581 -1.20859321 -0.99956964 -0.71159277 -0.16570744 -0.12905564
 -0.52719033 -0.2561121   0.07147366 -0.27239594] 
[-0.79664768 -1.20870576 -0.99987797 -0.71189702 -0.16550164 -0.12882907
 -0.52690111 -0.2559804   0.07152925 -0.27231237] 
[-0.79696444 -1.2088055  -1.00018531 -0.7121953  -0.16528697 -0.12860827
 -0.52661729 -0.25583391  0.07157968 -0.27221507] 
[-0.79728169 -1.20890705 -1.0004922  -0.71249359 -0.16507135 -0.12838697
 -0.52633443 -0.2556886   0.07163002 -0.27211694] 
[-0.79759776 -1.20900956 -1.0007983  -0.71279165 -0.16485448 -0.1281637
 -0.52605124 -0.25554247  0.07167934 -0.2720179 ] 
[-0.79790806 -1.20911549 -1.00110609 -0.71308784 -0.16463751 -0.12793398
 -0.52577106 -0.25539469  0.07173043 -0.27191945] 
[-0.79822208 -1.20919929 -1.00140714 -0.71337249 -0.16442751 -0.12770015
 -0.52547441 -0.25522743  0.07179711 -0.27183993] 
[-0.79856868 -1.20928171 -1.00169207 -0.71364712 -0.1642119  -0.12749381
 -0.52516509 -0.25503531  0.07186242 -0.27176955] 
[-0.79891551 -1.20936484 -1.00197737 -0.71392181 -0.16399571 -0.12728711
 -0.52485593 -0.25484365  0.07192768 -0.27169906] 
[-0.79928744 -1.2094311  -1.00227152 -0.71418801 -0.16378922 -0.12710379
 -0.5245329  -0.25465331  0.07199333 -0.27163332] 
[-0.7996747  -1.20948011 -1.00255598 -0.71444392 -0.16357549 -0.12692095
 -0.52420586 -0.25444365  0.07206526 -0.27156653] 
[-0.80005694 -1.2095339  -1.00284141 -0.71470241 -0.16335963 -0.12673493
 -0.52388281 -0.25424003  0.07213657 -0.27150046] 
[-0.8004339  -1.20959616 -1.00313206 -0.71495775 -0.16313932 -0.1265496
 -0.52356135 -0.2540446   0.07221378 -0.27143983] 
[-0.80081065 -1.20965934 -1.00342281 -0.71521345 -0.16291861 -0.12636347
 -0.52324022 -0.25384992  0.07229076 -0.27137879] 
[-0.80118802 -1.20971879 -1.00371449 -0.71546345 -0.16269375 -0.12617645
 -0.52291206 -0.25364353  0.07237169 -0.27132408] 
[-0.80156173 -1.20977315 -1.00401147 -0.71570635 -0.1624753  -0.12599201
 -0.52258109 -0.25343807  0.07246168 -0.27127514] 
[-0.80193477 -1.20982867 -1.00430831 -0.71594979 -0.16225654 -0.12580639
 -0.52225045 -0.25323325  0.07255122 -0.2712259 ] 
[-0.80230343 -1.20988867 -1.00460615 -0.71619408 -0.16203633 -0.1256171
 -0.52192327 -0.2530337   0.07263964 -0.27117425] 
[-0.80266517 -1.2099494  -1.00490831 -0.71643904 -0.16181819 -0.12542246
 -0.52159654 -0.25283555  0.07272623 -0.2711249 ] 
[-0.80300713 -1.2100139  -1.00520163 -0.71667735 -0.16160312 -0.12520637
 -0.52126721 -0.252622    0.07281316 -0.2710895 ] 
[-0.80334993 -1.2100796  -1.00549528 -0.71691642 -0.16138815 -0.12499064
 -0.52093883 -0.25241023  0.07290007 -0.27105313] 
[-0.80369506 -1.21014774 -1.00578497 -0.71715314 -0.16117208 -0.12477389
 -0.52061415 -0.25219942  0.07298627 -0.27101583] 
[-0.80404015 -1.21021577 -1.00607335 -0.71739079 -0.16095511 -0.12455722
 -0.52028878 -0.25198796  0.07307069 -0.27097664] 
[-0.80439546 -1.21027593 -1.00635653 -0.71762398 -0.16074073 -0.12434738
 -0.51995768 -0.25176701  0.07315398 -0.27093948] 
[-0.80474957 -1.21033772 -1.00663921 -0.71785805 -0.16052586 -0.12413599
 -0.51962721 -0.25154676  0.07323666 -0.27090177] 
[-0.80512397 -1.21039857 -1.00691865 -0.71809373 -0.16031043 -0.1239388
 -0.51928738 -0.2513269   0.07331659 -0.27085039] 
[-0.80550745 -1.21045124 -1.0071861  -0.7183416  -0.16010926 -0.1237486
 -0.51895983 -0.25112467  0.0734195  -0.27082165] 
[-0.80587648 -1.21051058 -1.00745164 -0.71859497 -0.15990998 -0.12354454
 -0.51863185 -0.25093072  0.07352531 -0.27079781] 
[-0.80625952 -1.21055691 -1.00772543 -0.71884543 -0.15970588 -0.12334622
 -0.51829731 -0.25073242  0.07363455 -0.27077554] 
[-0.806648   -1.21060121 -1.00800263 -0.71909783 -0.15950295 -0.12314171
 -0.51796276 -0.25053645  0.07374628 -0.27075169] 
[-0.80704169 -1.21065079 -1.00827619 -0.71935196 -0.15930128 -0.12294334
 -0.51763172 -0.25034156  0.07385351 -0.27072252] 
[-0.80743173 -1.21070389 -1.00855197 -0.71960733 -0.15910017 -0.12274169
 -0.51730363 -0.25015093  0.07396111 -0.27069422] 
[-0.8078101  -1.21074781 -1.0088232  -0.71986728 -0.1589017  -0.12252559
 -0.51696724 -0.2499487   0.07406703 -0.27067279] 
[-0.80820279 -1.21078387 -1.00909135 -0.72012431 -0.15870258 -0.12232172
 -0.51662422 -0.24974082  0.07417081 -0.2706457 ] 
[-0.80859362 -1.21083285 -1.00935223 -0.72038957 -0.15850571 -0.12210966
 -0.51628859 -0.24952694  0.07427054 -0.27062354] 
[-0.80897944 -1.21088686 -1.0096053  -0.72065124 -0.15830354 -0.12190182
 -0.51595627 -0.24931835  0.07436099 -0.27059479] 
[-0.80936682 -1.21094188 -1.00985871 -0.72091398 -0.15810079 -0.12169485
 -0.51562516 -0.24911098  0.07445103 -0.27056647] 
[-0.80975348 -1.21099801 -1.0101116  -0.72117742 -0.15789773 -0.12148687
 -0.5152945  -0.24890396  0.07454021 -0.27053759] 
[-0.8101382  -1.21105623 -1.01036574 -0.7214416  -0.15769433 -0.12127865
 -0.5149653  -0.24869958  0.07462822 -0.27050639] 
[-0.81052215 -1.2111153  -1.01062005 -0.72170625 -0.15749047 -0.12106961
 -0.51463647 -0.24849637  0.07471556 -0.27047439] 
[-0.81090606 -1.21117549 -1.0108741  -0.72197107 -0.15728621 -0.12086038
 -0.51430808 -0.24829428  0.07480221 -0.2704415 ] 
[-0.81129019 -1.21123356 -1.01112672 -0.72223455 -0.15708227 -0.12064946
 -0.51397794 -0.24809423  0.07488736 -0.27040606] 
[-0.81169634 -1.21128118 -1.01137519 -0.72250059 -0.15688306 -0.12045537
 -0.51363616 -0.24789197  0.07498162 -0.27037843] 
[-0.81210099 -1.21132111 -1.01162407 -0.7227658  -0.15668387 -0.12026384
 -0.51328799 -0.24768629  0.07507363 -0.27035462] 
[-0.81249918 -1.21135598 -1.01186215 -0.72304095 -0.15647569 -0.12007838
 -0.51293307 -0.24749802  0.07516595 -0.27031504] 
[-0.81289891 -1.21139438 -1.01210083 -0.72331522 -0.15626651 -0.1198956
 -0.51258119 -0.24731362  0.07525513 -0.27027187] 
[-0.81329096 -1.21143606 -1.01233629 -0.72358829 -0.15605412 -0.11970496
 -0.51222939 -0.24712639  0.0753428  -0.27023209] 
[-0.81368095 -1.21148577 -1.01257239 -0.72386042 -0.15584178 -0.1195115
 -0.51188423 -0.24694733  0.07542564 -0.27018859] 
[-0.81406814 -1.21153744 -1.01280771 -0.72413225 -0.15562886 -0.11931601
 -0.51154111 -0.24676974  0.07550711 -0.27014455] 
[-0.81444696 -1.21158162 -1.01304797 -0.72440106 -0.15541863 -0.11911145
 -0.51119301 -0.24658811  0.07558493 -0.27009481] 
[-0.81481996 -1.21163311 -1.01328814 -0.72467214 -0.15520409 -0.11890127
 -0.51084857 -0.24640377  0.07566169 -0.27004767] 
[-0.81518919 -1.21168651 -1.01353224 -0.72494663 -0.15499113 -0.11869248
 -0.51050509 -0.2462275   0.0757317  -0.26999245] 
[-0.81555915 -1.2117392  -1.01377685 -0.72522037 -0.15477823 -0.11848332
 -0.51016166 -0.24605046  0.07580265 -0.26993783] 
[-0.81592265 -1.21178984 -1.0140209  -0.72549172 -0.15456244 -0.11826861
 -0.50981795 -0.24587773  0.07587152 -0.26988072] 
[-0.81627913 -1.21183854 -1.01426197 -0.72576102 -0.15434848 -0.11804689
 -0.50947316 -0.24570366  0.07593747 -0.26981894] 
[-0.81663454 -1.21189173 -1.01450041 -0.72602887 -0.1541346  -0.11782245
 -0.50913216 -0.24552853  0.0760057  -0.269761  ] 
[-0.81697622 -1.21194392 -1.0147528  -0.72630877 -0.15391894 -0.11757488
 -0.50877969 -0.24535682  0.07607641 -0.26970404] 
[-0.8173058  -1.2120109  -1.01502427 -0.7265765  -0.15369383 -0.1173331
 -0.50842347 -0.24521056  0.07615294 -0.26963613] 
[-0.81763964 -1.21207485 -1.01529636 -0.72684352 -0.15346865 -0.11709346
 -0.50806619 -0.24506357  0.07623201 -0.26956908] 
[-0.81796904 -1.21214365 -1.01556829 -0.72711477 -0.15324007 -0.11684693
 -0.50770765 -0.24491765  0.07631033 -0.26950279] 
[-0.81830149 -1.21221065 -1.01583822 -0.72738418 -0.1530095  -0.11660077
 -0.50735038 -0.24476844  0.07638972 -0.26943573] 
[-0.81863199 -1.21227955 -1.01610809 -0.72765404 -0.15277827 -0.11635141
 -0.50699226 -0.24461775  0.07646881 -0.26936869] 
[-0.81896113 -1.21234741 -1.01637941 -0.72792066 -0.15254739 -0.11610332
 -0.50663401 -0.24446721  0.07655198 -0.26930618] 
[-0.81929013 -1.21241407 -1.01664873 -0.72818636 -0.15231602 -0.11585652
 -0.50627401 -0.24431528  0.07663652 -0.26924371] 
[-0.81962137 -1.21247011 -1.01692942 -0.72844603 -0.15208882 -0.11560247
 -0.50591305 -0.2441568   0.07673146 -0.26918068] 
[-0.81995683 -1.21252228 -1.01720991 -0.72870461 -0.15186179 -0.11535003
 -0.50554999 -0.24399462  0.07682899 -0.26911821] 
[-0.82028966 -1.21257808 -1.0174884  -0.72896357 -0.15163267 -0.11509902
 -0.50519172 -0.24383387  0.07692311 -0.26905188] 
[-0.82062286 -1.21263066 -1.01776914 -0.72922297 -0.15140104 -0.11484787
 -0.50482911 -0.24367423  0.07701931 -0.26898272] 
[-0.82095816 -1.21268254 -1.01804966 -0.72948201 -0.15117021 -0.11459745
 -0.50446522 -0.24351385  0.07711643 -0.26891481] 
[-0.82128606 -1.21272911 -1.01832691 -0.72973873 -0.15094173 -0.11433984
 -0.50409742 -0.2433523   0.07720823 -0.26884053] 
[-0.8216193  -1.21278157 -1.01859805 -0.72999781 -0.15071091 -0.11408825
 -0.50373396 -0.24318774  0.07729661 -0.26876764] 
[-0.82195227 -1.21283479 -1.01886891 -0.73025698 -0.15047994 -0.11383632
 -0.50337115 -0.2430236   0.07738458 -0.26869448] 
[-0.8222803  -1.21290312 -1.01911952 -0.73050931 -0.1502407  -0.11359752
 -0.50300858 -0.24284794  0.07745055 -0.26860244] 
[-0.82259153 -1.21295357 -1.0193677  -0.73075152 -0.1500076  -0.11334467
 -0.50263716 -0.24265509  0.07751507 -0.2685219 ] 
[-0.82290256 -1.21300464 -1.01961584 -0.7309938  -0.14977439 -0.11309147
 -0.50226641 -0.24246287  0.07757942 -0.26844118] 
[-0.82320146 -1.2130779  -1.01986525 -0.73124205 -0.14955064 -0.11284335
 -0.50191455 -0.24226478  0.07764058 -0.26837149] 
[-0.82350074 -1.21315132 -1.02011572 -0.73148941 -0.14932671 -0.11259452
 -0.5015633  -0.24206831  0.07770186 -0.2683015 ] 
[-0.8238018  -1.21321496 -1.02037437 -0.73172873 -0.14910791 -0.11234653
 -0.50121379 -0.24186429  0.07777228 -0.2682344 ] 
[-0.82410272 -1.2132799  -1.02063299 -0.73196875 -0.1488888  -0.11209899
 -0.5008654  -0.24166025  0.07784172 -0.26816648] 
[-0.82440352 -1.21334552 -1.02089144 -0.73220881 -0.14866956 -0.11185125
 -0.50051766 -0.24145677  0.07791089 -0.26809843] 
[-0.82469683 -1.21342399 -1.02116208 -0.73243724 -0.14846272 -0.11161733
 -0.50016234 -0.24123835  0.07797316 -0.26804425] 
[-0.82499129 -1.21350746 -1.02142896 -0.73266467 -0.14825882 -0.11138136
 -0.49980693 -0.24102562  0.07802991 -0.26798332] 
[-0.82528532 -1.21359184 -1.02169541 -0.73289222 -0.14805476 -0.1111448
 -0.49945247 -0.24081378  0.0780863  -0.26792211] 
[-0.82558076 -1.21367526 -1.02196179 -0.73311883 -0.14785139 -0.11090982
 -0.49909749 -0.24060303  0.07814275 -0.26786039] 
[-0.82587631 -1.21375925 -1.02222796 -0.73334545 -0.14764785 -0.11067477
 -0.49874318 -0.24039304  0.07819889 -0.2677983 ] 
[-0.82616536 -1.21384286 -1.02250073 -0.73357732 -0.14743953 -0.11042818
 -0.49838253 -0.24018237  0.07825518 -0.26773743] 
[-0.82646596 -1.21392792 -1.02276985 -0.733806   -0.14722841 -0.11019326
 -0.49802054 -0.23997355  0.07831173 -0.2676724 ] 
[-0.82676579 -1.21401859 -1.02303676 -0.73403506 -0.14701396 -0.1099574
 -0.49766181 -0.23976577  0.07836379 -0.26760528] 
[-0.827064   -1.21411082 -1.02330278 -0.73426477 -0.14679894 -0.10971989
 -0.4973045  -0.23955844  0.07841488 -0.26753747] 
[-0.8273697  -1.21420674 -1.02356433 -0.73449499 -0.14658704 -0.10949102
 -0.49695253 -0.23935524  0.07846704 -0.26747247] 
[-0.82766945 -1.21430764 -1.02382429 -0.73472672 -0.14637677 -0.10925692
 -0.49660498 -0.23915095  0.07852218 -0.26741161] 
[-0.82796832 -1.21440911 -1.02408632 -0.7349566  -0.1461672  -0.10902444
 -0.49625692 -0.23894527  0.07857593 -0.26735111] 
[-0.828266   -1.21451155 -1.02434849 -0.73518615 -0.14595724 -0.1087908
 -0.4959101  -0.23874079  0.07862963 -0.26729031] 
[-0.82856353 -1.21461444 -1.02461047 -0.73541568 -0.1457472  -0.10855693
 -0.49556389 -0.23853687  0.0786831  -0.26722931] 
[-0.8288318  -1.21471618 -1.02486022 -0.73565462 -0.14552798 -0.10829862
 -0.495234   -0.23834992  0.07873749 -0.26715853] 
[-0.82909939 -1.21481793 -1.02511053 -0.73589353 -0.14530879 -0.10803977
 -0.49490425 -0.23816276  0.078792   -0.26708787] 
[-0.82936056 -1.21491762 -1.02536126 -0.73612955 -0.14508889 -0.10777401
 -0.49457694 -0.23797583  0.07884954 -0.26701942] 
[-0.82959217 -1.21502871 -1.02559891 -0.73637226 -0.14487942 -0.10748798
 -0.49427103 -0.23781033  0.07889392 -0.2669584 ] 
[-0.82982585 -1.21514088 -1.02583756 -0.73661379 -0.1446701  -0.10720307
 -0.49396578 -0.23764406  0.07893878 -0.2668971 ] 
[-0.83006081 -1.215253   -1.02607563 -0.73685465 -0.14446064 -0.10691922
 -0.49366078 -0.23747843  0.07898369 -0.26683578] 
[-0.83029416 -1.21536604 -1.02631323 -0.73709486 -0.14425039 -0.10663338
 -0.49335574 -0.23731374  0.0790293  -0.2667755 ] 
[-0.83052943 -1.21547835 -1.02655052 -0.73733396 -0.14403993 -0.1063496
 -0.49305025 -0.23714977  0.07907542 -0.26671488] 
[-0.83076601 -1.21559153 -1.0267881  -0.7375732  -0.14383004 -0.10606722
 -0.49274574 -0.23698685  0.0791215  -0.26665354] 
[-0.83100201 -1.21570533 -1.02702531 -0.73781212 -0.14361974 -0.10578406
 -0.49244148 -0.23682453  0.07916779 -0.26659259] 
[-0.83124393 -1.21581955 -1.02725931 -0.73804998 -0.14341298 -0.10550881
 -0.49213559 -0.23666568  0.07921318 -0.26652701] 
[-0.831504   -1.21591816 -1.02749435 -0.73826572 -0.14322172 -0.10527148
 -0.49185037 -0.23653068  0.07924781 -0.26646921] 
[-0.83176391 -1.21601634 -1.02772946 -0.73848105 -0.14302952 -0.10503392
 -0.49156637 -0.2363971   0.07928211 -0.26641114] 
[-0.83201916 -1.2161149  -1.02796863 -0.73869531 -0.14283622 -0.1047897
 -0.49127995 -0.23626494  0.07932026 -0.26635744] 
[-0.83227956 -1.21621252 -1.02820876 -0.73891032 -0.14264151 -0.10455043
 -0.49099504 -0.23613451  0.0793565  -0.26630407] 
[-0.83253936 -1.21631281 -1.02844548 -0.73912836 -0.14245001 -0.104314
 -0.49070869 -0.23600124  0.07939399 -0.26624802] 
[-0.83279827 -1.2164129  -1.02868187 -0.73934761 -0.14225821 -0.10407604
 -0.49042192 -0.23586819  0.07943298 -0.26619308] 
[-0.83305236 -1.21650726 -1.02891481 -0.7395725  -0.14206379 -0.10384186
 -0.49013194 -0.23574131  0.07946519 -0.26614193] 
[-0.83330599 -1.21660261 -1.02914879 -0.73979806 -0.14187025 -0.10360779
 -0.4898418  -0.23561571  0.07949763 -0.26608985] 
[-0.83355685 -1.21670666 -1.02937183 -0.74003279 -0.14168254 -0.10338024
 -0.48954941 -0.23548404  0.07951817 -0.26602625] 
[-0.83380541 -1.21681212 -1.02958805 -0.74027155 -0.14148996 -0.10315543
 -0.48925744 -0.23535188  0.07953434 -0.26596594] 
[-0.83405372 -1.21692246 -1.02980773 -0.74050937 -0.1412984  -0.10292872
 -0.48896859 -0.23521956  0.07955073 -0.26590925] 
[-0.83430515 -1.2170315  -1.03002941 -0.74074704 -0.14110676 -0.10270372
 -0.48867746 -0.23508781  0.07956469 -0.26584927] 
[-0.83455871 -1.21714118 -1.03025025 -0.74098511 -0.14091586 -0.10248039
 -0.48838593 -0.23495646  0.07957974 -0.26579032] 
[-0.83482017 -1.21724502 -1.03046891 -0.74122076 -0.14072314 -0.10225987
 -0.48808774 -0.23482547  0.07959529 -0.26572624] 
[-0.83508254 -1.21734905 -1.03068764 -0.74145608 -0.14053007 -0.10204017
 -0.48779014 -0.23469435  0.07961092 -0.26566207] 
[-0.83534176 -1.21743836 -1.030898   -0.74167874 -0.14034744 -0.1018321
 -0.48748936 -0.23457381  0.07962815 -0.26559198] 
[-0.83559908 -1.21752906 -1.03110766 -0.7419022  -0.14016406 -0.101622
 -0.48718983 -0.23445336  0.07964424 -0.26552123] 
[-0.83585471 -1.21762193 -1.03131527 -0.7421243  -0.1399787  -0.10141143
 -0.48689101 -0.23433224  0.07966017 -0.26545244] 
[-0.83610174 -1.21772746 -1.03151139 -0.74233674 -0.1397893  -0.10120934
 -0.48661278 -0.23422794  0.07966047 -0.26537382] 
[-0.83634785 -1.21783271 -1.03170784 -0.7425486  -0.13960031 -0.10100648
 -0.48633533 -0.23412405  0.07966085 -0.26529529] 
[-0.83659174 -1.21793861 -1.03190592 -0.7427606  -0.13941229 -0.10080187
 -0.48605861 -0.234022    0.07966063 -0.26521738] 
[-0.83683971 -1.21804622 -1.03210183 -0.7429743  -0.13922549 -0.1006009
 -0.48578039 -0.23392128  0.07965863 -0.26513986] 
[-0.83708283 -1.21815236 -1.0323005  -0.74318979 -0.13903958 -0.10039453
 -0.48550136 -0.23382172  0.07965634 -0.26506278] 
[-0.83732628 -1.21825863 -1.03249894 -0.74340526 -0.13885362 -0.10018819
 -0.48522268 -0.2337221   0.07965414 -0.26498571] 
[-0.83756915 -1.21836694 -1.03269658 -0.74362161 -0.13866698 -0.09998197
 -0.48494368 -0.23362436  0.07965034 -0.26490712] 
[-0.83781208 -1.21847478 -1.03289392 -0.74383798 -0.13848    -0.09977602
 -0.48466451 -0.23352684  0.07964666 -0.26482808] 
[-0.83805183 -1.21858074 -1.03309688 -0.74405511 -0.13829685 -0.09957084
 -0.48438179 -0.2334335   0.07964325 -0.26475163] 
[-0.83829638 -1.21868414 -1.03329557 -0.74427325 -0.13811133 -0.09937142
 -0.48410143 -0.23333886  0.07964265 -0.26467687] 
[-0.83854141 -1.2187909  -1.03349113 -0.74449026 -0.13792315 -0.09917039
 -0.48382386 -0.23324277  0.07964116 -0.26460417] 
[-0.83879161 -1.21890286 -1.03368369 -0.74471156 -0.13773377 -0.0989711
 -0.48354774 -0.2331423   0.0796391  -0.26453288] 
[-0.83904205 -1.21901566 -1.03387686 -0.74493289 -0.13754452 -0.09877244
 -0.48327203 -0.23304249  0.07963621 -0.26446054] 
[-0.83930015 -1.21912422 -1.03407174 -0.74515054 -0.13735276 -0.09858203
 -0.48299734 -0.23293985  0.07962999 -0.26438365] 
[-0.83955754 -1.21923255 -1.0342634  -0.74536762 -0.13716321 -0.09839384
 -0.48272255 -0.23283353  0.07962713 -0.26430863] 
[-0.8398073  -1.2193403  -1.03445895 -0.74558629 -0.13697222 -0.09819759
 -0.48245069 -0.23273044  0.07962745 -0.26423774] 
[-0.84005732 -1.21944812 -1.0346544  -0.74580459 -0.13678114 -0.09800142
 -0.48217889 -0.23262747  0.0796281  -0.26416703] 
[-0.8403045  -1.21955478 -1.03484952 -0.74602322 -0.13659038 -0.0977974
 -0.48190105 -0.23252313  0.07962998 -0.26409657] 
[-0.84054646 -1.21966741 -1.03503681 -0.74624836 -0.13640604 -0.09759698
 -0.48163345 -0.23241844  0.07963227 -0.26402746] 
[-0.84078463 -1.21978102 -1.03522645 -0.74647298 -0.13622315 -0.09739257
 -0.48136517 -0.23231559  0.07963534 -0.2639578 ] 
[-0.84101413 -1.21989877 -1.03541225 -0.74669571 -0.13604233 -0.09718003
 -0.48109467 -0.2322102   0.07963855 -0.2638935 ] 
[-0.84124303 -1.2200167  -1.03559776 -0.74691671 -0.13586269 -0.09696891
 -0.4808243  -0.23210444  0.07964278 -0.26382999] 
[-0.84147219 -1.22013467 -1.03578322 -0.74713744 -0.13568294 -0.09675787
 -0.48055427 -0.2319988   0.07964711 -0.26376656] 
[-0.84169994 -1.22024885 -1.03597136 -0.74735973 -0.13550652 -0.09654791
 -0.48028179 -0.2318941   0.0796552  -0.26370554] 
[-0.84192508 -1.22036659 -1.03616141 -0.74757897 -0.13532832 -0.09634167
 -0.48001518 -0.23178635  0.07966601 -0.26364197] 
[-0.8421444  -1.22048178 -1.03635475 -0.7477964  -0.13514851 -0.09612845
 -0.47974541 -0.23168181  0.07967582 -0.26357985] 
[-0.84236277 -1.22059594 -1.03654762 -0.74801461 -0.13496912 -0.09591371
 -0.47947507 -0.23157687  0.07968489 -0.26351664] 
[-0.84258215 -1.22070858 -1.03673883 -0.74823384 -0.13479089 -0.09569783
 -0.4792056  -0.23146996  0.07969615 -0.26345591] 
[-0.84280021 -1.22081997 -1.036931   -0.74845228 -0.13461323 -0.09548021
 -0.47893515 -0.23136222  0.07970889 -0.26339653] 
[-0.84302061 -1.2209279  -1.03712542 -0.74866872 -0.13443761 -0.09526244
 -0.47866615 -0.23125313  0.07971851 -0.26333297] 
[-0.84324104 -1.22103625 -1.0373195  -0.74888518 -0.13426172 -0.09504483
 -0.47839732 -0.23114437  0.07972845 -0.26326982] 
[-0.8434627  -1.22114471 -1.03751288 -0.74910136 -0.13408565 -0.09482846
 -0.47812921 -0.23103534  0.07973779 -0.26320598] 
[-0.84368471 -1.22125696 -1.03770407 -0.74932054 -0.13391023 -0.09461052
 -0.47786347 -0.23092364  0.07974691 -0.26314519] 
[-0.84389529 -1.22139135 -1.03789725 -0.7495288  -0.1337424  -0.09440347
 -0.47762103 -0.23080366  0.07974993 -0.26309741] 
[-0.84410853 -1.22152568 -1.0380914  -0.74973773 -0.13357561 -0.09419899
 -0.47737882 -0.23068372  0.07975287 -0.26304941] 
[-0.84433092 -1.22165518 -1.03827848 -0.74994839 -0.13340456 -0.09400319
 -0.47713882 -0.23055673  0.07975309 -0.26300436] 
[-0.84455568 -1.22178359 -1.03846589 -0.75015807 -0.13323297 -0.09380964
 -0.47689795 -0.23042996  0.07975395 -0.26295893] 
[-0.84477928 -1.22191204 -1.03865384 -0.75036786 -0.1330611  -0.09361483
 -0.47665764 -0.23030415  0.07975423 -0.26291277] 
[-0.84500265 -1.22203769 -1.03884325 -0.75057518 -0.13288793 -0.0934213
 -0.47641482 -0.23017594  0.07975761 -0.2628696 ] 
[-0.84522604 -1.22216311 -1.03903282 -0.75078264 -0.13271495 -0.09322733
 -0.4761723  -0.23004815  0.07976095 -0.2628266 ] 
[-0.84545243 -1.22228716 -1.03922313 -0.75099077 -0.13254299 -0.09303625
 -0.47593038 -0.22991939  0.07976399 -0.26278415] 
[-0.84567866 -1.22240913 -1.03941506 -0.75119987 -0.13237253 -0.09284608
 -0.47568638 -0.22978992  0.07976476 -0.26273884] 
[-0.84590023 -1.222533   -1.03960592 -0.75140766 -0.13220065 -0.09265108
 -0.47544186 -0.22966275  0.07976626 -0.26269243] 
[-0.84611123 -1.22264906 -1.03979125 -0.75161157 -0.13202292 -0.09244366
 -0.47518961 -0.22952793  0.07976613 -0.26265163] 
[-0.84632245 -1.2227652  -1.03997647 -0.75181532 -0.13184525 -0.09223627
 -0.47493763 -0.22939338  0.07976605 -0.26261073] 
[-0.84653071 -1.22288696 -1.04016249 -0.75202214 -0.13167055 -0.09203023
 -0.47469118 -0.22926172  0.07976438 -0.2625682 ] 
[-0.84674477 -1.2230035  -1.04034545 -0.75222731 -0.13149812 -0.09183064
 -0.47444102 -0.22912776  0.07976455 -0.26252334] 
[-0.84695625 -1.22311807 -1.04053056 -0.75243289 -0.13132452 -0.09163299
 -0.47419469 -0.22899647  0.07976372 -0.2624809 ] 
[-0.84716786 -1.22323303 -1.04071559 -0.75263728 -0.13115075 -0.09143559
 -0.47394991 -0.22886575  0.07976237 -0.26243916] 
[-0.84737765 -1.22334478 -1.04090417 -0.75283726 -0.13097433 -0.0912414
 -0.47370316 -0.22873999  0.07975659 -0.26239208] 
[-0.84758748 -1.22345663 -1.04109274 -0.75303712 -0.13079797 -0.09104714
 -0.47345672 -0.22861452  0.07975088 -0.2623449 ] 
[-0.84779498 -1.22357009 -1.0412798  -0.7532382  -0.13062158 -0.09085127
 -0.47321275 -0.22849091  0.07974579 -0.26229941] 
[-0.84800573 -1.22368332 -1.04146612 -0.75343854 -0.13044411 -0.09065834
 -0.47296865 -0.22836541  0.07974267 -0.26225593] 
[-0.8482176  -1.22379704 -1.04165249 -0.7536382  -0.13026619 -0.09046636
 -0.47272514 -0.22823979  0.07974011 -0.26221292] 
[-0.84842589 -1.22391104 -1.04183878 -0.75383987 -0.13008665 -0.09027127
 -0.47247972 -0.2281142   0.07973703 -0.26217008] 
[-0.84864245 -1.22402222 -1.04202073 -0.75404298 -0.12990439 -0.09008436
 -0.47223589 -0.22798535  0.07972938 -0.26212268] 
[-0.84886235 -1.22413264 -1.04220114 -0.75424658 -0.12972143 -0.08990034
 -0.47199318 -0.22785532  0.0797223  -0.26207475] 
[-0.8490875  -1.22423796 -1.04238893 -0.75444718 -0.12954562 -0.08972638
 -0.47175653 -0.22773442  0.0797177  -0.26201985] 
[-0.84931115 -1.22434204 -1.04257767 -0.75464699 -0.1293704  -0.08955072
 -0.47151882 -0.2276129   0.07971383 -0.26196463] 
[-0.84953555 -1.22444587 -1.04276638 -0.75484635 -0.12919504 -0.08937569
 -0.47128147 -0.22749121  0.07971033 -0.26190969] 
[-0.84975658 -1.22455069 -1.04295667 -0.75504474 -0.12902082 -0.08919716
 -0.47104363 -0.22737118  0.07970876 -0.26185663] 
[-0.84997765 -1.22465562 -1.04314678 -0.75524271 -0.12884652 -0.08901855
 -0.47080631 -0.22725104  0.07970751 -0.26180396] 
[-0.85019874 -1.22476164 -1.04333755 -0.75543989 -0.12867271 -0.08883919
 -0.47057054 -0.22713228  0.07970588 -0.26175181] 
[-0.85042067 -1.22486718 -1.04352843 -0.75563663 -0.1284991  -0.08866048
 -0.47033452 -0.22701332  0.0797042  -0.26169981] 
[-0.85064031 -1.22497175 -1.04371795 -0.75583433 -0.12832457 -0.08847921
 -0.47009973 -0.22689333  0.07970178 -0.26164899] 
[-0.85086098 -1.22507875 -1.04390919 -0.75603018 -0.1281516  -0.08829716
 -0.46986785 -0.22677587  0.07970249 -0.26160101] 
[-0.8510823  -1.22518645 -1.04409929 -0.75622581 -0.12797791 -0.08811657
 -0.46963763 -0.22665992  0.07970224 -0.26155153] 
[-0.85130239 -1.22529477 -1.04428779 -0.75642305 -0.12780578 -0.0879335
 -0.46940953 -0.22654597  0.07970226 -0.26150226] 
[-0.85152511 -1.22540155 -1.04447576 -0.75662009 -0.12763564 -0.08775423
 -0.46918355 -0.22643486  0.07969985 -0.26145168] 
[-0.85174776 -1.22550839 -1.04466362 -0.75681694 -0.12746548 -0.08757478
 -0.46895778 -0.22632399  0.07969746 -0.26140109] 
[-0.85197296 -1.22561567 -1.04485073 -0.75701444 -0.12729504 -0.08739775
 -0.46873252 -0.22621288  0.07969408 -0.26135037] 
[-0.85219757 -1.2257227  -1.04503944 -0.75721069 -0.12712582 -0.08721944
 -0.46850884 -0.22610425  0.0796895  -0.26129749] 
[-0.85241045 -1.2258198  -1.04522163 -0.75739803 -0.12696471 -0.08703558
 -0.46828483 -0.22600484  0.07968997 -0.26123688] 
[-0.85262341 -1.22591733 -1.04540329 -0.75758584 -0.1268038  -0.08685116
 -0.46806134 -0.22590506  0.07969051 -0.2611768 ] 
[-0.85283484 -1.22601495 -1.04558568 -0.75777307 -0.12664112 -0.08666361
 -0.46783874 -0.22580784  0.07969113 -0.26111625] 
[-0.85304542 -1.22610974 -1.04576503 -0.75796193 -0.12648091 -0.08647845
 -0.46761272 -0.22570891  0.07968764 -0.26105222] 
[-0.85325586 -1.22620484 -1.04594456 -0.75815048 -0.12632055 -0.0862935
 -0.46738726 -0.22561012  0.07968399 -0.26098796] 
[-0.85346646 -1.22629875 -1.0461231  -0.75833819 -0.12616017 -0.08610857
 -0.46716153 -0.22551047  0.07968008 -0.26092289] 
[-0.85367742 -1.22639296 -1.04630205 -0.75852514 -0.12599927 -0.08592451
 -0.46693663 -0.22541111  0.07967561 -0.26085745] 
[-0.85389147 -1.22648927 -1.04648208 -0.75871027 -0.12583744 -0.08574386
 -0.46671386 -0.22531394  0.07967174 -0.26079102] 
[-0.85410455 -1.22658728 -1.04666213 -0.75889466 -0.12567643 -0.08556186
 -0.466493   -0.22521875  0.07966729 -0.26072325] 
[-0.85431856 -1.22668465 -1.04684163 -0.75907896 -0.12551552 -0.08538045
 -0.46627176 -0.22512343  0.07966261 -0.26065501] 
[-0.8545363  -1.22678057 -1.04702169 -0.75926109 -0.12535316 -0.08520293
 -0.46605157 -0.2250268   0.0796573  -0.26058809] 
[-0.85475276 -1.22687691 -1.04720245 -0.75944233 -0.1251901  -0.08502471
 -0.46583245 -0.2249304   0.07965246 -0.26052214] 
[-0.8549682  -1.22697492 -1.04738398 -0.75962447 -0.12502799 -0.08484706
 -0.46561497 -0.224834    0.07964633 -0.26045473] 
[-0.85518281 -1.22707444 -1.04756491 -0.75980697 -0.12486538 -0.08466992
 -0.46539716 -0.22473884  0.07964104 -0.26038827] 
[-0.85539741 -1.22717346 -1.04774624 -0.75998972 -0.12470286 -0.08449267
 -0.46517936 -0.22464383  0.07963554 -0.26032124] 
[-0.85561582 -1.22727117 -1.04792535 -0.76017379 -0.12454138 -0.08431927
 -0.46496064 -0.22455037  0.0796285  -0.26025508] 
[-0.85583383 -1.22736876 -1.04810419 -0.76035786 -0.12438002 -0.08414543
 -0.46474189 -0.22445726  0.0796215  -0.26018869] 
[-0.85605256 -1.22746649 -1.04828328 -0.7605425  -0.12421973 -0.08397214
 -0.46452443 -0.22436522  0.07961611 -0.26012388] 
[-0.85627116 -1.22756436 -1.0484622  -0.76072691 -0.12405937 -0.08379864
 -0.46430717 -0.22427342  0.07961078 -0.26005922] 
[-0.85649228 -1.22766351 -1.04863966 -0.76091218 -0.12390011 -0.08362776
 -0.4640915  -0.2241808   0.07960631 -0.25999388] 
[-0.85671082 -1.22776849 -1.04881288 -0.76109393 -0.12374353 -0.08346014
 -0.46388229 -0.22408882  0.07960271 -0.25992835] 
[-0.85692549 -1.22787649 -1.04897919 -0.76126945 -0.12359201 -0.08329873
 -0.46368188 -0.22399754  0.07959767 -0.25985541] 
[-0.85714063 -1.22798499 -1.04914517 -0.76144445 -0.12344027 -0.08313734
 -0.46348198 -0.22390661  0.07959311 -0.25978256] 
[-0.8573554  -1.22809303 -1.04931038 -0.76161977 -0.12328808 -0.08297538
 -0.46328257 -0.22381501  0.07958918 -0.25970995] 
[-0.85757113 -1.22820154 -1.04947524 -0.76179527 -0.12313621 -0.08281361
 -0.46308378 -0.22372454  0.07958515 -0.25963649] 
[-0.85779211 -1.22830838 -1.04963704 -0.7619708  -0.12298334 -0.08265688
 -0.46288717 -0.22363565  0.07958414 -0.25956602] 
[-0.85801375 -1.22841491 -1.0497992  -0.76214593 -0.12283085 -0.0825008
 -0.46269047 -0.22354719  0.07958358 -0.25949607] 
[-0.8582368  -1.22852045 -1.04996066 -0.76232118 -0.12267893 -0.08234598
 -0.46249309 -0.223459    0.07958252 -0.25942621] 
[-0.85845742 -1.22862488 -1.05012146 -0.76249747 -0.12252768 -0.0821885
 -0.46229477 -0.22336961  0.07958206 -0.25935597] 
[-0.85867854 -1.22872926 -1.05028249 -0.76267342 -0.1223761  -0.08203163
 -0.46209692 -0.22328027  0.07958144 -0.25928605] 
[-0.85889782 -1.22883188 -1.05044162 -0.76285018 -0.1222262  -0.08187288
 -0.46190064 -0.22319033  0.07958073 -0.25921427] 
[-0.8591171  -1.22893447 -1.05060069 -0.76302679 -0.1220763  -0.08171404
 -0.46170449 -0.22310051  0.07958009 -0.25914255] 
[-0.85933637 -1.22903705 -1.05075972 -0.76320326 -0.12192641 -0.08155509
 -0.46150849 -0.2230108   0.07957954 -0.2590709 ] 
[-0.85955775 -1.22914005 -1.05091716 -0.76337837 -0.12177664 -0.08139882
 -0.46131382 -0.22292015  0.07957826 -0.25899796] 
[-0.8597799  -1.22924298 -1.05107402 -0.76355287 -0.12162732 -0.08124325
 -0.46111876 -0.22282996  0.07957611 -0.25892405] 
[-0.86000399 -1.22935361 -1.05122632 -0.76372264 -0.1214819  -0.08109046
 -0.46093176 -0.22274706  0.07957712 -0.25884661] 
[-0.8602249  -1.22946281 -1.05138002 -0.76389167 -0.12133541 -0.08093451
 -0.46074352 -0.22266559  0.07957636 -0.25876699] 
[-0.86044465 -1.22957205 -1.05153323 -0.76406031 -0.12118872 -0.08077734
 -0.4605555  -0.22258364  0.07957595 -0.25868806] 
[-0.86066229 -1.22968413 -1.05168823 -0.76422569 -0.12104271 -0.08062227
 -0.46036592 -0.22250517  0.07957846 -0.25860932] 
[-0.86087638 -1.22979796 -1.05184576 -0.76439049 -0.12089771 -0.08046395
 -0.46017602 -0.22242845  0.07958168 -0.25852957] 
[-0.86109091 -1.22991175 -1.05200304 -0.76455502 -0.1207526  -0.08030594
 -0.45998613 -0.22235182  0.07958518 -0.25845011] 
[-0.86130415 -1.23002483 -1.05216111 -0.76472022 -0.12060718 -0.08014759
 -0.4597969  -0.22227467  0.07958752 -0.25836964] 
[-0.86151995 -1.23013759 -1.05231975 -0.76488489 -0.12046104 -0.07999168
 -0.45960747 -0.22219655  0.07959005 -0.25828932] 
[-0.86173565 -1.23025041 -1.05247833 -0.76504947 -0.1203149  -0.07983562
 -0.45941828 -0.22211855  0.07959261 -0.25820914] 
[-0.8619412  -1.2303598  -1.05263084 -0.76521372 -0.12016307 -0.07967334
 -0.45923547 -0.22204697  0.07959032 -0.25813255] 
[-0.8621473  -1.23046866 -1.05278282 -0.76537832 -0.12001176 -0.0795109
 -0.45905306 -0.22197615  0.0795872  -0.25805517] 
[-0.86235108 -1.23057679 -1.05293553 -0.76554236 -0.11985965 -0.07934663
 -0.45887173 -0.22190672  0.07958397 -0.25797666] 
[-0.86255653 -1.23068418 -1.05308824 -0.76570561 -0.11970732 -0.07918387
 -0.45869074 -0.22183652  0.07958187 -0.25789932] 
[-0.86276206 -1.23079147 -1.05324087 -0.76586871 -0.11955499 -0.07902111
 -0.45850984 -0.22176638  0.07957983 -0.25782204] 
[-0.86296596 -1.23089933 -1.05339311 -0.76603301 -0.11940317 -0.07885669
 -0.45832845 -0.22169706  0.07957644 -0.25774355] 
[-0.86316538 -1.23100717 -1.05354577 -0.76619616 -0.11925265 -0.07868788
 -0.45814744 -0.22162797  0.07957242 -0.25766658] 
[-0.86336717 -1.23111268 -1.05369586 -0.76635663 -0.11910165 -0.07852315
 -0.45796811 -0.22155873  0.07956598 -0.25758837] 
[-0.86356719 -1.23121666 -1.05384446 -0.7665157  -0.11895025 -0.07835695
 -0.45778874 -0.22148752  0.07956198 -0.25751265] 
[-0.86376465 -1.23132264 -1.05398866 -0.76667494 -0.11879862 -0.07819354
 -0.45761421 -0.22141676  0.0795554  -0.25743977] 
[-0.86396235 -1.2314289  -1.05413236 -0.76683363 -0.11864677 -0.07803061
 -0.4574397  -0.22134572  0.07954935 -0.2573676 ] 
[-0.86416021 -1.23153485 -1.0542762  -0.76699215 -0.11849499 -0.07786781
 -0.45726516 -0.22127472  0.07954313 -0.2572952 ] 
[-0.86435932 -1.23164014 -1.05441941 -0.76715079 -0.11834364 -0.07770598
 -0.45709016 -0.22120316  0.07953761 -0.2572236 ] 
[-0.86456101 -1.23174563 -1.05456121 -0.76730823 -0.11819274 -0.07754675
 -0.45691447 -0.22113032  0.07953177 -0.25715304] 
[-0.86476304 -1.23185092 -1.054703   -0.76746556 -0.11804201 -0.07738767
 -0.4567387  -0.22105753  0.07952628 -0.25708281] 
[-0.86496512 -1.23195537 -1.0548445  -0.76762335 -0.11789071 -0.07722843
 -0.45656273 -0.22098397  0.07952017 -0.25701242] 
[-0.86516583 -1.2320581  -1.05498733 -0.76778008 -0.11774043 -0.07706726
 -0.45638612 -0.22091014  0.07951373 -0.25694297] 
[-0.86536639 -1.23216088 -1.05513005 -0.76793672 -0.11759009 -0.07690589
 -0.45620972 -0.22083637  0.07950739 -0.25687361] 
[-0.86556256 -1.23226263 -1.05527127 -0.76809429 -0.11743825 -0.07674012
 -0.45603514 -0.22076443  0.07950097 -0.2568025 ] 
[-0.86575551 -1.23237314 -1.05540779 -0.76824657 -0.11728469 -0.07657857
 -0.45586947 -0.22069905  0.07949556 -0.25673716] 
[-0.86594728 -1.23248367 -1.05554466 -0.7683994  -0.11713166 -0.07641588
 -0.45570441 -0.22063443  0.07948954 -0.25667135] 
[-0.86613803 -1.23259559 -1.05568237 -0.76855292 -0.11697786 -0.07625329
 -0.45554055 -0.22056885  0.07948523 -0.2566073 ] 
[-0.8663287  -1.2327078  -1.05581895 -0.76870543 -0.11682497 -0.0760907
 -0.4553781  -0.22050379  0.07947964 -0.25654254] 
[-0.86652413 -1.23281769 -1.05595708 -0.76885528 -0.11667032 -0.07593308
 -0.45521666 -0.22043761  0.07947118 -0.25647455] 
[-0.8667185  -1.23292948 -1.05609734 -0.76900603 -0.11651656 -0.07577575
 -0.45505498 -0.22037114  0.0794627  -0.25640462] 
[-0.86691286 -1.23304114 -1.05623759 -0.76915665 -0.1163628  -0.07561834
 -0.45489338 -0.22030468  0.07945429 -0.25633473] 
[-0.86710725 -1.23315274 -1.05637777 -0.76930714 -0.11620905 -0.0754609
 -0.45473184 -0.22023825  0.07944603 -0.25626494] 
[-0.86730171 -1.23326415 -1.05651808 -0.7694577  -0.11605551 -0.07530328
 -0.45457046 -0.22017202  0.07943774 -0.25619527] 
[-0.86749504 -1.23337564 -1.05665786 -0.76960992 -0.11590246 -0.07514433
 -0.45440758 -0.22010506  0.07942978 -0.25612541] 
[-0.86768995 -1.23348584 -1.05679653 -0.7697608  -0.11575037 -0.07498739
 -0.45424554 -0.22003836  0.07942214 -0.25605546] 
[-0.86788173 -1.23360038 -1.05692967 -0.76990674 -0.1156022  -0.0748351
 -0.45408299 -0.21996517  0.07941919 -0.2559825 ] 
[-0.86807425 -1.23371493 -1.05706319 -0.77005214 -0.11545445 -0.07468327
 -0.45392095 -0.21989208  0.07941651 -0.2559101 ] 
[-0.86826652 -1.23382975 -1.05719688 -0.77019765 -0.11530647 -0.07453144
 -0.45375931 -0.21981873  0.07941435 -0.25583821] 
[-0.86845753 -1.233946   -1.05733166 -0.77034343 -0.11515841 -0.07437798
 -0.45359907 -0.21974598  0.07941219 -0.25576648] 
[-0.86864819 -1.23406157 -1.0574669  -0.77048935 -0.11501009 -0.07422468
 -0.45343836 -0.21967355  0.07941077 -0.25569549] 

 Time 
1064.179405927658 
