Energy 
 
-2.866939945401394 
-8.668191876206045 
-10.160650420497099 
-10.589072898587911 
-10.685046656053014 
-10.713534666160694 
-10.741626257371472 
-10.764391396536665 
-10.778093772930692 
-10.792073766660664 
-10.809923617266904 
-10.812511550188576 
-10.815324620860874 
-10.818033882250191 
-10.821022682639164 
-10.824060016937338 
-10.827249822366419 
-10.830823884414741 
-10.834315203932373 
-10.83846284329832 
-10.842757357327507 
-10.847373491480145 
-10.853238475718676 
-10.859161146103194 
-10.863762599650183 
-10.868078486118707 
-10.873548483145434 
-10.879193508671333 
-10.884754022766153 
-10.89138751042029 
-10.898136959133364 
-10.905654199769364 
-10.911823921354484 
-10.92517064883305 
-10.929556794934541 
-10.934666929468904 
-10.93955896004642 
-10.944000639076766 
-10.948599168346995 
-10.9547041573977 
-10.960726744763182 
-10.966444390753413 
-10.972236430314014 
-10.979451719129166 
-10.987435916201264 
-10.99467329769235 
-11.001800404921152 
-11.008933059167443 
-11.035726589003232 
-11.050460998783121 
-11.059262094694489 
-11.066459437825298 
-11.075606545082305 
-11.084543071521008 
-11.102218734711407 
-11.11066161153768 
-11.118997182503112 
-11.12776963363831 
-11.136697319114484 
-11.150346929541378 
-11.162471469815861 
-11.17569188965313 
-11.187930042621598 
-11.195512635073921 
-11.203876360366229 
-11.211171797551684 
-11.228631280352426 
-11.243286717667562 
-11.251778177202988 
-11.27421463042024 
-11.300985013768535 
-11.326542787452928 
-11.343589376942267 
-11.359056154923753 
-11.368658298740492 
-11.386296401521268 
-11.410618255169325 
-11.429749860471619 
-11.4449355609054 
-11.471926996127166 
-11.49859439436101 
-11.513329259928575 
-11.524238619169402 
-11.534244140495527 
-11.545244588678703 
-11.555846079727626 
-11.562171822914527 
-11.56843118084784 
-11.574485787831627 
-11.580489020882332 
-11.586399257866944 
-11.592274121764158 
-11.597794185832562 
-11.603243663957247 
-11.608645311578233 
-11.628457708481168 
-11.641104443755932 
-11.664277473552245 
-11.681407502210323 
-11.691113655409023 
-11.699777964283765 
-11.71092591042676 
-11.719305058329414 
-11.72684821310369 
-11.733438168829045 
-11.738994032965806 
-11.74927130956982 
-11.757187251325487 
-11.764137321248459 
-11.77051390281154 
-11.776709051183119 
-11.782955057948712 
-11.789716771400478 
-11.794875159743587 
-11.812237420292035 
-11.820981085549032 
-11.82905138880983 
-11.83845323190889 
-11.846051744504084 
-11.851227089188292 
-11.856051208205091 
-11.860649830034331 
-11.864937751482541 
-11.86916742169925 
-11.873222549368528 
-11.87732226513652 
-11.881394421750262 
-11.885619898952575 
-11.889804106519312 
-11.89436951815949 
-11.898933870775627 
-11.903532199353599 
-11.907919249090643 
-11.912285752431108 
-11.915905109108415 
-11.919516668488711 
-11.922921444385643 
-11.926278235885606 
-11.92963096158292 
-11.93306796039694 
-11.936363209709947 
-11.939651256151311 
-11.942941868472616 
-11.94623116726048 
-11.949533546859175 
-11.953949022759165 
-11.958384263837216 
-11.96279080057535 
-11.967119099394987 
-11.971318414647795 
-11.975530854089769 
-11.979644694149513 
-11.984160477746986 
-11.988855013605704 
-11.99377565382243 
-11.999940874264897 
-12.007393766824853 
-12.013211701143458 
-12.019363847819045 
-12.024055185067903 
-12.02929681413016 
-12.034016788667536 
-12.038645089723202 
-12.04322590421843 
-12.047365916574165 
-12.051259524378779 
-12.054719260382512 
-12.058212492341783 
-12.061798473167318 
-12.065122649359214 
-12.068336527564506 
-12.073926911440676 
-12.078073020683389 
-12.082521926054532 
-12.086560295001519 
-12.09021797080566 
-12.096150710066711 
-12.102873002054569 
-12.108541308264513 
-12.11213669837266 
-12.116510534755523 
-12.120493920459666 
-12.124632032554544 
-12.128591786310942 
-12.132575244193493 
-12.13599096529354 
-12.139491094951655 
-12.142937860918085 
-12.146448854138704 
-12.14993102140513 
-12.153357438009586 
-12.15669959235563 
-12.160020186955393 
-12.163307899169167 
-12.166592391429717 
-12.169797906066245 
-12.172982044621925 
-12.176156545842597 
-12.179135906415155 
-12.182063292288706 
-12.185046662080582 
-12.188039753453397 
-12.191022614383886 
-12.193985999221665 
-12.196972710782072 
-12.199949429404242 
-12.202919520313294 
-12.205876777010356 
-12.208817417568225 
-12.211712077791514 
-12.21457859124624 
-12.217412454395603 
-12.220276084776263 
-12.222927262802935 
-12.225573860114824 
-12.228217959398597 
-12.23087558558082 
-12.233531019897775 
-12.236181885801702 
-12.238828964800135 
-12.241476865323849 
-12.244100311462379 
-12.246712185353424 
-12.249331979404303 
-12.251971108144398 
-12.254637227399197 
-12.25727905650388 
-12.259994219735386 
-12.26269208208376 
-12.265338731111711 
-12.26797087690427 
-12.270596496314695 
-12.27325424149501 
-12.275905572758926 
-12.278555143799505 
-12.281198755026733 
-12.283850862693097 
-12.286492055579014 
-12.289151630202188 
-12.291799967943941 
-12.294334148939228 
-12.296884003060416 
-12.2994300184392 
-12.3019641615833 
-12.304486497341617 
-12.307008337933173 
-12.309520177794722 
-12.311908213841711 
-12.314311632784483 
-12.316712444493625 
-12.31910779143649 
-12.321479706366512 
-12.323833775388792 
-12.326185602849318 
-12.328468286289032 
-12.330717177844246 
-12.332962067441883 
-12.335186064483407 
-12.33723499754354 
-12.339285595062316 
-12.341325346499847 
-12.343360716671857 
-12.34537841590225 
-12.34738638427493 
-12.349396616678487 
-12.351404182387357 
-12.353411707441548 
-12.355420378846846 
-12.35742819151528 
-12.35942147358895 
-12.36141341854982 
-12.363412530559895 
-12.365388864326361 
-12.367364470790834 
-12.369339645414353 
-12.371313555100201 
-12.373282952156913 
-12.375251551869379 
-12.377211887818868 
-12.379173478392058 
-12.381132618379539 
-12.383101897511633 
-12.385041037540187 
-12.386981348072863 
-12.388902130738376 
-12.390821510704306 
-12.392783262862121 
-12.394744915639146 
-12.396699758980755 
-12.398663648192457 
-12.400625431513582 
-12.402584577907195 
-12.404551820475602 
-12.406497971977675 
-12.408456072687832 
-12.41041951016004 
-12.412355624251937 
-12.414302288158606 
-12.416239893798013 
-12.418175831798992 
-12.420109728357062 
-12.422041331027147 
-12.423971362636754 
-12.425904357968495 
-12.42787252330674 
-12.42983835818336 
-12.431794577095637 
-12.433745682257063 
-12.435704209376677 
-12.437659670680887 
-12.439611628673777 
-12.441559706189189 
-12.443511563740408 
-12.445469645894 
-12.44742121707971 
-12.449372586171108 
-12.45133883128701 
-12.453298445106489 
-12.455219573314169 
-12.4571626215545 
-12.459103012858176 
-12.46102122515026 
-12.462937205586092 
-12.464851911397528 
-12.4667643449301 
-12.468673666782799 
-12.470582726851612 
-12.47248802896211 
-12.4743911925206 
-12.476291921906027 
-12.478191126784328 
-12.48008806310824 
-12.481977345676828 
-12.483864263868202 
-12.485750568070083 
-12.487634029926657 
-12.489514402183596 
-12.491396066450669 
-12.493276372527921 
-12.49515422571906 
-12.497028622739064 
-12.49889994516754 
-12.500766589509745 
-12.502628044751411 
-12.504488463273455 
-12.506332078397172 
-12.508172444296497 
-12.510011800108398 
-12.511847702544369 
-12.513677257802897 
-12.51548814008783 
-12.517305228622284 
-12.519121735757627 
-12.520932905949604 
-12.522742529740773 
-12.524548820692315 
-12.526368733211665 
-12.528217926842078 
-12.530064232406264 
-12.531898830886387 
-12.533741607963488 
-12.535548882441654 
-12.537354887202863 
-12.539156794551648 
-12.540958129079332 
-12.542754165532694 
-12.544546378663725 
-12.546335124936514 
-12.548120307755305 
-12.549902885000748 
-12.551681868737607 
-12.553457913394766 
-12.555225873939658 
-12.556929368185687 
-12.558637530097442 
-12.560342694930391 
-12.562030102466728 
-12.563717667402042 
-12.5653994346747 
-12.567067012095247 
-12.568732862647655 
-12.570396651480598 
-12.572050314862821 
-12.573701439887028 
-12.57533516293896 
-12.57696807178694 
-12.57859901049807 
-12.580227610880877 
-12.581857117811516 
-12.583486000172831 
-12.585107294571616 
-12.586711811424614 
-12.58830699362303 
-12.589893556565247 
-12.591478594784368 
-12.593072772604323 
-12.594661117232354 
-12.596247572603787 
-12.597830542403315 
-12.599410887791588 
-12.6009923331134 
-12.602557436951166 
-12.60412000494206 
-12.605675074561693 
-12.607239115014169 
-12.608785194339905 
-12.61033271742074 
-12.611863946044306 
-12.613396624114806 
-12.614931821651577 
-12.616472910188556 
-12.61801185910808 
-12.61955048603963 
-12.621082887886574 
-12.622605003359924 
-12.62412495024001 
-12.625643252081309 
-12.627158056916457 
-12.628670300092534 
-12.630180328472415 
-12.63169345003574 
-12.633227917187272 
-12.634761601611729 
-12.636294008763217 
-12.637824159310881 
-12.639352156527146 
-12.640886427199018 
-12.642416887509636 
-12.643938877023416 
-12.645473582262863 
-12.647006142325314 
-12.648536236269946 
-12.650052550169285 
-12.651549831384411 
-12.65304502309076 
-12.654522975466397 
-12.65598835646676 
-12.657454204569492 
-12.658910082562912 
-12.660361545376542 
-12.661811273462101 
-12.663258995320346 
-12.664709533400828 
-12.66615720855317 
-12.667602647627804 
-12.6690465538828 
-12.67046184882524 
-12.67187361940406 
-12.673284340562075 
-12.674702740924689 
-12.676119206452906 
-12.677531105600341 
-12.678928739465269 
-12.680324447139434 
-12.681718404955703 
-12.683122812513506 
-12.684520180778474 
-12.68591560742446 
-12.68730858654605 
-12.6886888779037 
-12.69007524703102 
-12.69146035609333 
-12.692843694355359 
-12.69422510669687 
-12.695585084075843 
-12.69694334063781 
-12.698299543334176 
-12.699651797385537 
-12.701010368816407 
-12.702368458185884 
-12.70372809443415 
-12.705086238859753 
-12.706418315008214 
-12.707748590966215 
-12.709079280646531 
-12.710406587319083 
-12.711731932360001 
-12.71305550647716 
-12.714377694214223 
-12.715697900454877 
-12.717012905066088 
-12.71831826040695 
-12.719618937350237 
-12.720922683893567 
-12.722215666152291 
-12.723512989139826 
-12.724808324897372 
-12.726091645708644 
-12.72737331271669 
-12.728653816404913 
-12.729932958610641 
-12.731210483005936 
-12.732490650643783 
-12.733768988161312 
-12.735044221163394 
-12.736317576991118 
-12.737588578237737 
-12.738866398886609 
-12.740142571044375 
-12.741419138660074 

 Time 
6264.383971214294 
