Energy 
 
-6.44766629155356 
-6.909589525903539 
-7.61846886250429 
-9.570996741434987 
-9.576686502988139 
-9.668856028338551 
-10.560594037273159 
-10.572440428429285 
-10.615611752428572 
-12.534480909380585 
-12.535666895119528 
-13.099336278537535 
-13.286166741698356 
-13.294604677048177 
-13.371291825383393 
-15.455267710594658 
-15.545016915486087 
-16.081072220415887 
-16.230101465743974 
-16.241502617138995 
-16.8044276508346 
-16.896279045307487 
-16.89633561552576 
-16.91606381053585 
-16.933718621427218 
-17.001934093488423 
-17.041775840600778 
-17.176567790946404 
-17.176688713158267 
-17.36983079662411 
-17.931468239539477 
-18.961284774380694 
-19.022553485156088 
-19.134227762438638 
-19.272505182108205 
-19.35210012639137 
-19.46737961711156 
-19.613764529516438 
-19.61624208038982 
-19.742508034324842 
-19.89452987057838 
-19.992324666376263 
-20.054851671281025 
-20.155617798468505 
-20.2589169675226 
-20.259531301567016 
-20.272793962213143 
-20.573844021756916 
-20.576240962011006 
-20.580602096643247 
-20.951080489847218 
-21.117409929444328 
-21.129127221217985 
-21.14568033443654 
-21.146853648523027 
-21.14936202231744 
-21.159708453584695 
-21.160206849372898 
-21.28915603263164 
-21.317615018224124 
-21.317860483474433 
-21.33149313313547 
-21.331654953573516 
-21.343067039067655 
-21.480195730875568 
-21.559240663570684 
-21.55976366502793 
-21.562613393743902 
-21.57731360854713 
-21.57932878487513 
-21.603878201776087 
-21.661867634992635 
-21.662173067084765 
-21.672812631236972 
-21.677053363619045 
-21.702836718221715 
-21.77610248388048 
-21.783750420425097 
-21.816983963190403 
-21.81975656035003 
-21.82541769922495 
-21.826076237638702 
-21.826923952196914 
-21.844689650246014 
-21.845148381465 
-21.85014144308228 
-21.8501747099568 
-21.86612592586184 
-21.920978240046967 
-22.024821845319696 
-22.024916179022373 
-22.034873415023842 
-22.064335460782853 
-22.09649149243251 
-22.10695774891257 
-22.107602361068913 
-22.107623942038977 
-22.115593979088793 
-22.120767321417862 
-22.142358807525653 
-22.1445997109372 
-22.155417007206978 
-22.15588364450494 
-22.191627854461405 
-22.20698104159805 
-22.213424616798573 
-22.21344670587699 
-22.222956171898662 
-22.225980053509417 
-22.234295384543778 
-22.23846915781163 
-22.238601082479427 
-22.25099272297378 
-22.251779198997067 
-22.251870476514533 
-22.255686218867485 
-22.264423407869813 
-22.264485356892397 
-22.264505662154733 
-22.275218697255692 
-22.281907492383407 
-22.281911104991543 
-22.28493983480186 
-22.285192985692785 
-22.28630411502212 
-22.288882370893887 
-22.290920543081832 
-22.2914788191164 
-22.29826647763141 
-22.298848726903636 
-22.30107534577946 
-22.304804682546123 
-22.30480573101665 
-22.304923598011946 
-22.305002320063124 
-22.309009860428894 
-22.309296126468293 
-22.31278028661105 
-22.317282274960615 
-22.319268620284475 
-22.32133033529079 
-22.321660910385727 
-22.323221985951115 
-22.333376408046092 
-22.338620647452185 
-22.340548385716925 
-22.341023780315506 
-22.34102390780368 
-22.342632363874436 
-22.342693360401142 
-22.347852232350945 
-22.348628735719995 
-22.352592791197235 
-22.352615489678318 
-22.3526156315397 
-22.35266706576423 
-22.35371756637098 
-22.355223780967 
-22.356341416893397 
-22.358370755885744 
-22.359385938178963 
-22.359584141071583 
-22.359599648753182 
-22.362605593295825 
-22.36261624038903 
-22.364410966426295 
-22.365565234787848 
-22.368467941862413 
-22.368590827163093 
-22.369873220035064 
-22.371769040392433 
-22.3723887485348 
-22.372565096996745 
-22.37470441860351 
-22.374910256406615 
-22.377040220427293 
-22.37717867094181 
-22.377788531018467 
-22.377794300281735 
-22.377819278970247 
-22.37799539541528 
-22.37800107771698 
-22.37814203124114 
-22.37814549302183 
-22.378807262972305 
-22.37882277055764 
-22.379022329248134 
-22.379165882142857 
-22.37928886391083 
-22.380013074277333 
-22.38032138103701 
-22.38034250506698 
-22.38046979772197 
-22.38098673201816 
-22.382066925133735 
-22.38275347811438 
-22.382834468705276 
-22.38283504616995 
-22.384956244780234 
-22.385000566860285 
-22.385028750013454 
-22.385296059019307 
-22.38724320325293 
-22.38953935890765 
-22.390095004142943 
-22.39025188154257 
-22.390328408337133 
-22.390610027147442 
-22.3909499166504 
-22.391032854618476 
-22.391212062049167 
-22.39142248741884 
-22.391689234782337 
-22.39175092950265 
-22.391940303537535 
-22.39212719166835 
-22.393048109344726 
-22.393239066191175 
-22.393699891237144 
-22.393875339376386 
-22.394847512149223 
-22.395035494664867 
-22.39531529603159 
-22.395947258876753 
-22.395955535339247 
-22.3960120087398 
-22.396866207500498 
-22.396913330115456 
-22.396920106797154 
-22.3969959857229 
-22.397000454444807 
-22.3970080102476 
-22.39725037367372 
-22.398197200643775 
-22.398245118920432 
-22.39831545226078 
-22.3983813602721 
-22.398470109981222 
-22.39874111042569 
-22.39874287474931 
-22.399359810102453 
-22.39938128671107 
-22.39938141984805 
-22.39970955731494 
-22.400248656485008 
-22.400319771849496 
-22.400607038952877 
-22.400686272333655 
-22.400716154587855 
-22.400787781534703 
-22.40088303306589 
-22.401023799825598 
-22.401183160350232 
-22.401187008525703 
-22.401558874748254 
-22.401567517788344 
-22.401569903060018 
-22.40187801513612 
-22.40202285574689 
-22.402025605512147 
-22.402201893171945 
-22.402530435054963 
-22.402579439482707 
-22.40260116473786 
-22.40305464630108 
-22.403071815841145 
-22.403089604821407 
-22.403159407893497 
-22.403187580679607 
-22.40322472081726 
-22.403230326924067 
-22.403416925894927 
-22.40347150792587 
-22.40347369795389 
-22.403518209918882 
-22.403629131395082 
-22.403629565678482 
-22.403646450469747 
-22.403818577397153 
-22.403853875437406 
-22.403970583875957 
-22.404336990101093 
-22.404426077525812 
-22.404426348924154 
-22.404967130020914 
-22.405125767284154 
-22.405161345949065 
-22.405901840522695 
-22.40603308206401 
-22.406232644298843 
-22.40630150509615 
-22.40639728160267 
-22.40651895665249 
-22.406533904908166 
-22.406819022481937 
-22.40682812275089 
-22.406902811379346 
-22.406925469644456 
-22.40699290063495 
-22.407013288266196 
-22.40704518989696 
-22.40705405355946 
-22.40731156848241 
-22.407311623494195 
-22.407347689235674 
-22.40748634085343 
-22.407516705767783 
-22.407583446460265 
-22.40774078078964 
-22.40777452881591 
-22.407836284246564 
-22.407903709984684 
-22.40793392362647 
-22.40793457467649 
-22.40793566338865 
-22.407946641128525 
-22.40800136710992 
-22.408007796197467 
-22.408068881797018 
-22.408094319318078 
-22.408231719745327 
-22.40833791321159 
-22.408344438632493 
-22.408485526956404 
-22.408561376490038 
-22.408646601061 
-22.408647159536315 
-22.408855258855333 
-22.408874168248452 
-22.40887444233622 
-22.408933900054564 
-22.408934474940136 
-22.408950811607276 
-22.409066325199525 
-22.409179702004046 
-22.409229134164917 
-22.4093231699408 
-22.409323170084157 
-22.409334328533568 
-22.409464148019268 
-22.409464637793917 
-22.40948344961219 
-22.409498904258555 
-22.409574038482603 
-22.409694591654848 
-22.40980173162371 
-22.40992043508947 
-22.409922006358 
-22.40993632008888 
-22.410023848604474 
-22.41004970346679 
-22.410112536725975 
-22.41018409944979 
-22.410189440960526 
-22.410196503575058 
-22.410340179968266 
-22.410476928844954 
-22.410478339586856 
-22.410482315455834 
-22.41048231589585 
-22.410487205483186 
-22.410628856058565 
-22.410889286419657 
-22.41089382836143 
-22.410927346433766 
-22.411042697579482 
-22.41104286613268 
-22.411143537518313 
-22.41114577312088 
-22.41114628657772 
-22.411161657968183 
-22.411166379507765 
-22.411195768442255 
-22.411342037782884 
-22.411374361706446 
-22.411387350711543 
-22.411549145930753 
-22.411560163801195 
-22.41156165780354 
-22.41156293793986 
-22.41158104675348 
-22.411650719311552 
-22.411767069338918 
-22.411839601734634 
-22.411898984480885 
-22.411899202508394 
-22.4119084013272 
-22.411932495709262 
-22.411938733057024 
-22.41194039636466 
-22.411982270299923 
-22.41212730672268 
-22.412150904044786 
-22.41219665488008 
-22.41219804468333 
-22.412257453059752 
-22.41259745059925 
-22.41259979395592 
-22.41259981758921 
-22.412691464002336 
-22.412788634922514 
-22.41292745963478 
-22.412931696088727 
-22.412973581947572 
-22.4130204283189 
-22.413081701731674 
-22.413228979215088 
-22.413282090642795 
-22.413293243038186 
-22.413299958510233 
-22.413407573339697 
-22.413409840538293 
-22.413424867072536 
-22.413517890772205 
-22.41353245354459 
-22.413539437163582 
-22.41362885270623 
-22.413629272258323 
-22.413702025238344 
-22.413723595378023 
-22.413726742748267 
-22.413745830609805 
-22.413752748703182 
-22.413812451666193 
-22.41384684982356 
-22.413896494287975 
-22.413924033906067 
-22.413945920619845 
-22.41396705447149 
-22.41397090862508 
-22.413976216933364 
-22.414048726255153 
-22.41408817302853 
-22.414100039799123 
-22.414100078923827 
-22.41410873502145 
-22.41426096563723 
-22.414260966634544 
-22.414261698675766 
-22.41428936827153 
-22.41441277377774 
-22.414456829337336 
-22.414456949763963 
-22.41449606448464 
-22.414520124842817 
-22.414521260309076 
-22.41467832826339 
-22.41472094128696 
-22.41477295866793 
-22.414777845339394 
-22.414786666089693 
-22.41478674159701 
-22.414787378225505 
-22.41479069695637 
-22.414795647142927 
-22.414796729641 
-22.414797871349545 
-22.41484905255973 
-22.414851719513287 
-22.414879345234983 
-22.414879394268514 
-22.414879879999148 
-22.41492733402626 
-22.414948312787118 
-22.41495767291395 
-22.415054983116704 
-22.415055192617388 
-22.415085969906045 
-22.41508599409346 
-22.41517649171002 
-22.415180199247526 
-22.415303253699694 
-22.4153075624213 
-22.41530787800553 
-22.415308058155542 
-22.415339291658537 
-22.415342288929047 
-22.415449245225936 
-22.415457250170945 
-22.41549557608881 
-22.415525225593072 
-22.41553249081408 
-22.415652338114388 
-22.415669134998627 
-22.415725818199103 
-22.41574637772805 
-22.415761229354235 
-22.41576160529937 
-22.41577170434602 
-22.415776103925364 
-22.415998793240263 
-22.415999936698995 
-22.416040834753563 
-22.416073253543605 
-22.416075860750777 
-22.416080731342653 
-22.41608095877298 
-22.416087256165664 
-22.41609794982242 
-22.416115822073102 

 Time 
15412.262483119965 
