Energy 
 
-8.106606214627288 
-8.69719845482766 
-8.98924614918809 
-9.183868914234742 
-9.324053930560785 
-9.428446172997043 
-9.510260954399955 
-9.563268084507056 
-9.604361819559008 
-9.638994280426848 
-9.659244381941487 
-9.671916572695597 
-9.680634700541647 
-9.688369695544724 
-9.694996356748007 
-9.697390984436911 
-9.699469757389238 
-9.700510459398023 
-9.701714684910037 
-9.702726012556813 
-9.703783812025964 
-9.704920026030784 
-9.706054116369994 
-9.707225408437749 
-9.708406554355898 
-9.70929303012483 
-9.710410112114385 
-9.711559222529369 
-9.712814403167146 
-9.714180588128782 
-9.715370694134464 
-9.71805298118812 
-9.720662054699643 
-9.72252522618585 
-9.724011620070483 
-9.725336871841103 
-9.726635147624695 
-9.727892483729757 
-9.729733395263967 
-9.731408313357855 
-9.732921733224645 
-9.734773882130478 
-9.736813675945063 
-9.738269600659022 
-9.739395024788173 
-9.740780606372597 
-9.741959421907394 
-9.743155956099633 
-9.74434902358272 
-9.745770318293742 
-9.747142192735705 
-9.751240572930293 
-9.758192781111733 
-9.760344014168131 
-9.763065177473692 
-9.765306149475107 
-9.7723010931888 
-9.777431159418043 
-9.779427939372477 
-9.782799243088112 
-9.78647138682633 
-9.790765243551759 
-9.79287926215871 
-9.795079979852071 
-9.798311976092059 
-9.80152918409097 
-9.805577004209814 
-9.80944927830462 
-9.812728020656301 
-9.8173243086031 
-9.823657725144887 
-9.829355315269742 
-9.836011346305433 
-9.841469020762478 
-9.846542331025907 
-9.849478206511536 
-9.859861807617166 
-9.862696437963848 
-9.884223274305162 
-9.886293686598348 
-9.887961791117181 
-9.889746778892363 
-9.891519278664662 
-9.893287830617647 
-9.894991712674539 
-9.896757081658398 
-9.89843015866256 
-9.90008786192644 
-9.901990974100709 
-9.903912052094915 
-9.905784526826865 
-9.907527713999212 
-9.909526138477 
-9.911390821131851 
-9.913201499336669 
-9.91494641024117 
-9.916808505191003 
-9.918457779060839 
-9.91991628265678 
-9.921542611645805 
-9.922908878315564 
-9.924270754985589 
-9.925590918602673 
-9.926904949919265 
-9.933645946611794 
-9.940784373416012 
-9.949326693334983 
-9.975522747473136 
-9.9971637699268 
-10.004215853140465 
-10.006962751167316 
-10.010126770536873 
-10.013002005507733 
-10.015478202304868 
-10.017749930485094 
-10.019793972513101 
-10.02177140698898 
-10.023709088109563 
-10.028471458512445 
-10.031288062046476 
-10.033829257184372 
-10.035875436957783 
-10.039101579073428 
-10.042122301019248 
-10.046451529005866 
-10.051445785661375 
-10.054511124164874 
-10.057161211948278 
-10.059699667084763 
-10.077654957780094 
-10.082311956053557 
-10.10959756684257 
-10.12498813445556 
-10.1522704904675 
-10.155080940730242 
-10.15775139598272 
-10.159949956486201 
-10.162821812125 
-10.165667982911415 
-10.167826592302351 
-10.170136722201674 
-10.172382220328586 
-10.174183138393827 
-10.176016009091402 
-10.178449752887074 
-10.18096651240612 
-10.18334395656516 
-10.185600808636014 
-10.192591505684238 
-10.204176222470672 
-10.217929853357747 
-10.22141615990931 
-10.227669149803916 
-10.232390918659526 
-10.236450516892809 
-10.239509531611285 
-10.241657127867345 
-10.243661344476736 
-10.245424472042897 
-10.246761946628588 
-10.248084387686875 
-10.249381933693096 
-10.250651310739928 
-10.251890353145493 
-10.253223722227961 
-10.254950944015556 
-10.257708823752191 
-10.259997774262066 
-10.26221005278261 
-10.264048929620015 
-10.2664055217896 
-10.268356136930322 
-10.269940459535128 
-10.271115921046786 
-10.272129134630935 
-10.273204423567131 
-10.274263377699775 
-10.27536033933388 
-10.277393625896053 
-10.279227498984856 
-10.281135779633498 
-10.28431576212144 
-10.295057266207236 
-10.297292019438823 
-10.29865395444075 
-10.299807723882642 
-10.300932036696723 
-10.30292839179089 
-10.304790354978223 
-10.306488474872014 
-10.308110504485205 
-10.309825107694857 
-10.31155855919827 
-10.313204491627529 
-10.314808630702911 
-10.316486072702176 
-10.31807803806372 
-10.319558283573981 
-10.321052439148497 
-10.322485999412711 
-10.323818257301001 
-10.325060317351722 
-10.3262387512188 
-10.327334874006759 
-10.32839865934615 
-10.329441317331053 
-10.330713479056861 
-10.331890464976333 
-10.332995887189183 
-10.334131317779752 
-10.335314668819274 
-10.336485827192565 
-10.343746625347364 
-10.348662200965649 
-10.351673539722624 
-10.354077794645903 
-10.356313247756443 
-10.357921262856022 
-10.35932029365476 
-10.360566016015534 
-10.36175633645248 
-10.363150509337409 
-10.364529463885672 
-10.365835656497605 
-10.367080016265461 
-10.368281860280133 
-10.369557629226804 
-10.370739956760781 
-10.371868151911764 
-10.372973069216131 
-10.374025576818413 
-10.374858376531641 
-10.375659419219165 
-10.376426495021354 
-10.377200303031128 
-10.377955437895782 
-10.378705630234125 
-10.379441727496632 
-10.380152435546375 
-10.380850280256743 
-10.3815648718605 
-10.382275666210345 
-10.382945168442093 
-10.383607840019442 
-10.384271933219145 
-10.384954885689028 
-10.38552908206568 
-10.38609987022101 
-10.386667304418433 
-10.387234362537322 
-10.387799920350634 
-10.388363245779358 
-10.389055910666542 
-10.389724709765558 
-10.390398959052144 
-10.391201960718504 
-10.391876415732538 
-10.392575765409061 
-10.393237981158023 
-10.393888246622264 
-10.394534718414645 
-10.395165831170475 
-10.395818147509614 
-10.396454698316322 
-10.397031880941725 
-10.397606222571243 
-10.398180895188919 
-10.39876175709753 
-10.39935122900815 
-10.39993432981256 
-10.400530547219327 
-10.401119325561037 
-10.401705233131393 
-10.402210124357605 
-10.402710020389634 
-10.403224331827062 
-10.403731429292954 
-10.404237049309797 
-10.404741757427495 
-10.405245344734874 
-10.405748559551974 
-10.40624997944971 
-10.406751080091135 
-10.407251632202003 
-10.40775720667784 
-10.408266377499773 
-10.408774089226267 
-10.409280518054372 
-10.40977777068214 
-10.410269195434836 
-10.410759795831812 
-10.411251423143987 
-10.411742271626988 
-10.41234591311525 
-10.412940226265711 
-10.413527711145402 
-10.414098958621384 
-10.414664967765074 
-10.415224115467161 
-10.415756012493599 
-10.41629173314224 
-10.416832682609353 
-10.417374033484984 
-10.417913472072934 
-10.418451237245188 
-10.418980572466616 
-10.419505629346311 
-10.420032317496627 
-10.420557046117867 
-10.42108041842503 
-10.421605484083809 
-10.42214288322376 
-10.422680422501815 
-10.423198086151553 
-10.423715711820346 
-10.424232758997835 
-10.42474926856883 
-10.425265526608664 
-10.425781409815734 
-10.426296875616844 
-10.426810411328171 
-10.427322239185633 
-10.42783367662012 
-10.428343733034017 
-10.428855847069025 
-10.429367351813248 
-10.429878400927743 
-10.430389097305996 
-10.430899751670964 
-10.431415599067034 
-10.431929564063266 
-10.432454730052592 
-10.43297963239627 
-10.433510424807503 
-10.434040588361569 
-10.434570348349657 
-10.435097564341966 
-10.435623582844588 
-10.436153486728234 
-10.436685070646877 
-10.437214573429328 
-10.437743423526829 
-10.43827520836835 
-10.438806969378605 
-10.439344569770185 
-10.439882393756884 
-10.440419224791317 
-10.44095809713353 
-10.441496623843916 
-10.442034234702946 
-10.442571186048278 
-10.443104043344565 
-10.443636972111195 
-10.444174314807055 
-10.444712455390773 
-10.445248994290196 
-10.445783805801872 
-10.446319576424715 
-10.446855013990964 
-10.447390513456748 
-10.44792253127721 
-10.448456098099498 
-10.448989999355328 
-10.449522625423125 
-10.450054251022914 
-10.450585666612097 
-10.451117911515997 
-10.451652041655048 
-10.452185579184862 
-10.452720075803445 
-10.453249589814945 
-10.453784464885707 
-10.454319123631935 
-10.45485281883053 
-10.45538591660086 
-10.455918856190921 
-10.456453575613873 
-10.456987936826126 
-10.457521989107379 
-10.458057110868525 
-10.458593012363865 
-10.459122225556744 
-10.459649991760296 
-10.460177506111014 
-10.460715510568551 
-10.461253328024583 
-10.461790644556363 
-10.462327268930027 
-10.462858225255143 
-10.463388405592427 
-10.463919313525848 
-10.46445000384349 
-10.46497823467642 
-10.465503857843588 
-10.466029340682828 
-10.466555092862286 
-10.46708225536468 
-10.467609377851026 
-10.468136357670057 
-10.468663156588232 
-10.469189527614962 
-10.469715656327038 
-10.470243088981844 
-10.470768074135755 
-10.471293246169592 
-10.471818382934078 
-10.472339490765362 
-10.472858792357622 
-10.47337509243817 
-10.473890107213363 
-10.474405079026253 
-10.474921794638737 
-10.475438922853842 
-10.475958832655182 
-10.476476674434709 
-10.476994645527684 
-10.477510205323084 
-10.478029024796484 
-10.47854939933524 
-10.479068965822762 
-10.47958793042488 
-10.480109986846047 
-10.480630805819773 
-10.481146994724922 
-10.481661405254878 
-10.482175199725148 
-10.482688662298933 
-10.483201982557983 
-10.483725539608509 
-10.484250126943929 
-10.484762894198413 
-10.485271841509443 
-10.485782183892798 
-10.486292754841697 
-10.486799619216084 
-10.487305065172107 
-10.487810988651344 
-10.488312431222973 
-10.488813768766034 
-10.489315065693788 
-10.48981217670133 
-10.490312333719881 
-10.490813600294175 
-10.491311243682249 
-10.491808347594667 
-10.492305353658649 
-10.492811823056241 
-10.493317919843724 
-10.493829426481032 
-10.494340687133315 
-10.494851624727946 
-10.495365523615462 
-10.49587094877023 
-10.496372457836852 
-10.496874289122207 
-10.497381552802555 
-10.497888006046264 
-10.498394558912022 
-10.498904122066584 
-10.49941504771844 
-10.49992572682373 
-10.500438032795204 
-10.500949580880356 
-10.501460910995828 
-10.501974490778517 
-10.502492250884117 
-10.503010343428338 
-10.503520772389376 
-10.50402958751531 
-10.50453817011884 
-10.50504648254691 
-10.505553953342519 
-10.506061209207711 
-10.506568333482086 
-10.507075209561918 
-10.507583269492233 
-10.508090842554276 
-10.508598852105786 
-10.509101024212328 
-10.509602403787394 
-10.510102758032799 
-10.510602841006449 
-10.5110999133686 
-10.51159647100008 
-10.512093564422948 
-10.512590437373474 
-10.513087138989414 
-10.513583661664383 
-10.514076191188453 
-10.514567445733515 
-10.515056835725545 
-10.515546844900356 
-10.516035716737846 
-10.516524722324371 
-10.517020482498607 
-10.51751680362635 
-10.51801185144479 
-10.518509039427107 
-10.519005958826087 
-10.519502025848487 

 Time 
120424.40326428413 
