Energy 
 
1.1249210048522276 
1.0972484727971983 
-1.331612767982775 
-1.3863760897088024 
-1.4226926790577257 
-1.6320918294512565 
-1.7515665392104642 
-2.4231918942351687 
-2.4237511561178167 
-2.583239120286454 
-2.716149798495615 
-2.7863118848587947 
-3.834205414315696 
-3.834205516511517 
-4.245888860190965 
-6.204807668076706 
-6.220673862848022 
-7.313390191564718 
-7.881506575467668 
-7.957126945780136 
-8.755972268390103 
-8.831715881995008 
-9.72205425241614 
-9.796981710594139 
-9.939083274871733 
-10.029159414807923 
-10.67189763309257 
-10.694692287161848 
-11.10719061276106 
-11.353006508931701 
-11.591451488760875 
-11.716482256538738 
-11.865903590026665 
-12.139997947069304 
-12.167093331112174 
-12.288830596411719 
-12.292937526727865 
-12.456320183074071 
-13.032444511130215 
-13.690364390011805 
-13.70850125116285 
-13.822891428765251 
-13.95337347199874 
-14.128079902904279 
-14.55149907699099 
-14.731357066716079 
-14.74451594736535 
-14.974960308064853 
-14.980674275340089 
-15.045936604869084 
-15.092859549686674 
-15.140674539279349 
-15.26192011740016 
-15.426696230220912 
-15.427893749248584 
-15.522254377608311 
-15.557076159866302 
-15.618955142341846 
-15.809598390259875 
-15.851419156454915 
-15.86574744549475 
-15.869186162984066 
-16.629281812214522 
-16.637715258521933 
-16.68579443074541 
-16.80811787804902 
-16.820319945407608 
-16.82105899850398 
-16.824494123116757 
-16.824495813761864 
-16.91390519507745 
-16.92859017374859 
-16.960587147902384 
-16.96273873713109 
-17.095502035695763 
-17.250444539286697 
-17.25360442396233 
-17.27284369084079 
-17.306900151466174 
-17.312047017023815 
-17.31396659835233 
-17.33105303975314 
-17.365178209226904 
-17.50146130020021 
-17.519012527469805 
-17.666531383951103 
-17.672323233483045 
-17.687130590624292 
-17.685554536054024 
-17.687453424598903 
-17.715823398158165 
-17.857309175626643 
-17.85722691734775 
-17.897394605242315 
-17.890342084988664 
-17.914958783989174 
-17.917823856341265 
-17.917798233030936 
-17.913336231974167 
-17.95074157505476 
-17.955594258387606 
-17.980052035457962 
-17.985567564055476 
-18.158398360019014 
-18.373517483817803 
-18.698738859592968 
-18.697596112637022 
-18.694477338717782 
-18.698101800933355 
-18.605575639416593 
-18.628096373189848 
-18.66717657286944 
-18.678864461272898 
-18.25785674641144 
-18.240722382827876 
-18.28996156130064 
-18.460707564879556 
-18.602589044331133 
-18.574821346923272 
-18.539111352716176 
-18.56464473968997 
-18.565620725329786 
-18.563829628905665 
-18.532140400566576 
-18.548393305626806 
-18.979776870132454 
-18.97540311675816 
-18.958771845760097 
-19.004293679661405 
-18.916817239651103 
-18.920100358191522 
-18.906296615569477 
-18.907019584671644 
-18.92389055514513 
-18.95643217385166 
-18.962888716983635 
-18.962089977273624 
-19.007735003634096 
-18.984778416387677 
-19.064258213191145 
-19.144240357812215 
-19.210382622235098 
-18.701235625068485 
-18.704257301370433 
-18.705181439684047 
-18.69844576277498 
-18.698776194477936 
-18.706462319856175 
-18.72031881834313 
-18.720318561179607 
-18.726708125458554 
-18.728654690139614 
-18.94563579919067 
-18.988404815335702 
-18.985081070151978 
-19.117069654564922 
-19.118062929153453 
-19.09020108927625 
-19.045002092658528 
-19.071568175319452 
-19.0719141932016 
-19.068821090455366 
-19.080085852556294 
-19.080088822868976 
-19.082539049488883 
-19.073291859317187 
-19.07821354546547 
-19.08727943099383 
-19.07796145979845 
-19.14977972145468 
-19.18947457289472 
-19.190104364875612 
-19.19338216309275 
-19.333823781484067 
-19.332699477620384 
-19.32729533866722 
-19.3283960450898 
-19.355318568686016 
-19.410185117479408 
-19.40920796592297 
-19.377639883997563 
-19.377639942466132 
-19.37852351917983 
-19.386762485293854 
-19.430142720778004 
-19.431416743709832 
-19.411402077364812 
-19.388469892537593 
-19.39202286469764 
-19.87017897966508 
-19.904560296657998 
-19.89335081915295 
-19.874652064651833 
-19.902328881368312 
-19.901752811451416 
-19.881498860062337 
-19.939331971410557 
-19.77195368051 
-19.824407818154352 
-19.778448101914744 
-19.91127799756326 
-19.848708274642803 
-19.844834839581875 
-20.036778041632203 
-19.953471932538754 
-19.94941215025415 
-19.938625106596636 
-19.869773653360795 
-19.854230033436135 
-19.724308506450637 
-19.66374266887591 
-19.534456772251104 
-19.531392475957187 
-19.56098191446626 
-19.885836169807376 
-19.88264410300686 
-19.87628819361674 
-19.863904863667916 
-19.66512158554255 
-19.66474855022283 
-19.663158381653357 
-19.662441895927856 
-19.6623405183924 
-19.65035632124089 
-19.61973810957399 
-19.458997975854782 
-19.38816916865224 
-19.3522587520736 
-19.355092892116993 
-19.357946379041916 
-19.35145213264786 
-19.1938779475422 
-19.210283890677005 
-19.193821543105393 
-19.00170190473183 
-19.00176177113311 
-18.74226120199288 
-18.735199883319638 
-18.764135447079305 
-18.75031416155899 
-18.65101870078375 
-18.511854552810494 
-18.52446054170393 
-18.54394344763097 
-18.289724045132143 
-18.28964396786415 
-18.29190709428466 
-18.2081171523922 
-18.204306921193698 
-18.20689008904464 
-18.191362801005187 
-18.18249466828612 
-18.18421619927838 
-17.500051793596064 
-17.353728109693154 
-17.38868895117405 
-17.384061618978986 
-17.444288852480994 
-17.03937135690414 
-16.98034194090711 
-17.002166993320827 
-17.485863587874306 
-17.384437044045686 
-17.40155934915137 
-17.345158683395585 
-17.493907846712112 
-17.500329497430265 
-17.5005065090515 
-17.499314567384914 
-17.49907646943071 
-17.633184735342876 
-17.632672389868482 
-17.636512094554366 
-17.627317356432776 
-17.63804425193201 
-17.65376094172138 
-17.669972950359107 
-17.684007746603797 
-17.717605053517023 
-17.721169359084953 
-17.824228458935067 
-17.783360068865065 
-17.789108542069535 
-17.78638003596324 
-17.848768125111327 
-17.898905204619584 
-17.899007891712404 
-17.892270628876833 
-18.051019595584876 
-18.125958144797572 
-17.420292520603837 
-17.116303612200888 
-17.181579604567574 
-17.136911837151555 
-17.14960477804829 
-17.252408584282026 
-17.337913923265994 
-17.338862574126047 
-16.99863818795415 
-16.9409736898133 
-16.939427527162103 
-16.858536158909683 
-16.93419547948974 
-16.96356015069358 
-17.011152369796548 
-17.013848519091262 
-17.030621775311378 
-17.1147068338353 
-17.14149529474166 
-16.864103199220725 
-17.242375898739095 
-17.24225955482962 
-17.330852764616665 
-17.598015324465763 
-17.573064736322564 
-17.475125123981943 
-17.47526674335551 
-17.47713400035426 
-17.703724949676754 
-17.70374754921599 
-17.735857853949923 
-17.849881134685702 
-17.96437898481834 
-17.960457767518182 
-17.98346265059907 
-17.983464871181642 
-17.985215063669234 
-17.884398692291587 
-17.8902065586743 
-18.10112247691091 
-18.101939995835377 
-18.122440138660302 
-18.170671133398827 
-18.193882900346217 
-18.193936943897718 
-18.18273832115233 
-18.201474347828913 
-18.221439246726877 
-17.83358454510266 
-17.56217637900427 
-17.764601127926205 
-17.898178678564296 
-17.91580774238903 
-18.02902384552235 
-18.025229880248318 
-18.0259537507895 
-18.010555358578955 
-18.014497099019934 
-17.904497394975145 
-17.84113433788959 
-17.838497436616336 
-17.82652525077031 
-17.821734817546872 
-17.761263883368567 
-17.881481565549027 
-17.793296046534383 
-17.858508389488552 
-17.936570311987868 
-17.93170199675533 
-17.578524725082318 
-17.475153944687015 
-17.47305086647071 
-17.49972679217502 
-18.67176046020911 
-18.67190718820811 
-18.752034804081934 
-18.591741367657146 
-18.592504171396737 
-18.579862624167863 
-18.506151868906507 
-18.436973585079564 
-18.43724355860478 
-18.436882557765212 
-18.40231769428642 
-18.413331350452076 
-18.411573460743163 
-18.389581725729247 
-18.459669420899097 
-18.46645570443858 
-18.23449792141 
-18.33965469686015 
-18.33491272450642 
-18.356800519054634 
-18.32120622964678 
-17.960188249320215 
-18.119929523546123 
-18.160364841099472 
-18.245016293911718 
-18.24485260684087 
-18.245171905962337 
-18.29928043572288 
-18.342940498382895 
-18.35875400740807 
-18.363070634956436 
-18.35813818722253 
-18.730991679438446 
-18.72722437615706 
-18.539238301534787 
-18.497552952600003 
-18.47409525853395 
-18.478359052309703 
-18.47811203560865 
-18.498299675908402 
-18.529313825285815 
-18.52883426844372 
-18.52769943859203 
-18.39990049463609 
-18.411382595044586 
-18.86087207228475 
-18.750203785685486 
-18.75025026307359 
-18.714921398249842 
-18.695021377346162 
-18.68916804153224 
-18.638096991981193 
-18.638999143139564 
-18.975654093044493 
-18.815193821478033 
-18.855779299167654 
-18.854687698947128 
-18.854081679713985 
-19.042724264300805 
-19.043577456912885 
-19.058153875718396 
-19.078190365988593 
-19.079539993809494 
-19.056529029860968 
-18.952011407667175 
-18.946898767782066 
-18.912336380723456 
-18.970711164986024 
-19.009958027318557 
-19.003763103793705 
-18.92832157184578 
-18.860685335733113 
-18.94644340376801 
-18.95538423467904 
-19.19352062865945 
-19.23248226519839 
-19.264526224808453 
-19.36891855331255 
-19.262506672996416 
-19.262793253621386 
-19.26289319074201 
-19.26289459690576 
-19.295631060423798 
-19.29319714942654 
-19.294505320349227 
-19.32898639611454 
-19.31406384798011 
-19.06031763204287 
-19.202946604884676 
-19.207376244766593 
-19.22847421942268 
-19.267197727933926 
-19.266059716881937 
-19.263045586345463 
-19.16458038998164 
-19.175675456393712 
-19.175417917112977 
-19.436168257809605 
-19.5006115283523 
-19.49544134366478 
-19.495416684582214 
-19.48700348094556 
-19.49335118248143 
-19.370875628016545 
-19.383008721631356 
-19.388532335986394 
-19.34251877756472 
-19.511979480131053 
-19.50014247990601 
-19.75087272114192 
-19.84078180814612 
-19.840964384363044 
-18.862404255238793 
-18.920000002079853 
-18.80532385374517 
-18.874406256024415 
-19.295240876495846 
-19.33615291046428 
-19.50869623785325 
-19.5021048574312 
-19.501300499996397 
-19.573372414289693 
-19.583596077942985 
-19.62452200855921 
-19.656537095047703 
-19.65966917910336 
-19.689487060624973 
-19.68361763432668 
-19.692051317766644 
-19.463357396070244 
-19.99573040173923 
-20.09979710383201 
-20.188904200309985 
-20.319625747831715 
-20.32074539855954 
-20.278557220798806 
-20.281486363931364 

 Time 
9112.709460258484 
