Energy 
 
-7.553626240269384 
-9.206366135844684 
-8.761102303269768 
-8.757444527194746 
-8.754474911112938 
-8.833648485357614 
-8.770832875928196 
-8.766244796149328 
-8.825844825446278 
-8.893580351715688 
-8.955786311232817 
-8.99135889504882 
-8.99529486481414 
-8.933285082636948 
-8.922344521133642 
-8.92060543410086 
-8.927865018361016 
-8.939861402234827 
-8.946492890815449 
-8.951426121542797 
-8.955546293737171 
-8.96148611132794 
-8.994973672779327 
-8.99763448069303 
-9.000745201192755 
-9.004164498513859 
-9.007627324063122 
-9.01945534535108 
-9.03040555175952 
-9.03315611580688 
-9.029797854078982 
-9.0276720055109 
-9.025753395157597 
-9.028207307864363 
-9.028362681340065 
-9.03067312270598 
-9.034049712755813 
-9.037168608226185 
-9.039892000505542 
-9.043499110946746 
-9.047612008085638 
-9.055077786358979 
-9.061145216560938 
-9.06739153487072 
-9.090756592026416 
-9.114433035586258 
-9.13836032215049 
-9.152350265644344 
-9.166231850392062 
-9.180658586118215 
-9.187032153266577 
-9.19412367381714 
-9.196813441094763 
-9.201068271320844 
-9.20820988793578 
-9.206064443266609 
-9.204530800777027 
-9.206898668494588 
-9.209211298738076 
-9.210929930761585 
-9.2125207703366 
-9.213774240637854 
-9.212314814319905 
-9.209531503083133 
-9.209548919573301 
-9.211047388909556 
-9.213382367955754 
-9.215242510050981 
-9.217942875312966 
-9.234531567019548 
-9.239200743950397 
-9.243753440115444 
-9.236382917752861 
-9.230699183565996 
-9.2437398057074 
-9.258228704644292 
-9.306823283788333 
-9.324871389534808 
-9.328562889491211 
-9.332439119181746 
-9.324211302985978 
-9.340917309543174 
-9.383851511673953 
-9.409856605671855 
-9.426331566146551 
-9.411535480581302 
-9.41378839249928 
-9.419113695120272 
-9.421959295292348 
-9.425367464765907 
-9.431349966892608 
-9.432136131859119 
-9.433248497277738 
-9.429422058276302 
-9.426997873713761 
-9.42490080352505 
-9.436489576700549 
-9.453582579068062 
-9.460614720151515 
-9.463841610163003 
-9.463687146203132 
-9.46423845090305 
-9.46477646189767 
-9.464745739032947 
-9.464832318179818 
-9.465097691773288 
-9.465843555620717 
-9.468611543569793 
-9.47317420851437 
-9.477304831103949 
-9.478779524121263 
-9.480041397037024 
-9.482305557266406 
-9.479203571277813 
-9.477905812211828 
-9.476937852993911 
-9.476373269917154 
-9.475914223879263 
-9.47513791462132 
-9.476765544410018 
-9.479066478765745 
-9.47908707639724 
-9.478679645065334 
-9.47824096962021 
-9.477706231328396 
-9.477146707359758 
-9.47661224323571 
-9.475977498271375 
-9.475380021214983 
-9.474722371146758 
-9.474423937056093 
-9.47418061500207 
-9.473924406557115 
-9.473785962946653 
-9.47363470855525 
-9.473745448814716 
-9.473825235261971 
-9.473880868370873 
-9.474014679796507 
-9.473913046416364 
-9.474099578524633 
-9.474247245948481 
-9.474370230677675 
-9.474494390404645 
-9.474422296000066 
-9.474305586605729 
-9.474513448252862 
-9.474416004021649 
-9.474746573765522 
-9.474975661573625 
-9.475089608704145 
-9.47538321796058 
-9.475382656533736 
-9.475307749563456 
-9.475194085680402 
-9.475089544721076 
-9.474962661984211 
-9.475103119585953 
-9.475285087986853 
-9.475466196578544 
-9.475707834382384 
-9.475934420112688 
-9.476332043849919 
-9.476729486837336 
-9.475983997006242 
-9.475586064940668 
-9.475028234187505 
-9.474467166992534 
-9.473534109045396 
-9.473038249338442 
-9.47267130651652 
-9.47225128107478 
-9.471839119224125 
-9.471479382118046 
-9.471205468097398 
-9.470930851705551 
-9.470697166421933 
-9.47046485421946 
-9.470275781043282 
-9.470100518074329 
-9.470195546680781 
-9.47040957910298 
-9.470699212073324 
-9.47098530855741 
-9.47128108815144 
-9.471558846673842 
-9.471868587399983 
-9.472193875783718 
-9.472425089416163 
-9.472941653660854 
-9.47345559871957 
-9.473984331601171 
-9.474459650758774 
-9.474881029100466 
-9.475361059742761 
-9.475856239714657 
-9.476322214673495 
-9.476709704581864 
-9.477238805976267 
-9.477800793617202 
-9.478536847797995 
-9.479281536546928 
-9.480097452069352 
-9.480856622855256 
-9.481597220049881 
-9.482331957612493 
-9.483036346664663 
-9.483742734687741 
-9.484450501173654 
-9.485154154570177 
-9.485913604810104 
-9.48675087450245 
-9.487601805740312 
-9.488412382166377 
-9.489220302322718 
-9.489994063172686 
-9.490796634605356 
-9.491533128136986 
-9.492262937901303 
-9.492986876813767 
-9.493726997834575 
-9.494426811727498 
-9.495218914051138 
-9.49600765097427 
-9.496821774109746 
-9.497635303841601 
-9.498447417433585 
-9.499234975386397 
-9.499955765582582 
-9.500678492508651 
-9.501392809112861 
-9.502095428585422 
-9.502816891719863 
-9.503589480701788 
-9.504400986501926 
-9.505217478689378 
-9.506027996779613 
-9.50683289684137 
-9.507603083705654 
-9.508376338254955 
-9.509042159027597 
-9.509746901040975 
-9.510434339176813 
-9.511115087800318 
-9.511796947656233 
-9.512324511392825 
-9.513054905676732 
-9.513799102846358 
-9.514648568340467 
-9.515509767095491 
-9.516416404021367 
-9.517334579389479 
-9.518296022741463 
-9.519246514503775 
-9.520234076545869 
-9.52115242122418 
-9.522044740281356 
-9.522935274247667 
-9.523777341803912 
-9.524638780892689 
-9.525422586238276 
-9.526195845410225 
-9.526954456343464 
-9.52773188526995 
-9.528471994920322 
-9.529173901222464 
-9.529877329230919 
-9.530592491944741 
-9.531323111811613 
-9.53203771766454 
-9.532745679417268 
-9.533394755253173 
-9.534037833875171 
-9.53458515563058 
-9.535148685705538 
-9.535711086468979 
-9.53627750073193 
-9.53683850501595 
-9.53730365136619 
-9.537761349386276 
-9.538195958516493 
-9.538627046944157 
-9.539056551949738 
-9.539457749863491 
-9.539879326189787 
-9.54029462386806 
-9.54073999103671 
-9.54118780835307 
-9.541587387101979 
-9.541977262475271 
-9.542337116778354 
-9.542733621624041 
-9.543113418604648 
-9.543475609355376 
-9.543853042948228 
-9.544254104466322 
-9.544656088381219 
-9.545059615461813 
-9.545486470278314 
-9.545910003001884 
-9.546338271286468 
-9.546775207721844 
-9.547261478766828 
-9.547711445872723 
-9.548141389765995 
-9.548611242194822 
-9.54907299702961 
-9.549521487914145 
-9.549976937170474 
-9.550416965159641 
-9.550859504773237 
-9.55127663643288 
-9.55170257295634 
-9.552073204041967 
-9.552428317932357 
-9.5528121752874 
-9.553252285073949 
-9.553659070726667 
-9.554054238115816 
-9.554441522444023 
-9.554663571940935 
-9.554884696193348 
-9.555148578479937 
-9.555397616532444 
-9.555567832647288 
-9.555609495295842 
-9.55564485387866 
-9.555632635373673 
-9.555779799627818 
-9.555916526160829 
-9.556052189684404 
-9.556173120791893 
-9.556258252573738 
-9.556098713888689 
-9.555946703814506 
-9.555790922126016 
-9.55566992096412 
-9.555549825507285 
-9.555437245971603 
-9.555426382452458 
-9.555435681518127 
-9.55548859952132 
-9.55557366780873 
-9.555650181385012 
-9.555719899061975 
-9.555719390358679 
-9.55574971850941 
-9.555790728121973 
-9.555820759768109 
-9.555807925348946 
-9.555788494960144 
-9.555760031820085 
-9.5558581170023 
-9.555953768910689 
-9.556037116398029 
-9.556077122043988 
-9.556109575805541 
-9.556151317504426 
-9.556091625831238 
-9.55602574208982 
-9.555948871811824 
-9.555893450748243 
-9.555844668244335 
-9.555767979952066 
-9.55569317404559 
-9.555739663908945 
-9.555769199991795 
-9.555792510026256 
-9.555797220478153 
-9.555796979788148 
-9.555762802003265 
-9.555734589656556 
-9.55582983469021 
-9.555920908559543 
-9.55600366689655 
-9.556080447564824 
-9.5561599638695 
-9.556231081591148 
-9.556285756352912 
-9.5563501366579 
-9.556417345920988 
-9.556477792321575 
-9.556459717689332 
-9.556420203065498 
-9.556380992556635 
-9.556335538802749 
-9.556248273642703 
-9.556152931043458 
-9.556046351919555 
-9.555887905092433 
-9.555726566590959 
-9.555457003135613 
-9.555007683092347 
-9.554597715047755 
-9.554180144436984 
-9.553748498732462 
-9.553336480948769 
-9.55289111503747 
-9.552582200122108 
-9.552250713522865 
-9.55186026330734 
-9.551426064339832 
-9.551004362498928 
-9.550481914139477 
-9.5499503742782 
-9.54926024888087 
-9.54851209178907 
-9.547736042821697 
-9.546934268483213 
-9.546333666320084 
-9.545754488807919 
-9.545202264625718 
-9.544673168986822 
-9.544115790813835 
-9.543639187257382 
-9.543134624215572 
-9.542725030972832 
-9.542369826005938 
-9.54191939394629 
-9.54146534803839 
-9.541059997984402 
-9.540634012146878 
-9.540214316806036 
-9.539785300044416 
-9.539461382773805 
-9.539134090357672 
-9.538804980581311 
-9.538475870716763 
-9.53812662613218 
-9.53788537509619 
-9.53762856524953 
-9.53737754889014 
-9.537119048441113 
-9.536806298223603 
-9.536485401481816 
-9.536265188566752 
-9.53600735542785 
-9.53572332252657 
-9.53543394293355 
-9.53508567207507 
-9.534732842763797 
-9.534421708746667 
-9.534001612764488 
-9.533635060118048 
-9.533273257503147 
-9.532904504839843 
-9.532536940218192 
-9.532162046171742 
-9.531782841601693 
-9.531401214524442 
-9.531037962879523 
-9.530687659330155 
-9.53032522541421 
-9.529991316255803 
-9.529653489612334 
-9.52930702714498 
-9.52896520438702 
-9.528618684041358 
-9.528267790484088 
-9.527940742868552 
-9.527634881089284 
-9.527336798528404 
-9.527027632799271 
-9.52671357107154 
-9.52639448649062 
-9.526033071484012 
-9.52568307246977 
-9.525329108370116 
-9.524967969309863 
-9.524529777225823 
-9.524169253298712 
-9.523786634066514 
-9.523408488911135 
-9.523027116901988 
-9.522633827732019 
-9.522238023504539 
-9.52188163322653 
-9.52151061177515 
-9.52113399919602 
-9.520726403968093 
-9.520355093542605 
-9.52001040581913 
-9.519668788419672 
-9.519310768407049 
-9.51893555904663 
-9.518558554341187 
-9.518190202740758 
-9.517805035780558 
-9.517417120216592 
-9.517023498108093 
-9.516624052437935 
-9.51618335717384 
-9.515732219598268 
-9.515309584785589 
-9.514859926396749 
-9.514411779484288 
-9.513929669054235 
-9.513425734486697 
-9.512903300115436 
-9.512383513589743 

 Time 
203620.2706758976 
