Energy 
 
-5.5082757847241295 
-11.381227839109446 
-13.000051222890779 
-13.762988847482433 
-14.17902826807165 
-14.381267767104077 
-14.536324200805897 
-14.627374678280272 
-14.66579321480901 
-14.69633546647946 
-14.71466089963111 
-14.725300058754407 
-14.733700519363618 
-14.738024810993497 
-14.743548548909303 
-14.74821250401618 
-14.753792779082318 
-14.759645351614331 
-14.7673081873738 
-14.77499043335234 
-14.782433445659311 
-14.790344494993466 
-14.798493271667049 
-14.808490465208365 
-14.826151141383015 
-14.83582762102263 
-14.84580631998673 
-14.854728325492243 
-14.86584396140292 
-14.876463754722081 
-14.88685416426013 
-14.90187760756998 
-14.913803006745947 
-14.923109813250363 
-14.932605573683897 
-14.941490401378076 
-14.950472034644628 
-14.958891113730871 
-14.968599165687387 
-14.978191666381754 
-15.005045891743144 
-15.014183827287624 
-15.022855991902011 
-15.031285800876343 
-15.041628834722534 
-15.051618362278909 
-15.061873517859079 
-15.071645191801824 
-15.082720330658198 
-15.093243840302634 
-15.104859228261072 
-15.113347126478738 
-15.1230052501223 
-15.13287487712548 
-15.142763930393087 
-15.152610199576323 
-15.1944981085428 
-15.239548373758526 
-15.261477224992241 
-15.279433413607695 
-15.296254944477289 
-15.311756899890671 
-15.33028533542997 
-15.373597319650646 
-15.390915633141244 
-15.412536014944955 
-15.427486206976205 
-15.43841289285303 
-15.47205228676588 
-15.484320115723772 
-15.495731887653847 
-15.506959239671758 
-15.584344977147525 
-15.603836382776127 
-15.627298197037247 
-15.640441348169814 
-15.651368586471602 
-15.664939047584127 
-15.678373648536382 
-15.713738036983873 
-15.742519083160404 
-15.770335961291515 
-15.799047224525713 
-15.809922247815674 
-15.820731727851804 
-15.85258930777531 
-15.876435438888937 
-15.89158502526276 
-15.901632778637872 
-15.911350679196008 
-15.921558191256954 
-15.931683190172091 
-15.941350557672159 
-15.951658456670948 
-15.959887379359465 
-15.968129740064398 
-15.976380439820211 
-15.984635415717502 
-15.994147941323183 
-16.003529622550385 
-16.01336982542229 
-16.034726024957266 
-16.058471041873865 
-16.080194079330216 
-16.0977692700301 
-16.114161140830134 
-16.129243918131984 
-16.144935522152636 
-16.159242325481788 
-16.172975614525654 
-16.186325210372686 
-16.220769629297617 
-16.26199573099465 
-16.285151353377927 
-16.304082993291942 
-16.319593894729714 
-16.333910655153527 
-16.346809298959016 
-16.358960180271012 
-16.37049770511345 
-16.38036259544491 
-16.390063477973047 
-16.399116088616154 
-16.410904231035254 
-16.422248853834418 
-16.4352596065834 
-16.45094598932325 
-16.463480412138782 
-16.475720515505813 
-16.48757277278884 
-16.499096374229417 
-16.509692516563383 
-16.51954648826066 
-16.5282852425342 
-16.53681733636416 
-16.545050338053265 
-16.55325345355201 
-16.561207466182342 
-16.56917281930207 
-16.57719688477599 
-16.58525353960721 
-16.593540290444544 
-16.60214241419162 
-16.61107849889397 
-16.62015828852789 
-16.6286266066884 
-16.63793234726825 
-16.647160732013166 
-16.65615427488784 
-16.664828567762825 
-16.673478819904282 
-16.682171353328847 
-16.691231136293553 
-16.699778946601842 
-16.70961720037478 
-16.772664999455117 
-16.828343858694563 
-16.865070070455715 
-16.911431803435846 
-16.95865024540175 
-16.982490019822016 
-17.001044460526046 
-17.010383749655272 
-17.026442936410394 
-17.042087370008176 
-17.056412772763164 
-17.068518494461376 
-17.078849259773676 
-17.087482943676363 
-17.095648020652007 
-17.103505251176497 
-17.111660866636896 
-17.1195284850569 
-17.125994995828698 
-17.13228736095632 
-17.138626179537912 
-17.144950782277867 
-17.151408504823667 
-17.15768609044108 
-17.16394090580766 
-17.169946682703955 
-17.175802241424474 
-17.181676675723057 
-17.188702219121822 
-17.195339497897244 
-17.20257951848622 
-17.208532991466697 
-17.213655998555957 
-17.21879961441895 
-17.223891598633408 
-17.22893188495124 
-17.234527227622674 
-17.240164749904192 
-17.24710107884391 
-17.252913120082102 
-17.258444682913254 
-17.263855740487102 
-17.269379087386355 
-17.274689020274437 
-17.280227311840992 
-17.28548999852581 
-17.290439691962735 
-17.295382902409305 
-17.300470217331387 
-17.30552062922954 
-17.310127807979494 
-17.31474435815005 
-17.319341455902595 
-17.32390998111902 
-17.328430596042736 
-17.333024941475834 
-17.33762745433499 
-17.343078740053045 
-17.348296575346392 
-17.353349672427306 
-17.35882833995705 
-17.364252365172145 
-17.369091419582627 
-17.3738752099542 
-17.37864092961737 
-17.383397997646572 
-17.387796791982318 
-17.392188712095262 
-17.396574833953437 
-17.40109465463462 
-17.4056473450862 
-17.410100217360334 
-17.414309176446586 
-17.418556417732162 
-17.422726683769866 
-17.426890516098705 
-17.43100588419984 
-17.435251151876237 
-17.439485600602374 
-17.443744616707576 
-17.44801971425483 
-17.452420918299172 
-17.45680160824157 
-17.461170554845406 
-17.465520709679513 
-17.46985207071128 
-17.474153570742683 
-17.47837891253588 
-17.482589697535396 
-17.48665007846987 
-17.490737528548866 
-17.494791020463104 
-17.49885135404586 
-17.50288624419222 
-17.50691809205796 
-17.51094652560967 
-17.514970747450295 
-17.519032838791418 
-17.523342142922566 
-17.527609378928922 
-17.531889818201094 
-17.536168485893015 
-17.540415182360874 
-17.54452885533815 
-17.548615983513727 
-17.552503924338836 
-17.55638773281864 
-17.560265426300592 
-17.564238671005462 
-17.56821685114586 
-17.57221096451337 
-17.576192433774125 
-17.580168487262164 
-17.5841396961747 
-17.58790658737054 
-17.59165869895974 
-17.59540454461208 
-17.599167070195964 
-17.60298749745402 
-17.606821110739922 
-17.61068612996529 
-17.61453333354931 
-17.618343642161047 
-17.62215173735578 
-17.625969884439733 
-17.629805461360753 
-17.633666855836744 
-17.637521346601268 
-17.641363288412307 
-17.64519360968338 
-17.64905625137702 
-17.65292247631381 
-17.656708068804015 
-17.660487607675677 
-17.664252527476094 
-17.668221384079207 
-17.672194272937947 
-17.67615783684849 
-17.680057933599752 
-17.683950616526914 
-17.687804266190003 
-17.69165029906141 
-17.695488202740336 
-17.69932105796101 
-17.70314434499339 
-17.70696373916203 
-17.710769078450426 
-17.71454060872626 
-17.71830625666869 
-17.72207370388358 
-17.72590504174663 
-17.729728370073246 
-17.733564968545018 
-17.73739386541135 
-17.74121516347947 
-17.745018861000954 
-17.748816362145856 
-17.752609966320904 
-17.75636329003093 
-17.760102783955688 
-17.76382919362229 
-17.767817636130786 
-17.771779450916885 
-17.775739133819975 
-17.779805725656356 
-17.783865259658697 
-17.787930322648972 
-17.791983609542754 
-17.79603406095619 
-17.800027073048803 
-17.803995570784153 
-17.807966724717883 
-17.81189656699434 
-17.81581689514342 
-17.819732817455073 
-17.82363941537664 
-17.827499954012886 
-17.83127738594999 
-17.835048331930444 
-17.83881746783481 
-17.8425700391998 
-17.846314315021733 
-17.849996070476163 
-17.853668549462526 
-17.85739978606324 
-17.86114611422091 
-17.864886551599927 
-17.868601463482882 
-17.872312954320904 
-17.876000900672132 
-17.87977724763119 
-17.883561291509828 
-17.887344247605846 
-17.8911206626782 
-17.894835060811374 
-17.89853886685987 
-17.902243847893185 
-17.905961016819226 
-17.909669378163592 
-17.91336232741751 
-17.91700749380953 
-17.920636843155485 
-17.923936061536175 
-17.927217696722625 
-17.930486683062753 
-17.933752495983263 
-17.93701285522695 
-17.940283228106406 
-17.943540787141373 
-17.94682896127309 
-17.950056898592948 
-17.953278255451067 
-17.95649300242573 
-17.959749353407894 
-17.962997974569433 
-17.966280023532615 
-17.96950673203557 
-17.97272110357949 
-17.975881061902818 
-17.979037272323374 
-17.98218717209567 
-17.98533831203511 
-17.98847842490996 
-17.991609976398454 
-17.99473234920505 
-17.997848256515596 
-18.00091046507945 
-18.003969968311274 
-18.00702861244597 
-18.010148642646687 
-18.013263258622796 
-18.016410095091274 
-18.01955605847213 
-18.022694032370485 
-18.025864698792503 
-18.02897159340334 
-18.032072817899795 
-18.035172908796994 
-18.03826675378113 
-18.04135968994285 
-18.044448772307227 
-18.047509708905555 
-18.050587824146703 
-18.05365233295667 
-18.056715266397415 
-18.05975737219723 
-18.062758665234412 
-18.06575355989799 
-18.068737772871216 
-18.071714803489005 
-18.074697497173634 
-18.07767334024912 
-18.080643905156332 
-18.083588112194366 
-18.08652858273785 
-18.089469503226105 
-18.092410711987828 
-18.095345829564792 
-18.098282862203668 
-18.10124446117529 
-18.104196514197312 
-18.1071421301341 
-18.110081819196793 
-18.113015543335273 
-18.11592564749013 
-18.118859138206037 
-18.121784217002116 
-18.12470138484909 
-18.127612808167875 
-18.130496315867553 
-18.133366358722746 
-18.136254137085842 
-18.139153564928748 
-18.142048052522295 
-18.144942387745147 
-18.147831666686 
-18.150723934146736 
-18.153502113541236 
-18.156274102947062 
-18.159040867602997 
-18.16180099314134 
-18.164554011498325 
-18.167298615993197 
-18.170039439169592 
-18.172775922805453 
-18.175505576159765 
-18.178227244439906 
-18.18094390046324 
-18.183675911905127 
-18.186374488383507 
-18.189067467541275 
-18.191806459571396 
-18.194540002018858 
-18.197268481313166 
-18.199976409002424 
-18.202679554724835 
-18.20538956878133 
-18.20811856789219 
-18.21079200526367 
-18.21346138024674 
-18.216134986786646 
-18.21880041579321 
-18.221464829098558 
-18.224111495975606 
-18.226741245056196 
-18.229377140053128 
-18.23200793238356 
-18.234631098634527 
-18.237234710709487 
-18.239833271322926 
-18.242425632493976 
-18.245043413280705 
-18.24765668215656 
-18.250267713419245 
-18.252869241083836 
-18.25547774091225 
-18.25807238414343 
-18.260661689420314 
-18.26324361271725 
-18.26581816923439 
-18.268384740676513 
-18.270943301750282 
-18.27350088267812 
-18.27606849815918 
-18.278655560202925 
-18.28123753476659 
-18.283815739298802 
-18.28639445549872 
-18.28897309052992 
-18.29154942787755 
-18.29411971430489 
-18.29668416577246 
-18.299246175777373 
-18.301792902771084 
-18.304327487440705 
-18.306853771086875 
-18.309349570234886 
-18.31183864188075 
-18.314318578693765 
-18.31679382563033 
-18.319286634706366 
-18.321785748670873 
-18.324280632853938 
-18.32677036347941 
-18.329241408753244 

 Time 
67619.77411103249 
