Energy 
 
-7.737952898388684 
-7.744771404967997 
-7.751575042475022 
-7.758363840862852 
-7.765137830092162 
-7.771897040130471 
-7.778641500950877 
-7.785371242531504 
-7.7920862948551575 
-7.798786687907467 
-7.805472451677004 
-7.812143616153878 
-7.8188002113295685 
-7.825442267195843 
-7.832069813743595 
-7.838682880962841 
-7.845281498841419 
-7.851865697364607 
-7.858435506514057 
-7.864990956267208 
-7.87153207659699 
-7.878058897470205 
-7.884571448847486 
-7.89106976068281 
-7.89755386292206 
-7.904023785502873 
-7.9104795583538445 
-7.916921211393891 
-7.923348774531535 
-7.929762277664237 
-7.9361617506780116 
-7.942547223446271 
-7.9489187258295955 
-7.955276287675012 
-7.9616199388157 
-7.9679497090694476 
-7.97426562823927 
-7.980567726111961 
-7.986856032457613 
-7.993130577029182 
-7.9993913895622795 
-8.005638499773985 
-8.011871937362363 
-8.018091732006503 
-8.024297913364967 
-8.030490511076223 
-8.03666955475782 
-8.042835074005227 
-8.048987098392558 
-8.055125657470583 
-8.061250780767542 
-8.067362497787439 
-8.073460838011128 
-8.079545830893574 
-8.08561750586589 
-8.091675892332852 
-8.097721019673303 
-8.103752917239628 
-8.109771614357419 
-8.115777140324443 
-8.121769524411047 
-8.127748795858759 
-8.13371498388065 
-8.139668117660348 
-8.145608226352023 
-8.151535339079715 
-8.157449484936818 
-8.16335069298634 
-8.169238992259356 
-8.175114411755478 
-8.180976980442283 
-8.186826727254763 
-8.1926636810951 
-8.19848787083222 
-8.204299325301388 
-8.210098073303561 
-8.215884143606052 
-8.221657564940605 
-8.227418366004326 
-8.233166575458881 
-8.238902221930228 
-8.244625334007663 
-8.250335940244526 
-8.256034069157467 
-8.261719749225442 
-8.267393008890412 
-8.273053876556412 
-8.278702380589518 
-8.284338549317495 
-8.28996241102898 
-8.295573993974019 
-8.301173326363376 
-8.306760436368108 
-8.31233535211933 
-8.317898101708526 
-8.323448713186108 
-8.328987214561945 
-8.334513633805525 
-8.340027998844372 
-8.345530337564933 
-8.351020677811993 
-8.356499047388063 
-8.36196547405358 
-8.367419985526537 
-8.372862609482109 
-8.378293373552745 
-8.383712305327524 
-8.389119432351775 
-8.394514782128129 
-8.399898382114264 
-8.405270259724695 
-8.410630442329229 
-8.41597895725314 
-8.421315831777129 
-8.426641093136936 
-8.431954768523443 
-8.437256885081716 
-8.44254746991207 
-8.447826550068294 
-8.453094152559173 
-8.458350304346894 
-8.463595032347728 
-8.468828363431326 
-8.474050324420855 
-8.479260942093154 
-8.484460243177475 
-8.489648254356636 
-8.494825002266019 
-8.49999051349363 
-8.505144814579953 
-8.510287932017889 
-8.5154198922527 
-8.520540721681373 
-8.52565044665287 
-8.530749093468375 
-8.535836688380408 
-8.540913257592843 
-8.545978827261159 
-8.551033423492365 
-8.556077072344042 
-8.561109799825433 
-8.566131631896116 
-8.571142594467224 
-8.576142713399788 
-8.581132014506135 
-8.586110523548331 
-8.591078266239776 
-8.596035268243323 
-8.600981555172554 
-8.605917152590996 
-8.61084208601209 
-8.615756380899173 
-8.62066006266591 
-8.625553156675 
-8.630435688239377 
-8.635307682621255 
-8.640169165032683 
-8.645020160634912 
-8.64986069453848 
-8.654690791803732 
-8.65951047743969 
-8.664319776404827 
-8.669118713606808 
-8.673907313902285 
-8.678685602096731 
-8.68345360294487 
-8.68821134114997 
-8.692958841364854 
-8.697696128190156 
-8.702423226175807 
-8.707140159820632 
-8.711846953571802 
-8.71654363182501 
-8.721230218924921 
-8.725906739164381 
-8.730573216784872 
-8.735229675976676 
-8.73987614087806 
-8.744512635575655 
-8.749139184104937 
-8.753755810449741 
-8.75836253854181 
-8.762959392261584 
-8.767546395437543 
-8.77212357184667 
-8.776690945214133 
-8.781248539213285 
-8.785796377465878 
-8.790334483542003 
-8.794862880959663 
-8.799381593185048 
-8.80389064363306 
-8.808390055666294 
-8.81287985259593 
-8.817360057680972 
-8.821830694129002 
-8.826291785095519 
-8.830743353684412 
-8.835185422947795 
-8.839618015885987 
-8.844041155447233 
-8.848454864528486 
-8.852859165974937 
-8.85725408257951 
-8.861639637084075 
-8.866015852178295 
-8.870382750500482 
-8.874740354636872 
-8.879088687122673 
-8.883427770440916 
-8.887757627023051 
-8.892078279249581 
-8.896389749448433 
-8.900692059896883 
-8.904985232820113 
-8.909269290392471 
-8.913544254736063 
-8.917810147922122 
-8.922066991970347 
-8.926314808849034 
-8.930553620475244 
-8.934783448714706 
-8.939004315381979 
-8.94321624224006 
-8.947419251001596 
-8.951613363327004 
-8.955798600826492 
-8.959974985058624 
-8.964142537531673 
-8.968301279701958 
-8.972451232975716 
-8.976592418708076 
-8.980724858203198 
-8.984848572714407 
-8.988963583444692 
-8.993069911546026 
-8.997167578119724 
-9.00125660421679 
-9.005337010837271 
-9.009408818931412 
-9.01347204939825 
-9.01752672308718 
-9.021572860796812 
-9.02561048327565 
-9.029639611222013 
-9.033660265284109 
-9.037672466059922 
-9.041676234097682 
-9.04567158989551 
-9.049658553901635 
-9.053637146514399 
-9.057607388082369 
-9.061569298904653 
-9.065522899230368 
-9.069468209259435 
-9.073405249141814 
-9.077334038978451 
-9.081254598820555 
-9.085166948670247 
-9.089071108480502 
-9.092967098154627 
-9.096854937547622 
-9.100734646464652 
-9.10460624466238 
-9.108469751848627 
-9.112325187681769 
-9.116172571772665 
-9.120011923682027 
-9.123843262923087 
-9.127666608959915 
-9.131481981208704 
-9.13528939903681 
-9.139088881763268 
-9.142880448659167 
-9.146664118947255 
-9.150439911802362 
-9.154207846351422 
-9.15796794167308 
-9.161720216798328 
-9.165464690710584 
-9.16920138234561 
-9.172930310591116 
-9.176651494287807 
-9.180364952228595 
-9.184070703159756 
-9.187768765779056 
-9.191459158738255 
-9.195141900641307 
-9.198817010045527 
-9.202484505461147 
-9.206144405351477 
-9.209796728133261 
-9.213441492176468 
-9.217078715804291 
-9.220708417293814 
-9.224330614875315 
-9.227945326732888 
-9.231552571004535 
-9.235152365781738 
-9.23874472911018 
-9.24232967898973 
-9.245907233373819 
-9.24947741017036 
-9.25304022724152 
-9.2565957024041 
-9.260143853428852 
-9.263684698041494 
-9.267218253922028 
-9.2707445387055 
-9.274263569981496 
-9.277775365294694 
-9.281279942144831 
-9.284777317986364 
-9.288267510229218 
-9.291750536238737 
-9.295226413335058 
-9.298695158794406 
-9.302156789847977 
-9.305611323683069 
-9.309058777442461 
-9.312499168224843 
-9.315932513084517 
-9.319358829032442 
-9.322778133034806 
-9.326190442014779 
-9.32959577285133 
-9.332994142379887 
-9.336385567392446 
-9.339770064637616 
-9.343147650820294 
-9.346518342602693 
-9.349882156603295 
-9.35323910939777 
-9.356589217519025 
-9.359932497456805 
-9.363268965658058 
-9.366598638527268 
-9.369921532426227 
-9.373237663673994 
-9.376547048547648 
-9.379849703281659 
-9.383145644068266 
-9.386434887057892 
-9.38971744835831 
-9.39299334403639 
-9.396262590116246 
-9.399525202580513 
-9.402781197370347 
-9.406030590385205 
-9.409273397483267 
-9.412509634481083 
-9.41573931715402 
-9.418962461236548 
-9.422179082421703 
-9.425389196361852 
-9.428592818668228 
-9.431789964911507 
-9.434980650621249 
-9.438164891287276 
-9.441342702357888 
-9.444514099241825 
-9.447679097306903 
-9.450837711881073 
-9.453989958252315 
-9.457135851668022 
-9.460275407336368 
-9.463408640425248 
-9.466535566062657 
-9.46965619933753 
-9.472770555298837 
-9.475878648956478 
-9.478980495280398 
-9.482076109201826 
-9.485165505612875 
-9.488248699366114 
-9.49132570527558 
-9.494396538116021 
-9.49746121262404 
-9.50051974349701 
-9.503572145393841 
-9.506618432935193 
-9.509658620703183 
-9.51269272324143 
-9.515720755055616 
-9.51874273061322 
-9.521758664343851 
-9.524768570638779 
-9.52777246385219 
-9.530770358299742 
-9.533762268259988 
-9.536748207973552 
-9.539728191644272 
-9.542702233438016 
-9.545670347483266 
-9.548632547872021 
-9.55158884865875 
-9.55453926386113 
-9.557483807459766 
-9.560422493398777 
-9.563355335585284 
-9.56628234788992 
-9.569203544147019 
-9.572118938154045 
-9.575028543672868 
-9.577932374428217 
-9.580830444109782 
-9.583722766370078 
-9.58660935482651 
-9.589490223060125 
-9.592365384616613 
-9.595234853005769 
-9.598098641701924 
-9.600956764143856 
-9.603809233735042 
-9.606656063843394 
-9.609497267802057 
-9.612332858908719 
-9.615162850426378 
-9.617987255582625 
-9.620806087570758 
-9.6236193595489 
-9.626427084640687 
-9.629229275935321 
-9.632025946487465 
-9.634817109317233 
-9.637602777410711 
-9.640382963719617 
-9.64315768116167 
-9.64592694262037 
-9.648690760945636 
-9.651449148953137 
-9.65420211942523 
-9.656949685110325 
-9.659691858723265 
-9.66242865294571 
-9.665160080425638 
-9.667886153777758 
-9.670606885583716 
-9.673322288391978 
-9.676032374717966 
-9.678737157044143 
-9.681436647820203 
-9.68413085946295 
-9.686819804356624 
-9.68950349485291 
-9.692181943270736 
-9.694855161896948 
-9.69752316298601 
-9.700185958759795 
-9.70284356140863 
-9.705495983090216 
-9.708143235930589 
-9.710785332023908 
-9.713422283432436 
-9.716054102186593 
-9.718680800285442 
-9.721302389696364 
-9.723918882355235 
-9.726530290166819 
-9.72913662500413 
-9.731737898709387 
-9.734334123093634 
-9.7369253099367 
-9.739511470987612 
-9.742092617964602 
-9.744668762554818 
-9.747239916415193 
-9.749806091171733 
-9.75236729841987 
-9.754923549724918 
-9.75747485662146 
-9.760021230614067 
-9.762562683177038 
-9.76509922575472 
-9.767630869760898 
-9.770157626580167 
-9.772679507566915 
-9.775196524045612 
-9.777708687311103 
-9.780216008629054 
-9.78271849923501 
-9.785216170335266 
-9.787709033106951 
-9.790197098697742 
-9.792680378226148 
-9.79515888278143 
-9.797632623424072 
-9.800101611185635 
-9.80256585706818 
-9.805025372045842 
-9.80748016706347 
-9.809930253037326 
-9.812375640855398 
-9.814816341376881 
-9.817252365432815 
-9.819683723825738 
-9.8221104273301 
-9.824532486692082 
-9.826949912629644 
-9.829362715833403 

 Time 
84557.85015678406 
