Energy 
 
-7.553626240269384 
-9.304150878130994 
-9.95161270696368 
-10.243931194416454 
-10.432451522095294 
-10.548488749234279 
-10.625898406528169 
-10.682506771808269 
-10.724914507355342 
-10.757183374467301 
-10.771620745774094 
-10.778256596045754 
-10.78413344214021 
-10.788786634828806 
-10.792634812640625 
-10.79908872180361 
-10.803017309963405 
-10.81233343524259 
-10.821636231864826 
-10.82978258907012 
-10.836467252540267 
-10.84210928045756 
-10.844760906457113 
-10.847159465930233 
-10.8496987264413 
-10.85238641488853 
-10.855110422432954 
-10.857859387787412 
-10.860698881054926 
-10.86324856411733 
-10.866217512776547 
-10.868736538665242 
-10.871507099584754 
-10.874286458451321 
-10.87869859285997 
-10.882213266883667 
-10.88724884048311 
-10.890885034754923 
-10.894493027817044 
-10.898022118687273 
-10.901568722079766 
-10.905102244414305 
-10.908148037708855 
-10.911927496253254 
-10.915507663006181 
-10.91856434032864 
-10.921582320983216 
-10.92451308140779 
-10.927007990521288 
-10.92955627746149 
-10.931580559022898 
-10.935910468212459 
-10.93877683230399 
-10.9416010039224 
-10.943891907855413 
-10.946142948199295 
-10.948002138298175 
-10.949876364892717 
-10.951765087359242 
-10.953656240305525 
-10.955569536838341 
-10.957515388059681 
-10.959330760654227 
-10.961712899022249 
-10.964136774757847 
-10.966521507340222 
-10.968860111390024 
-10.972396347372687 
-10.97551196452884 
-10.978632918393 
-10.984312193802543 
-10.994179773722585 
-11.007914763406607 
-11.014406513696045 
-11.020476976617207 
-11.02365225963389 
-11.02653501082571 
-11.029506401345776 
-11.032455175255397 
-11.050256882816468 
-11.072198951697445 
-11.11339134087747 
-11.144031659370746 
-11.149700276193546 
-11.151374907690414 
-11.153054112209425 
-11.154833157883521 
-11.156582284995322 
-11.158328225975618 
-11.160067091014437 
-11.161264302790041 
-11.16246543580236 
-11.164026803739066 
-11.165738360593643 
-11.166466035978289 
-11.167195978308456 
-11.167928466353548 
-11.168669579946322 
-11.169418370771005 
-11.170170485686887 
-11.170932224356628 
-11.171696242256665 
-11.17249915149499 
-11.173556522788104 
-11.174400050822271 
-11.175246692141037 
-11.176303716846194 
-11.177351122943232 
-11.17844931423478 
-11.17997634058981 
-11.181341024982087 
-11.18265377044375 
-11.183873311536027 
-11.184863376573395 
-11.18584277213942 
-11.186754205491598 
-11.189101119518837 
-11.190895652352186 
-11.191924981978524 
-11.192958171872165 
-11.193978922769846 
-11.194988794907648 
-11.196280231011578 
-11.197484124719624 
-11.198544382556083 
-11.199568490138567 
-11.200693905502817 
-11.201793095748872 
-11.202853322594551 
-11.20570978053912 
-11.207642700975262 
-11.211419714083291 
-11.213391403114198 
-11.217845599365909 
-11.219052316614995 
-11.22002994114102 
-11.221044735108048 
-11.221988467679337 
-11.22276282892668 
-11.223534349656429 
-11.224365719660947 
-11.2252445730409 
-11.226227049652145 
-11.22720275715354 
-11.228174581926899 
-11.229090205911477 
-11.229980291131543 
-11.230872001776925 
-11.231756707965797 
-11.23263880501165 
-11.233519377677212 
-11.234411247232941 
-11.235289810538434 
-11.236206218096466 
-11.23699446609021 
-11.237782026620275 
-11.238570116792944 
-11.239458081892018 
-11.240283957890796 
-11.24111388911858 
-11.241941388211664 
-11.242816184187896 
-11.243682797700487 
-11.244538840398459 
-11.245497469933529 
-11.246424925408387 
-11.247352379000674 
-11.248288794935076 
-11.249260794829384 
-11.250279937743311 
-11.251915881954922 
-11.252968828923386 
-11.253922484491232 
-11.254859133062283 
-11.25594499636274 
-11.257248097841382 
-11.258454529422227 
-11.259631307494239 
-11.260784366857694 
-11.261953070964532 
-11.263123329339923 
-11.26427053564562 
-11.265255063349384 
-11.266239787416357 
-11.26714653887328 
-11.268052338940825 
-11.268957045011945 
-11.269859463557124 
-11.27089852547879 
-11.271883411586243 
-11.272856649965675 
-11.27374017083554 
-11.274619381445202 
-11.275502695872246 
-11.276376950149103 
-11.277211438802702 
-11.27806764432345 
-11.278923618553012 
-11.279791602338726 
-11.280662850260601 
-11.281553284013786 
-11.282444047147022 
-11.283323264565718 
-11.284190446796007 
-11.285055648700162 
-11.285944530789397 
-11.286851415011034 
-11.287741242097352 
-11.288704486297114 
-11.289885275544338 
-11.291024985329203 
-11.292127865426625 
-11.293211982295816 
-11.29417083170335 
-11.295092722342439 
-11.296006382945997 
-11.296904619584021 
-11.297798366581663 
-11.298688627092215 
-11.299578778612613 
-11.300457425557944 
-11.301333792731272 
-11.302261560569262 
-11.303185643708282 
-11.304143980945305 
-11.305098688744184 
-11.30604544197205 
-11.306965211124705 
-11.307928647589838 
-11.308872023504883 
-11.309817067820127 
-11.310790723815046 
-11.311755430419677 
-11.31272056813711 
-11.313689545392972 
-11.314611161991486 
-11.315534221023269 
-11.316464900422208 
-11.317531129869623 
-11.318566708114492 
-11.319594588930945 
-11.320589813121591 
-11.321580703086363 
-11.322567833303207 
-11.323545702090719 
-11.324518238980486 
-11.32548673513054 
-11.326448392787514 
-11.327412313741643 
-11.328363165031865 
-11.329311168746752 
-11.330255694358673 
-11.33120809394433 
-11.332262221108321 
-11.333307357476603 
-11.334347105862117 
-11.335378187881064 
-11.336384796627826 
-11.33739376794875 
-11.338404446098071 
-11.339413904255515 
-11.34042030181849 
-11.341383467412275 
-11.342319858106219 
-11.343271259870269 
-11.34420215499187 
-11.345128082004836 
-11.346049596503349 
-11.346965258078864 
-11.347907949100087 
-11.348871228547374 
-11.349826992564555 
-11.35076029530802 
-11.351684887286329 
-11.35261038805053 
-11.353530227783658 
-11.354431371125926 
-11.355328039712703 
-11.356233468726657 
-11.357128055190246 
-11.358026872830246 
-11.358922148444773 
-11.359853174681094 
-11.360780568059843 
-11.361702087354924 
-11.362674760316324 
-11.363571726877947 
-11.364509829965325 
-11.36545032937704 
-11.366389742616935 
-11.36732043058912 
-11.36824493043515 
-11.369168079083744 
-11.370086562047106 
-11.370956305103462 
-11.371764125713005 
-11.372569199733281 
-11.373340953953042 
-11.37411461423773 
-11.374883187048795 
-11.375649678468356 
-11.376416770701436 
-11.377179354911247 
-11.377938903386319 
-11.378705097451178 
-11.37947164622677 
-11.380225303437392 
-11.380982858234404 
-11.381733696717328 
-11.382483624763793 
-11.383231831268487 
-11.383949407681104 
-11.384662468346994 
-11.385359156207468 
-11.386055031274688 
-11.386750185800722 
-11.387443255374773 
-11.388131878447545 
-11.388816731132394 
-11.389464377757113 
-11.39010878679173 
-11.39075193533569 
-11.39139557260587 
-11.392035216965283 
-11.392674818662622 
-11.393306234014084 
-11.393938686619974 
-11.39457278110681 
-11.395206545192075 
-11.395839686985523 
-11.39646779890804 
-11.397095733293552 
-11.39772042450856 
-11.398344570590154 
-11.39896803795673 
-11.399591283912015 
-11.400220148532707 
-11.400850463483357 
-11.401477036924337 
-11.402098077327123 
-11.40271886817651 
-11.403339748732975 
-11.403960001190116 
-11.40457831789557 
-11.405195094499677 
-11.405812261422222 
-11.406428563550726 
-11.407046914196389 
-11.407658662885252 
-11.408271030913502 
-11.408882949686287 
-11.40948227885035 
-11.410073371898532 
-11.410663910104281 
-11.411252942875826 
-11.411842143777005 
-11.412428510236188 
-11.413013887906697 
-11.413607553885281 
-11.414198920242963 
-11.41478730811391 
-11.415375805337444 
-11.415964321469037 
-11.416551835542764 
-11.417140728951845 
-11.417728265917074 
-11.418315475332923 
-11.418901838117558 
-11.419484664398228 
-11.42006321067513 
-11.420642877260038 
-11.421218328951342 
-11.42179362447876 
-11.422364450571997 
-11.422931559063112 
-11.423495359236743 
-11.424058701891516 
-11.424621118175393 
-11.425187788089163 
-11.42574839982341 
-11.426308584869036 
-11.426862693481894 
-11.427416557201864 
-11.427970412986273 
-11.428497837021013 
-11.429025582979193 
-11.429552518093221 
-11.430079530092312 
-11.430606481580876 
-11.431121780779957 
-11.431641461124562 
-11.43216024145124 
-11.432676897088552 
-11.433193729711782 
-11.433708759875918 
-11.434223658069344 
-11.434740073159066 
-11.435257956338532 
-11.435775731905943 
-11.436291549792486 
-11.43680776530225 
-11.437325921738543 
-11.437843921993306 
-11.43836177191103 
-11.438887160769356 
-11.439412591147093 
-11.439938557481746 
-11.440470005835092 
-11.441001121620612 
-11.441533579893061 
-11.442065496979003 
-11.442600265861827 
-11.44313693722053 
-11.443673792971673 
-11.444209837456267 
-11.444744802108426 
-11.445277290329996 
-11.445809605898678 
-11.446341433217414 
-11.446873146849049 
-11.447402376539518 
-11.447932043586977 
-11.44846160210591 
-11.448991157126429 
-11.449517816302345 
-11.45004345559199 
-11.450567588092062 
-11.451091346306441 
-11.451616356897912 
-11.452136862999225 
-11.452660821247644 
-11.453184951367842 
-11.45370827201758 
-11.454231740952892 
-11.454754955973417 
-11.45527812964573 
-11.455801568835506 
-11.456324591369999 
-11.456848792491469 
-11.45737274817235 
-11.457895877321286 
-11.458419880561156 
-11.458943379874704 
-11.45946668183459 
-11.459990771625604 
-11.460514589296006 
-11.46103691936737 
-11.461559341997447 
-11.4620819109588 
-11.462604371596656 
-11.463128515228771 
-11.46365268296744 
-11.464176513021382 
-11.464699868296645 
-11.465222896492133 
-11.465745035144554 
-11.466267170566244 
-11.466788672616591 
-11.467303875202639 
-11.467819577547335 
-11.468334975573327 
-11.468850900756241 
-11.469367855106457 
-11.469884998932201 
-11.470403143932886 
-11.47092175321004 
-11.47144024580141 
-11.47195792205306 
-11.47247854348393 
-11.472998708160418 
-11.473522024952164 
-11.474044602401985 
-11.47456799224769 
-11.475090409643093 
-11.475619555594402 
-11.4761482993822 
-11.476676488018212 
-11.477201254632297 
-11.47772602318312 
-11.478247985904444 
-11.478768856263766 
-11.479289251113372 
-11.47980936677395 
-11.480329026615227 
-11.48084832012762 
-11.481363751168836 
-11.481863563567899 
-11.482364007159449 
-11.482865393426477 
-11.48336635940603 
-11.483866304399916 
-11.484363089534646 
-11.484860006780659 
-11.48535514690565 
-11.485843546981597 
-11.486327484613266 
-11.486810832152084 
-11.487293784447765 
-11.487774005348085 
-11.488253854933147 

 Time 
105989.65389370918 
