Energy 
 
-2.0597577698762626 
-6.394050433033854 
-7.5034328666076675 
-7.948192809951325 
-8.154515207232308 
-8.255272829460887 
-8.311470234714925 
-8.334921223977657 
-8.350738715525749 
-8.360410896676562 
-8.377921629529194 
-8.389597858586686 
-8.402282788301411 
-8.4096122782279 
-8.415012055781649 
-8.42490497477051 
-8.431690846070977 
-8.434816547039134 
-8.437965245567984 
-8.441665391353315 
-8.445455982617474 
-8.449041531442484 
-8.45344417682423 
-8.474037553725367 
-8.478059026532424 
-8.482369316313184 
-8.486746225051226 
-8.491337462831751 
-8.495724006558415 
-8.500126563668953 
-8.504434772537806 
-8.50870989763278 
-8.513034484820391 
-8.518811910994927 
-8.523642637006798 
-8.528681498012553 
-8.532674488077209 
-8.536767885452068 
-8.54097425525487 
-8.54523262527085 
-8.548786910011476 
-8.552385058043505 
-8.556533037427299 
-8.561113082783315 
-8.565205701612513 
-8.569354857346422 
-8.572788724738238 
-8.576765521492538 
-8.581547332468237 
-8.585657957580771 
-8.588891000682587 
-8.594288419569114 
-8.600664081794415 
-8.606349426299879 
-8.610621608288412 
-8.614750544376694 
-8.618430286662143 
-8.621775596255052 
-8.62566423867397 
-8.629396569114295 
-8.63311482776643 
-8.637473893173336 
-8.644124989752706 
-8.656276075475475 
-8.66203761714106 
-8.668515549029257 
-8.676908120475078 
-8.684867396830427 
-8.693399670263988 
-8.700279691133456 
-8.706585447729616 
-8.713108994714457 
-8.720133733694782 
-8.726469243957016 
-8.732859587958352 
-8.736904968298141 
-8.741675142898814 
-8.745823638729911 
-8.75110916818657 
-8.756169579684663 
-8.763681431790939 
-8.769852169919695 
-8.774110775762658 
-8.778199416949668 
-8.78174717376164 
-8.785319936359784 
-8.788736031671839 
-8.79216984682793 
-8.795663324145398 
-8.799179679609267 
-8.802748758578998 
-8.806350086938252 
-8.810039478964919 
-8.813928350199573 
-8.817578006871955 
-8.821335058915956 
-8.825010041976405 
-8.828559042349369 
-8.832045452322136 
-8.835647176543102 
-8.83950733379244 
-8.842565800359196 
-8.845577009699138 
-8.848598212223562 
-8.85181391948997 
-8.854995328739928 
-8.858334560319935 
-8.86165947957993 
-8.865072241617707 
-8.868515026586312 
-8.872134442884867 
-8.875729063499033 
-8.879211219372637 
-8.882671963751385 
-8.886183682862427 
-8.889860248284057 
-8.893412378948824 
-8.896979019229718 
-8.900639522058363 
-8.90426544566099 
-8.907895534222323 
-8.911362176215267 
-8.914837962354962 
-8.918314454346623 
-8.921447527806535 
-8.92456773130904 
-8.927683183544884 
-8.930888770176082 
-8.934067852313923 
-8.93728168107798 
-8.940676058798388 
-8.944067384312776 
-8.947390757579718 
-8.951171555299744 
-8.9559919476959 
-8.959945617290547 
-8.964014185186407 
-8.967988677299559 
-8.971925109361212 
-8.975994299777952 
-8.980456704448779 
-8.984167478493152 
-8.990766811112405 
-8.99668245678594 
-9.000344533308946 
-9.003695204857433 
-9.006996021468243 
-9.010296340320966 
-9.013579330168078 
-9.016844022387055 
-9.021271513943839 
-9.029389166652631 
-9.045417286214336 
-9.058904112037897 
-9.06286904960319 
-9.066910738002136 
-9.070667962914289 
-9.074433898495684 
-9.078285096848138 
-9.082160200930725 
-9.086142264580806 
-9.090108186988811 
-9.094029955787587 
-9.09793043153666 
-9.10166221320079 
-9.105360648284966 
-9.109048894815743 
-9.112499487490192 
-9.116048454394779 
-9.119721077705538 
-9.123428454181354 
-9.127120890592266 
-9.130821847974953 
-9.134505342197588 
-9.138126309045028 
-9.14181686022436 
-9.145482861070484 
-9.148946323343555 
-9.152409133231496 
-9.155878895699527 
-9.159418407972652 
-9.162938189202354 
-9.166447253196154 
-9.169935419700277 
-9.173406596964035 
-9.176573542096005 
-9.179734689182883 
-9.182879141609009 
-9.186115834626815 
-9.189300226491067 
-9.192534456170709 
-9.195764615566283 
-9.199034178503398 
-9.202248587523467 
-9.205492507291744 
-9.208722923400384 
-9.212048147585891 
-9.21536743436888 
-9.218661989733764 
-9.221948677812293 
-9.225225157308834 
-9.22844506991644 
-9.231645587913968 
-9.234845811691848 
-9.23804452702317 
-9.241176692191248 
-9.244296976790944 
-9.24741729488515 
-9.250536323646305 
-9.253641780477318 
-9.256698328124134 
-9.259766786993476 
-9.262835138762831 
-9.265879271680703 
-9.268847008999312 
-9.271809315621498 
-9.274793609418637 
-9.27776672389082 
-9.280762580039035 
-9.283757312435066 
-9.286720309726967 
-9.289472485341282 
-9.292204641568034 
-9.29493934533387 
-9.29767665273257 
-9.30038807270929 
-9.303100055356428 
-9.305811598250827 
-9.30836611730271 
-9.310922800764946 
-9.313403905896935 
-9.315893234016102 
-9.318320293226382 
-9.320729800957979 
-9.323122674476114 
-9.32551720670222 
-9.327913475915588 
-9.330309582842393 
-9.332708021304896 
-9.335141337471143 
-9.337574984481392 
-9.34001964378536 
-9.342464828725909 
-9.344907914498375 
-9.34735038596482 
-9.349785204321378 
-9.352221867871748 
-9.354665358725287 
-9.35709402296932 
-9.359527604169283 
-9.361966644302198 
-9.364349512383203 
-9.36673977587849 
-9.369131724685284 
-9.371525298501695 
-9.373923066241137 
-9.376310567395942 
-9.378693205599976 
-9.381077595775945 
-9.383460459427848 
-9.385845712773168 
-9.38822425360051 
-9.390604794402321 
-9.392973510337562 
-9.395343280773632 
-9.397713625639513 
-9.40000017644987 
-9.402291681596305 
-9.404585358355032 
-9.406875516657934 
-9.409136198285246 
-9.411400524390682 
-9.41366802526848 
-9.415919220193171 
-9.418167930048666 
-9.420419502009906 
-9.422681435249007 
-9.424942303428836 
-9.4272053833159 
-9.429462463424528 
-9.43172084857487 
-9.433980812680398 
-9.436209007118997 
-9.438442985856042 
-9.440679428421047 
-9.442920351972415 
-9.445160399216796 
-9.447408420964756 
-9.449657537237352 
-9.4519084084389 
-9.454147185046711 
-9.456393814267031 
-9.45864195924771 
-9.460889937320085 
-9.463127234257549 
-9.465352720590463 
-9.467578002454937 
-9.469802607606429 
-9.4720284332538 
-9.474251088134082 
-9.476481810743994 
-9.478713536894091 
-9.480955450703807 
-9.483199334322697 
-9.485430204922249 
-9.487669378708652 
-9.489908575463533 
-9.492159983437741 
-9.494412531798956 
-9.496671432101287 
-9.498932266645092 
-9.50119597894043 
-9.50342690019936 
-9.50566850569239 
-9.507864487416448 
-9.510059273252116 
-9.512244213319798 
-9.514430510591854 
-9.516609136980474 
-9.518785293884065 
-9.520954679246646 
-9.523125479747582 
-9.525297098151805 
-9.52745667669593 
-9.529614999143092 
-9.531774172855421 
-9.53394744597842 
-9.536121840238769 
-9.538296910903853 
-9.540472170725662 
-9.542650343300807 
-9.544829833931503 
-9.546990388874445 
-9.549093372230356 
-9.55120121228101 
-9.553309702928189 
-9.555392665550421 
-9.557476748608687 
-9.55956162204192 
-9.561637609512015 
-9.563709630803734 
-9.565778667120245 
-9.567845626417608 
-9.56991535666619 
-9.57198245056555 
-9.574051241372151 
-9.576116296699357 
-9.578183416175438 
-9.580251190910248 
-9.582319594433507 
-9.584372878549264 
-9.58642729136592 
-9.588484597793848 
-9.590541867933565 
-9.592595937853318 
-9.594654626522667 
-9.596713828425244 
-9.598773805842193 
-9.600826726731139 
-9.602879915497269 
-9.60493166928871 
-9.606975572891624 
-9.609023203851754 
-9.611069632078383 
-9.613120432621647 
-9.615173843928371 
-9.61722824334003 
-9.619281107544335 
-9.62132856654025 
-9.623375997428367 
-9.62540286876298 
-9.627432264918905 
-9.629461910225624 
-9.6314940855698 
-9.633526852660538 
-9.635560124282225 
-9.637580245233515 
-9.639606736328695 
-9.641633045821788 
-9.643659416500146 
-9.64568590234419 
-9.64769529247907 
-9.649703380174977 
-9.651706416511386 
-9.653705837891499 
-9.655721190340262 
-9.657738604939489 
-9.659755932150588 
-9.661773500487119 
-9.663785919531302 
-9.665798055761758 
-9.667804960845896 
-9.66981384901083 
-9.67182103645418 
-9.67378701036671 
-9.675754446970505 
-9.67772172474325 
-9.679685312967862 
-9.681646488894494 
-9.683607475620358 
-9.6855682308858 
-9.68752834971194 
-9.68949539063782 
-9.691463744436648 
-9.693431380010123 
-9.695402841969852 
-9.697372687153436 
-9.699341755567453 
-9.701309238402557 
-9.703279177082058 
-9.705248762280355 
-9.707221822686188 
-9.709201581497435 
-9.711181661903826 
-9.713135204955977 
-9.71508857861139 
-9.717042177127377 
-9.718996132069812 
-9.720948637475663 
-9.722902656042375 
-9.724863508149584 
-9.726823858702105 
-9.728783412367154 
-9.730740367402475 
-9.73269330192127 
-9.734646251443523 
-9.736599649209005 
-9.738553266652588 
-9.740508238288076 
-9.74246253223254 
-9.744400871241798 
-9.746342066763757 
-9.748285162861858 
-9.75022730478531 
-9.752167758019473 
-9.754110574446853 
-9.756052459157239 
-9.757993533786486 
-9.759931595996314 
-9.761847663735944 
-9.763762598604522 
-9.76567660117789 
-9.76758951521037 
-9.769501529046092 
-9.771417535316909 
-9.773334832741927 
-9.775247162804684 
-9.777158431703803 
-9.779068827058278 
-9.780978222923913 
-9.782886172663169 
-9.784795186918318 
-9.786683467446366 
-9.78857801772139 
-9.790469524644186 
-9.792364751571672 
-9.794264180015189 
-9.796164544167414 
-9.7980638177669 
-9.79996222257806 
-9.801859865655384 
-9.803756910643832 
-9.805651882521175 
-9.80754586034612 
-9.809419875178497 
-9.81129912482248 
-9.813177006192007 
-9.815053034845544 
-9.81692957186613 
-9.818804988983239 
-9.820677278833871 
-9.822558132371688 
-9.824439130715444 
-9.82632057050681 
-9.828204903400716 
-9.830088145344266 
-9.83195347062327 
-9.833811014737206 
-9.835668546420813 
-9.837522192642368 
-9.839374716050843 
-9.841226777765822 
-9.843084218704883 
-9.844936340296824 
-9.846788117346428 
-9.848640038322975 
-9.850484972340558 
-9.852340528611409 
-9.854195177473514 
-9.85604881227536 
-9.857894472285153 
-9.859737979440848 
-9.861581386838308 
-9.86342380366058 
-9.86526565205131 
-9.867095552817805 
-9.868921314074978 
-9.870745351503423 
-9.872567355992173 
-9.874387417329165 

 Time 
28772.913273096085 
