Parameters 
 
[-0.5 -0.5 -0.5 -0.5 -0.5 -0.5 -0.5 -0.5 -0.5 -0.5 -0.5 -0.5 -0.5 -0.5
 -0.5 -0.5 -0.5 -0.5 -0.5 -0.5 -0.5 -0.5 -0.5 -0.5 -0.5 -0.5 -0.5 -0.5
 -0.5 -0.5 -0.5 -0.5 -0.5 -0.5 -0.5 -0.5 -0.5 -0.5 -0.5 -0.5 -0.5 -0.5
 -0.5 -0.5 -0.5 -0.5 -0.5 -0.5] 
[-0.76575004 -0.71146178 -0.76372807 -0.70179216 -0.67452598 -0.68146393
 -0.62959858 -0.64203643 -0.59499769 -0.54964716 -0.60522428 -0.38546958
 -0.41508128 -0.43134574 -0.42829518 -0.46185892 -0.46422617 -0.49746148
 -0.40610264 -0.40770259 -0.44026454 -0.44149675 -0.41892607 -0.55419992
 -0.35365322 -0.3294348  -0.3431642  -0.32434661 -0.33492032 -0.40622376
 -0.38320926 -0.39035572 -0.36576106 -0.43328905 -0.32305441 -0.41545022
 -0.55506426 -0.49017937 -0.48766882 -0.48546561 -0.48353211 -0.54385943
 -0.44918836 -0.44788156 -0.50875887 -0.47688616 -0.50686921 -0.53915537] 
[-9.08121705e-01 -8.02896766e-01 -8.85747610e-01 -7.88936523e-01
 -7.49959939e-01 -7.53019593e-01 -6.96759420e-01 -7.21077216e-01
 -6.60170400e-01 -5.84898944e-01 -6.52604366e-01 -3.21051733e-01
 -3.36815785e-01 -3.70989220e-01 -3.35229856e+03 -4.19234071e-01
 -4.23511370e-01 -4.71480049e-01 -3.41983352e-01 -3.49057077e-01
 -3.61286755e-01  3.35151374e+03 -3.70831745e-01 -5.78108647e-01
 -2.62260682e-01 -2.62885047e-01 -2.85026410e-01 -2.67667280e-01
 -2.83129794e-01 -3.67954646e-01 -3.33048677e-01 -3.40172590e-01
 -3.23246968e-01 -3.94349688e-01 -2.47450385e-01 -3.25657530e-01
 -5.47774348e-01 -4.54040333e-01 -4.53103215e-01 -4.65207636e-01
 -4.63582761e-01 -5.54506167e-01 -4.03888344e-01 -4.05038492e-01
 -4.94612175e-01 -4.64844576e-01 -4.98478142e-01 -5.53900863e-01] 
[-9.40065763e-01 -8.21247754e-01 -8.73459496e-01 -7.83216024e-01
 -8.37330809e-01 -7.63031321e-01 -7.11405806e-01 -7.06552306e-01
 -7.07741276e-01 -5.37083318e-01 -5.92487228e-01 -3.09165436e-01
 -3.18446315e-01 -4.00418150e-01 -3.35313894e+03 -4.01286411e-01
 -3.49357058e-01 -4.17168290e-01 -3.15589818e-01 -2.68930133e-01
 -2.21923425e-01  3.35232003e+03 -3.97925934e-01 -6.26024330e-01
 -1.60109457e-01 -2.93209265e-01 -3.10201601e-01 -1.61731566e-01
 -2.13418056e-01 -3.15027813e-01 -2.71983661e-01 -3.91037341e-01
 -2.39312934e-01 -4.31679031e-01 -2.28086707e-01 -9.75913114e-02
 -5.74599995e-01 -5.30707751e-01 -5.17579908e-01 -4.81752630e-01
 -3.78730608e-01 -6.37402629e-01 -4.10412017e-01 -3.90808752e-01
 -5.50690994e-01 -5.13157511e-01 -5.80695629e-01 -5.06990818e-01] 
[-9.34102249e-01 -8.43111698e-01 -9.00960682e-01 -8.10213819e-01
 -9.21771341e-01 -7.60327390e-01 -7.24673393e-01 -6.88455553e-01
 -7.53431312e-01 -4.99150616e-01 -5.46338589e-01 -2.98138911e-01
 -3.05793365e-01 -4.21103372e-01 -3.35400242e+03 -3.79658491e-01
 -2.89731011e-01 -3.70926816e-01 -3.01555619e-01 -1.97881359e-01
 -1.93692643e-01  3.35314399e+03 -4.30303914e-01 -6.68578095e-01
 -8.58066135e-02 -3.39170729e-01 -3.40744732e-01 -7.55819037e-02
 -1.58049561e-01 -2.66867913e-01 -2.18356387e-01 -4.46731383e-01
 -1.61761625e-01 -4.62004329e-01 -2.30059224e-01  2.22861672e-02
 -5.91712332e-01 -5.82923252e-01 -5.85771389e-01 -4.99870499e-01
 -3.01605461e-01 -7.22199459e-01 -4.23764293e-01 -3.80354584e-01
 -6.02601363e-01 -5.64181923e-01 -6.63253699e-01 -4.61460355e-01] 
[-9.26868363e-01 -8.22929499e-01 -1.09030437e+00 -9.46261780e-01
 -9.99523955e-01 -8.14941352e-01 -8.41494172e-01 -6.87419039e-01
 -7.19835599e-01 -4.28687228e-01 -4.68290157e-01 -2.53304458e-01
 -4.16021357e-01 -4.74857821e-01 -3.35492392e+03 -2.72034724e-01
 -3.11909056e-01 -3.22544817e-01 -3.60314793e-01 -1.82361689e-01
 -1.56776099e-01  3.35402116e+03 -4.12330156e-01 -7.44451923e-01
  1.82236547e-02 -4.58067498e-01 -3.20688581e-01  5.64782773e-03
 -4.24384339e-02 -3.04901936e-01 -2.10594830e-01 -4.74877274e-01
 -1.05225025e-01 -4.62925517e-01 -2.94611403e-01  1.41499529e-01
 -5.85399301e-01 -7.10818007e-01 -7.05949374e-01 -5.57726007e-01
 -2.39911155e-01 -8.99813975e-01 -4.15010492e-01 -2.67002097e-01
 -6.13229527e-01 -5.84438600e-01 -7.42303294e-01 -3.70483429e-01] 
[-9.28090209e-01 -8.31645696e-01 -1.18536370e+00 -1.01940444e+00
 -1.05761644e+00 -8.32549459e-01 -8.87531954e-01 -6.92236546e-01
 -7.08921382e-01 -4.20602455e-01 -4.37569428e-01 -2.14246968e-01
 -4.70476512e-01 -4.73860250e-01 -3.35528727e+03 -2.20988334e-01
 -3.27993605e-01 -2.84317427e-01 -3.93667752e-01 -1.65793301e-01
 -1.50228611e-01  3.35441021e+03 -3.79773075e-01 -7.71566753e-01
  5.78428189e-02 -4.84389253e-01 -3.25103614e-01  2.69040252e-02
 -1.27369470e-03 -3.04246420e-01 -2.10675434e-01 -4.60343092e-01
 -9.24578607e-02 -4.78928145e-01 -3.26660876e-01  1.81767657e-01
 -5.71760545e-01 -7.47331772e-01 -7.52572139e-01 -5.62173923e-01
 -1.96152326e-01 -9.93185582e-01 -3.86940132e-01 -2.09271083e-01
 -6.25572193e-01 -6.09152258e-01 -7.73059854e-01 -3.33778473e-01] 
[-9.39868507e-01 -8.57774674e-01 -1.27812665e+00 -1.07028613e+00
 -1.12698870e+00 -8.35523968e-01 -9.37719444e-01 -7.14198539e-01
 -7.16368513e-01 -4.28183700e-01 -4.34143414e-01 -1.60957099e-01
 -5.32106400e-01 -4.88143606e-01 -3.35561699e+03 -1.63597980e-01
 -3.35903454e-01 -2.43646353e-01 -4.17339166e-01 -1.28201056e-01
 -1.38591474e-01  3.35476332e+03 -3.39670418e-01 -8.11670002e-01
  9.39611097e-02 -5.16433292e-01 -3.14506419e-01  5.47729128e-02
  2.94444117e-02 -3.18176018e-01 -2.25869343e-01 -4.42059663e-01
 -9.15694429e-02 -5.09835019e-01 -3.73590378e-01  2.05701094e-01
 -5.50081500e-01 -7.68705005e-01 -7.75098884e-01 -5.80490617e-01
 -1.57716107e-01 -1.06952592e+00 -3.71431824e-01 -1.44399517e-01
 -6.56379146e-01 -6.24798616e-01 -8.04555041e-01 -3.08508079e-01] 
[-9.41349639e-01 -8.57780206e-01 -1.29227293e+00 -1.08845849e+00
 -1.14475587e+00 -8.34103064e-01 -9.43470298e-01 -7.33099894e-01
 -7.21044888e-01 -4.41281401e-01 -4.28871728e-01 -1.50913825e-01
 -5.31575298e-01 -4.64776267e-01 -3.35563583e+03 -1.45127235e-01
 -3.35543764e-01 -2.35399480e-01 -4.05860581e-01 -1.20736668e-01
 -1.35493500e-01  3.35480663e+03 -3.39393408e-01 -8.29185720e-01
  1.16029869e-01 -4.97302772e-01 -3.02011726e-01  5.57647911e-02
  3.75498884e-02 -3.16616988e-01 -2.12216011e-01 -4.32811948e-01
 -8.69257670e-02 -5.09558472e-01 -3.72391340e-01  2.09662925e-01
 -5.37681220e-01 -7.68133731e-01 -7.79592863e-01 -5.75145612e-01
 -1.35293975e-01 -1.07433613e+00 -3.53392805e-01 -1.23915999e-01
 -6.53756277e-01 -6.38156856e-01 -8.11103343e-01 -3.03022201e-01] 
[-9.39496912e-01 -8.60910741e-01 -1.30325501e+00 -1.10022212e+00
 -1.15912520e+00 -8.30749435e-01 -9.50315001e-01 -7.52742204e-01
 -7.25131295e-01 -4.49286268e-01 -4.26495793e-01 -1.44146865e-01
 -5.33835705e-01 -4.45197587e-01 -3.35565044e+03 -1.31718162e-01
 -3.35402247e-01 -2.25790174e-01 -3.89897771e-01 -1.15357503e-01
 -1.34018775e-01  3.35484471e+03 -3.42102070e-01 -8.41461440e-01
  1.31575394e-01 -4.79400386e-01 -2.94845784e-01  5.75627913e-02
  4.85681158e-02 -3.13054333e-01 -1.97118591e-01 -4.22220084e-01
 -8.42664956e-02 -5.07922872e-01 -3.68902476e-01  2.12558913e-01
 -5.21863322e-01 -7.73751347e-01 -7.86651044e-01 -5.72632648e-01
 -1.18535942e-01 -1.08093997e+00 -3.40123365e-01 -1.05958012e-01
 -6.56884526e-01 -6.45118245e-01 -8.14819856e-01 -2.98025247e-01] 
[-9.32604904e-01 -8.67268561e-01 -1.31455038e+00 -1.10830477e+00
 -1.17106488e+00 -8.28270563e-01 -9.60059039e-01 -7.67297428e-01
 -7.28835662e-01 -4.55741841e-01 -4.23498045e-01 -1.37332482e-01
 -5.35238761e-01 -4.27801916e-01 -3.35566798e+03 -1.21070030e-01
 -3.36370868e-01 -2.15113833e-01 -3.76851175e-01 -1.10774406e-01
 -1.31609905e-01  3.35487876e+03 -3.45077100e-01 -8.55633241e-01
  1.43089328e-01 -4.67787600e-01 -2.86612350e-01  5.33739787e-02
  5.82573294e-02 -3.09047690e-01 -1.82009189e-01 -4.11383225e-01
 -8.15722352e-02 -5.09572033e-01 -3.64864910e-01  2.11801590e-01
 -5.07784323e-01 -7.77618620e-01 -7.95486582e-01 -5.67667569e-01
 -1.06035633e-01 -1.08456117e+00 -3.30512244e-01 -8.90795535e-02
 -6.60210361e-01 -6.52746455e-01 -8.19128243e-01 -2.89880279e-01] 
[-9.28567458e-01 -8.81743568e-01 -1.31583974e+00 -1.12319739e+00
 -1.18218267e+00 -8.36085718e-01 -9.60928393e-01 -7.71030390e-01
 -7.31539574e-01 -4.63885090e-01 -4.19927801e-01 -1.34761165e-01
 -5.16162202e-01 -4.18090892e-01 -3.35562913e+03 -1.24108314e-01
 -3.24658203e-01 -2.20865937e-01 -3.69802908e-01 -1.04775486e-01
 -1.31615929e-01  3.35485843e+03 -3.36199287e-01 -8.66639819e-01
  1.52205047e-01 -4.49799513e-01 -2.93418633e-01  5.38722171e-02
  5.81284517e-02 -2.96926710e-01 -1.73370860e-01 -4.04103081e-01
 -7.15841919e-02 -4.93159094e-01 -3.53614339e-01  2.07678350e-01
 -4.96838702e-01 -7.77168104e-01 -7.92284769e-01 -5.53360791e-01
 -1.03104834e-01 -1.07870814e+00 -3.19024377e-01 -8.21527342e-02
 -6.49975213e-01 -6.52716463e-01 -8.11205147e-01 -2.91288542e-01] 
[-9.24076393e-01 -9.08634536e-01 -1.31431604e+00 -1.15143586e+00
 -1.18901067e+00 -8.54194012e-01 -9.49283911e-01 -7.56821051e-01
 -7.33759963e-01 -4.72812182e-01 -4.11567495e-01 -1.35757203e-01
 -4.72513412e-01 -4.21960928e-01 -3.35551970e+03 -1.45659299e-01
 -2.97818581e-01 -2.49682681e-01 -3.65036979e-01 -9.82016828e-02
 -1.37746603e-01  3.35477408e+03 -3.10376192e-01 -8.76092398e-01
  1.52408948e-01 -4.21715933e-01 -3.17619375e-01  6.43223132e-02
  4.39019111e-02 -2.69912575e-01 -1.77298016e-01 -4.13065186e-01
 -6.14207058e-02 -4.54045959e-01 -3.36870091e-01  2.01423018e-01
 -4.90183293e-01 -7.69185695e-01 -7.77515670e-01 -5.23259232e-01
 -1.16122657e-01 -1.05673227e+00 -3.06743390e-01 -8.63702605e-02
 -6.22510941e-01 -6.39148932e-01 -7.82678165e-01 -3.07335289e-01] 
[-9.22299678e-01 -9.25085272e-01 -1.32010861e+00 -1.17003835e+00
 -1.19578141e+00 -8.62759864e-01 -9.50024272e-01 -7.54249885e-01
 -7.36825394e-01 -4.76597538e-01 -4.06276738e-01 -1.34400020e-01
 -4.46244849e-01 -4.15146286e-01 -3.35547132e+03 -1.53249069e-01
 -2.87813002e-01 -2.60780380e-01 -3.55243152e-01 -9.87061728e-02
 -1.38813168e-01  3.35474481e+03 -2.99652602e-01 -8.91981864e-01
  1.58949464e-01 -4.01039324e-01 -3.21775230e-01  6.88096976e-02
  4.06525979e-02 -2.51615903e-01 -1.75698864e-01 -4.13546822e-01
 -6.01548363e-02 -4.39728034e-01 -3.28585190e-01  2.03352218e-01
 -4.83990133e-01 -7.69071566e-01 -7.70812148e-01 -5.04430311e-01
 -1.19399800e-01 -1.05375975e+00 -3.00074549e-01 -8.68824621e-02
 -6.12287931e-01 -6.34831573e-01 -7.72407462e-01 -3.16084666e-01] 
[-9.22484058e-01 -9.28279833e-01 -1.31831252e+00 -1.17846230e+00
 -1.20752585e+00 -8.67273304e-01 -9.50660654e-01 -7.52725989e-01
 -7.40533842e-01 -4.72350301e-01 -3.97851690e-01 -1.35940426e-01
 -4.33304522e-01 -4.10297685e-01 -3.35544690e+03 -1.64666488e-01
 -2.79426470e-01 -2.52481879e-01 -3.49541185e-01 -8.99008509e-02
 -1.25921449e-01  3.35472462e+03 -2.89049816e-01 -8.95829671e-01
  1.70622854e-01 -3.82800811e-01 -3.18898880e-01  6.91480479e-02
  4.30988282e-02 -2.48631079e-01 -1.82966185e-01 -4.20183248e-01
 -5.45581907e-02 -4.26165648e-01 -3.20361579e-01  2.01433409e-01
 -4.83928206e-01 -7.77788319e-01 -7.61256751e-01 -4.89128777e-01
 -1.27639440e-01 -1.05922801e+00 -3.02542077e-01 -9.19001543e-02
 -6.06822173e-01 -6.39360669e-01 -7.65524731e-01 -3.17306450e-01] 
[-9.30433422e-01 -9.30795867e-01 -1.31225622e+00 -1.18622380e+00
 -1.22386266e+00 -8.69262583e-01 -9.48150926e-01 -7.49608064e-01
 -7.43433854e-01 -4.67470258e-01 -3.90241130e-01 -1.40662874e-01
 -4.19652753e-01 -4.11188603e-01 -3.35541459e+03 -1.83592218e-01
 -2.68800458e-01 -2.47194682e-01 -3.46863690e-01 -8.33093712e-02
 -1.10694654e-01  3.35469047e+03 -2.73207766e-01 -9.03622332e-01
  1.78574345e-01 -3.60489625e-01 -3.17832957e-01  6.73160902e-02
  4.55098181e-02 -2.47526384e-01 -1.90929202e-01 -4.31510852e-01
 -5.04713697e-02 -4.08089947e-01 -3.08927042e-01  1.96166226e-01
 -4.91223870e-01 -7.89786240e-01 -7.44202769e-01 -4.69642085e-01
 -1.40862010e-01 -1.06897235e+00 -3.09832617e-01 -1.05961360e-01
 -5.95313125e-01 -6.39934362e-01 -7.60088939e-01 -3.18624291e-01] 
[-9.33315196e-01 -9.30386608e-01 -1.31292911e+00 -1.19157542e+00
 -1.23423887e+00 -8.67211911e-01 -9.48101674e-01 -7.51474173e-01
 -7.44064705e-01 -4.69678011e-01 -3.88134660e-01 -1.42590493e-01
 -4.12021140e-01 -4.08719572e-01 -3.35540150e+03 -1.86803506e-01
 -2.62520641e-01 -2.43869986e-01 -3.44065749e-01 -8.14172436e-02
 -1.06384099e-01  3.35468198e+03 -2.66974880e-01 -9.07349108e-01
  1.84393081e-01 -3.50209347e-01 -3.17368617e-01  6.26108370e-02
  4.84959224e-02 -2.46217981e-01 -1.92297147e-01 -4.36508335e-01
 -4.75852897e-02 -4.00611194e-01 -3.01171894e-01  1.92961710e-01
 -4.89463250e-01 -7.95523999e-01 -7.36855970e-01 -4.58510579e-01
 -1.44571487e-01 -1.07183817e+00 -3.12479785e-01 -1.05972034e-01
 -5.93794076e-01 -6.43222987e-01 -7.55112469e-01 -3.16050830e-01] 
