Energy 
 
-7.184972924030779 
-10.660326093328676 
-11.541454824980622 
-11.997365538855078 
-12.273755769132997 
-12.419952652170215 
-12.507084033803567 
-12.546284814820329 
-12.573163507489667 
-12.595136820132673 
-12.60463468050404 
-12.608652335646093 
-12.612016147822349 
-12.615297690623805 
-12.617562322064565 
-12.619944717959925 
-12.62238467008358 
-12.624828513678167 
-12.62704562486283 
-12.629283682745951 
-12.631660172257114 
-12.63410075547255 
-12.640781897141224 
-12.64490545356798 
-12.649856335437892 
-12.653275037723724 
-12.656741277748019 
-12.65991746321799 
-12.663178924350975 
-12.6664149907308 
-12.669988549520681 
-12.673701881082309 
-12.677433378419277 
-12.680921222614703 
-12.68488678007617 
-12.68756137903344 
-12.690075222495487 
-12.69263688319013 
-12.695530314447932 
-12.699471388210245 
-12.702842598505487 
-12.706503871567904 
-12.710394816353165 
-12.714319282761178 
-12.719382226718546 
-12.726383921080364 
-12.73292475441436 
-12.739322204319468 
-12.745741971083088 
-12.751339075890954 
-12.758745400081784 
-12.766420502923143 
-12.7734903335947 
-12.780383031555616 
-12.787422399662429 
-12.793215854575038 
-12.798992758244555 
-12.804804541951176 
-12.820817886648346 
-12.839878571974891 
-12.854450475023118 
-12.859973351530623 
-12.865608201531758 
-12.871892243003881 
-12.878172377391454 
-12.88442208875989 
-12.894337885393742 
-12.903683967330172 
-12.912336184434112 
-12.920942735930891 
-12.929950104347387 
-12.9384450789671 
-12.94448292358978 
-12.950743265462268 
-12.95701386045966 
-12.974480866291877 
-12.981340929308185 
-12.986452351219647 
-12.991787150749175 
-12.99749570722329 
-13.002604191320941 
-13.007765261212318 
-13.012634239783857 
-13.017459842505584 
-13.022212985375162 
-13.03333803183317 
-13.039915012489043 
-13.047149803810477 
-13.0547829604095 
-13.062911100780909 
-13.083094526790404 
-13.10055091895056 
-13.113767715679398 
-13.122751816066412 
-13.13076407113699 
-13.139301668431042 
-13.153475977842785 
-13.165892426107344 
-13.175853595396035 
-13.184201808712956 
-13.190472735588235 
-13.1966199974163 
-13.20217971043354 
-13.207376701046604 
-13.21410964900797 
-13.22020378042249 
-13.225801176194414 
-13.230722389017696 
-13.23558020544431 
-13.240371201438675 
-13.24524206669433 
-13.249998176762238 
-13.25499853712773 
-13.261868844155124 
-13.271386164008504 
-13.277789768884244 
-13.283995680979976 
-13.289420406934845 
-13.295073677713406 
-13.300389332731928 
-13.30544989688514 
-13.310305098642644 
-13.315030636601808 
-13.319641637194247 
-13.324216006912138 
-13.328815285361301 
-13.333383419907776 
-13.337739963936436 
-13.344428858494274 
-13.34986147597424 
-13.354978711460475 
-13.360026225698762 
-13.365330765297497 
-13.370588188901088 
-13.37537632758196 
-13.380070643000234 
-13.384694745710863 
-13.389630513949083 
-13.397234648876005 
-13.40497764665475 
-13.415391426668137 
-13.424561783702769 
-13.432537937327947 
-13.440194568409098 
-13.44638029461063 
-13.45248501262692 
-13.457921783763705 
-13.463223035743297 
-13.468433036553728 
-13.473513494972636 
-13.478513107126036 
-13.483429396503755 
-13.488268532221731 
-13.493021775815153 
-13.497836981893869 
-13.502586765191676 
-13.507693192961032 
-13.51301354034233 
-13.526947540042347 
-13.53597789993962 
-13.545799015557648 
-13.583325122199842 
-13.591518962823578 
-13.597404729979202 
-13.601752518497463 
-13.606031692833888 
-13.61095309522424 
-13.617464779547062 
-13.623233700922587 
-13.62887320197951 
-13.634044027200499 
-13.639054118859745 
-13.645144355861675 
-13.650119338615404 
-13.656351799841612 
-13.66249277417565 
-13.666371911427534 
-13.670485194003167 
-13.675294677746376 
-13.679620483016858 
-13.683642278406005 
-13.68755106864131 
-13.693466346800747 
-13.69752574802412 
-13.70052270115549 
-13.703551453696722 
-13.70661710394689 
-13.711056363695075 
-13.714152095092675 
-13.719475512445678 
-13.72258871106056 
-13.724871542763331 
-13.727353404755537 
-13.729772288629158 
-13.732164208962624 
-13.734475495013076 
-13.736723455222364 
-13.738990093372983 
-13.741255281549824 
-13.74348546814123 
-13.74589150396278 
-13.748218722987662 
-13.750564535510804 
-13.752901125782 
-13.755840778311365 
-13.758724589780435 
-13.761494747458443 
-13.764252394000927 
-13.766639076743147 
-13.769014033377449 
-13.77127922034536 
-13.773530754434113 
-13.77577830769085 
-13.778180298373522 
-13.781068909979378 
-13.783935732892484 
-13.787344963813197 
-13.790719088989352 
-13.79409347408803 
-13.79716033430858 
-13.800119154499388 
-13.802996185231343 
-13.805825955180211 
-13.810070209225305 
-13.814374898461523 
-13.817604224064986 
-13.820468418415983 
-13.826817472003714 
-13.831113263606241 
-13.834533673371098 
-13.83697551699408 
-13.839343115473932 
-13.841649133151904 
-13.843924885391107 
-13.846255223432554 
-13.84853158932982 
-13.85078570856643 
-13.853013401288917 
-13.855220455196605 
-13.857438936262444 
-13.859636175122851 
-13.861798811502638 
-13.864001693452515 
-13.866165471798467 
-13.868315072787375 
-13.870469250925684 
-13.872603351999699 
-13.874733919159414 
-13.876850212721568 
-13.878942140549299 
-13.881015668585746 
-13.883088024791519 
-13.885144353990345 
-13.887169144271471 
-13.889188746184812 
-13.891087437938657 
-13.892937649798018 
-13.894756752972942 
-13.896570128184159 
-13.898404782541839 
-13.900226799728227 
-13.902013028212355 
-13.90379397223348 
-13.90557798580675 
-13.907376220268265 
-13.909128613543288 
-13.910869813249903 
-13.912576631592046 
-13.914565054081748 
-13.916338225103114 
-13.918148870838792 
-13.919947044493444 
-13.921909108272382 
-13.92385741682951 
-13.925717301779516 
-13.9274317015612 
-13.92913234772541 
-13.930832187922228 
-13.932524561389762 
-13.9342505354232 
-13.935982539255434 
-13.93771001911513 
-13.93950738234177 
-13.941237530818539 
-13.942944514917455 
-13.944783704202653 
-13.946576909255336 
-13.948328250705124 
-13.950065326902426 
-13.951785039328621 
-13.953482934060714 
-13.955174867250882 
-13.956843622598399 
-13.95854874379484 
-13.960396569174355 
-13.962237923266144 
-13.964022816274738 
-13.965893391970104 
-13.96786541523835 
-13.969768737007396 
-13.97181605515484 
-13.974047893838588 
-13.976012391000998 
-13.97778554398732 
-13.979763537375241 
-13.98154395500018 
-13.983299707959624 
-13.985011639827821 
-13.986579989157843 
-13.988139483057763 
-13.98966793234327 
-13.991192706463057 
-13.992721316214784 
-13.994241741776253 
-13.995758038466745 
-13.997278376507452 
-13.998800744217192 
-14.000350745182061 
-14.001915985119048 
-14.003493382021002 
-14.005068637338777 
-14.006613429660945 
-14.008152812030392 
-14.009685358615165 
-14.011203535808997 
-14.01271865653046 
-14.014220280930669 
-14.015714378176696 
-14.017179267313947 
-14.01863882231272 
-14.020089504439019 
-14.021545640065842 
-14.022992526360213 
-14.024431713014405 
-14.025876721644261 
-14.027316586036996 
-14.02875155495224 
-14.030188721722382 
-14.03161940047583 
-14.033021928941093 
-14.034419976330085 
-14.035813627541605 
-14.037211431004735 
-14.038604994125478 
-14.039995890107342 
-14.041385903811136 
-14.042767857504906 
-14.044145740801952 
-14.045515771980977 
-14.046889121179007 
-14.048255106370306 
-14.04964246086913 
-14.051026561294789 
-14.052403648713895 
-14.053758658678259 
-14.055112549444353 
-14.056451732244636 
-14.05777982950528 
-14.059107505309864 
-14.060430370597887 
-14.06176132351734 
-14.063078748779443 
-14.064390146941335 
-14.06569327066654 
-14.066983474456066 
-14.068276362470655 
-14.0695657173805 
-14.070850555312244 
-14.072146736384173 
-14.073418519929476 
-14.074684084401799 
-14.07595157891661 
-14.077164673061814 
-14.078383175485367 
-14.07959248329661 
-14.080799097029388 
-14.082008487477893 
-14.08320893344965 
-14.08440658287978 
-14.085555693773397 
-14.08665750686919 
-14.087758687692642 
-14.088858964490736 
-14.08996141822319 
-14.091046211589397 
-14.092129047847518 
-14.093210014855016 
-14.09429406610322 
-14.095369341479008 
-14.096442431224503 
-14.09752739031715 
-14.098603130871396 
-14.09967702592035 
-14.100749211497295 
-14.101820083976769 
-14.102889174065947 
-14.103951231200863 
-14.105007722174047 
-14.106069093573042 
-14.107129833975023 
-14.108189566067939 
-14.109245086606645 
-14.110305676945785 
-14.111363631331706 
-14.112425083707974 
-14.113485161929656 
-14.114545514261467 
-14.115595708489028 
-14.116643093517618 
-14.117688010274783 
-14.118732432526166 
-14.119749686572725 
-14.120761653129723 
-14.121773791438162 
-14.122796511913961 
-14.123817594356833 
-14.124838049542685 
-14.125856818510506 
-14.126869867072271 
-14.12788026818495 
-14.128889107484316 
-14.12989620252971 
-14.130899532986748 
-14.13190206742253 
-14.132903139754575 
-14.133902004666488 
-14.134903043822638 
-14.135902418326957 
-14.136895576087468 
-14.137887284959563 
-14.138877631777973 
-14.13988797244587 
-14.14087991163191 
-14.141872450147497 
-14.142862500529661 
-14.143843445148146 
-14.144823258965436 
-14.145803633376143 
-14.146780421705236 
-14.147755863143704 
-14.148722457841156 
-14.149686954315207 
-14.150651334132675 
-14.151609454043047 
-14.152565735975923 
-14.153522285407442 
-14.154478397714787 
-14.155433436941802 
-14.156374940779568 
-14.157317726294135 
-14.15825791040157 
-14.15919825720433 
-14.160135523630974 
-14.161071435051408 
-14.162007176507704 
-14.162934778126598 
-14.163864328373936 
-14.164788428191125 
-14.165711447790681 
-14.166633313580586 
-14.1675514109156 
-14.168469483459493 
-14.16938670729067 
-14.170302881549475 
-14.171218271916254 
-14.172138517400239 
-14.17305454724484 
-14.173969819938435 
-14.174883460245379 
-14.175806880485695 
-14.176728660018671 
-14.177647088823404 
-14.178557646993767 
-14.17948962161 
-14.180439661898989 
-14.181392480467384 
-14.182343092290733 
-14.18329056671567 
-14.184236150172522 
-14.185180946192506 
-14.18611481678768 
-14.187047098711748 
-14.187977977754787 
-14.18890450749046 
-14.189824139294139 
-14.190744774345625 
-14.191663837829509 
-14.192580554638834 
-14.193499917517357 
-14.194416685523992 
-14.1953355607806 
-14.196253727118435 
-14.197168872049106 
-14.19808253144132 
-14.198974443526929 
-14.19985882128627 
-14.200741309162268 
-14.20161837267161 
-14.202497030290626 
-14.203376209375065 

 Time 
172354.48519182205 
