Energy 
 
-8.379909959991773 
-8.383775940108322 
-8.523978968888086 
-8.666706213421353 
-8.709527765116109 
-8.731973487330574 
-8.744670079322258 
-8.72502933338926 
-8.756288337672496 
-8.788311331760221 
-8.758702709000232 
-8.748827038110324 
-8.827570977942155 
-8.988803880152647 
-9.002221570075232 
-8.95099219771432 
-8.895433420362249 
-8.841075652130097 
-8.78142398908675 
-8.742380159070567 
-8.722759977060708 
-8.699957257451622 
-8.673770869444507 
-8.653258472539214 
-8.626405372472357 
-8.595075406553832 
-8.564466784822704 
