Energy 
 
0.6479341368878508 
-0.6912234985959917 
-1.355227940028493 
-1.7099716549779787 
-1.7458231758637566 
-1.7767423962181703 
-1.8201154749785908 
-1.864560667051615 
-1.8800248732166813 
-1.897160287498599 
-1.919864972364979 
-1.9442535903785823 
-1.9905276266091736 
-2.0472411374303485 
-2.0546530525966253 
-2.075195329315795 
-2.09580907847355 
-2.11193571676068 
-2.1354046973551375 
-2.152885829025342 
-2.170737935836838 
-2.192893286305281 
-2.2141753977430088 
-2.2448470887417065 
-2.3736489030385894 
-2.380076186926527 
-2.385626922514088 
-2.3910402919826597 
-2.396692556170657 
-2.4063649992352287 
-2.4158701244409837 
-2.422596557784941 
-2.457910895536991 
-2.4834075638136808 
-2.4971460644039403 
-2.511265912401655 
-2.5164496789721293 
-2.52131335833269 
-2.547752013076733 
-2.551002338258304 
-2.5541097616972404 
-2.5578953462695284 
-2.561709653191522 
-2.56506724899393 
-2.5684442854163283 
-2.5717642567577723 
-2.5751741796510466 
-2.578586584259653 
-2.5820013262381876 
-2.584313964500874 
-2.5864558570771097 
-2.588619474161752 
-2.590773506786113 
-2.5928001411635457 
-2.5947174195361016 
-2.5966158832107142 
-2.598539920734785 
-2.600438039994127 
-2.6022843797606936 
-2.6041488483454276 
-2.6060795732348416 
-2.608038889949764 
-2.6100109609497952 
-2.611960510607659 
-2.6139340356974112 
-2.6159306043478643 
-2.617942155366505 
-2.619926148658178 
-2.6219217387694904 
-2.6239353124350613 
-2.6257667866884655 
-2.6276211793866637 
-2.629505274002257 
-2.631341353673643 
-2.6331936321438056 
-2.6350649159038735 
-2.6369441859285927 
-2.6388439878245986 
-2.640743996367319 
-2.642599982143584 
-2.6444686112478317 
-2.646320654096688 
-2.64814501071012 
-2.6499840316460506 
-2.6518075924144724 
-2.6536106337765135 
-2.6554750783497583 
-2.657356469183376 
-2.659260798900232 
-2.661169155105216 
-2.6630905778676026 
-2.6649931193838334 
-2.666886366718027 
-2.6687864831850616 
-2.6706903295835116 
-2.67261078132338 
-2.674543996014211 
-2.676485049197147 
-2.6784184350455673 
-2.6803507760304175 
-2.682295861229124 
-2.684253680341911 
-2.6862318236304703 
-2.6882303810735 
-2.6902395257584635 
-2.6922626924212065 
-2.6942961053309524 
-2.6962876026364544 
-2.6982915195604975 
-2.700307237210039 
-2.702333024588417 
-2.7043709800998474 
-2.706416640786749 
-2.7084659591052542 
-2.7105354261882937 
-2.712585297734662 
-2.7146637240520164 
-2.7167443002401495 
-2.7188321712706705 
-2.7209055355602216 
-2.722996683708827 
-2.725102407775836 
-2.7271254343337867 
-2.7291535543604306 
-2.731188620939183 
-2.7332341040570753 
-2.7352815158521935 
-2.737332960931809 
-2.73939491297387 
-2.7413480036737568 
-2.7433086242937628 
-2.7452792535887944 
-2.7472565599057672 
-2.74923561033938 
-2.751220693728495 
-2.7531969269085668 
-2.755180740300042 
-2.7571548375508894 
-2.7591340713976575 
-2.7610640789994334 
-2.762999108718686 
-2.7649399828483814 
-2.766878191198578 
-2.7688208057136405 
-2.77077376542906 
-2.7727141825226864 
-2.774610813167067 
-2.7765218276403205 
-2.7783646887386926 
-2.780190350469678 
-2.7820233833739305 
-2.783863183571459 
-2.7857113244053338 
-2.7875617054540816 
-2.78941402980639 
-2.79127146704772 
-2.7931353094329676 
-2.795006487351413 
-2.7968634917658677 
-2.7987252484666865 
-2.80048372264807 
-2.8022483587564797 
-2.804017337489383 
-2.8057885744174835 
-2.8075532687110654 
-2.809325436690796 
-2.8111034837452062 
-2.8128764879373387 
-2.81463960773709 
-2.8164061920307795 
-2.818178601184515 
-2.8199595026303013 
-2.8217468055858506 
-2.823534972436268 
-2.8253345740566385 
-2.827120372912485 
-2.828899324892246 
-2.8306577052632096 
-2.83241443018733 
-2.834173351645272 
-2.835930915201776 
-2.837692886821221 
-2.8394632544676726 
-2.841235025171465 
-2.8430065870921464 
-2.8447650167036542 
-2.846527304246043 
-2.8482783925888207 
-2.8500317936749746 
-2.8517863004245623 
-2.853440445613482 
-2.8550968630406466 
-2.8567629114984268 
-2.8584376702262366 
-2.8601150935995525 
-2.8617948313817845 
-2.8634767333108515 
-2.8651560947891577 
-2.8668268657729965 
-2.868501606922135 
-2.8701789874461814 
-2.8718242543950043 
-2.8734611577606577 
-2.8751004323512745 
-2.876752969527403 
-2.8783929691042953 
-2.8800347833024813 
-2.8816771138013317 
-2.8833154937294845 
-2.884927935216246 
-2.8865474859616023 
-2.8881741478226055 
-2.8897990896568566 
-2.8913867764293495 
-2.8929806078773797 
-2.8945674711398084 
-2.896156722558282 
-2.8977479023411568 
-2.8993402967079733 
-2.900907732484913 
-2.9024748772476596 
-2.9040602497762467 
-2.9056527688486895 
-2.9071543941537006 
-2.9086677119967708 
-2.910190275725748 
-2.9116892270935097 
-2.913190320857091 
-2.9146955333377766 
-2.9162023581332175 
-2.9177105798172676 
-2.919088793019916 
-2.920468320031157 
-2.921855581749402 
-2.9232360280111487 
-2.924613473882887 
-2.9259882686175596 
-2.927362739496375 
-2.928738629593002 
-2.9301092487778284 
-2.9314778999381432 
-2.932847970612661 
-2.9342209733720193 
-2.935590745430673 
-2.9369604964868277 
-2.9383301273842504 
-2.939701610355958 
-2.941086452261705 
-2.942466817582331 
-2.9438484651377586 
-2.94523349975557 
-2.9466183129878214 
-2.947996700945487 
-2.949364189803443 
-2.950732866287799 
-2.952099919448482 
-2.9534676007769116 
-2.954826370386738 
-2.9561857769710715 
-2.95754625043839 
-2.9589089178969905 
-2.9602465904254998 
-2.9615866942453932 
-2.9629270653363307 
-2.9642679830041767 
-2.9656089770249134 
-2.9669497956946915 
-2.9682928992753395 
-2.9696352776803665 
-2.9709742025167065 
-2.972314973116164 
-2.973663053023155 
-2.975012203769752 
-2.976360518644372 
-2.9777082071353997 
-2.9790556742699446 
-2.98040322879751 
-2.981738230848306 
-2.983074765995707 
-2.9844106881852324 
-2.985747047083877 
-2.9870837941749797 
-2.988420438748377 
-2.98975816147909 
-2.9910962886658856 
-2.992433418294689 
-2.9937656091925335 
-2.995108061365506 
-2.99644757924208 
-2.9977850557662733 
-2.9991087981924913 
-3.0004331896723864 
-3.0016902648263044 
-3.0029467426253467 
-3.004202879346231 
-3.0054589584599345 
-3.0067151404028336 
-3.007970476430462 
-3.0092259012339895 
-3.0104828983049816 
-3.0117399626009957 
-3.0129977120786906 
-3.014256060491968 
-3.0155162279915735 
-3.016771162389123 
-3.0180246871793646 
-3.019276167953259 
-3.020469583315114 
-3.0216524479113898 
-3.022827208882469 
-3.0240013041322182 
-3.0251759630984916 
-3.0263520399375397 
-3.0275230468986183 
-3.0286896970267274 
-3.029857438439352 
-3.0310254064716613 
-3.0321821680282075 
-3.0333387991093357 
-3.0344957433178585 
-3.0356545949380997 
-3.0368154729025694 
-3.037972295665523 
-3.0391246236040637 
-3.0402788012937156 
-3.0414331390408957 
-3.042578734165497 
-3.0437086895108596 
-3.0448378192441865 
-3.045967633592915 
-3.047097437144388 
-3.048227948691636 
-3.0493585553866023 
-3.0504906572380155 
-3.0516226702231215 
-3.0527509045709493 
-3.053877100410948 
-3.0550032472360242 
-3.056129275914919 
-3.0572572136023157 
-3.0583823106273447 
-3.0595081216387814 
-3.0606350205966852 
-3.061761738093522 
-3.0628895120075876 
-3.0640104097885583 
-3.0651311541578377 
-3.0662515165313433 
-3.0673738738316523 
-3.0684954780003673 
-3.069616996222396 
-3.0707382093492823 
-3.0718588129272177 
-3.0729798493578953 
-3.0741005241467887 
-3.075220854977537 
-3.0763397044056364 
-3.0774534037274774 
-3.078568429206614 
-3.079676973374482 
-3.0807846445918456 
-3.0818902295921804 
-3.082998056115305 
-3.0841062330038915 
-3.085205051278789 
-3.086302496487 
-3.0873997769988986 
-3.088498233129639 
-3.089595766428463 
-3.0906917317535196 
-3.0917872938347455 
-3.092878026657959 
-3.0939674869077107 
-3.0950570645402324 
-3.0961433203867714 
-3.0972294578172583 
-3.0983150122077814 
-3.0993968850608455 
-3.1004783166449483 
-3.1015599303398083 
-3.1026395635151705 
-3.103718760184934 
-3.104797245305715 
-3.105872229710466 
-3.1069476235330615 
-3.108022700752984 
-3.109093891929818 
-3.110164515994067 
-3.1112321012238286 
-3.112299167624657 
-3.1133656694971164 
-3.114431553552434 
-3.1154970295477638 
-3.1165641261636026 
-3.117626262787624 
-3.11868811554411 
-3.119748339017548 
-3.120808559948386 
-3.1218690242116187 
-3.1229280896145055 
-3.123986672408296 
-3.1250435444535 
-3.1260825956803115 
-3.1271210725027743 
-3.1281422271393193 
-3.1291657411752345 
-3.1301887161144393 
-3.1312079947819913 
-3.1322289650917794 
-3.133249138005114 
-3.134265957533665 
-3.1352793443770897 
-3.136291299913094 
-3.1372978871466297 
-3.1383019894732587 
-3.1393058489168286 
-3.140309139983707 
-3.1413124342081344 
-3.142314146127717 
-3.1433146008871025 
-3.144314467455602 
-3.1453095341794324 
-3.1463039304869005 
-3.14729879692588 
-3.148292922150764 
-3.1492860627592094 
-3.150279288461839 
-3.1512718892319422 
-3.1522649543951315 
-3.1532584219535025 
-3.1542517275467805 
-3.155244890683549 
-3.156237348795167 
-3.1572275366798324 
-3.158215175456301 
-3.15920208026707 
-3.1601879816509975 
-3.161173978607637 
-3.1621587835460407 
-3.1631433066765733 
-3.1641275332541667 
-3.1651105257815386 
-3.1660934869185717 
-3.167075727368154 
-3.16805691855008 
-3.1690352043866707 
-3.170013192589771 
-3.170988845760119 
-3.1719637845456283 
-3.1729338520983403 
-3.1739024358270314 
-3.1748673155347995 
-3.175829122045858 
-3.1767902432651973 
-3.177750602116827 
-3.178710373263061 
-3.179669346127907 
-3.1806262263657366 
-3.1815822871146007 
-3.1825376212284673 
-3.183491904239964 
-3.184445317874581 
-3.1853909830156755 
-3.186323796420532 
-3.1872547332931633 
-3.1881803663012764 
-3.1890996691166675 
-3.1900158647426826 
-3.190931130940162 
-3.1918454662987807 
-3.192758096012942 
-3.1936683250500906 
-3.194577911143049 
-3.195483526919726 
-3.1963877237494724 
-3.19728951185514 
-3.198190677914775 
-3.1990895425496477 
-3.1999889959620624 
-3.2008771505830254 
-3.2017651579679223 
-3.20265038124845 
-3.20353117227681 
-3.2044084919390468 
-3.205285145849412 
-3.206161583792488 
-3.2070364769404147 
-3.2079113026852837 
-3.2087854410935064 
-3.209658966364157 
-3.2105325227457753 
-3.211406329292403 
-3.2122802437339626 
-3.2131534270919717 
-3.2140264054855834 
-3.21489898077772 
-3.2157644825361 
-3.2166244146721024 
-3.2174825365837645 
-3.2183393306177512 

 Time 
517.9583539962769 
