Energy 
 
-2.0597577698762626 
-6.661517631168259 
-8.15754793588185 
-8.854094182263069 
-9.198687931083752 
-9.42430120896126 
-9.505248764718544 
-9.536474057043744 
-9.618274608069282 
-9.64794542762511 
-9.65176520331869 
-9.655556670462031 
-9.661317936323004 
-9.665962636095365 
-9.674003629045455 
-9.679951800688123 
-9.68463811741896 
-9.69175710886594 
-9.698810756036366 
-9.704517882394095 
-9.710175498016302 
-9.714073195551425 
-9.717763012730494 
-9.726135058570229 
-9.734203608936404 
-9.74246103983819 
-9.751133924241248 
-9.761244679675835 
-9.770172531582757 
-9.783026019756406 
-9.800517030339327 
-9.810565391201449 
-9.820124088283418 
-9.832319085680252 
-9.843405491320487 
-9.859582733998618 
-9.873701839065998 
-9.921814629647947 
-9.964732801563636 
-10.001602555666684 
-10.01761034999257 
-10.03280657513208 
-10.046404251497496 
-10.068186204247576 
-10.08495631924141 
-10.092835853692204 
-10.111347188218094 
-10.127748673489897 
-10.137188158750675 
-10.146293935333382 
-10.154964122635942 
-10.163495357110417 
-10.171217048709062 
-10.181367214612749 
-10.197829026576388 
-10.203621580243333 
-10.211673199615957 
-10.220377055285288 
-10.228309125182038 
-10.235727536445811 
-10.243058449311665 
-10.255326460085627 
-10.27114209312549 
-10.28214415974917 
-10.285856086920962 
-10.289540541621168 
-10.29349261670023 
-10.29704690208003 
-10.300786811166613 
-10.30442924342525 
-10.308155478764682 
-10.312938314729733 
-10.322354466010495 
-10.327331843988926 
-10.33233743922726 
-10.338949745431806 
-10.343700656693828 
-10.34885259466971 
-10.353950793508428 
-10.358712433442284 
-10.363454778613553 
-10.368253181329997 
-10.373040156815824 
-10.377538676633545 
-10.382008896748296 
-10.386392578765244 
-10.39190641384035 
-10.397303138144238 
-10.400492679497628 
-10.403600555157741 
-10.406692933233222 
-10.409697777645555 
-10.412987388402499 
-10.416231014415565 
-10.419443867800874 
-10.422790679687072 
-10.426036126854726 
-10.429275854907697 
-10.432456975405799 
-10.435596303477793 
-10.438660920370697 
-10.44160103440082 
-10.444512832243381 
-10.447236662792607 
-10.44993853422 
-10.452582983713613 
-10.455212831898482 
-10.457544076957046 
-10.459937493494756 
-10.462259750262312 
-10.464532813232289 
-10.466812392242737 
-10.469092966765874 
-10.471379265222357 
-10.473674711354818 
-10.476004270135402 
-10.478398158467298 
-10.480763255355804 
-10.483138768342139 
-10.485520881523296 
-10.487897625184452 
-10.490273033582332 
-10.49285723008498 
-10.495370213709235 
-10.49786553276633 
-10.5003767043374 
-10.502845513321292 
-10.505356981505315 
-10.507858101411367 
-10.51017459663248 
-10.512483720750737 
-10.51479283654318 
-10.517095439376696 
-10.519383230541361 
-10.521763556726741 
-10.525258535904996 
-10.529654800617418 
-10.533069367285382 
-10.536161551298038 
-10.53906905901996 
-10.541287689296135 
-10.543533171527034 
-10.54619486644642 
-10.549372613064913 
-10.5524640475774 
-10.556163633659002 
-10.560175184780238 
-10.564146482756662 
-10.568522090754538 
-10.572600832579022 
-10.575721163533583 
-10.579834903112328 
-10.583691549232816 
-10.587380393874277 
-10.590641642688201 
-10.594068533498623 
-10.609876779671977 
-10.618482261184623 
-10.622033431042635 
-10.625798063660733 
-10.629877176298818 
-10.635732035416872 
-10.642169733201596 
-10.647561141553417 
-10.663836116938828 
-10.67460673217759 
-10.681675997617956 
-10.688271772052076 
-10.691993185305657 
-10.695501444608388 
-10.698734175609788 
-10.701725262859663 
-10.704586222458223 
-10.706723450858739 
-10.708845957256646 
-10.71098266063731 
-10.712985942842792 
-10.71503078307246 
-10.717078241716566 
-10.719000794368863 
-10.721321495222758 
-10.723599758939326 
-10.725877893907276 
-10.728146992581951 
-10.73043651350546 
-10.732707024976941 
-10.734949174608595 
-10.737415170871833 
-10.74018011223517 
-10.74290369871026 
-10.74555325362686 
-10.74812216893661 
-10.750480260043211 
-10.752813788949071 
-10.755046987204054 
-10.757266679158002 
-10.759476796136338 
-10.761795529443903 
-10.764067483647857 
-10.766324656405217 
-10.76864257624355 
-10.770979127681956 
-10.773352231861997 
-10.775711735049311 
-10.778049822781405 
-10.780362773439673 
-10.782662856299426 
-10.784942128913528 
-10.787067425956764 
-10.78917965987202 
-10.791275428868284 
-10.793578476289188 
-10.795844177241232 
-10.798076130598373 
-10.800289976471497 
-10.802484906500293 
-10.804662140896344 
-10.806821887917561 
-10.808967748674942 
-10.811088652589493 
-10.813211611191631 
-10.81532266841176 
-10.817419484770678 
-10.819540040667931 
-10.821708089030285 
-10.823771491772138 
-10.82582064141927 
-10.827859135742731 
-10.829883285466677 
-10.831883813186387 
-10.833886869128884 
-10.835761713841716 
-10.837768415041793 
-10.839753339226174 
-10.841727632049468 
-10.843683662413202 
-10.845627081621622 
-10.847574614432823 
-10.849531864418129 
-10.851460790934462 
-10.853390040889956 
-10.855335538566184 
-10.85729211980789 
-10.859223476122942 
-10.861231538748243 
-10.863232828895331 
-10.86525830723674 
-10.867294076113637 
-10.86934221545874 
-10.871369606532944 
-10.873371608433613 
-10.87541970059076 
-10.877476718803607 
-10.879502457800703 
-10.881510640275941 
-10.883513337663182 
-10.885512311854184 
-10.88749577284931 
-10.889464708803281 
-10.891429239779207 
-10.893388467631468 
-10.895360027137587 
-10.89731760056523 
-10.89926568986136 
-10.901216174727024 
-10.903151854652599 
-10.905073446298175 
-10.906981229991922 
-10.908877892685236 
-10.91074866763261 
-10.912694587237608 
-10.914712269477091 
-10.916734173088862 
-10.918516220857821 
-10.920287068516378 
-10.922007329216784 
-10.923714433095405 
-10.925384755636848 
-10.927063273035188 
-10.92872817977698 
-10.930394164647451 
-10.932043550964433 
-10.933690104776927 
-10.935328494566754 
-10.93703210349311 
-10.938683306688315 
-10.940293694381866 
-10.941885101887255 
-10.943380604584553 
-10.944868365456323 
-10.946353178960976 
-10.947830399704788 
-10.94929623810432 
-10.950740138711499 
-10.952176664845288 
-10.95361035929158 
-10.95504494936224 
-10.956407722253577 
-10.957763603502329 
-10.959116677680575 
-10.960569300981064 
-10.962015361265674 
-10.963451462338714 
-10.96489421656008 
-10.966328729343761 
-10.967752971294422 
-10.969169359966795 
-10.97057242734973 
-10.971967899356077 
-10.973346596177025 
-10.974703447510992 
-10.976052723087822 
-10.97739551003081 
-10.978743261784293 
-10.980082456996954 
-10.981417213991527 
-10.982745396345964 
-10.984067638427016 
-10.985372025707022 
-10.986669338558817 
-10.98796520056333 
-10.98925883476471 
-10.990546438490219 
-10.99182222561127 
-10.993092238028524 
-10.994334372125868 
-10.995573923186456 
-10.996792162615694 
-10.998010278980011 
-10.99920423530728 
-11.000393180391434 
-11.00155342039063 
-11.002705944272005 
-11.003851899095896 
-11.004993492963969 
-11.006124308792984 
-11.007255781694816 
-11.008389026733377 
-11.009516988199938 
-11.010646277443549 
-11.011713609285717 
-11.012790347329657 
-11.013863513510112 
-11.014933207218451 
-11.016019734955929 
-11.017105796509194 
-11.018186962609365 
-11.019184194978275 
-11.02017850570835 
-11.021168388937776 
-11.02215703158021 
-11.02315196807812 
-11.024144248149636 
-11.02513386074402 
-11.026121633927115 
-11.027108927414996 
-11.028091134337098 
-11.029070654709646 
-11.03004570721643 
-11.030999991666018 
-11.031961315589244 
-11.032920501671796 
-11.033878841543034 
-11.03483399622235 
-11.035788612005772 
-11.036736714887345 
-11.037681889776481 
-11.038629219363134 
-11.0395771319348 
-11.040522699283239 
-11.041466049783697 
-11.042402018823708 
-11.043335077701757 
-11.044264658351171 
-11.04519876448189 
-11.046129382969182 
-11.047057483554951 
-11.047990117427974 
-11.048895976793013 
-11.04980054539768 
-11.050704377047001 
-11.051609008605688 
-11.052511989899656 
-11.05341255188112 
-11.054310126214885 
-11.055205491077446 
-11.056100471806236 
-11.057005494077895 
-11.057908058785832 
-11.058804539348863 
-11.059699911745643 
-11.060593196677086 
-11.061488042636428 
-11.06237775877911 
-11.063265768524072 
-11.064147662089493 
-11.06502936468797 
-11.065908571518005 
-11.066784416988117 
-11.067657867892645 
-11.06852570516333 
-11.0693916812737 
-11.070250271129126 
-11.071101941281773 
-11.071948046900781 
-11.072792423987925 
-11.073635228918334 
-11.074476339729792 
-11.07531498464615 
-11.076151335325783 
-11.076990214382526 
-11.077827014981757 
-11.078659672388762 
-11.079490576712272 
-11.080319734082225 
-11.081147600705727 
-11.081974716318514 
-11.08279920565504 
-11.083621764915463 
-11.084444137359322 
-11.085256812654082 
-11.086067702380602 
-11.086876967597023 
-11.087666930646469 
-11.088455838429018 
-11.089243283214271 
-11.090029437980629 
-11.090813325597026 
-11.091595184251057 
-11.092373945532142 
-11.093151231927747 
-11.093925456573462 
-11.094697811887308 
-11.095468407616 
-11.09623777057963 
-11.09700594963347 
-11.097773199653052 
-11.098538813615987 
-11.099304210227597 
-11.1000679068146 
-11.100831406743021 
-11.101593493712599 
-11.102352745818 
-11.103112223460174 
-11.103870089739306 
-11.104625099189164 
-11.105379244162002 
-11.106131956606575 
-11.106877613746143 
-11.107622049523163 
-11.108361843938077 
-11.109100302828377 
-11.1098386818305 
-11.110572622290867 
-11.111306309822186 
-11.112037272811683 
-11.112766399919074 
-11.11349444997835 
-11.114215687841007 
-11.11493240414628 
-11.115647830632248 
-11.116362586077395 
-11.117075184968154 
-11.11778651003045 
-11.11849237431208 
-11.119199721908965 
-11.119905978654037 
-11.120586724905484 
-11.1212677122647 
-11.121946742979206 
-11.122625856363797 
-11.123304466059643 
-11.12398197428841 
-11.124658444466128 
-11.125334058656911 
-11.126010311911788 
-11.126687874421513 
-11.127357583755106 
-11.128019988703285 
-11.128681536598638 
-11.129339922447016 
-11.129997071537565 
-11.130652380676924 
-11.131305219922258 
-11.131957157785628 
-11.13260964551687 
-11.133259404374243 
-11.133908160342044 
-11.134556459691577 
-11.135203377335099 
-11.13584879656036 
-11.13649266115015 
-11.137128420837723 
-11.137757399978938 
-11.138384462715015 
-11.139008422767791 
-11.139631638820855 
-11.140251182099746 
-11.140861066060879 
-11.141470045071864 

 Time 
27672.131236076355 
