Energy 
 
-5.5082757847241295 
-11.712680184056287 
-16.112362716998934 
-16.365180904579205 
-16.549149572545026 
-16.6739702294972 
-16.785851296435464 
-16.86295212088789 
-16.90365008036173 
-16.939110637704843 
-16.981814805256633 
-17.03258522347265 
-17.028619312763723 
-17.032318001406647 
-17.03742528623596 
-17.042750810890087 
-17.047849196669464 
-17.050978134511364 
-17.06973675374439 
-17.089028513898835 
-17.103815952412454 
-17.125082297341812 
-17.1404163658705 
-17.15475234256482 
-17.15903499828954 
-17.165258563468775 
-17.17107496072519 
-17.175700742587644 
-17.180412239912847 
-17.185607563198367 
-17.194954864957765 
-17.20159682829731 
-17.20531568438392 
-17.208890745252276 
-17.212258458928243 
-17.219292358498166 
-17.223884125185027 
-17.228607117505547 
-17.23290015455725 
-17.25359614677284 
-17.26731414055839 
-17.271736349804122 
-17.275564075018785 
-17.27945960913587 
-17.28351967918402 
-17.287659886963134 
-17.292408515066626 
-17.2980297776866 
-17.304338493400795 
-17.31041179909379 
-17.317550545940932 
-17.325411878729142 
-17.331351645203988 
-17.340243049907226 
-17.347609787662726 
-17.355058208218423 
-17.363089394151277 
-17.356169817033066 
-17.358887229163127 
-17.36238859452987 
-17.3715969489562 
-17.373836912522542 
-17.381871410009143 
-17.387822163242262 
-17.393151450292997 
-17.398492920571485 
-17.40544675574978 
-17.41231502640787 
-17.418029234725665 
-17.425262084057536 
-17.432498506802997 
-17.47980806100784 
-17.508007358602505 
-17.525078906828988 
-17.53990448036672 
-17.553380496656693 
-17.56060183213956 
-17.567565865160674 
-17.574939952260923 
-17.580418566376505 
-17.58382946917768 
-17.587859227046355 
-17.59391919148841 
-17.59942326924518 
-17.60444193690944 
-17.609446992131197 
-17.614998958577708 
-17.62046199997711 
-17.62600456109564 
-17.631685472714434 
-17.63780988337203 
-17.644508488505327 
-17.651552203217566 
-17.658347429979614 
-17.66371973511659 
-17.66926380414803 
-17.67556938122057 
-17.680474705187883 
-17.685965939593192 
-17.690931521006142 
-17.69582211543542 
-17.700492444439558 
-17.704969455730485 
-17.707397394664575 
-17.71232087973675 
-17.717317264966052 
-17.72231315038881 
-17.72722636404677 
-17.731569042341924 
-17.751122903689854 
-17.758828152427206 
-17.805660877715443 
-17.81683402417267 
-17.837352990790674 
-17.851541725357507 
-17.86278856130064 
-17.86994822276933 
-17.877878656309946 
-17.882838182073797 
-17.88887434111497 
-17.89491838835692 
-17.90137474258122 
-17.91411377211932 
-17.922530968712827 
-17.936260951924464 
-17.94762903881729 
-17.957636276028033 
-17.979342799256617 
-17.98645563943858 
-17.99307403089891 
-17.99972800853743 
-18.00612468961689 
-18.014211864727052 
-18.019213497037462 
-18.023729384634116 
-18.02814111122789 
-18.037665582499887 
-18.06984936253441 
-18.088138447943525 
-18.102486098558813 
-18.1159005800613 
-18.14801598037904 
-18.16172522579882 
-18.166086156905052 
-18.169957306391954 
-18.17344652197509 
-18.176943053060352 
-18.180069012433243 
-18.18270404248188 
-18.185924850786847 
-18.18937309860686 
-18.192647603114555 
-18.19582883838413 
-18.19902532017413 
-18.202169613044383 
-18.205409235464096 
-18.20941931913014 
-18.212244761121582 
-18.21483123294017 
-18.217538157794742 
-18.220305420410114 
-18.222960519020702 
-18.22573142577507 
-18.228424966797355 
-18.23109880566631 
-18.233692167716658 
-18.236308737643014 
-18.238940895855617 
-18.241555275363385 
-18.244098405565662 
-18.246344092648517 
-18.248590435407763 
-18.250840506828105 
-18.25309656035891 
-18.255394436119474 
-18.25768408991881 
-18.260010386286815 
-18.26232967814596 
-18.264647995770268 
-18.267109162932623 
-18.269560177928117 
-18.272015046203123 
-18.27444170326218 
-18.276771885811172 
-18.279093568743285 
-18.281500152638944 
-18.28394162098246 
-18.286343550506274 
-18.288646148484037 
-18.290937588202244 
-18.293206186373016 
-18.295465373477846 
-18.297804712066874 
-18.300134810122273 
-18.30241860656621 
-18.304752221696702 
-18.307096013385312 
-18.309437065308988 
-18.311796572078695 
-18.314186538147855 
-18.316581283451704 
-18.318960474363045 
-18.321364661497 
-18.323764971179227 
-18.326163930417565 
-18.32850846855436 
-18.330971439881314 
-18.333415566796162 
-18.335874947952014 
-18.338425736480595 
-18.341078727371173 
-18.343662925551413 
-18.34671897250766 
-18.34964685092038 
-18.352534638623762 
-18.355360934499956 
-18.358211636988855 
-18.360992515522515 
-18.36367846902356 
-18.366288736444112 
-18.36886804459088 
-18.371446671885913 
-18.374016217045472 
-18.37659966532429 
-18.378763089029903 
-18.380911371872717 
-18.3830703430133 
-18.385216604020602 
-18.38734317191813 
-18.389260071344854 
-18.391061993114768 
-18.392851549794393 
-18.39465598581409 
-18.396425207101366 
-18.398227073015136 
-18.40002975660345 
-18.401827979579455 
-18.403602888463574 
-18.405386417313085 
-18.407171888412798 
-18.408958441392365 
-18.41071607733427 
-18.412455912352637 
-18.413983806768407 
-18.415463859173876 
-18.416865058984776 
-18.418202492575283 
-18.419504997715578 
-18.420717059674864 
-18.420762561600274 
-18.419180316949898 
-18.418283133694054 
-18.417343473788407 
-18.41591309951403 
-18.414120532113195 
-18.412782093161407 
-18.41120713193319 
-18.409408281907695 
-18.407643653385218 
-18.40577776612823 
-18.403980073310148 
-18.40216061090782 
-18.401163444235777 
-18.400262758740844 
-18.399386412991067 
-18.398240840285435 
-18.39681065731157 
-18.39528744622056 
-18.393810738422243 
-18.392861016023613 
-18.391870802041133 
-18.39091504309158 
-18.390339312614028 
-18.389997253412876 
-18.38950177696576 
-18.391747702185523 
-18.393995229697055 
-18.39616780191301 
-18.39832061951711 
-18.398167184959842 
-18.39806059440861 
-18.397775284720627 
-18.397125853463955 
-18.39661767296563 
-18.396088897594208 
-18.395520081327142 
-18.395106531322437 
-18.394389835298647 
-18.393661489151818 
-18.392840490670707 
-18.392141167729058 
-18.391730922198594 
-18.391369351656344 
-18.39093677055062 
-18.390522818077528 
-18.390039057695414 
-18.389588105357664 
-18.388908101581254 
-18.388175107973872 
-18.38742019109436 
-18.386543988147118 
-18.385725329442007 
-18.384924126000186 
-18.384063045378575 
-18.38317778111645 
-18.38204558508092 
-18.380932728786142 
-18.37939522319155 
-18.377464284704246 
-18.375034471804348 
-18.372158915433126 
-18.369173667406216 
-18.36585902768144 
-18.3628910838612 
-18.359656215246684 
-18.35691785662029 
-18.35370267031552 
-18.3508743022198 
-18.348380748791634 
-18.350021574574686 
-18.351662789591558 
-18.349149611730514 
-18.34695382607308 
-18.344390993032512 
-18.34171732697043 
-18.338826565683444 
-18.33591157023614 
-18.33303779436518 
-18.330257288187823 
-18.32758880147222 
-18.324843188449634 
-18.322162687270588 
-18.325690709200988 
-18.32909899300229 
-18.332594429925532 
-18.33675806720737 
-18.341419891695537 
-18.346380293005115 
-18.351408426603705 
-18.35679214147487 
-18.364457387056632 
-18.36014229171423 
-18.355662137217813 
-18.351265524614398 
-18.35600942189742 
-18.360912879942138 
-18.366434118870405 
-18.37241819942306 
-18.37985047498022 
-18.38681664341101 
-18.397318735800937 
-18.40674831283282 
-18.420938277342042 
-18.430745500012502 
-18.437152999555806 
-18.431424459814522 
-18.418518973656695 
-18.405793268814808 
-18.393841245948842 
-18.387112092048646 
-18.38081525389807 
-18.375081162554512 
-18.370536155251536 
-18.365833483398635 
-18.360900003812272 
-18.355797422439995 
-18.35015958327837 
-18.344664870721438 
-18.33989067009991 
-18.335041059322524 
-18.32957317184689 
-18.324029459438176 
-18.318386869247107 
-18.311935764671347 
-18.305078138797032 
-18.31375787684396 
-18.32247772550324 
-18.315283413061877 
-18.30733052511474 
-18.318092454764958 
-18.328562220628555 
-18.338893195943896 
-18.349404225122676 
-18.366606806488388 
-18.379162327264805 
-18.39256439100766 
-18.401686184578683 
-18.4103170757459 
-18.41823467082835 
-18.426900965014863 
-18.436378331760306 
-18.447495362161423 
-18.459419096480012 
-18.469315309954805 
-18.473699953289255 
-18.47844341933272 
-18.472737504028053 
-18.465078822872236 
-18.470036637389875 
-18.475928172554596 
-18.484631825986018 
-18.48621824451193 
-18.481454122285427 
-18.49217523948624 
-18.501276107023017 
-18.509070576251748 
-18.51570064545895 
-18.522100267132927 
-18.528115999254165 
-18.532903931533514 
-18.538212454199112 
-18.54342247538164 
-18.54816921463182 
-18.552631141666836 
-18.557760796716305 
-18.56398190382877 
-18.569956229916276 
-18.576061105774762 
-18.58173289654251 
-18.58847139564503 
-18.597536173438783 
-18.602936821578044 
-18.60683042074639 
-18.610648445914933 
-18.614034632366877 
-18.61723973116812 
-18.620250944575965 
-18.623153514928617 
-18.62663245015378 
-18.629931813631174 
-18.63350629448702 
-18.636947274201045 
-18.641657246947 
-18.646870518037204 
-18.648797316667793 
-18.65027844012679 
-18.6517287185192 
-18.6531526235036 
-18.654492317887463 
-18.655358995379757 
-18.656173105036874 
-18.6569429438753 
-18.657500978846173 
-18.658049421358633 
-18.65852572868551 
-18.65896931395951 
-18.659389768530566 
-18.659778160064825 
-18.66011743764247 
-18.660401948167674 
-18.66052627024063 
-18.66054000833549 
-18.66067853249307 
-18.660849596760013 
-18.660984143774048 
-18.660821682071994 
-18.66059148271397 
-18.660377898157595 
-18.660124654221946 
-18.660006317251728 
-18.65954396114372 
-18.658892626955712 
-18.658134135781967 
-18.65742584265622 
-18.65667378687924 
-18.655919884030947 
-18.6552714763155 
-18.653711642760467 
-18.65194865538917 
-18.650460367581182 
-18.648670041493062 
-18.646849265118867 
-18.645403069368164 
-18.643969109660212 
-18.64277479666034 
-18.64146143016476 
-18.63929708993874 
-18.637322259076807 
-18.63523978729333 
-18.63271720194558 
-18.631292455996206 
-18.62971091776265 
-18.628077531888273 
-18.626043194897175 
-18.624400537498143 
-18.62261081207882 
-18.620785859189763 
-18.618951637839825 
-18.617034727260112 
-18.61434230339902 
-18.61162573624676 
-18.608081748254346 
-18.604176409230437 
-18.598145047086216 
-18.59221051298686 
-18.586170370264554 
-18.579861539076376 
-18.57339726593916 
-18.563246349049184 
-18.55423291164993 

 Time 
53713.12586259842 
