Energy 
 
-6.447666291553563 
-6.609111628509218 
-7.83477769882001 
-9.044825745441155 
-9.662710071452123 
-9.716138498445101 
-12.190255787980902 
-13.300123357430238 
-13.343685992320415 
-13.478419201065352 
-13.516878832504215 
-13.88237773426795 
-14.145641319527291 
-14.145809440611565 
-14.207868326748155 
-14.33682654885015 
-14.552267140536184 
-14.552276248112694 
-14.951526332732602 
-15.559241938629073 
-16.62023938689835 
-17.19241833236915 
-17.298448521373967 
-17.298498693990553 
-17.73742871497545 
-17.879683268321337 
-18.029673313689266 
-18.099278728275664 
-18.906501575688765 
-18.95686519592063 
-19.087486416227605 
-19.270150226453325 
-19.346280772009173 
-19.357994357798948 
-19.40534956062943 
-19.524879803977168 
-19.65646178795855 
-19.79594700507956 
-19.806929817019633 
-19.89756624912589 
-20.136810237757068 
-20.153993232406417 
-20.304629718232523 
-20.40227972597429 
-20.41961216579123 
-20.42251079707693 
-20.43961965601858 
-20.686375568126998 
-20.91662713154399 
-20.962766738008096 
-21.440687007323668 
-21.44367318152076 
-21.44432925722598 
-21.478142165729857 
-21.478405228355758 
-21.478493459678376 
-21.47881897215612 
-21.480170592577043 
-21.501830342755195 
-21.546184544258672 
-21.55570158563804 
-21.556360878901117 
-21.558347413059305 
-21.560381355067847 
-21.62553238016831 
-21.642125634554343 
-21.710143648707703 
-21.72810405893759 
-21.75058867817082 
-21.750738233234536 
-21.766678641920542 
-21.77593130625583 
-21.785216880285862 
-21.80024881347127 
-21.808150878240223 
-21.876626087591774 
-21.880881484499543 
-21.903944466001196 
-21.907566601334402 
-21.921823937845325 
-21.921843477263668 
-21.92200990798393 
-21.92379819557633 
-21.924117869391498 
-21.9244281926719 
-21.933763176248622 
-21.93536457001062 
-21.940843504070486 
-21.95151140042395 
-22.02547397687654 
-22.026524712715325 
-22.027214205216048 
-22.034427914613598 
-22.061786736559046 
-22.07237210738317 
-22.07449784292724 
-22.085636266490404 
-22.086173578741928 
-22.087676285899942 
-22.09998131549856 
-22.105899343092155 
-22.13050067129231 
-22.13255118317989 
-22.13270714928699 
-22.1361947608853 
-22.136672708454995 
-22.139664179693547 
-22.146766531003976 
-22.147878588938024 
-22.148213201881607 
-22.15893987251633 
-22.161119377167047 
-22.17061114578056 
-22.186166660304274 
-22.186713738478833 
-22.187276182733072 
-22.187944395111813 
-22.188642661407115 
-22.190692414671904 
-22.191035642378235 
-22.191573979231283 
-22.20742424123627 
-22.212874234530204 
-22.21425326529068 
-22.214264428782837 
-22.214264605775615 
-22.217751196569676 
-22.218497764530564 
-22.235936790297398 
-22.237631635085847 
-22.237775706521475 
-22.239868783312183 
-22.242748014060933 
-22.262455983065845 
-22.263383255610247 
-22.26343699536195 
-22.264876976399297 
-22.272125109994995 
-22.278402226758732 
-22.28242657586807 
-22.29314819281736 
-22.304397588300002 
-22.3063661403595 
-22.306457327098112 
-22.30971807640446 
-22.314397560175554 
-22.319325435336502 
-22.323899224426373 
-22.323990861600024 
-22.324032698898524 
-22.32537166721915 
-22.32564882048183 
-22.32641473070585 
-22.328117699395662 
-22.328992015273123 
-22.32940327382485 
-22.329429489965676 
-22.329522020762845 
-22.32961447898377 
-22.3296988327069 
-22.330752921213453 
-22.331127268387746 
-22.33113946645146 
-22.332303920590913 
-22.33387964120501 
-22.334125606654077 
-22.33493828244877 
-22.33750259392025 
-22.337543282750836 
-22.337617180838752 
-22.338474919646153 
-22.339648572086933 
-22.3400112140486 
-22.34010215891553 
-22.34043558809033 
-22.34217729395435 
-22.342184752514587 
-22.34318935020903 
-22.34339790493995 
-22.343456523107413 
-22.34360420733269 
-22.343861405006628 
-22.343864184833855 
-22.345240302052936 
-22.34650165200259 
-22.34669785700425 
-22.347020366564518 
-22.347062108777152 
-22.35015228329211 
-22.350546360437562 
-22.353786646673143 
-22.357231141649418 
-22.35810286048866 
-22.358683585621364 
-22.3586922257433 
-22.359921299497927 
-22.36112366280967 
-22.36124688577985 
-22.361351607049073 
-22.36918797656236 
-22.36941903127923 
-22.370412816928493 
-22.37117009588766 
-22.37134771476037 
-22.37232179537432 
-22.3731971675193 
-22.37390138350127 
-22.373941009068563 
-22.374097013242558 
-22.374313091779587 
-22.374476307031507 
-22.374625805101527 
-22.374627876688397 
-22.375058611121915 
-22.375771410185244 
-22.375812803592463 
-22.375834166490133 
-22.376640316644924 
-22.37667952773136 
-22.37745266935164 
-22.377464638138733 
-22.3774994752615 
-22.377519040311856 
-22.377599881741567 
-22.377710308604858 
-22.377992279858333 
-22.377997417136797 
-22.3807894753928 
-22.382290060822033 
-22.385319702408417 
-22.385374499958544 
-22.38608642504493 
-22.38948914142096 
-22.389558875801065 
-22.39048494078774 
-22.390538000997008 
-22.391808739414945 
-22.391823312658076 
-22.39237019092953 
-22.392397218298967 
-22.393669053420336 
-22.39367021059608 
-22.393829697703186 
-22.39427919159623 
-22.3943722492416 
-22.39437303970138 
-22.394700030718163 
-22.395628692088053 
-22.396585338848723 
-22.39658681580604 
-22.396626216864117 
-22.396650096202645 
-22.39676473594666 
-22.396833961573208 
-22.398487211576995 
-22.39850112477037 
-22.399825892722273 
-22.40007034374493 
-22.4009242317816 
-22.40108473156129 
-22.401279783198625 
-22.401365247980532 
-22.401365737225216 
-22.401554065449226 
-22.401792733403738 
-22.402218042424266 
-22.40226372792184 
-22.402351338190673 
-22.402384057690917 
-22.402607762843683 
-22.40260781666227 
-22.402610877115023 
-22.40261608008271 
-22.402682868078344 
-22.403131072873784 
-22.4031320176039 
-22.403194881699825 
-22.403202934339255 
-22.403324780500405 
-22.40332820716076 
-22.403360083368824 
-22.403509731593864 
-22.40352940107208 
-22.40369219434369 
-22.403922951513206 
-22.40392846179556 
-22.404562364807866 
-22.40476924755967 
-22.404811321096673 
-22.40489054931647 
-22.405756156464623 
-22.40583789376295 
-22.406017027501242 
-22.406018070071706 
-22.40616285371235 
-22.406509020761433 
-22.406509539773303 
-22.406616156962123 
-22.406855600024855 
-22.40717208293194 
-22.407298559871624 
-22.40752720738157 
-22.40753197001385 
-22.407534380326723 
-22.407562727824757 
-22.407633980364913 
-22.40763666855933 
-22.407915889744462 
-22.408158813924803 
-22.40816409173495 
-22.408164833482772 
-22.408171413476854 
-22.408417963575037 
-22.408897160600795 
-22.409229082463682 
-22.40923966791443 
-22.40923972965712 
-22.40946235642034 
-22.409463627962328 
-22.40955903463174 
-22.40956280469519 
-22.409591247607107 
-22.40974663177932 
-22.409762659689168 
-22.409790019156514 
-22.409856765262603 
-22.409883684583917 
-22.40988370418707 
-22.409885384098793 
-22.409914080086782 
-22.409933293752438 
-22.410169726371205 
-22.41054768989256 
-22.41066855970003 
-22.410890746124643 
-22.41091556223351 
-22.410921526535418 
-22.410926782566058 
-22.41093596280938 
-22.410937621943397 
-22.411650619750656 
-22.41176251490026 
-22.411777388167227 
-22.411849065557053 
-22.41192582646789 
-22.411967966366717 
-22.41199095017777 
-22.41201143560196 
-22.41220765765791 
-22.412254631092274 
-22.41226577147784 
-22.412496832414774 
-22.41275148277433 
-22.41278159341651 
-22.412781593881746 
-22.412851552120955 
-22.412862446196073 
-22.412882270003873 
-22.412884658763335 
-22.412915990322574 
-22.413129513234313 
-22.41318069357753 
-22.413248864030713 
-22.413297421891723 
-22.413520358900033 
-22.413560400552655 
-22.41356572319703 
-22.413566193388213 
-22.413651731543215 
-22.413769286093512 
-22.413769294580764 
-22.413794499204876 
-22.413952962497348 
-22.41410343797933 
-22.414171767616526 
-22.414551071812525 
-22.414551082781188 
-22.414847864229944 
-22.41490470111039 
-22.414976611333184 
-22.414999628609596 
-22.415101177710984 
-22.415129394600537 
-22.415141512889722 
-22.41516288480101 
-22.415190337950726 
-22.41519387377912 
-22.415213452500957 
-22.415250250541582 
-22.41528660891399 
-22.415374307309158 
-22.415381551976637 
-22.415406455611816 
-22.41552220698588 
-22.415522984480322 
-22.415544811366168 
-22.415765548352674 
-22.415786623710453 
-22.415879809330846 
-22.415927901804633 
-22.415929353926323 
-22.416053513350203 
-22.41606918565495 
-22.416224100920658 
-22.41671485564951 
-22.416956866300808 
-22.41695759359632 
-22.416958889772822 
-22.417084469729062 
-22.417276432230082 
-22.417347368015363 
-22.41765535773806 
-22.417657143067558 
-22.417687701380537 
-22.417698545273147 
-22.417808643948778 
-22.417818027450085 
-22.417828500194027 
-22.418135158227756 
-22.41816067254246 
-22.41818663724507 
-22.41841364323054 
-22.418472698722063 
-22.418528680007608 
-22.418681295204586 
-22.418777248996708 
-22.418779514043482 
-22.41891551655257 
-22.41901131726808 
-22.41901711149542 
-22.4190207959092 
-22.41902084165779 
-22.419035439306 
-22.419038443814088 
-22.419045597556174 
-22.419045639681592 
-22.419092447755503 
-22.41910904240123 
-22.419109777921722 
-22.419122387660867 
-22.419171788024176 
-22.419210656375256 
-22.419212019799993 
-22.419212267076638 
-22.419222399242347 
-22.41922443324639 
-22.41922451574101 
-22.419516047050827 
-22.419588286744677 
-22.41959749223453 
-22.419618655194107 
-22.41963792076453 
-22.41967021354253 
-22.419700738486288 
-22.419750529482123 
-22.419777168851883 
-22.41979166959352 
-22.419795744812596 
-22.41982377121927 
-22.41990436281163 
-22.419973725877256 
-22.42001564736273 
-22.420042882039954 
-22.4200793989509 
-22.42009375988918 
-22.420094403496552 
-22.42010081526413 
-22.42010098696582 
-22.420117174248794 
-22.420143293276013 
-22.4201983520952 
-22.420199241496352 
-22.420200017247016 
-22.420234640637496 
-22.420253982505116 
-22.420255943998892 
-22.420269803191744 
-22.420271444282246 
-22.420296659829987 
-22.420365358466 
-22.420495063571817 
-22.420538727001546 
-22.420539156118345 
-22.420539529468815 
-22.42060323770113 
-22.420639118374936 
-22.420639370889855 
-22.420641058645007 
-22.42064802238361 
-22.42065053636211 
-22.420668277217956 
-22.420672105585883 
-22.420755836118012 
-22.420851080553213 
-22.42089104524588 
-22.421049816153673 
-22.42106311023177 
-22.421076186118 
-22.421084863135658 
-22.421090461022047 

 Time 
11848.488401412964 
