Energy 
 
-7.922279556507987 
-8.750328609447006 
-9.114558797084714 
-9.337504942222033 
-9.491317772330492 
-9.573660768815346 
-9.620816552428247 
-9.653405217183147 
-9.67427378021636 
-9.685584384704123 
-9.690514710812316 
-9.693733496311667 
-9.696683426406747 
-9.69804026278761 
-9.699502196674981 
-9.701091019592644 
-9.702808073561263 
-9.704378464098351 
-9.706213486769993 
-9.707341902766371 
-9.708354258628555 
-9.70947176111097 
-9.710551220673246 
-9.711788526826894 
-9.713010215901265 
-9.714834564418705 
-9.71588368878994 
-9.716746137524675 
-9.717636733279198 
-9.718608195144583 
-9.719653310203798 
-9.721212020018081 
-9.722553610081766 
-9.72390227189625 
-9.725299495397072 
-9.726700911278728 
-9.728123866060681 
-9.729726517891484 
-9.731743778403981 
-9.733374744551702 
-9.73500868230302 
-9.737546643408859 
-9.7399800365088 
-9.743020905826468 
-9.745043966906406 
-9.745931224945586 
-9.747251704313118 
-9.748570537824007 
-9.749548584513823 
-9.750503489186002 
-9.751474783449535 
-9.752308774384312 
-9.753126387101682 
-9.754043927225235 
-9.75501580166424 
-9.75597176361847 
-9.756808958293687 
-9.757763514191826 
-9.758726790059029 
-9.759713011069364 
-9.760743890822027 
-9.761751715552967 
-9.762713166769107 
-9.76354915943492 
-9.766612198707016 
-9.768894046617499 
-9.77129328032996 
-9.77391858717283 
-9.775578696761206 
-9.77689565948675 
-9.77826351422222 
-9.780609975949163 
-9.78249916341106 
-9.783947936605024 
-9.785407324399495 
-9.786453462417773 
-9.78751688183382 
-9.788735384977606 
-9.789949128679496 
-9.790857403292136 
-9.791770110469427 
-9.792694698133909 
-9.793580510399996 
-9.79447088303872 
-9.795358010663177 
-9.796221802159977 
-9.79707585244754 
-9.797947120629193 
-9.798856599954387 
-9.799786296126078 
-9.800734707866988 
-9.801908520035468 
-9.803124006752354 
-9.805427086759709 
-9.806419890085145 
-9.807466444258724 
-9.80853277256988 
-9.809861554014867 
-9.8110959067318 
-9.81223525914661 
-9.81337738354945 
-9.814574081668635 
-9.815804764111217 
-9.817362908979591 
-9.819643894440954 
-9.821140508602985 
-9.822518106505962 
-9.829640653955265 
-9.836389264075013 
-9.83857127797264 
-9.840514587346478 
-9.842355122715123 
-9.843896524905036 
-9.84541275692261 
-9.847891970313787 
-9.849072344226366 
-9.850276146899374 
-9.852386252758457 
-9.853426461522377 
-9.854620548708153 
-9.855614700818084 
-9.856644090077282 
-9.857709452704889 
-9.858770272306401 
-9.859872214875494 
-9.86095984951519 
-9.86203842551646 
-9.863540940987106 
-9.864724690075324 
-9.865901059173158 
-9.867369734467747 
-9.86874335649091 
-9.870125077006406 
-9.871529020883724 
-9.872953545239193 
-9.874357049990529 
-9.875905178709996 
-9.877330622362182 
-9.878777710559264 
-9.880208960415498 
-9.882373954095247 
-9.884441138575532 
-9.888474076078575 
-9.89199880819956 
-9.893816953450827 
-9.89560760315667 
-9.89737395788193 
-9.899187600762895 
-9.902002096328664 
-9.904633349131094 
-9.90697760588097 
-9.909246727147606 
-9.911607104599385 
-9.913907788102552 
-9.916684259003805 
-9.919395453545578 
-9.922208739596321 
-9.9249618072442 
-9.92719360563193 
-9.9294089880488 
-9.931668634727332 
-9.933842915914857 
-9.935972738632547 
-9.937700878740264 
-9.939321592642962 
-9.94094865924057 
-9.942679707953323 
-9.944322191994882 
-9.945973998073017 
-9.94766810625627 
-9.949357517633917 
-9.951834748107988 
-9.954268253913087 
-9.956878374684315 
-9.959449760777723 
-9.961943653821244 
-9.964874713908966 
-9.967620836159584 
-9.970279588776554 
-9.972745083172414 
-9.97522747196984 
-9.985627946861618 
-9.998461061340155 
-10.032407507303565 
-10.042635735626536 
-10.049589508133428 
-10.055358527637555 
-10.060501987121443 
-10.065111476197217 
-10.069047124066932 
-10.072578488319586 
-10.075917141317667 
-10.078330092873095 
-10.080688003683989 
-10.083603755024637 
-10.086527873531036 
-10.08944328372481 
-10.091487231466735 
-10.093541717936937 
-10.095480033436987 
-10.097538822514856 
-10.09940145932466 
-10.101651723279378 
-10.103777954156312 
-10.105520857722622 
-10.107242730358701 
-10.10913019296363 
-10.11096431550527 
-10.112672776476186 
-10.1160447761928 
-10.118206136847727 
-10.120149816308286 
-10.122091354024024 
-10.123963207705872 
-10.12582550775032 
-10.127633077101471 
-10.129476891446393 
-10.131252175911756 
-10.133017358461816 
-10.134903765837723 
-10.13675784756425 
-10.138583566343215 
-10.140324880235656 
-10.14201643888642 
-10.143682373249009 
-10.145709301522746 
-10.14768121266126 
-10.149670874834252 
-10.151603997093686 
-10.153392087722 
-10.155121547780595 
-10.15686823451324 
-10.158506628031462 
-10.160118395041136 
-10.16169728489889 
-10.163294105391085 
-10.164873779744365 
-10.16644357175894 
-10.167964408758424 
-10.16973181412102 
-10.171521209647132 
-10.173279059541503 
-10.174876048108764 
-10.176333512182556 
-10.177786470187236 
-10.179204790398526 
-10.180617531320811 
-10.182944496264653 
-10.18522137275395 
-10.18776039753782 
-10.189164616119685 
-10.190713643172613 
-10.19216905299588 
-10.193614423981721 
-10.195037168693263 
-10.196450934111926 
-10.197773677675524 
-10.199086175741831 
-10.20039747708893 
-10.201686442707558 
-10.202967986432032 
-10.204241168388869 
-10.205499527596514 
-10.206757396906433 
-10.208010526204468 
-10.209246956431002 
-10.210441074038341 
-10.211625313358395 
-10.21285602240197 
-10.214229801673804 
-10.215663126353558 
-10.217104100061986 
-10.218461388311937 
-10.219827813792092 
-10.22118315912899 
-10.222530116312804 
-10.223863427296719 
-10.225175501731856 
-10.226477862206359 
-10.227631689157983 
-10.2287907921481 
-10.229947747342534 
-10.231084818774907 
-10.23221604519711 
-10.233340443693711 
-10.234480827292405 
-10.235608833493737 
-10.236730745322948 
-10.237939139047532 
-10.239137779525262 
-10.240333783060414 
-10.241521849124062 
-10.242703599163042 
-10.243887464346184 
-10.245064300959541 
-10.246237076698577 
-10.247377279350076 
-10.248521005769254 
-10.249659786600988 
-10.250790689252119 
-10.251917857869623 
-10.253041100998159 
-10.254161325009319 
-10.255281065334815 
-10.256395050268077 
-10.257485478156017 
-10.258572758976202 
-10.259664794437121 
-10.260759393617215 
-10.26178445258141 
-10.262794307843745 
-10.263796886330697 
-10.26489677608993 
-10.26599294605811 
-10.267111708596119 
-10.268227467180466 
-10.269207235502524 
-10.27019162128826 
-10.27116838925801 
-10.272142604851323 
-10.273113470161977 
-10.274130532376654 
-10.275116080192136 
-10.27609855050963 
-10.2770962885398 
-10.278086471897128 
-10.27906401475026 
-10.2800327031245 
-10.280975433578345 
-10.281903246535478 
-10.282825745847862 
-10.283742062200519 
-10.284654420097928 
-10.285557140967608 
-10.286455393565157 
-10.28734733205159 
-10.288230500891261 
-10.289107715726047 
-10.289980696160681 
-10.290865456990613 
-10.291752100742414 
-10.29264328182097 
-10.293532048331068 
-10.294366381942547 
-10.295196039450877 
-10.296126638438226 
-10.297053512633173 
-10.297980658013184 
-10.298929874419313 
-10.29988054826389 
-10.300816305557666 
-10.301675710656784 
-10.302531135397583 
-10.303390559144065 
-10.30424847525304 
-10.305137408622873 
-10.306044406563947 
-10.306947117264695 
-10.307836925710228 
-10.308701027492546 
-10.309561286992437 
-10.310417021304552 
-10.31126695119007 
-10.312109223660004 
-10.312947419436387 
-10.313765098327167 
-10.314578162381274 
-10.315386433278873 
-10.316192947552397 
-10.316994987405593 
-10.31780152169079 
-10.318604518405419 
-10.3194048595517 
-10.320210291758173 
-10.32101380609297 
-10.321813406003672 
-10.32261025765764 
-10.3234045732113 
-10.324208080134508 
-10.325010398156099 
-10.325823812843547 
-10.326622941134492 
-10.327423091259625 
-10.328220172889296 
-10.329002630569516 
-10.329794767949062 
-10.330583987029906 
-10.331367203930448 
-10.332148048378968 
-10.332925625649908 
-10.333693523939715 
-10.334433625248352 
-10.335171533680365 
-10.335907127506568 
-10.336653678473263 
-10.337401406172535 
-10.338145880680647 
-10.33888921362491 
-10.339631921120127 
-10.340372810968134 
-10.34111109492013 
-10.341846847732432 
-10.342577033793399 
-10.34330064183006 
-10.344021767908181 
-10.34474262537777 
-10.34546101841694 
-10.346176773048146 
-10.346885822513336 
-10.347587782805382 
-10.34829543025034 
-10.348988470876453 
-10.349664365056327 
-10.350336217650735 
-10.351005542581992 
-10.351664109800032 
-10.352320532138135 
-10.352977268009658 
-10.353620285859234 
-10.354261658850763 
-10.354901909252524 
-10.355539914062666 
-10.356170127633549 
-10.356798416836844 
-10.357426204631528 
-10.35805338177576 
-10.358679426900897 
-10.359294878561649 
-10.359917990940938 
-10.36053941153981 
-10.361159269749129 
-10.361777092093245 
-10.362397714695929 
-10.363019078396889 
-10.363638874606082 
-10.364255635561173 
-10.364871202467045 
-10.365482508702858 
-10.366092187295239 
-10.366698691700854 
-10.367303241736971 
-10.367906196259932 
-10.368502991800337 
-10.369103016977231 
-10.369701473579367 
-10.370297826155912 
-10.370892822008107 
-10.371486535494132 
-10.372078614576743 
-10.372669571677063 
-10.373259902466721 
-10.373845232893022 
-10.37442520141307 
-10.375006268372548 
-10.375586049058533 
-10.3761635500041 
-10.376739807257836 
-10.377316070988691 
-10.377883660395948 
-10.378450626315127 
-10.379012041581301 
-10.379572461808623 
-10.380129561159062 
-10.380684749815439 
-10.381239544093269 
-10.38179230542819 
-10.382343370387572 
-10.382893163829639 
-10.3834476476076 
-10.384005623137247 
-10.384563438547136 
-10.385118867644469 
-10.385670852474577 
-10.386223802220451 
-10.386780424097328 
-10.387335710832351 
-10.38788793978764 
-10.388437728505941 
-10.38899300699467 
-10.389548365300595 
-10.390102677203652 
-10.390658182627746 
-10.391215290475266 
-10.391769489785377 
-10.392322562123024 
-10.392874146402386 
-10.393424571979613 
-10.393973433356482 
-10.39452352930437 
-10.395072937611419 
-10.395622239012187 
-10.396160723904737 
-10.396701110401967 
-10.397242406537076 
-10.397780763189946 
-10.398317987592963 
-10.39885154799051 
-10.399384587774172 
-10.399915146626167 
-10.400445170834809 

 Time 
182875.69825839996 
