Energy 
 
-8.29093287274659 
-8.792502149193576 
-9.050645291562693 
-9.2252736200023 
-9.3218309465517 
-9.380559659321655 
-9.4264998168463 
-9.462134026348702 
-9.491947878553576 
-9.5031071984078 
-9.50911757139956 
-9.512262418087467 
-9.515158824334451 
-9.518130327771333 
-9.520247324528802 
-9.521458458973639 
-9.522492704079879 
-9.523457677369139 
-9.52443068112775 
-9.525609450854676 
-9.527080395115592 
-9.528253053816425 
-9.52963204937451 
-9.530999923480826 
-9.532374555524278 
-9.534194337876379 
-9.535661120055037 
-9.537031381098998 
-9.538199526818458 
-9.539363172253964 
-9.54046468203251 
-9.541412660662006 
-9.542391384341778 
-9.543632405272774 
-9.54489093354592 
-9.546175969441867 
-9.547250404709652 
-9.548441136856777 
-9.54967281731968 
-9.550906118372804 
-9.552086736407652 
-9.553097204845548 
-9.5541202051848 
-9.55515535866224 
-9.556183664810769 
-9.557295838084066 
-9.558377507540715 
-9.559473408025067 
-9.560641109322075 
-9.562467371647159 
-9.564096171616976 
-9.56646848637188 
-9.568364462667233 
-9.570201787730602 
-9.571853772814693 
-9.573766590306187 
-9.576210943520051 
-9.578832969130234 
-9.581634113731283 
-9.585080712948434 
-9.587801032940952 
-9.590278593150154 
-9.592662953653932 
-9.594999244710635 
-9.597808987690609 
-9.600579300999126 
-9.602645251099547 
-9.604680908575975 
-9.606666996833086 
-9.616516273926555 
-9.62041714396446 
-9.622241424155748 
-9.624489223248679 
-9.6264895156145 
-9.629511734994805 
-9.63191243937778 
-9.63442579278561 
-9.636862801918014 
-9.638816490772808 
-9.640686677365077 
-9.642740819254715 
-9.644613027995494 
-9.646443176083649 
-9.648314883200928 
-9.650002611459636 
-9.651661912234559 
-9.654955785592067 
-9.657954063029875 
-9.660570576733107 
-9.66274368007504 
-9.665340595881785 
-9.667341308747144 
-9.671077936500726 
-9.67511293602311 
-9.678718962153763 
-9.687989821814583 
-9.689506807844456 
-9.691714329028176 
-9.695183495229651 
-9.69786610518034 
-9.699522715645609 
-9.70067167437383 
-9.701666054777167 
-9.702988450024321 
-9.704295249435255 
-9.705430899421847 
-9.706545769358435 
-9.707613487055742 
-9.708917578518385 
-9.710165894806432 
-9.711559990229619 
-9.712984907571984 
-9.714158993250079 
-9.715235543418586 
-9.716418815098383 
-9.717624064846268 
-9.718909713869557 
-9.720083448188472 
-9.721328560676948 
-9.722297173783135 
-9.72323935569912 
-9.724200750287528 
-9.72514300551653 
-9.726087709425176 
-9.727030189110591 
-9.727972588205166 
-9.729037504146696 
-9.729997367235006 
-9.731141243254042 
-9.732074213374162 
-9.732984311033073 
-9.73389980024209 
-9.734965342313037 
-9.736000234561306 
-9.73701274687996 
-9.738073135848259 
-9.739193686538334 
-9.740301626019546 
-9.741451332880937 
-9.742750775974496 
-9.744039050723595 
-9.74531647511394 
-9.746617474791991 
-9.747917237350995 
-9.749215228018794 
-9.75066059605821 
-9.752098995181276 
-9.75354024531527 
-9.754965877219918 
-9.756469129483472 
-9.758147268095021 
-9.759741257377357 
-9.761317559590728 
-9.762879131215222 
-9.764425302988014 
-9.766054414861046 
-9.767447219271736 
-9.768816499538003 
-9.770169435734369 
-9.77167872990912 
-9.773199530166107 
-9.77492951633096 
-9.776828923372634 
-9.77868115915237 
-9.780486420485746 
-9.782238610443102 
-9.783957722733932 
-9.785610725984457 
-9.787299634440815 
-9.792982881287118 
-9.798643763055997 
-9.803933216720578 
-9.80756091701732 
-9.809372035719052 
-9.811143176488393 
-9.812883644267837 
-9.814435414836188 
-9.81621089780126 
-9.817706212355809 
-9.819192039327122 
-9.820705928418613 
-9.822179693750135 
-9.823613001445171 
-9.825016120488003 
-9.826425372281072 
-9.828332652636437 
-9.829647505195037 
-9.83095219758226 
-9.832247475971066 
-9.833539292480669 
-9.835092538695324 
-9.836627582201656 
-9.838068932505644 
-9.839499989169326 
-9.840882358441467 
-9.842282443231294 
-9.843650937181078 
-9.844789782474503 
-9.84594559558851 
-9.84712286450981 
-9.848286085081192 
-9.849442580359778 
-9.850602546746845 
-9.851769846655854 
-9.853064056286154 
-9.85433111737822 
-9.855692489215288 
-9.85694347381657 
-9.858202587862408 
-9.85953638977719 
-9.860846047595503 
-9.862145363934564 
-9.86337570216771 
-9.86462750448743 
-9.865868754029362 
-9.867293384570116 
-9.86871059212165 
-9.870019003162588 
-9.871409819889985 
-9.872784135668342 
-9.874160543801251 
-9.875523032060794 
-9.876929520057766 
-9.878346926311773 
-9.879648663183767 
-9.880958380565563 
-9.88223051657464 
-9.883497515025311 
-9.884739600432265 
-9.88597460038132 
-9.887253344488833 
-9.888549385365021 
-9.889837504851068 
-9.891118221698603 
-9.892439410125778 
-9.893753718403437 
-9.89500402055332 
-9.896238547700312 
-9.897470141145627 
-9.89869699392668 
-9.89992445215345 
-9.901144297526614 
-9.902300755974816 
-9.9034207098388 
-9.904527437701969 
-9.905632704176549 
-9.906757719145235 
-9.907885014945615 
-9.909012110881319 
-9.91014300900672 
-9.911292037953725 
-9.912438115068898 
-9.913624954335782 
-9.91480909648951 
-9.915988881368571 
-9.917159261570418 
-9.918326796311543 
-9.919491422208454 
-9.920681177521173 
-9.921855738901009 
-9.92302339183374 
-9.924186668705715 
-9.925322115950227 
-9.926458490537767 
-9.927515337090902 
-9.928621762678246 
-9.92972781748048 
-9.930834027139799 
-9.931939286389287 
-9.933027976841238 
-9.934115043068562 
-9.935201828752993 
-9.936287178632536 
-9.937370964992509 
-9.938445682648796 
-9.939499954771694 
-9.940552657680467 
-9.94160578063232 
-9.942596983903774 
-9.943580900398926 
-9.944562007987503 
-9.945543318826516 
-9.94652208363937 
-9.947505840139085 
-9.948489174576649 
-9.949477188199017 
-9.950466148376933 
-9.95145315721937 
-9.952439846693375 
-9.953426653834619 
-9.954409631007673 
-9.955390665550622 
-9.956370290170156 
-9.95734909908166 
-9.958320410358152 
-9.959290862206531 
-9.96024996735864 
-9.961207020689713 
-9.962191546119227 
-9.963212989731531 
-9.96425572411677 
-9.965296604093009 
-9.966335752366184 
-9.967379083685639 
-9.968418751358401 
-9.969472663705297 
-9.970521708066435 
-9.971565518643015 
-9.972606020747245 
-9.97364514609626 
-9.97469336308256 
-9.975648806950383 
-9.97666211206205 
-9.977673287243098 
-9.97868490899858 
-9.979704873152086 
-9.980722752999045 
-9.981748588787719 
-9.982750098837636 
-9.983751095220093 
-9.984751649853497 
-9.98576267068859 
-9.98676727149502 
-9.987778914721993 
-9.988786757788157 
-9.98979297161235 
-9.990779325289225 
-9.99176184713353 
-9.992717191923616 
-9.993676490221842 
-9.994627066043279 
-9.995579203056435 
-9.99653039286104 
-9.997513056015842 
-9.998494962615561 
-9.999476227842841 
-10.000457279564756 
-10.001453103823627 
-10.002445150668647 
-10.003431769602509 
-10.004416956543887 
-10.005403484760086 
-10.006393305419142 
-10.007381800710318 
-10.008380299999336 
-10.009377943927642 
-10.010412424421602 
-10.011460809103031 
-10.012504910609549 
-10.013549537165021 
-10.014596851561313 
-10.015658143343735 
-10.016720144990515 
-10.017775124306143 
-10.018818240202796 
-10.019849160193498 
-10.020876644877214 
-10.021907281691085 
-10.022933487111358 
-10.023960752143667 
-10.024985990480925 
-10.025972233244003 
-10.026981681123905 
-10.027987485222923 
-10.028998276908162 
-10.030007789282049 
-10.031016570248028 
-10.032024100664998 
-10.033032838193586 
-10.03404505523008 
-10.035063642444095 
-10.036152339922785 
-10.037239403062479 
-10.03832515358579 
-10.039412520891442 
-10.04050137652221 
-10.041587783453478 
-10.04267531909296 
-10.04376174023635 
-10.0448381643997 
-10.04591435984273 
-10.04701522407041 
-10.04811060246377 
-10.049204579447306 
-10.050298272184278 
-10.051396584782196 
-10.052495240443628 
-10.053587014166393 
-10.054676829430099 
-10.055765311837433 
-10.056849214708066 
-10.057932540530524 
-10.059014729487373 
-10.060113952855815 
-10.061214133658408 
-10.062312751490513 
-10.063369167518614 
-10.064422958822187 
-10.065475156427514 
-10.06657587084231 
-10.067637977288474 
-10.068692299508939 
-10.069744072377551 
-10.070788883984635 
-10.071832341869518 
-10.072873411102949 
-10.073911597522681 
-10.074949101869212 
-10.075977461567296 
-10.077005165886892 
-10.078029001353958 
-10.079049693354893 
-10.080069093448964 
-10.081087130486113 
-10.082107413608385 
-10.083124514502652 
-10.084137813791353 
-10.08515085346751 
-10.086166313641362 
-10.087177695131667 
-10.08816979858355 
-10.089158486353842 
-10.090142543828481 
-10.09112019623276 
-10.092098852482295 
-10.093081044039014 
-10.094061367301823 
-10.095039825704767 
-10.09601702934461 
-10.096988942662389 
-10.097961192059191 
-10.098924871878115 
-10.099887750517714 
-10.100851386948376 
-10.10180842030973 
-10.102765545525443 
-10.103722232640727 
-10.104666375524754 
-10.105628884406771 
-10.106596522265857 
-10.107556972138118 
-10.108519204724294 
-10.109480701359045 
-10.110440541396658 
-10.111404877135218 
-10.112377721225151 
-10.113349338082603 
-10.114316272308262 
-10.115276668769104 
-10.116239869208888 
-10.11720173857314 
-10.118163583445051 
-10.119121301680389 
-10.120077601686448 
-10.121032321307014 
-10.121985655787595 
-10.122938085713166 
-10.123884062429454 
-10.124829267246213 
-10.1257733690529 
-10.126717256038056 
-10.127661887979608 
-10.128602452082388 
-10.129543697974318 
-10.130480601704459 
-10.131416524382972 
-10.132351195565425 
-10.133281454915311 
-10.134199149831032 
-10.135118871797179 
-10.136022358770044 
-10.136920512743993 
-10.137818153304256 
-10.138727619495013 
-10.13963525260502 
-10.140516574338902 
-10.141396970854268 
-10.14227634060136 
-10.143158216281389 
-10.144042118236312 
-10.144925070297282 
-10.145807207228197 
-10.146687602030608 
-10.147567005757049 
-10.148444495678062 
-10.14931930896814 
-10.150193281639826 
-10.15106548637644 
-10.151936075119497 
-10.15279634889533 
-10.153653668476336 
-10.154509700581855 
-10.15536384821289 
-10.156221582986142 
-10.157078459113043 
-10.157915679697954 
-10.15875210497432 
-10.159587364004134 
-10.160419693953413 
-10.161251320692847 

 Time 
152698.14059710503 
