Energy 
 
-6.816319607792179 
-6.851279678897648 
-6.886131805552497 
-6.920875951580766 
-6.955512088352048 
-6.990040194685941 
-7.024460256756299 
-7.058772267995714 
-7.092976228999597 
-7.127072147431151 
-7.161060037924704 
-7.194939921991221 
-7.228711827921795 
-7.262375790693153 
-7.295931851871953 
-7.329380059519379 
-7.362720468097096 
-7.395953138371782 
-7.429078137321333 
-7.462095538040696 
-7.49500541964764 
-7.527807867189502 
-7.5605029715504255 
-7.593090829357885 
-7.6255715428910795 
-7.6579452199882905 
-7.690211973955786 
-7.722371923476626 
-7.7544251925198235 
-7.786371910250821 
-7.818212210941267 
-7.849946233880416 
-7.881574123285877 
-7.913096028216586 
-7.944512102484584 
-7.975822504568797 
-8.007027397527798 
-8.038126948915458 
-8.069121330695115 
-8.100010719155518 
-8.130795294826537 
-8.161475242397193 
-8.192050750631926 
-8.222522012289863 
-8.252889224043376 
-8.283152586397751 
-8.313312303611616 
-8.343368583617746 
-8.373321637945244 
-8.403171681641906 
-8.432918933197094 
-8.462563614466493 
-8.492105950595883 
-8.521546169947177 
-8.550884504024767 
-8.58012118740204 
-8.60925645764917 
-8.638290555261896 
-8.667223723590999 
-8.696056208771335 
-8.724788259653897 
-8.75342012773629 
-8.781952067095578 
-8.810384334321887 
-8.838717188451286 
-8.866950890901363 
-8.8950857054059 
-8.923121897952015 
-8.951059736716449 
-8.978899492003597 
-9.0066414361841 
-9.034285843634065 
-9.06183299067572 
-9.08928315551737 
-9.116636618196173 
-9.143893660519185 
-9.171054566008355 
-9.198119619842219 
-9.225089108803392 
-9.251963321221481 
-9.278742546920896 
-9.305427077167364 
-9.33201720461539 
-9.358513223257235 
-9.384915428372205 
-9.41122411647592 
-9.437439585271797 
-9.463562133601958 
-9.489592061399874 
-9.515529669642671 
-9.541375260305184 
-9.567129136314021 
-9.592791601502848 
-9.618362960567612 
-9.643843519023502 
-9.669233583162146 
-9.694533460008232 
-9.719743457279582 
-9.744863883345356 
-9.76989504718571 
-9.794837258353361 
-9.819690826933313 
-9.84445606350576 
-9.869133279107924 
-9.89372278519756 
-9.918224893616053 
-9.942639916553635 
-9.96696816651361 
-9.9912099562782 
-10.01536559887505 
-10.039435407543456 
-10.063419695702088 
-10.087318776917488 
-10.111132964871443 
-10.134862573331416 
-10.158507916119362 
-10.182069307082692 
-10.205547060064795 
-10.228941488876472 
-10.252252907267938 
-10.27548162890177 
-10.298627967325181 
-10.321692235944349 
-10.344674747997791 
-10.367575816531907 
-10.39039575437546 
-10.413134874115269 
-10.435793488072783 
-10.458371908280332 
-10.480870446458162 
-10.503289413992622 
-10.525629121913683 
-10.547889880873788 
-10.57007200112681 
-10.592175792507744 
-10.61420156441189 
-10.636149625776216 
-10.658020285059674 
-10.679813850224159 
-10.70153062871704 
-10.723170927452163 
-10.744735052793555 
-10.766223310537203 
-10.787636005895076 
-10.808973443478791 
-10.830235927283354 
-10.851423760672002 
-10.872537246361127 
-10.893576686405424 
-10.91454238218335 
-10.935434634383405 
-10.956253742990002 
-10.977000007270966 
-10.997673725763988 
-11.018275196263959 
-11.038804715811164 
-11.059262580679032 
-11.079649086362677 
-11.099964527567462 
-11.120209198198118 
-11.14038339134806 
-11.160487399289142 
-11.180521513461446 
-11.20048602446379 
-11.2203812220439 
-11.240207395089675 
-11.259964831619964 
-11.279653818775975 
-11.299274642813508 
-11.318827589093962 
-11.338312942077277 
-11.3577309853139 
-11.377082001438232 
-11.396366272160426 
-11.415584078261205 
-11.434735699583456 
-11.453821415027733 
-11.472841502544679 
-11.491796239130336 
-11.5106859008201 
-11.529510762682559 
-11.548271098816318 
-11.566967182342728 
-11.585599285402903 
-11.60416767915206 
-11.622672633755842 
-11.641114418386032 
-11.659493301216406 
-11.677809549419145 
-11.696063429161583 
-11.714255205602253 
-11.732385142887853 
-11.750453504150789 
-11.768460551505475 
-11.786406546046173 
-11.80429174784494 
-11.82211641594786 
-11.839880808374513 
-11.857585182114878 
-11.87522979312808 
-11.892814896340049 
-11.910340745642797 
-11.927807593892014 
-11.94521569290673 
-11.96256529346755 
-11.979856645316385 
-11.997089997154314 
-12.01426559664204 
-12.031383690399101 
-12.048444524002907 
-12.065448341988795 
-12.08239538784948 
-12.099285904035362 
-12.116120131954169 
-12.132898311971559 
-12.149620683410301 
-12.166287484552083 
-12.182898952636755 
-12.199455323863326 
-12.215956833390756 
-12.232403715338693 
-12.248796202787506 
-12.265134527780551 
-12.281418921324406 
-12.297649613390021 
-12.31382683291388 
-12.329950807799456 
-12.34602176491875 
-12.362039930113754 
-12.378005528197255 
-12.393918782955584 
-12.409779917149269 
-12.42558915251545 
-12.441346709769647 
-12.457052808607386 
-12.472707667706052 
-12.48831150472833 
-12.503864536321768 
-12.519366978123484 
-12.534819044760491 
-12.550220949853845 
-12.565572906019021 
-12.580875124869612 
-12.596127817019656 
-12.611331192085801 
-12.626485458690105 
-12.641590824462295 
-12.656647496043337 
-12.671655679087117 
-12.686615578263638 
-12.701527397262307 
-12.716391338793901 
-12.73120760459404 
-12.745976395426107 
-12.760697911084078 
-12.775372350395553 
-12.789999911224832 
-12.804580790476306 
-12.81911518409678 
-12.833603287079786 
-12.84804529346782 
-12.862441396355848 
-12.876791787895211 
-12.891096659295322 
-12.905356200829095 
-12.919570601834575 
-12.933740050718868 
-12.947864734962351 
-12.961944841120498 
-12.975980554828627 
-12.989972060804769 
-13.00391954285329 
-13.017823183868769 
-13.031683165838741 
-13.045499669848073 
-13.059272876081623 
-13.073002963829188 
-13.086690111487359 
-13.100334496564573 
-13.11393629568428 
-13.12749568458834 
-13.14101283814079 
-13.154487930331975 
-13.167921134281404 
-13.18131262224219 
-13.194662565604489 
-13.207971134899239 
-13.221238499801633 
-13.23446482913481 
-13.247650290874905 
-13.26079505215247 
-13.273899279258309 
-13.286963137646364 
-13.299986791937169 
-13.312970405922302 
-13.325914142568037 
-13.338818164018434 
-13.351682631600227 
-13.364507705825488 
-13.377293546396471 
-13.390040312208448 
-13.40274816135436 
-13.415417251127609 
-13.428047738027086 
-13.440639777759888 
-13.453193525245748 
-13.465709134620248 
-13.47818675923957 
-13.490626551683139 
-13.503028663758236 
-13.515393246503107 
-13.527720450191904 
-13.54001042433679 
-13.552263317693328 
-13.564479278263082 
-13.576658453298162 
-13.588800989304234 
-13.600907032045079 
-13.6129767265455 
-13.62501021709621 
-13.637007647256148 
-13.648969159857272 
-13.660894897008028 
-13.672785000096546 
-13.684639609795298 
-13.696458866064049 
-13.708242908153856 
-13.71999187461015 
-13.73170590327798 
-13.743385131303516 
-13.755029695139582 
-13.766639730548256 
-13.77821537260476 
-13.7897567557014 
-13.801264013550504 
-13.812737279188898 
-13.824176684980621 
-13.835582362621285 
-13.846954443141062 
-13.858293056908952 
-13.869598333635508 
-13.88087040237627 
-13.892109391537137 
-13.903315428875409 
-13.914488641504947 
-13.925629155899353 
-13.936737097894405 
-13.94781259269348 
-13.958855764869327 
-13.969866738368342 
-13.980845636513902 
-13.991792582009165 
-14.002707696941822 
-14.013591102786126 
-14.02444292040717 
-14.035263270063531 
-14.046052271411614 
-14.056810043507923 
-14.067536704813556 
-14.078232373196135 
-14.088897165934263 
-14.099531199720566 
-14.11013459066448 
-14.120707454296186 
-14.131249905569437 
-14.14176205886493 
-14.152244027993433 
-14.162695926199605 
-14.173117866163837 
-14.18350996000693 
-14.193872319292645 
-14.204205055030393 
-14.214508277679286 
-14.224782097150687 
-14.2350266228111 
-14.245241963486347 
-14.25542822746344 
-14.265585522494 
-14.27571395579784 
-14.28581363406576 
-14.295884663462008 
-14.305927149627927 
-14.315941197684904 
-14.325926912237 
-14.33588439737442 
-14.345813756676266 
-14.355715093212627 
-14.365588509549433 
-14.375434107749454 
-14.385251989376137 
-14.395042255496467 
-14.40480500668378 
-14.414540343020413 
-14.424248364100379 
-14.433929169033007 
-14.443582856445088 
-14.453209524483771 
-14.462809270819207 
-14.47238219264768 
-14.481928386694465 
-14.491447949215587 
-14.500940976002253 
-14.51040756238157 
-14.519847803221138 
-14.529261792929919 
-14.538649625462465 
-14.548011394321051 
-14.557347192557405 
-14.566657112776745 
-14.575941247139856 
-14.58519968736497 
-14.594432524731467 
-14.603639850082121 
-14.612821753824809 
-14.621978325936265 
-14.631109655963687 
-14.640215833028098 
-14.649296945825864 
-14.658353082632122 
-14.667384331302364 
-14.676390779275733 
-14.685372513576809 
-14.694329620818369 
-14.703262187203645 
-14.712170298529216 
-14.72105404018627 
-14.72991349716428 
-14.738748754052498 
-14.747559895042684 
-14.756347003931308 
-14.765110164121918 
-14.773849458627204 
-14.782564970071686 
-14.79125678069392 
-14.799924972348464 
-14.80856962650828 
-14.817190824266973 
-14.82578864634121 
-14.83436317307267 
-14.842914484430409 
-14.851442660013198 
-14.859947779050742 
-14.86842992040722 
-14.876889162582465 
-14.885325583714852 
-14.893739261582423 
-14.902130273605636 
-14.910498696849924 
-14.918844608026411 
-14.927168083495637 
-14.935469199268018 
-14.943748031006987 
-14.952004654030823 
-14.960239143314428 
-14.96845157349114 
-14.976642018855607 
-14.984810553364767 
-14.99295725064027 
-15.00108218397061 
-15.009185426312694 
-15.017267050294091 
-15.02532712821439 
-15.033365732048573 
-15.041382933446664 
-15.0493788037376 
-15.057353413930102 
-15.065306834714644 
-15.073239136465896 
-15.081150389243298 
-15.089040662794645 
-15.09691002655642 
-15.104758549656047 
-15.112586300914103 
-15.12039334884533 
-15.12817976166139 
-15.135945607271749 
-15.14369095328593 
-15.15141586701493 
-15.159120415473355 
-15.166804665380377 
-15.174468683162369 
-15.182112534954323 
-15.18973628660106 
-15.197340003659404 
-15.204923751399505 
-15.212487594806678 
-15.220031598583468 
-15.227555827150233 
-15.23506034464786 
-15.242545214938659 
-15.250010501608157 
-15.257456267967104 
-15.264882577052099 
-15.272289491627976 
-15.279677074189259 
-15.2870453869618 
-15.2943944919035 
-15.301724450707098 
-15.309035324800302 
-15.316327175348654 

 Time 
54364.99441289902 
