Parameters 
 
[-0.5 -0.5 -0.5 -0.5 -0.5 -0.5 -0.5 -0.5 -0.5 -0.5 -0.5 -0.5 -0.5 -0.5
 -0.5 -0.5] 
[-0.76378271 -0.36691235 -0.27616154 -0.28782474 -0.30763156 -0.38777725
 -0.40086929 -0.74837003 -0.84407742 -0.79910235 -0.68313455 -0.64629697
 -0.60209836 -0.39281952 -0.22818919 -0.35176831] 
[-0.92296828 -0.28792376 -0.24328895 -0.25303121 -0.22098588 -0.35525241
 -0.38380449 -0.7856363  -0.96282325 -0.89921795 -0.73939941 -0.68405622
 -0.68756305 -0.36467401 -0.05070897 -0.33344617] 
[-0.98729279 -0.26551835 -0.20266688 -0.27698892 -0.22469755 -0.34495675
 -0.39275171 -0.78079345 -0.9906157  -0.97870001 -0.75189907 -0.67664514
 -0.71961436 -0.32437877  0.02206481 -0.30085449] 
[-1.00959163 -0.25869236 -0.18974696 -0.29093836 -0.21493555 -0.36123527
 -0.37111381 -0.78537962 -0.98601712 -1.0168188  -0.7670295  -0.66615307
 -0.72731966 -0.32086661  0.03185275 -0.30341602] 
[-1.01760622 -0.24856764 -0.19587004 -0.29016935 -0.21946091 -0.37126281
 -0.36701354 -0.78696315 -0.99013657 -1.02748827 -0.76974975 -0.66197196
 -0.71997789 -0.3141348   0.03835115 -0.30349279] 
[-1.02358014 -0.24184585 -0.20023217 -0.2892899  -0.22410862 -0.37679719
 -0.36395184 -0.7852395  -0.99458569 -1.03728248 -0.77231419 -0.66060574
 -0.71658757 -0.31063091  0.04512133 -0.29945167] 
[-1.02649857 -0.23465843 -0.19840143 -0.28984277 -0.22853088 -0.38180184
 -0.36339164 -0.78590672 -0.99715665 -1.04163004 -0.77341872 -0.66162653
 -0.71525907 -0.31040659  0.05262154 -0.29442074] 
[-1.02860753 -0.2332318  -0.19996578 -0.28846702 -0.23171261 -0.38361413
 -0.36454364 -0.78634138 -0.99833521 -1.04631058 -0.77564452 -0.66040049
 -0.71618006 -0.31094953  0.05617879 -0.29137683] 
[-1.0311257  -0.23215635 -0.20075553 -0.28669256 -0.23399665 -0.38361466
 -0.36542581 -0.78568627 -1.00005453 -1.05065153 -0.7770821  -0.65931397
 -0.717325   -0.31059602  0.05876951 -0.28833704] 
[-1.03504826 -0.23203816 -0.20299481 -0.28322818 -0.23816888 -0.38385447
 -0.36754818 -0.78511855 -1.00035555 -1.05682757 -0.78100319 -0.65848684
 -0.71783837 -0.31100152  0.06243711 -0.28518255] 
[-1.03497726 -0.23204077 -0.20270684 -0.28301496 -0.23809252 -0.38346281
 -0.36794055 -0.78561271 -1.00075041 -1.05704519 -0.78084303 -0.65880311
 -0.71811142 -0.31052507  0.06240069 -0.28548632] 
[-1.0349929  -0.2320733  -0.20251549 -0.28279008 -0.23798241 -0.38305345
 -0.3684576  -0.78609867 -1.0011504  -1.05735089 -0.78073195 -0.65899926
 -0.71853384 -0.31004838  0.06243575 -0.28569222] 
[-1.03498454 -0.23201803 -0.20261732 -0.28266331 -0.23799261 -0.38277672
 -0.36866173 -0.7864273  -1.00157602 -1.05779858 -0.78083102 -0.6592328
 -0.71877004 -0.30983854  0.06246877 -0.28568397] 
[-1.03503041 -0.23193956 -0.20278765 -0.28254645 -0.23804663 -0.38242823
 -0.36889883 -0.78675593 -1.0020442  -1.05827188 -0.78096985 -0.65940564
 -0.7190682  -0.30964694  0.06251572 -0.28554662] 
[-1.03508857 -0.23198769 -0.20301917 -0.28228851 -0.23806361 -0.38209491
 -0.36917505 -0.78725398 -1.00241984 -1.058797   -0.78110365 -0.65960212
 -0.71939222 -0.30952811  0.06251511 -0.28558316] 
[-1.03508626 -0.23204665 -0.20327229 -0.28205221 -0.23811255 -0.38168687
 -0.36937749 -0.78775129 -1.00283149 -1.05933051 -0.78121981 -0.65991248
 -0.71971702 -0.30940443  0.06247624 -0.28565589] 
[-1.03501483 -0.23193542 -0.20323722 -0.28190709 -0.23825746 -0.3814873
 -0.36940539 -0.78840499 -1.00349796 -1.05980422 -0.78140835 -0.66022479
 -0.71992136 -0.30938247  0.06253606 -0.28579596] 
[-1.0350135  -0.23198935 -0.20339718 -0.28176463 -0.23844715 -0.38114016
 -0.36960005 -0.78896367 -1.00400426 -1.06031187 -0.78164563 -0.66060378
 -0.72009848 -0.30935302  0.06261604 -0.28583511] 
[-1.03522242 -0.23222337 -0.20345406 -0.28169534 -0.2384929  -0.3803004
 -0.36989025 -0.78982482 -1.00440567 -1.06086329 -0.78172305 -0.66115638
 -0.72020167 -0.30959234  0.06272446 -0.28614865] 
[-1.03540926 -0.232427   -0.2035348  -0.28163298 -0.23853514 -0.37944691
 -0.37019645 -0.79067072 -1.00482362 -1.06143733 -0.78187435 -0.66171863
 -0.72029248 -0.30986124  0.06286537 -0.28641583] 
[-1.03561853 -0.23268568 -0.20370807 -0.2815838  -0.23864543 -0.37856559
 -0.37055704 -0.79159991 -1.00531626 -1.06205256 -0.78208139 -0.66223512
 -0.72046873 -0.31016707  0.06302282 -0.28663568] 
[-1.03603921 -0.23182179 -0.20457499 -0.28096518 -0.23904564 -0.37866407
 -0.37169897 -0.79265508 -1.00650758 -1.06280637 -0.78261807 -0.66179748
 -0.72125691 -0.30821183  0.06186527 -0.28671776] 
[-1.03638758 -0.2309006  -0.20548111 -0.28038443 -0.23947685 -0.37889109
 -0.37278573 -0.79365811 -1.00779097 -1.06359136 -0.7832414  -0.66137085
 -0.72202295 -0.30625913  0.06077912 -0.28672546] 
[-1.03683776 -0.23055222 -0.20594017 -0.28021935 -0.23995646 -0.37878947
 -0.37324988 -0.7945397  -1.00855027 -1.0642549  -0.78364372 -0.6613532
 -0.72256989 -0.30548062  0.06026977 -0.2869699 ] 
[-1.03739373 -0.23005718 -0.20623134 -0.28056596 -0.2402282  -0.3787502
 -0.3738222  -0.79525498 -1.00947909 -1.06494922 -0.78418738 -0.66121485
 -0.72311337 -0.30500437  0.06014605 -0.28730675] 
[-1.03826005 -0.22933377 -0.20656526 -0.28154366 -0.24052299 -0.37876862
 -0.37497329 -0.79556041 -1.01057636 -1.06645825 -0.78536232 -0.66125939
 -0.7239922  -0.30447059  0.06027916 -0.28794323] 
[-1.03917062 -0.22866853 -0.20676915 -0.2824538  -0.2409241  -0.37870925
 -0.37624674 -0.79583973 -1.01163058 -1.06791739 -0.7865643  -0.66138492
 -0.72489216 -0.30384021  0.06038141 -0.2885568 ] 
[-1.04001638 -0.22816059 -0.20692215 -0.28376949 -0.24129116 -0.37848484
 -0.37749726 -0.79585261 -1.01273867 -1.06954794 -0.78804647 -0.66154923
 -0.72588497 -0.30367615  0.06072744 -0.28901659] 
[-1.04105264 -0.22661776 -0.20714515 -0.28904028 -0.24137868 -0.37804867
 -0.37841145 -0.79568879 -1.01566736 -1.07228709 -0.79047132 -0.66115871
 -0.72611775 -0.30510838  0.06334501 -0.29017839] 
[-1.04155634 -0.22447665 -0.20742927 -0.29167177 -0.24014141 -0.37655232
 -0.37926532 -0.79548525 -1.01612677 -1.07452499 -0.79211304 -0.66202587
 -0.72601845 -0.30580018  0.06551117 -0.29148471] 
[-1.04211638 -0.22278745 -0.20799803 -0.2931385  -0.23932473 -0.37566098
 -0.38048228 -0.79520977 -1.01651713 -1.07690481 -0.79404988 -0.66294395
 -0.72675161 -0.30585613  0.06706879 -0.29256401] 
[-1.04282841 -0.22164506 -0.20861318 -0.29391491 -0.23888388 -0.37480685
 -0.38163692 -0.79538266 -1.01661248 -1.07832685 -0.7957021  -0.66344596
 -0.72727828 -0.30589196  0.06793028 -0.2932283 ] 
[-1.04605156 -0.22298594 -0.21486679 -0.29346787 -0.24191814 -0.37432527
 -0.38565674 -0.79730202 -1.01914578 -1.0802062  -0.79863943 -0.66033049
 -0.73316384 -0.30425164  0.06717797 -0.29098423] 
[-1.04648546 -0.22275967 -0.21502018 -0.29313428 -0.24193637 -0.37402455
 -0.3860849  -0.797683   -1.01931102 -1.08073006 -0.79948039 -0.6607929
 -0.73371497 -0.30402222  0.06711938 -0.29127382] 
[-1.04784083 -0.22343212 -0.21634527 -0.29171453 -0.2424201  -0.37306681
 -0.3874424  -0.79872536 -1.01917425 -1.0807322  -0.79985645 -0.66059198
 -0.73515661 -0.30306914  0.06613024 -0.29112328] 
[-1.04873244 -0.22351004 -0.21691915 -0.2911275  -0.24254054 -0.37240022
 -0.38843126 -0.79934978 -1.01925546 -1.08113277 -0.80070329 -0.66077873
 -0.73604074 -0.30263642  0.06578688 -0.29137436] 
[-1.04906131 -0.2232618  -0.21719054 -0.29030128 -0.24255309 -0.37210755
 -0.38877426 -0.79967387 -1.01931587 -1.08155707 -0.8013631  -0.66119885
 -0.73687219 -0.30211874  0.06553261 -0.29140631] 
[-1.04956656 -0.22322315 -0.21768916 -0.28921416 -0.24267017 -0.37166867
 -0.38933249 -0.80013859 -1.01938235 -1.08180704 -0.8018717  -0.66146813
 -0.73789107 -0.30138683  0.06500109 -0.29125001] 
[-1.04906172 -0.22234982 -0.21665654 -0.28882727 -0.24247542 -0.37311917
 -0.38886241 -0.80016244 -1.02051181 -1.08432758 -0.80333396 -0.66326317
 -0.73833085 -0.30136373  0.06441164 -0.29262607] 
[-1.04890554 -0.22147568 -0.21613179 -0.28829452 -0.24208886 -0.37339912
 -0.38889392 -0.80016323 -1.02108007 -1.08574636 -0.80460026 -0.66444804
 -0.7388483  -0.30109861  0.06421569 -0.29303991] 
[-1.04882425 -0.22080848 -0.21580808 -0.28777044 -0.24177883 -0.37363981
 -0.38889169 -0.80027725 -1.02162779 -1.08686393 -0.80572217 -0.66557096
 -0.73934994 -0.3009429   0.06410815 -0.29332614] 
[-1.04866897 -0.22009132 -0.2154272  -0.28726564 -0.24144794 -0.37399162
 -0.38882594 -0.80034309 -1.02221839 -1.08806923 -0.80692106 -0.66678011
 -0.73980953 -0.3008397   0.06403431 -0.29362328] 
[-1.0482492  -0.2188705  -0.21453256 -0.28646723 -0.24080788 -0.37473031
 -0.38850789 -0.80019007 -1.02324218 -1.08986492 -0.80817388 -0.668562
 -0.74008635 -0.30059448  0.06347979 -0.2937266 ] 
[-1.04777554 -0.21766108 -0.21328536 -0.28548892 -0.24023493 -0.37553633
 -0.38816561 -0.80012901 -1.02453764 -1.09201216 -0.80937566 -0.67053163
 -0.74045409 -0.3002287   0.06252917 -0.29395116] 
[-1.04786843 -0.21623011 -0.21307731 -0.28438121 -0.2394645  -0.37452552
 -0.3889222  -0.80015907 -1.02457226 -1.09274177 -0.81060232 -0.67119002
 -0.74142952 -0.2991432   0.06240855 -0.29388983] 
[-1.04791043 -0.21481592 -0.21279594 -0.28328912 -0.23869848 -0.37375086
 -0.38950254 -0.80018309 -1.02467633 -1.09360934 -0.81179485 -0.67199693
 -0.74228247 -0.29818096  0.06222743 -0.29385875] 
[-1.04794777 -0.21342588 -0.212511   -0.28219301 -0.23795763 -0.37298368
 -0.39006741 -0.80022845 -1.02479261 -1.09447311 -0.81298412 -0.67280857
 -0.74314226 -0.29723145  0.06204572 -0.29383241] 
[-1.04401177 -0.20183912 -0.20503807 -0.27694185 -0.23160737 -0.36897846
 -0.39635727 -0.79760971 -1.02486618 -1.09898529 -0.82136135 -0.67551462
 -0.74568841 -0.29139755  0.06009455 -0.29420285] 
[-1.04256088 -0.19662309 -0.20166584 -0.27426467 -0.22875511 -0.36717888
 -0.39917377 -0.79680675 -1.02545195 -1.10177768 -0.8250354  -0.67726479
 -0.74723357 -0.28853628  0.05865776 -0.29462856] 
[-1.04208881 -0.19460443 -0.20043394 -0.27238249 -0.22796941 -0.36550523
 -0.40007862 -0.79677842 -1.02573166 -1.10279909 -0.82600835 -0.6781725
 -0.7484209  -0.28688443  0.05776836 -0.29401714] 
[-1.04213187 -0.19288477 -0.20019547 -0.27096732 -0.2271592  -0.36414647
 -0.40025293 -0.79674703 -1.02554339 -1.10322193 -0.82638516 -0.67912989
 -0.7490397  -0.28565971  0.05743155 -0.29304658] 
[-1.04230803 -0.19044913 -0.20010857 -0.26899363 -0.22595091 -0.36184983
 -0.40096264 -0.7965113  -1.02499509 -1.10381759 -0.82699768 -0.68001119
 -0.75019042 -0.28381231  0.0570039  -0.29179174] 
[-1.04247784 -0.18810758 -0.20003746 -0.26710935 -0.22477425 -0.35966879
 -0.40166784 -0.79629715 -1.02448633 -1.10442259 -0.82767215 -0.68089039
 -0.75132801 -0.28205274  0.05664479 -0.29064112] 
[-1.0419123  -0.17948814 -0.19734132 -0.26076143 -0.22070636 -0.35390669
 -0.40299091 -0.79453025 -1.02262632 -1.10573775 -0.82664615 -0.68345989
 -0.75135648 -0.27626041  0.05176513 -0.28436984] 
[-1.04152641 -0.17721018 -0.19617315 -0.25908016 -0.2198028  -0.35211777
 -0.40354265 -0.79445766 -1.0225992  -1.10626092 -0.8271776  -0.68469457
 -0.75203163 -0.27459355  0.0506896  -0.28295447] 
[-1.04113975 -0.17495933 -0.19500499 -0.2574214  -0.21891523 -0.35036367
 -0.40406755 -0.79439318 -1.02258371 -1.10678239 -0.8276957  -0.68592857
 -0.75268931 -0.27294747  0.04961977 -0.28154838] 
[-1.04074566 -0.17241268 -0.19383984 -0.25558588 -0.21789681 -0.34840902
 -0.40466988 -0.79425153 -1.02246471 -1.10736352 -0.82824128 -0.687196
 -0.75334858 -0.27110846  0.04842683 -0.27995291] 
[-1.04031879 -0.17008895 -0.19239105 -0.25387998 -0.21701147 -0.34655277
 -0.40522188 -0.79427869 -1.02258575 -1.10795358 -0.82873329 -0.68859321
 -0.75403326 -0.26929371  0.04713833 -0.27862592] 
[-1.04028244 -0.1643035  -0.19026763 -0.25040206 -0.2142979  -0.34304105
 -0.40630276 -0.79363612 -1.02146993 -1.10916333 -0.82899249 -0.6908619
 -0.75425986 -0.26535396  0.04351059 -0.27528699] 
[-1.04024175 -0.15937877 -0.18847475 -0.24739737 -0.21199427 -0.34000203
 -0.40721351 -0.7931532  -1.02060051 -1.11019982 -0.82928231 -0.69286973
 -0.75455659 -0.26198537  0.04050631 -0.27241791] 
[-1.04062261 -0.15423093 -0.18726714 -0.24418072 -0.20927656 -0.33612839
 -0.40855643 -0.79264029 -1.01928336 -1.11148109 -0.82961783 -0.69473099
 -0.7553508  -0.25843865  0.03790443 -0.26966105] 
[-1.04089808 -0.14998341 -0.18608089 -0.2415219  -0.20703061 -0.33269541
 -0.40979828 -0.79237625 -1.01839371 -1.11271829 -0.83016423 -0.69635122
 -0.75643318 -0.25545469  0.03594542 -0.26770375] 
[-1.04106012 -0.14942006 -0.18553516 -0.24060065 -0.20689573 -0.3310414
 -0.4105451  -0.79305335 -1.0189965  -1.11322696 -0.83052053 -0.69706043
 -0.75790442 -0.25414474  0.03542122 -0.26762646] 
[-1.04087434 -0.14704846 -0.1843662  -0.23900855 -0.20591918 -0.32908969
 -0.41117706 -0.79295434 -1.0188811  -1.11378705 -0.83113768 -0.69813771
 -0.75899707 -0.25229832  0.03479464 -0.26664087] 
[-1.04100359 -0.14587422 -0.18361037 -0.23795797 -0.20540065 -0.32731597
 -0.41198908 -0.79326488 -1.01902088 -1.11445864 -0.83162108 -0.69887765
 -0.76032823 -0.25081478  0.03441251 -0.26650544] 
[-1.04232684 -0.13545961 -0.18232903 -0.23154962 -0.19990712 -0.31877674
 -0.41579968 -0.79000834 -1.01388937 -1.11679095 -0.83310546 -0.69986494
 -0.76276276 -0.24374045  0.03283639 -0.2622716 ] 
[-1.04336095 -0.12729162 -0.18113074 -0.22641748 -0.19562148 -0.31177126
 -0.41893086 -0.78764627 -1.0100487  -1.1187547  -0.83430354 -0.70079565
 -0.76491446 -0.2380256   0.03152137 -0.259016  ] 
[-1.0434903  -0.12452138 -0.17981752 -0.22470444 -0.19443882 -0.30914769
 -0.42016448 -0.78723464 -1.00953581 -1.11963736 -0.8351537  -0.70175702
 -0.76632721 -0.23569147  0.03085657 -0.25825431] 
[-1.04583001 -0.12171968 -0.17737595 -0.22096203 -0.19382294 -0.30039091
 -0.42467225 -0.78914481 -1.01082519 -1.12283835 -0.83525783 -0.70235649
 -0.77220785 -0.22988233  0.02536346 -0.25788154] 
[-1.04795419 -0.11916771 -0.17573421 -0.21555587 -0.19292841 -0.28646185
 -0.43105763 -0.79067822 -1.01038262 -1.12516537 -0.83633585 -0.70232045
 -0.7796629  -0.22438318  0.02298029 -0.2565512 ] 
[-1.05006826 -0.11692779 -0.17447979 -0.2105609  -0.19206295 -0.27218445
 -0.43691259 -0.79206384 -1.00972461 -1.12719023 -0.83711139 -0.70241587
 -0.7866452  -0.21943887  0.0213518  -0.25504709] 
[-1.05109012 -0.11411391 -0.17167757 -0.20690656 -0.19119165 -0.26372811
 -0.44053897 -0.79298158 -1.00964068 -1.12941804 -0.83793873 -0.70278218
 -0.79118054 -0.2157762   0.01889764 -0.25439972] 
[-1.05215876 -0.1123548  -0.16953544 -0.20401626 -0.19073314 -0.25622254
 -0.44375874 -0.79417022 -1.01016392 -1.13149676 -0.83833224 -0.70337837
 -0.79502314 -0.21269972  0.01645063 -0.25394048] 
[-1.05267859 -0.11252637 -0.16885935 -0.20300322 -0.19113598 -0.25281469
 -0.44554478 -0.7953339  -1.01140224 -1.13265335 -0.83892855 -0.70394185
 -0.79743445 -0.21119088  0.01538521 -0.25431445] 
[-1.05244591 -0.11028769 -0.16647335 -0.19957159 -0.19030543 -0.24212792
 -0.4515745  -0.79626034 -1.01118986 -1.13466522 -0.84112205 -0.70395039
 -0.80242537 -0.20814944  0.01456118 -0.25332226] 
[-1.05345166 -0.10736517 -0.16334874 -0.19528224 -0.19012746 -0.22956122
 -0.45937343 -0.79831565 -1.01316126 -1.13879458 -0.84394428 -0.70315788
 -0.81079245 -0.20260111  0.01047499 -0.25315147] 
[-1.05553693 -0.10908241 -0.1610885  -0.19429539 -0.1915287  -0.22299527
 -0.46269132 -0.80164028 -1.01819942 -1.14130434 -0.84434299 -0.70452867
 -0.81561929 -0.19955124  0.00575477 -0.25569539] 
[-1.0574218  -0.11072173 -0.15950102 -0.19380354 -0.19292878 -0.21867106
 -0.46496789 -0.8044695  -1.02279182 -1.14350964 -0.8445648  -0.70572354
 -0.81960863 -0.19685198  0.00141793 -0.25794443] 
[-1.06622023 -0.11769648 -0.16176867 -0.19658353 -0.19828294 -0.21406466
 -0.46829364 -0.8116423  -1.03790719 -1.14943469 -0.84378832 -0.70547693
 -0.83209246 -0.18948401 -0.01440289 -0.26543214] 
[-1.07195347 -0.11923195 -0.1616378  -0.19556366 -0.1996451  -0.20190852
 -0.47594516 -0.81647547 -1.04599794 -1.15460355 -0.8443085  -0.70519763
 -0.84136607 -0.18352558 -0.02469073 -0.26798762] 
[-1.07413867 -0.11877801 -0.16036764 -0.19429884 -0.19966853 -0.19436435
 -0.47998914 -0.81883934 -1.04845584 -1.15693268 -0.84486935 -0.7056883
 -0.84504612 -0.18128086 -0.02812039 -0.26896149] 
[-1.07582072 -0.11898225 -0.15969645 -0.19372915 -0.2001311  -0.18955203
 -0.48222106 -0.82075243 -1.05065712 -1.15862053 -0.84512043 -0.70625651
 -0.84792227 -0.17976064 -0.03043125 -0.27008064] 
[-1.0773893  -0.11921078 -0.15916778 -0.19322633 -0.20059221 -0.18534851
 -0.48414634 -0.82253382 -1.05273218 -1.16017004 -0.84535356 -0.7067778
 -0.85059066 -0.17833836 -0.03253227 -0.2710878 ] 
[-1.0792117  -0.11985985 -0.15882835 -0.19295104 -0.20122859 -0.18041517
 -0.48639615 -0.824537   -1.0553271  -1.16182333 -0.8456427  -0.70728085
 -0.85379002 -0.17676363 -0.03495382 -0.27243682] 
[-1.08092438 -0.12057952 -0.15862176 -0.19268433 -0.20177752 -0.17548444
 -0.48846032 -0.82638099 -1.0575356  -1.16324314 -0.84598083 -0.70785757
 -0.85677697 -0.17540909 -0.03688486 -0.27369525] 
[-1.08196174 -0.12141313 -0.15880615 -0.19259248 -0.20237917 -0.17339752
 -0.48921061 -0.82761572 -1.05891925 -1.16379286 -0.84614495 -0.70836485
 -0.85826734 -0.17455413 -0.03787499 -0.27436151] 
[-1.08297068 -0.12226151 -0.15900525 -0.19249923 -0.20299092 -0.17143868
 -0.48989645 -0.82885272 -1.06028832 -1.16432749 -0.84633946 -0.70885272
 -0.85974552 -0.17374084 -0.03880004 -0.27500039] 
[-1.0839254  -0.12298087 -0.1591097  -0.19237233 -0.20354118 -0.16959045
 -0.49050428 -0.8300289  -1.06152815 -1.16485362 -0.84652886 -0.70935924
 -0.86111438 -0.17295574 -0.03965388 -0.27559051] 
[-1.08492459 -0.1240026  -0.15946633 -0.19240146 -0.20416882 -0.16786767
 -0.49110684 -0.83131196 -1.06296445 -1.16531703 -0.84669819 -0.7098312
 -0.86257472 -0.17222827 -0.04052506 -0.27628357] 
[-1.08590256 -0.12497727 -0.15980454 -0.19242926 -0.20476095 -0.16620898
 -0.49169752 -0.83258169 -1.06436977 -1.16577077 -0.84686477 -0.71031433
 -0.86402043 -0.17149428 -0.04139605 -0.27697066] 
[-1.08707283 -0.12609122 -0.16010198 -0.19240617 -0.20532962 -0.16472997
 -0.49227502 -0.83399278 -1.06591311 -1.16618406 -0.84685493 -0.71083982
 -0.86541232 -0.17067509 -0.04256337 -0.27780164] 
[-1.08803955 -0.1270823  -0.16038579 -0.19229099 -0.20580047 -0.16359374
 -0.49265915 -0.83529907 -1.06718389 -1.16656729 -0.84686424 -0.7113783
 -0.86664659 -0.16993496 -0.04341355 -0.27845179] 
[-1.08896873 -0.12803187 -0.1606421  -0.19216641 -0.20625352 -0.16247114
 -0.49303631 -0.83657695 -1.06840771 -1.16694362 -0.84689021 -0.71191919
 -0.86784325 -0.16921485 -0.04421408 -0.27907561] 
[-1.08984026 -0.12893002 -0.1608827  -0.19202297 -0.20669283 -0.16131023
 -0.49343862 -0.8378154  -1.06956387 -1.16732241 -0.84696232 -0.71244513
 -0.86901997 -0.16851049 -0.04493657 -0.2796511 ] 
[-1.09411279 -0.1350288  -0.16375452 -0.19258617 -0.21021003 -0.15281094
 -0.49804122 -0.84300281 -1.07686779 -1.16764984 -0.84655973 -0.71381748
 -0.87510281 -0.16409535 -0.050604   -0.28281863] 
[-1.09692389 -0.13920711 -0.16538341 -0.19280351 -0.21232614 -0.14855666
 -0.50105485 -0.84655047 -1.08219874 -1.16827245 -0.84681971 -0.71444206
 -0.87929942 -0.16161973 -0.05483066 -0.28492296] 
[-1.10457479 -0.15105986 -0.1698991  -0.19406906 -0.21762182 -0.14298647
 -0.50591386 -0.85537084 -1.09588512 -1.16988043 -0.8458255  -0.7155731
 -0.88806667 -0.15672334 -0.06677527 -0.29152985] 
[-1.11006796 -0.15960903 -0.17302608 -0.1948047  -0.22135907 -0.13858447
 -0.50977664 -0.86188562 -1.10586329 -1.17101417 -0.84528178 -0.71649259
 -0.89450747 -0.15314308 -0.07542292 -0.29623377] 
[-1.11283071 -0.16383409 -0.17442646 -0.19515895 -0.22319172 -0.13664039
 -0.51134135 -0.86521775 -1.11062669 -1.17168886 -0.8452221  -0.71724685
 -0.89780123 -0.15129609 -0.07930186 -0.29860369] 
[-1.11516704 -0.16737962 -0.1755557  -0.19539917 -0.22473597 -0.13487939
 -0.51269821 -0.86810049 -1.11465215 -1.17229496 -0.84524003 -0.71795479
 -0.90063566 -0.14969413 -0.08250536 -0.30058582] 
[-1.11917061 -0.17452684 -0.17753133 -0.1964746  -0.22736223 -0.13325537
 -0.51427454 -0.87281228 -1.12202824 -1.17289356 -0.84419781 -0.71956148
 -0.90477633 -0.14726172 -0.08877036 -0.30478239] 
[-1.12170694 -0.17886422 -0.1787041  -0.19701639 -0.22903238 -0.13158463
 -0.51552374 -0.87592921 -1.12661259 -1.17339289 -0.84378588 -0.72062784
 -0.90762946 -0.14561558 -0.0924747  -0.30728259] 
[-1.12470794 -0.18382139 -0.17972644 -0.19756383 -0.23080143 -0.1312113
 -0.51552235 -0.8793954  -1.13182885 -1.17409722 -0.84257905 -0.72179678
 -0.91057844 -0.1441353  -0.09666912 -0.31077066] 
[-1.12699165 -0.18751856 -0.18041331 -0.19789327 -0.2321332  -0.13068967
 -0.51561668 -0.8821309  -1.1357768  -1.17468059 -0.84180228 -0.72279581
 -0.91293538 -0.14293824 -0.09973095 -0.31336512] 
[-1.12842369 -0.18968073 -0.18071462 -0.19794816 -0.23292672 -0.12993758
 -0.51585293 -0.88397762 -1.13818298 -1.17511652 -0.84155991 -0.7235616
 -0.91459373 -0.14207453 -0.10142689 -0.3148541 ] 
[-1.1338494  -0.19775018 -0.18284958 -0.19886563 -0.23616719 -0.12800875
 -0.51619745 -0.88914982 -1.14642148 -1.17586727 -0.83935689 -0.72468327
 -0.91971041 -0.13911946 -0.10868652 -0.31995016] 
[-1.13452772 -0.19889513 -0.18225713 -0.19846823 -0.23661347 -0.12347053
 -0.5187985  -0.89063451 -1.14799488 -1.17610332 -0.84045584 -0.7252236
 -0.92217756 -0.13797923 -0.10945815 -0.32084481] 
[-1.13501141 -0.19973809 -0.18165449 -0.19806191 -0.23697591 -0.11986705
 -0.52085489 -0.89189665 -1.14923751 -1.17634821 -0.84138261 -0.72580939
 -0.92411074 -0.13702459 -0.10991633 -0.32149732] 
[-1.13542061 -0.20078552 -0.18121876 -0.19770122 -0.23742923 -0.11722426
 -0.52230884 -0.893212   -1.15047198 -1.17650591 -0.84215025 -0.72647571
 -0.92570791 -0.13623027 -0.11020761 -0.32222481] 
[-1.13575205 -0.20172851 -0.18080878 -0.19735109 -0.23782329 -0.11472707
 -0.52374634 -0.8944502  -1.15161098 -1.17662372 -0.8429377  -0.72715479
 -0.92718753 -0.13549188 -0.11039447 -0.32282011] 
[-1.13610764 -0.2026181  -0.18050542 -0.19695485 -0.2381911  -0.11227155
 -0.52525874 -0.89570794 -1.15274863 -1.17670284 -0.84379004 -0.72774733
 -0.92867376 -0.13476845 -0.1105422  -0.32327925] 
[-1.13611271 -0.20373061 -0.17977799 -0.19637571 -0.23846686 -0.10932877
 -0.52705209 -0.89697578 -1.15393959 -1.17658592 -0.84459649 -0.7287456
 -0.9299325  -0.13419977 -0.1103245  -0.32387198] 
[-1.13610316 -0.20415949 -0.17934173 -0.19578371 -0.23853151 -0.10737034
 -0.52847141 -0.89776785 -1.15461851 -1.17642214 -0.84538235 -0.72943168
 -0.93062376 -0.13368969 -0.10991517 -0.32399692] 
[-1.13578017 -0.21006365 -0.17921405 -0.19524277 -0.24054008 -0.09438199
 -0.53910606 -0.90113082 -1.16114707 -1.1739572  -0.84892322 -0.73168307
 -0.93534072 -0.13195441 -0.11001809 -0.32614949] 
[-1.13602379 -0.21347642 -0.1792543  -0.19537634 -0.24164447 -0.08855404
 -0.54413758 -0.90320976 -1.16513062 -1.17292071 -0.85045559 -0.73305096
 -0.93804863 -0.13080113 -0.11089418 -0.32796145] 
[-1.13621164 -0.21650052 -0.17926296 -0.19545807 -0.24259832 -0.08320445
 -0.54875125 -0.90506682 -1.16862265 -1.1719541  -0.85189895 -0.73435482
 -0.94039885 -0.12977107 -0.11155495 -0.32948167] 
[-1.13651011 -0.22011337 -0.17931063 -0.19546906 -0.24376366 -0.0770507
 -0.55404613 -0.90735602 -1.17280008 -1.17088138 -0.85359949 -0.73576761
 -0.94318798 -0.12862855 -0.11232121 -0.33136387] 
[-1.13727071 -0.22273342 -0.17942825 -0.19532648 -0.24446746 -0.07287788
 -0.55788841 -0.90956525 -1.17623439 -1.17063265 -0.85500891 -0.73655604
 -0.94590309 -0.12770282 -0.1135966  -0.33342389] 
[-1.13739508 -0.22350913 -0.17967623 -0.19500316 -0.24486439 -0.06999401
 -0.56019851 -0.91033753 -1.17713645 -1.17046505 -0.85605357 -0.73710062
 -0.94676982 -0.12721034 -0.11315609 -0.33331217] 
[-1.13737403 -0.2239916  -0.17988674 -0.1945922  -0.24515874 -0.06747262
 -0.56219535 -0.91089651 -1.17762078 -1.17027055 -0.85700693 -0.73768096
 -0.9472645  -0.12684386 -0.11238992 -0.33285008] 
[-1.13707585 -0.22408064 -0.18019656 -0.19403894 -0.24541623 -0.06490344
 -0.56411649 -0.91109728 -1.17742638 -1.17002326 -0.85801725 -0.73825769
 -0.9472786  -0.12664042 -0.11102162 -0.33167293] 
[-1.13703026 -0.22429862 -0.18023284 -0.19361129 -0.2455869  -0.06299814
 -0.56554881 -0.91154836 -1.17765887 -1.16995845 -0.85876871 -0.73884945
 -0.94751846 -0.12640538 -0.11025195 -0.33116648] 
[-1.13701172 -0.22448381 -0.1802414  -0.19318571 -0.24573453 -0.06120108
 -0.56686409 -0.91199728 -1.1778769  -1.16991216 -0.85948085 -0.7394483
 -0.94775446 -0.12616479 -0.10951598 -0.33070279] 
[-1.13701105 -0.22457715 -0.18028474 -0.19279244 -0.24587808 -0.05966317
 -0.56790648 -0.9124033  -1.17797795 -1.16987708 -0.86014224 -0.73999517
 -0.94793559 -0.12595127 -0.10872124 -0.33014941] 
[-1.13693844 -0.2245976  -0.18028797 -0.19236091 -0.24598162 -0.05813632
 -0.56884885 -0.91276822 -1.17794147 -1.16987608 -0.86077805 -0.74055173
 -0.94798079 -0.12582861 -0.10774606 -0.32946644] 
[-1.13689687 -0.22460324 -0.18025095 -0.19193326 -0.24608007 -0.05673223
 -0.56966344 -0.9131548  -1.17792489 -1.16991133 -0.86137128 -0.74110838
 -0.94804403 -0.12570005 -0.10681251 -0.32884656] 
[-1.1367519  -0.22453703 -0.18014533 -0.19146179 -0.24613524 -0.05525769
 -0.570458   -0.91349336 -1.17773657 -1.16993068 -0.86196511 -0.74174717
 -0.94797258 -0.12562    -0.10565964 -0.32811441] 
[-1.13663157 -0.2244592  -0.18000996 -0.19099362 -0.24618597 -0.05389333
 -0.57113331 -0.91383958 -1.1775478  -1.16997281 -0.862516   -0.74239103
 -0.94790719 -0.12554637 -0.1045285  -0.32741935] 
[-1.13646393 -0.22444612 -0.17982439 -0.19042362 -0.24627229 -0.05227416
 -0.5719991  -0.91428132 -1.17746496 -1.17001026 -0.86311833 -0.74308656
 -0.9480064  -0.12536353 -0.10338258 -0.32680213] 
[-1.13630421 -0.22442229 -0.17962054 -0.18984975 -0.24634834 -0.05069029
 -0.57282092 -0.91473422 -1.17738841 -1.17006519 -0.86370537 -0.7437839
 -0.94811871 -0.12517159 -0.10225365 -0.32621456] 
[-1.13629951 -0.22451762 -0.17944531 -0.18933882 -0.24645275 -0.04924807
 -0.57354944 -0.91529839 -1.17743504 -1.170122   -0.8642454  -0.74446731
 -0.94835589 -0.12489638 -0.10133121 -0.32577478] 
[-1.1364241  -0.22462508 -0.17925473 -0.18891688 -0.24653459 -0.04814343
 -0.57399408 -0.91591867 -1.17761682 -1.17024352 -0.86468143 -0.74512513
 -0.94868503 -0.1246113  -0.10064885 -0.32554023] 
[-1.13655379 -0.22473085 -0.17906198 -0.18850155 -0.24661853 -0.04705196
 -0.57442345 -0.91653956 -1.17780078 -1.17036626 -0.86511556 -0.74577823
 -0.94900979 -0.1243312  -0.0999755  -0.3253077 ] 
[-1.13681806 -0.22488786 -0.17864562 -0.1882771  -0.24664366 -0.04636425
 -0.57438474 -0.91718961 -1.17828168 -1.17068028 -0.86530787 -0.74634643
 -0.94947989 -0.12412578 -0.09975504 -0.325613  ] 
[-1.1370285  -0.22497464 -0.17821295 -0.1880281  -0.24663399 -0.04562279
 -0.57438772 -0.91778561 -1.1786805  -1.17097936 -0.86551556 -0.74693261
 -0.94986751 -0.12395612 -0.09945158 -0.32582644] 
[-1.13720315 -0.22513372 -0.17789237 -0.18785904 -0.24663728 -0.0448934
 -0.57449186 -0.91835871 -1.17903005 -1.1711881  -0.86576531 -0.74750895
 -0.95017722 -0.12385365 -0.09915253 -0.32595208] 
[-1.13716134 -0.22507765 -0.17756087 -0.18762606 -0.246551   -0.04391522
 -0.57476626 -0.91874404 -1.17913697 -1.17128834 -0.86608916 -0.74811592
 -0.95023851 -0.12383914 -0.09853755 -0.32576543] 
[-1.13713803 -0.22502959 -0.17722876 -0.18739112 -0.24646011 -0.04297614
 -0.57501784 -0.91914536 -1.17924879 -1.17140044 -0.86639967 -0.74872047
 -0.95030079 -0.12382111 -0.09794368 -0.32559506] 
[-1.13714729 -0.22513092 -0.17694328 -0.18715597 -0.24641343 -0.04195048
 -0.57540549 -0.91963603 -1.17948518 -1.17152218 -0.86674792 -0.7492914
 -0.95042474 -0.12377859 -0.0974306  -0.32548686] 
[-1.13717525 -0.22515254 -0.17665838 -0.18691189 -0.24632652 -0.04110518
 -0.5756594  -0.92009914 -1.17970266 -1.1716351  -0.86702353 -0.74986927
 -0.95053189 -0.12370048 -0.09693528 -0.32540381] 
[-1.13722331 -0.22519992 -0.17637759 -0.18666252 -0.24624527 -0.04029421
 -0.57589455 -0.92058654 -1.17995333 -1.17176936 -0.86729323 -0.75043574
 -0.95067704 -0.1236025  -0.09648244 -0.32536668] 
[-1.13727594 -0.22523429 -0.17608208 -0.18639402 -0.24615276 -0.03946475
 -0.57615563 -0.92107793 -1.18021596 -1.17191397 -0.86756559 -0.75099658
 -0.95082172 -0.12351141 -0.09603966 -0.32534529] 
[-1.13733317 -0.22526742 -0.17578612 -0.18612725 -0.24605829 -0.03864866
 -0.5764046  -0.92157166 -1.18047764 -1.1720615  -0.86783471 -0.75155842
 -0.95096644 -0.12341875 -0.09560008 -0.32532819] 
[-1.13739368 -0.22531467 -0.17549617 -0.1858576  -0.24596372 -0.03782068
 -0.5766649  -0.92207247 -1.18074983 -1.17221164 -0.86810755 -0.75211541
 -0.9511133  -0.12332322 -0.0951641  -0.32531047] 
[-1.13733341 -0.22636628 -0.1758112  -0.18533155 -0.24637967 -0.03451059
 -0.57935792 -0.92290883 -1.18210376 -1.17186272 -0.86908714 -0.75237569
 -0.95172746 -0.12325614 -0.09488395 -0.32481354] 
[-1.1373733  -0.22735404 -0.17612264 -0.18484178 -0.24670819 -0.03147022
 -0.58186934 -0.92379967 -1.1834283  -1.17154601 -0.86998892 -0.75267021
 -0.95230923 -0.12315277 -0.09464972 -0.32443346] 
[-1.13762705 -0.22837489 -0.17637157 -0.18434875 -0.24695999 -0.02895954
 -0.5839004  -0.92482112 -1.1847421  -1.17143918 -0.87072513 -0.75298677
 -0.95303015 -0.12297834 -0.09462318 -0.32442236] 
[-1.1383052  -0.22971197 -0.1765865  -0.18383874 -0.24724869 -0.02723057
 -0.58537366 -0.92619015 -1.18635867 -1.17168612 -0.87124777 -0.75324456
 -0.95415398 -0.12263353 -0.09517197 -0.32516607] 
[-1.13878036 -0.23078158 -0.17670608 -0.18333416 -0.24748503 -0.02544694
 -0.58681795 -0.92735799 -1.18773138 -1.17187336 -0.87181983 -0.75354378
 -0.95509053 -0.12235495 -0.09545176 -0.32565798] 
[-1.13913645 -0.23194465 -0.17689536 -0.18276669 -0.24776241 -0.02339625
 -0.5885537  -0.92849514 -1.18914427 -1.17197092 -0.87252846 -0.7538087
 -0.95595018 -0.12213194 -0.09563609 -0.32599859] 
[-1.13951313 -0.23285733 -0.17697528 -0.18229007 -0.24794742 -0.02168972
 -0.5898484  -0.92954616 -1.19029094 -1.1721483  -0.87310551 -0.75415658
 -0.9566992  -0.12189755 -0.09573361 -0.3263607 ] 
[-1.13977504 -0.23400699 -0.17719002 -0.18170778 -0.24825259 -0.01936717
 -0.59174359 -0.93068763 -1.19167613 -1.17225789 -0.87393892 -0.7544547
 -0.95751614 -0.12170827 -0.09576137 -0.32660578] 
[-1.14024765 -0.23541389 -0.17744607 -0.18106898 -0.24861536 -0.01706637
 -0.59367069 -0.93200974 -1.19331515 -1.17248613 -0.87477285 -0.7546992
 -0.95850332 -0.12146107 -0.09606572 -0.32707765] 
[-1.1406046  -0.23702835 -0.17782637 -0.1803439  -0.24906887 -0.01422543
 -0.59615484 -0.93337247 -1.19516034 -1.17260042 -0.87581071 -0.75489999
 -0.95950889 -0.12127975 -0.09629416 -0.32738446] 
[-1.14056122 -0.23947955 -0.17849223 -0.17902962 -0.24991994 -0.00926644
 -0.60088958 -0.93515569 -1.19803414 -1.17252577 -0.87770139 -0.75487514
 -0.961057   -0.12103608 -0.09648096 -0.32759374] 
[-1.13921449e+00 -2.42821709e-01 -1.79763834e-01 -1.77045020e-01
 -2.51662507e-01 -4.19822280e-04 -6.09598924e-01 -9.36855473e-01
 -1.20198408e+00 -1.17159686e+00 -8.81369599e-01 -7.54490067e-01
 -9.62625702e-01 -1.21131327e-01 -9.57199016e-02 -3.26217052e-01] 
[-1.13841912 -0.24521771 -0.1806105  -0.17561751 -0.2528533   0.00576876
 -0.61562245 -0.93823431 -1.20488298 -1.17103124 -0.8839268  -0.75432826
 -0.96383386 -0.12110703 -0.0952395  -0.3253674 ] 
[-1.13754284 -0.24788276 -0.18138638 -0.17407774 -0.25407678  0.01230985
 -0.62199245 -0.93976971 -1.20802482 -1.1704833  -0.88672113 -0.75414605
 -0.96532218 -0.1209845  -0.09477782 -0.32471439] 
[-1.13701677 -0.24945771 -0.18181281 -0.17313116 -0.25475003  0.01641825
 -0.62582611 -0.9408295  -1.20995109 -1.17020647 -0.88848848 -0.75422417
 -0.96625179 -0.12088821 -0.09432211 -0.32422774] 
[-1.13634804 -0.25164915 -0.18242508 -0.17199309 -0.25578966  0.02170872
 -0.63083442 -0.94214307 -1.21256828 -1.16979567 -0.89077079 -0.75417472
 -0.96759986 -0.12078055 -0.09393221 -0.32376859] 
[-1.13583385 -0.25341676 -0.18285549 -0.17100924 -0.25656927  0.02603576
 -0.63488156 -0.94331105 -1.21467829 -1.16951732 -0.89269475 -0.75417187
 -0.96862051 -0.12070857 -0.09354821 -0.32335896] 
[-1.13538804 -0.2549586  -0.1830196  -0.1700819  -0.25720446  0.02975603
 -0.63830446 -0.94443631 -1.21661921 -1.16948042 -0.89444552 -0.75431267
 -0.96973864 -0.12053159 -0.09326918 -0.32333269] 
[-1.13517939 -0.25658822 -0.1831832  -0.16921015 -0.25778754  0.03314927
 -0.64147298 -0.94569803 -1.21868556 -1.16957357 -0.89603255 -0.75447343
 -0.97105314 -0.12024172 -0.09327413 -0.32366289] 
[-1.13511267 -0.25771326 -0.18312936 -0.16851677 -0.2581071   0.03551062
 -0.64359358 -0.94678087 -1.22027444 -1.16978081 -0.89720012 -0.75476403
 -0.97214558 -0.11994183 -0.09327057 -0.32412499] 
[-1.13501142 -0.25873274 -0.18312188 -0.16789215 -0.25840516  0.03780442
 -0.64561304 -0.94773946 -1.22166874 -1.1699026  -0.89830822 -0.75504711
 -0.97303805 -0.11973843 -0.09313089 -0.32437402] 
[-1.13496894 -0.25934733 -0.18306132 -0.16743388 -0.25856405  0.03953003
 -0.64695229 -0.94846314 -1.22261713 -1.17007103 -0.8991019  -0.75540735
 -0.97369696 -0.11959612 -0.09286748 -0.32452709] 
[-1.13493189 -0.25989907 -0.18297486 -0.16698093 -0.25868032  0.04118996
 -0.64822883 -0.94917688 -1.22351062 -1.1702489  -0.89988068 -0.75577614
 -0.97432433 -0.11946128 -0.09257961 -0.32464914] 
[-1.13497954 -0.26082162 -0.18291401 -0.16649432 -0.25894815  0.04298106
 -0.6497502  -0.95013168 -1.22473685 -1.17045304 -0.90068626 -0.75614324
 -0.97514474 -0.11929324 -0.09250272 -0.32507586] 
[-1.13497293 -0.26149342 -0.18282827 -0.16601536 -0.2590893   0.04462358
 -0.65111184 -0.95094088 -1.22573147 -1.17065117 -0.90141386 -0.75650929
 -0.97579868 -0.11912829 -0.09236094 -0.32538749] 
[-1.13497681 -0.26205462 -0.18273045 -0.16558851 -0.25918235  0.04611177
 -0.65229601 -0.95168436 -1.22660334 -1.17084004 -0.9020717  -0.75688495
 -0.97636657 -0.11897935 -0.09218143 -0.3256344 ] 
[-1.13309104 -0.26151932 -0.1824017  -0.16403913 -0.25885182  0.0510917
 -0.65648079 -0.95170537 -1.22711167 -1.17038001 -0.90427646 -0.75741822
 -0.97630438 -0.11940604 -0.08976786 -0.32352026] 
[-1.13197453 -0.26123905 -0.18215132 -0.16305495 -0.25859471  0.05417314
 -0.65904261 -0.95190935 -1.22745423 -1.17012577 -0.90565454 -0.75785654
 -0.97619401 -0.11967132 -0.08821276 -0.32216771] 
[-1.13072959 -0.26132794 -0.18200332 -0.16192252 -0.25849801  0.05785968
 -0.66231037 -0.95229218 -1.22815237 -1.16979009 -0.90730795 -0.75825007
 -0.9762503  -0.11999546 -0.08664174 -0.32077357] 
[-1.12991082 -0.26146883 -0.18185269 -0.16101593 -0.25837398  0.06072366
 -0.66475733 -0.95277964 -1.22879811 -1.1696326  -0.90855494 -0.75864361
 -0.97641679 -0.12018984 -0.08547212 -0.31987214] 
[-1.1292956  -0.26154334 -0.18166098 -0.16035099 -0.25823631  0.06285094
 -0.66646855 -0.95322586 -1.22926215 -1.16954152 -0.909516   -0.7590826
 -0.97654356 -0.12029959 -0.08447649 -0.31915529] 
[-1.12651668 -0.26104825 -0.1811142  -0.15891425 -0.25810529  0.06818869
 -0.67082956 -0.95290272 -1.22931305 -1.16896633 -0.91217001 -0.75990842
 -0.9761355  -0.12096644 -0.08115893 -0.31613402] 
[-1.12303147 -0.25992792 -0.18032954 -0.15730569 -0.25777417  0.07408987
 -0.67553123 -0.95220645 -1.2287571  -1.16821073 -0.91515449 -0.76101088
 -0.97518661 -0.12185059 -0.07685117 -0.31216857] 
[-1.12050447 -0.25916381 -0.17973331 -0.1560525  -0.25747807  0.07862654
 -0.67910866 -0.95186084 -1.22846347 -1.16770448 -0.91742883 -0.76192856
 -0.97456462 -0.1224649  -0.07361892 -0.30927738] 
[-1.11966684 -0.25889164 -0.17944544 -0.15548494 -0.25725215  0.08045695
 -0.68040389 -0.95203907 -1.228571   -1.16772278 -0.91840146 -0.76251798
 -0.97456882 -0.12257812 -0.07238473 -0.308404  ] 
[-1.1168775  -0.25742252 -0.17865945 -0.15449441 -0.25687045  0.08412065
 -0.68313418 -0.95109182 -1.22755533 -1.16708183 -0.92051862 -0.76348292
 -0.97350519 -0.12321862 -0.06907744 -0.3051582 ] 
[-1.11504294 -0.25655467 -0.17811173 -0.15369387 -0.25655206  0.08687631
 -0.68518988 -0.95070553 -1.22710798 -1.16676557 -0.92208376 -0.76427237
 -0.97297567 -0.12360343 -0.06679628 -0.30309473] 
[-1.11371847 -0.25616786 -0.17780645 -0.15292019 -0.25638579  0.08955852
 -0.68724488 -0.95069833 -1.22716525 -1.16658308 -0.92341705 -0.76503662
 -0.97289514 -0.12376269 -0.06504676 -0.30161152] 
[-1.11260857 -0.25587759 -0.177539   -0.15221586 -0.25621705  0.09195244
 -0.6890626  -0.95078861 -1.22728837 -1.16646515 -0.92460326 -0.76575363
 -0.9728835  -0.1238783  -0.06352035 -0.3003777 ] 
[-1.11150132 -0.25562041 -0.17728721 -0.15149796 -0.25604085  0.0943349
 -0.69088741 -0.95089823 -1.22741604 -1.16636088 -0.92578439 -0.76647854
 -0.97286126 -0.1239941  -0.06198775 -0.2991554 ] 
[-1.11102436 -0.25553578 -0.17714611 -0.15104622 -0.25582371  0.09578188
 -0.69188096 -0.95121754 -1.2276308  -1.16643669 -0.92647544 -0.76707702
 -0.97298687 -0.12398891 -0.06107324 -0.29857422] 
[-1.11045172 -0.25536013 -0.17694097 -0.15058146 -0.2555989   0.09727666
 -0.69288665 -0.95149088 -1.22780378 -1.16653289 -0.92719958 -0.76772439
 -0.973116   -0.12398057 -0.06008266 -0.29793871] 
[-1.10993672 -0.25521052 -0.17674582 -0.15013624 -0.25537639  0.0986955
 -0.69383044 -0.95179012 -1.22799502 -1.16664362 -0.92788547 -0.76835748
 -0.97326123 -0.12396072 -0.05915316 -0.29736756] 
[-1.10931667 -0.25499064 -0.17653525 -0.14967265 -0.25515732  0.10020845
 -0.69483966 -0.95202152 -1.22809568 -1.16670086 -0.92863658 -0.76901994
 -0.97333015 -0.1239574  -0.05808583 -0.29662906] 
[-1.10873186 -0.25479567 -0.17632706 -0.14921579 -0.25494209  0.10166984
 -0.69580959 -0.95227594 -1.2282182  -1.16677326 -0.92936608 -0.76967184
 -0.97341427 -0.12394513 -0.05706257 -0.29593838] 
[-1.1081694  -0.25459695 -0.17611096 -0.14876911 -0.25472897  0.10307469
 -0.69673413 -0.95253137 -1.2283341  -1.16685026 -0.93007616 -0.77032004
 -0.97349559 -0.12392303 -0.05607204 -0.29528134] 
[-1.10770136 -0.25442043 -0.17590038 -0.14837296 -0.25452503  0.10433304
 -0.69751948 -0.95281721 -1.22848468 -1.16697297 -0.93071443 -0.77095835
 -0.97362903 -0.12386991 -0.0551904  -0.29475937] 
[-1.107267   -0.25426686 -0.1757007  -0.14798622 -0.25431909  0.10555338
 -0.69827551 -0.95312616 -1.22865265 -1.16710971 -0.93133613 -0.77158194
 -0.97377996 -0.12380755 -0.05435129 -0.29427441] 
[-1.10688783 -0.25415246 -0.1755146  -0.14760705 -0.25411336  0.1067187
 -0.69899646 -0.95346943 -1.22885571 -1.1672662  -0.93193071 -0.77218697
 -0.97395924 -0.12373427 -0.05357288 -0.29386007] 
[-1.10655303 -0.25403953 -0.17531958 -0.14723507 -0.25388881  0.10781786
 -0.69967279 -0.95384998 -1.22907136 -1.16744789 -0.93250549 -0.77278162
 -0.9741555  -0.12363708 -0.05286012 -0.29351744] 
[-1.10626398 -0.25392204 -0.17512597 -0.14689448 -0.25365808  0.10880857
 -0.70024887 -0.95424286 -1.22928149 -1.16762486 -0.93302684 -0.7733614
 -0.97433239 -0.12353191 -0.052194   -0.29320525] 
[-1.10605577 -0.25386442 -0.1749398  -0.14656775 -0.25344555  0.10974422
 -0.70080838 -0.95470139 -1.22956411 -1.16782804 -0.93353023 -0.77390993
 -0.97456974 -0.12341905 -0.05161733 -0.29301325] 
[-1.10588211 -0.25384669 -0.17475726 -0.14623555 -0.25323148  0.11064656
 -0.70135924 -0.95519753 -1.2298799  -1.1680543  -0.9340262  -0.77444338
 -0.97483931 -0.12329538 -0.05109252 -0.29288871] 
[-1.10569265 -0.25365865 -0.17457301 -0.14599435 -0.25296255  0.11140652
 -0.70170838 -0.95553921 -1.22997919 -1.16820782 -0.93444541 -0.77499337
 -0.97491689 -0.12323967 -0.05045214 -0.29258119] 
[-1.10558738 -0.25352179 -0.17440575 -0.14577502 -0.25270767  0.11209555
 -0.70202325 -0.95593438 -1.230127   -1.16839261 -0.93483405 -0.77550926
 -0.9750413  -0.12317608 -0.04990399 -0.2923763 ] 
[-1.10545053 -0.25332202 -0.1742416  -0.14555215 -0.25242128  0.11281259
 -0.70234409 -0.95631224 -1.23022855 -1.16856163 -0.93522774 -0.77603803
 -0.97515118 -0.12311929 -0.04929762 -0.29211278] 
[-1.10533733 -0.25315459 -0.17408808 -0.14533005 -0.25213391  0.1135248
 -0.70266638 -0.95671163 -1.23035777 -1.16873941 -0.93561505 -0.77656538
 -0.97528172 -0.12306076 -0.04871722 -0.2918859 ] 
[-1.10523975 -0.25298583 -0.17393216 -0.14511109 -0.25184157  0.11421137
 -0.70296237 -0.95711518 -1.23048602 -1.16892438 -0.9359879  -0.77709282
 -0.97541638 -0.12299929 -0.04815085 -0.29167859] 
[-1.10516232 -0.25282434 -0.17377703 -0.14489433 -0.25154612  0.11486904
 -0.70323397 -0.95752544 -1.2306157  -1.1691149  -0.93635173 -0.77761411
 -0.97555398 -0.12293288 -0.04760571 -0.29149594] 
[-1.10511633 -0.25269477 -0.17363119 -0.1446787  -0.25124109  0.11552969
 -0.70351276 -0.95796585 -1.23078393 -1.16933323 -0.93671301 -0.7781276
 -0.97573216 -0.12286552 -0.04710422 -0.291366  ] 
[-1.10507302 -0.252568   -0.17348395 -0.14446287 -0.25093502  0.11617567
 -0.70378066 -0.95840667 -1.23095251 -1.16955277 -0.93707068 -0.77864062
 -0.97590502 -0.12279949 -0.04660903 -0.29123597] 
[-1.10504546 -0.25244919 -0.1733398  -0.14425112 -0.25063036  0.11680965
 -0.70404121 -0.95885748 -1.2311316  -1.16977731 -0.93741991 -0.77915075
 -0.97608663 -0.12273056 -0.04613304 -0.29112202] 
[-1.10502537 -0.25233969 -0.17319877 -0.14404073 -0.25032559  0.11742856
 -0.70429118 -0.95931576 -1.23131366 -1.17000639 -0.93776231 -0.77965609
 -0.97627239 -0.12266027 -0.04566586 -0.29102039] 
[-1.10500879 -0.25223733 -0.17305833 -0.1438346  -0.25002642  0.11803955
 -0.70453777 -0.95977331 -1.23150001 -1.17023539 -0.93810402 -0.78015995
 -0.97646012 -0.12259042 -0.04520658 -0.29092196] 
[-1.10500684 -0.25213608 -0.17291441 -0.14364306 -0.249738    0.11860952
 -0.70474749 -0.96023707 -1.23168086 -1.1704671  -0.93842324 -0.78065281
 -0.97663034 -0.12252876 -0.04475496 -0.2908346 ] 
[-1.10504613 -0.25205174 -0.17276851 -0.1434606  -0.24945061  0.11913148
 -0.70491187 -0.96071545 -1.23188109 -1.17070417 -0.93871664 -0.78113954
 -0.976815   -0.12245257 -0.04434373 -0.29079989] 
[-1.10506033 -0.25196124 -0.17261487 -0.14327988 -0.24918058  0.11964701
 -0.7050733  -0.96117013 -1.23205635 -1.17091875 -0.93902663 -0.7816205
 -0.97696296 -0.12238661 -0.04389741 -0.29071363] 
[-1.10506882 -0.2518841  -0.17245571 -0.14309624 -0.24891509  0.12018997
 -0.70526213 -0.96162504 -1.23223541 -1.17113465 -0.93935622 -0.78210657
 -0.9771155  -0.12232424 -0.04343552 -0.29062721] 
[-1.10529218 -0.25186253 -0.17239806 -0.1429935  -0.2486089   0.12065888
 -0.70540948 -0.96213567 -1.23249383 -1.17131605 -0.93956273 -0.78253092
 -0.97729102 -0.12228393 -0.04317361 -0.29069309] 
[-1.10551345 -0.25183723 -0.17234059 -0.14289253 -0.24830234  0.12112386
 -0.70555119 -0.96264298 -1.2327483  -1.17149715 -0.93976758 -0.78295655
 -0.97746398 -0.12224402 -0.04290892 -0.29075409] 
[-1.10573387 -0.25181178 -0.17228241 -0.14279244 -0.24799662  0.12158831
 -0.70569199 -0.96315011 -1.23300164 -1.17167892 -0.93997278 -0.78338234
 -0.97763685 -0.12220458 -0.04264316 -0.29081478] 
[-1.10592415 -0.2517602  -0.17220888 -0.14268305 -0.24768661  0.12206838
 -0.70583978 -0.96363732 -1.23323786 -1.17185516 -0.94019317 -0.78381789
 -0.9778074  -0.12216016 -0.0423541  -0.29084357] 
[-1.1061161  -0.25170848 -0.17213614 -0.14257434 -0.24737685  0.1225451
 -0.70598378 -0.96412478 -1.23347278 -1.17203042 -0.94041163 -0.78425407
 -0.9779764  -0.12211522 -0.04206576 -0.29087081] 
[-1.10632869 -0.25168457 -0.172067   -0.14246355 -0.24707333  0.12300958
 -0.70612842 -0.96463283 -1.23373081 -1.17221486 -0.94063068 -0.7846802
 -0.97816104 -0.12206841 -0.04180431 -0.29093007] 
[-1.10652414 -0.25163846 -0.17199518 -0.14235469 -0.24676674  0.12348221
 -0.70627249 -0.96512261 -1.23396891 -1.17238836 -0.94085369 -0.78511319
 -0.97833023 -0.12202653 -0.04152017 -0.29096038] 
[-1.10674812 -0.25162582 -0.17193473 -0.14225063 -0.24646387  0.12394149
 -0.70641083 -0.96563045 -1.23422513 -1.17256876 -0.94106858 -0.78554153
 -0.97850912 -0.12198218 -0.04126011 -0.29101661] 
[-1.10701508 -0.25163597 -0.17188353 -0.14216095 -0.24617091  0.12434956
 -0.70650233 -0.96616419 -1.2344977  -1.17277064 -0.94125732 -0.78595632
 -0.97869932 -0.12192721 -0.04104621 -0.29111949] 
[-1.10725231 -0.25162923 -0.17182427 -0.1420788  -0.24588762  0.12477944
 -0.70659627 -0.96666885 -1.23476046 -1.17295619 -0.9414451  -0.78638785
 -0.97888272 -0.12188384 -0.04079886 -0.29118389] 
[-1.10750624 -0.25166405 -0.17175578 -0.14198029 -0.24561168  0.1252349
 -0.70673002 -0.96720456 -1.23505353 -1.17314232 -0.94165189 -0.78680808
 -0.97909894 -0.12182152 -0.04058502 -0.29130199] 
[-1.10778871 -0.25171604 -0.17169997 -0.14189193 -0.24533991  0.1256725
 -0.70685647 -0.96776447 -1.23534896 -1.17334175 -0.94184115 -0.7872356
 -0.97931174 -0.1217498  -0.04038654 -0.29145323] 
[-1.10813579 -0.25182261 -0.1716604  -0.14181329 -0.24506585  0.12612061
 -0.70700752 -0.96836636 -1.23568401 -1.17354886 -0.9420077  -0.7876594
 -0.97956353 -0.12166889 -0.04022987 -0.29166681] 
[-1.10849797 -0.25195426 -0.17163139 -0.14173957 -0.24479093  0.12655631
 -0.70716244 -0.96897326 -1.23603109 -1.17375479 -0.94217046 -0.78807808
 -0.97980917 -0.12159366 -0.04008965 -0.29189076] 
[-1.10885129 -0.25207257 -0.17160568 -0.14165038 -0.24450945  0.12704095
 -0.70735127 -0.9695975  -1.23638045 -1.17397905 -0.94234807 -0.78848787
 -0.98006092 -0.12152279 -0.03991507 -0.29209997] 
[-1.10920233 -0.25219209 -0.17158418 -0.14156197 -0.2442271   0.12751785
 -0.70753506 -0.97021632 -1.23672632 -1.17419907 -0.94252495 -0.78889495
 -0.98030773 -0.12145365 -0.0397368  -0.29230222] 
[-1.10954428 -0.25234114 -0.17156653 -0.14148917 -0.24396996  0.12796819
 -0.70771819 -0.97083792 -1.23708023 -1.17443409 -0.94269185 -0.78928641
 -0.98054081 -0.12137954 -0.03955774 -0.29248558] 
[-1.1098893  -0.25247255 -0.17154084 -0.14142627 -0.24371734  0.1284003
 -0.70788638 -0.97145411 -1.23741608 -1.17466868 -0.9428474  -0.78968349
 -0.98075928 -0.12129862 -0.03938666 -0.29265409] 
[-1.11022965 -0.25260089 -0.17151383 -0.14136355 -0.24346446  0.12883202
 -0.7080546  -0.97206737 -1.2377481  -1.17490183 -0.94300572 -0.79008017
 -0.98097439 -0.12121907 -0.03921251 -0.2928179 ] 
[-1.11052921 -0.2526828  -0.17147353 -0.14129535 -0.24320435  0.12927386
 -0.70821989 -0.97266089 -1.23805776 -1.17513014 -0.94317227 -0.79049105
 -0.9811811  -0.12114493 -0.03899564 -0.2929313 ] 
[-1.11082407 -0.25275962 -0.17143215 -0.14122732 -0.24294427  0.1297133
 -0.70838214 -0.97325023 -1.23836326 -1.17535733 -0.94334013 -0.79090216
 -0.98138499 -0.12107184 -0.03877512 -0.29303857] 
[-1.11109635 -0.25281324 -0.17138401 -0.14116    -0.24268375  0.13016149
 -0.70854697 -0.97382472 -1.23865839 -1.17558222 -0.94351866 -0.791316
 -0.98158534 -0.12100442 -0.0385374  -0.2931221 ] 
[-1.11136327 -0.25285845 -0.17133521 -0.14109364 -0.24242197  0.13060445
 -0.70870535 -0.97439359 -1.23894596 -1.17580517 -0.94369918 -0.79172906
 -0.98178299 -0.12093711 -0.03829445 -0.29319578] 
[-1.11161481 -0.25288356 -0.17127182 -0.14101767 -0.2421516   0.13104926
 -0.70886268 -0.97496021 -1.23922795 -1.17602611 -0.94389075 -0.79213924
 -0.98197247 -0.12086431 -0.03804832 -0.29325546] 
[-1.1118597  -0.25290374 -0.17120744 -0.14094299 -0.24188257  0.13149163
 -0.70901679 -0.97552004 -1.2395044  -1.17624605 -0.94408445 -0.79254925
 -0.98215927 -0.12079337 -0.0377976  -0.29330646] 
[-1.11209116 -0.25290141 -0.17113429 -0.14088169 -0.24161071  0.13193318
 -0.70914787 -0.97606338 -1.23976475 -1.17646113 -0.94427129 -0.7929788
 -0.98235257 -0.12072604 -0.03752317 -0.29334209] 
[-1.11233291 -0.25289513 -0.17105587 -0.14081775 -0.24133523  0.13236637
 -0.70926585 -0.97660901 -1.24002384 -1.17668343 -0.9444532  -0.79340245
 -0.98255532 -0.12065011 -0.03726297 -0.29339308] 
[-1.11261949 -0.25288443 -0.17099961 -0.14076358 -0.24108713  0.13278952
 -0.70935793 -0.97715382 -1.24028939 -1.17694279 -0.94460931 -0.79379283
 -0.98280131 -0.12057734 -0.0370672  -0.29350564] 
[-1.11290137 -0.25286995 -0.17094254 -0.14070222 -0.24083178  0.13322872
 -0.70946606 -0.97770442 -1.24055676 -1.17720094 -0.94476569 -0.79418472
 -0.9830436  -0.12051028 -0.03686263 -0.29361276] 
[-1.11318853 -0.25286182 -0.17088784 -0.14063993 -0.24057556  0.13366391
 -0.70957335 -0.97826042 -1.24082823 -1.17746134 -0.94491997 -0.79457431
 -0.98328801 -0.12044279 -0.036664   -0.29372725] 
[-1.11346772 -0.25285025 -0.17083715 -0.14058637 -0.24032287  0.13409677
 -0.70967069 -0.97880386 -1.24109528 -1.17772149 -0.945072   -0.79496967
 -0.98352224 -0.12038277 -0.03646014 -0.29382431] 
[-1.1137453  -0.25283007 -0.17078117 -0.1405308  -0.24006872  0.13451717
 -0.70975632 -0.97934085 -1.24135461 -1.17798002 -0.94522627 -0.79536469
 -0.98375657 -0.12032231 -0.03625799 -0.29392064] 
[-1.11401624 -0.25280425 -0.17072232 -0.14047471 -0.23981499  0.13493853
 -0.70984139 -0.97987413 -1.24161018 -1.17823904 -0.94538427 -0.79576056
 -0.98398933 -0.12026165 -0.03605142 -0.29401   ] 
[-1.11428873 -0.2527809  -0.17066005 -0.14041504 -0.23956799  0.13536824
 -0.70993755 -0.9804     -1.24186415 -1.17849955 -0.9455547  -0.79615016
 -0.98422702 -0.12019471 -0.0358498  -0.29409212] 
[-1.1145136  -0.25270899 -0.17056738 -0.14034149 -0.23932287  0.13573264
 -0.70997367 -0.98087878 -1.24206915 -1.17874847 -0.94573103 -0.79652244
 -0.98444576 -0.12012408 -0.03564383 -0.29414493] 
[-1.11475447 -0.25265978 -0.17048651 -0.14026941 -0.23907272  0.13609734
 -0.71001118 -0.98136924 -1.24228713 -1.17899697 -0.94590045 -0.79689937
 -0.98466992 -0.12004704 -0.03544833 -0.29421236] 
[-1.11499377 -0.25261051 -0.17040898 -0.14019713 -0.23882109  0.13646494
 -0.71005078 -0.98185727 -1.24250199 -1.17924428 -0.9460697  -0.79727649
 -0.98489249 -0.11997286 -0.03524791 -0.29427406] 
[-1.11524202 -0.25258169 -0.17034255 -0.14013379 -0.23857812  0.13683262
 -0.71008564 -0.98235152 -1.24271644 -1.17948436 -0.94623628 -0.79765996
 -0.98510929 -0.11989341 -0.03505799 -0.29434762] 
[-1.11550141 -0.25255471 -0.1702696  -0.14007027 -0.23832777  0.13719021
 -0.71012424 -0.98284317 -1.24293325 -1.17971682 -0.94640266 -0.79803441
 -0.98533763 -0.11980221 -0.03488137 -0.29442825] 
[-1.11576437 -0.25254066 -0.17020457 -0.14000825 -0.23807955  0.1375431
 -0.71016516 -0.98333798 -1.24315528 -1.17994742 -0.94656446 -0.79840526
 -0.9855647  -0.11971199 -0.03470873 -0.29451272] 
[-1.11602922 -0.25252492 -0.17013837 -0.1399464  -0.23783043  0.13789666
 -0.71020686 -0.98383387 -1.2433762  -1.18017653 -0.9467258  -0.79877551
 -0.98579044 -0.1196204  -0.034538   -0.29459758] 
[-1.11631248 -0.25255013 -0.17005953 -0.13990851 -0.23760735  0.1382093
 -0.71022338 -0.98433316 -1.2436132  -1.18041776 -0.94687459 -0.79914796
 -0.98605148 -0.1194975  -0.03442238 -0.29474298] 
[-1.11660594 -0.25260924 -0.16999534 -0.13987739 -0.23737903  0.13853072
 -0.71026933 -0.98484933 -1.24386038 -1.18064441 -0.94702147 -0.79950854
 -0.98629727 -0.11938576 -0.03432369 -0.29489717] 
[-1.11689788 -0.25266809 -0.16993256 -0.13984764 -0.23715099  0.13885196
 -0.71031398 -0.98536434 -1.24410705 -1.18086976 -0.94716773 -0.79986905
 -0.98654232 -0.11927523 -0.03422353 -0.29504777] 
[-1.11716799 -0.25270477 -0.16986096 -0.13981748 -0.23691804  0.13916684
 -0.71036178 -0.98585145 -1.24432843 -1.1810798  -0.94732212 -0.80023639
 -0.98677027 -0.11917663 -0.03409904 -0.29516142] 
[-1.11738633 -0.25271382 -0.16978582 -0.13975932 -0.23668354  0.1394163
 -0.71037596 -0.9862946  -1.24449565 -1.1812896  -0.94746979 -0.80057414
 -0.98694569 -0.11910472 -0.03394906 -0.29525943] 
[-1.11762054 -0.25273205 -0.16971693 -0.13970407 -0.23644615  0.13967276
 -0.71039664 -0.98674347 -1.24467156 -1.1814963  -0.94761113 -0.8009149
 -0.98712296 -0.1190283  -0.03381238 -0.29537069] 
[-1.11784817 -0.25274872 -0.16964691 -0.13964822 -0.23621045  0.13992881
 -0.71041856 -0.98718613 -1.24484437 -1.1817018  -0.94775809 -0.80125471
 -0.98729541 -0.11895278 -0.03367371 -0.29547612] 
[-1.1180762  -0.25277095 -0.16958094 -0.13959273 -0.23597336  0.14018691
 -0.71044493 -0.98762839 -1.24501823 -1.18190677 -0.94790499 -0.80159673
 -0.98746728 -0.11887874 -0.03353644 -0.29558452] 
[-1.11827537 -0.25277166 -0.16951303 -0.13953689 -0.23573545  0.14043211
 -0.71045861 -0.98804868 -1.24517454 -1.18211429 -0.9480645  -0.8019344
 -0.98762648 -0.11881238 -0.03337457 -0.29566124] 
[-1.11846687 -0.25275948 -0.16944039 -0.13948108 -0.23549967  0.14068101
 -0.71046589 -0.98845961 -1.24533071 -1.18231569 -0.94822148 -0.80227169
 -0.98778975 -0.11874882 -0.03320305 -0.29572847] 
[-1.11864728 -0.2527404  -0.1693653  -0.13943022 -0.2352655   0.14092617
 -0.71046576 -0.98886335 -1.24548143 -1.18251707 -0.94838324 -0.80261401
 -0.98795155 -0.11868667 -0.03302374 -0.29578687] 
[-1.1188327  -0.2527221  -0.16929149 -0.13938089 -0.23503212  0.14116891
 -0.71046574 -0.98926912 -1.24563431 -1.18271831 -0.94854552 -0.80295416
 -0.98811574 -0.11862267 -0.03284949 -0.29584853] 
[-1.11902016 -0.25270546 -0.16921819 -0.13933092 -0.23479842  0.14140859
 -0.71046219 -0.98967607 -1.24578694 -1.18291743 -0.9487057  -0.80329393
 -0.98827791 -0.11855843 -0.03267434 -0.29590824] 
[-1.11919181 -0.25267426 -0.16913784 -0.13928302 -0.2345633   0.14164147
 -0.71044792 -0.99007168 -1.24592807 -1.183113   -0.94887245 -0.8036384
 -0.98843918 -0.11849216 -0.03248539 -0.2959562 ] 
[-1.11936027 -0.25264013 -0.1690546  -0.13923549 -0.23432994  0.14187351
 -0.71043498 -0.99046725 -1.24607012 -1.18330828 -0.94904331 -0.80398155
 -0.9886023  -0.11842526 -0.03229482 -0.29600412] 
[-1.11953632 -0.25261627 -0.16898164 -0.13919142 -0.2340985   0.1420952
 -0.71041641 -0.99085972 -1.2462099  -1.1835049  -0.94921128 -0.80432007
 -0.98875885 -0.11835728 -0.03210335 -0.29605051] 
[-1.11971144 -0.2525937  -0.16890994 -0.13914474 -0.23386544  0.14231571
 -0.71040054 -0.99125376 -1.24635106 -1.18370332 -0.94938232 -0.80465573
 -0.98891409 -0.1182882  -0.03191397 -0.29609561] 
[-1.11989109 -0.25256626 -0.16884287 -0.13910163 -0.23362414  0.1425236
 -0.71036954 -0.99165466 -1.24648634 -1.18390662 -0.94954325 -0.80499763
 -0.98906807 -0.11821313 -0.03173211 -0.29615135] 
[-1.12008917 -0.25255677 -0.16879121 -0.13905353 -0.23337596  0.14271224
 -0.71032266 -0.99206072 -1.24662786 -1.18410417 -0.94968792 -0.80533297
 -0.98922767 -0.11814527 -0.03155317 -0.29622623] 
[-1.12021435 -0.25248275 -0.16871118 -0.13898606 -0.23311256  0.14290393
 -0.71028284 -0.9924275  -1.2467235  -1.18430725 -0.94984536 -0.80568065
 -0.98935592 -0.11807822 -0.03131385 -0.2962337 ] 
[-1.12034053 -0.25240969 -0.16863125 -0.13891883 -0.23284985  0.14309494
 -0.71024259 -0.99279472 -1.24681959 -1.18451025 -0.95000356 -0.806028
 -0.98948443 -0.11801133 -0.03107482 -0.29624134] 
[-1.12046408 -0.2523325  -0.16855176 -0.13885029 -0.23258552  0.14328833
 -0.71020424 -0.99315929 -1.24691227 -1.18471344 -0.95016247 -0.8063751
 -0.98961016 -0.1179444  -0.03083208 -0.29624362] 
[-1.1205902  -0.25225682 -0.16847402 -0.1387833  -0.23232359  0.14347999
 -0.71016368 -0.99352312 -1.24700619 -1.18491612 -0.95032158 -0.80672117
 -0.9897356  -0.11787854 -0.0305911  -0.29624599] 
[-1.12071427 -0.25218054 -0.16839641 -0.13871708 -0.2320618   0.14367222
 -0.71012309 -0.99388539 -1.24709861 -1.185118   -0.95048156 -0.80706801
 -0.98985996 -0.11781314 -0.03034768 -0.29624514] 
[-1.12084524 -0.25210927 -0.16832568 -0.13865745 -0.23180203  0.14386009
 -0.71007538 -0.99424655 -1.24718918 -1.18531507 -0.95063828 -0.80741327
 -0.98998614 -0.11775031 -0.03010565 -0.2962429 ] 
[-1.12097962 -0.25204194 -0.1682531  -0.13859959 -0.23154437  0.1440464
 -0.71002251 -0.99461114 -1.24727997 -1.18551406 -0.95079031 -0.80776203
 -0.99011103 -0.11768528 -0.02986746 -0.29624708] 
[-1.12111172 -0.25197404 -0.16818029 -0.13854269 -0.23128837  0.14423148
 -0.70996832 -0.99497408 -1.24736927 -1.18571276 -0.95094403 -0.80811045
 -0.9902342  -0.1176215  -0.02962684 -0.29624773] 
[-1.12124625 -0.25190702 -0.16810498 -0.13848415 -0.23102823  0.14442056
 -0.70991661 -0.99534173 -1.24746076 -1.18591298 -0.9510967  -0.80846119
 -0.99036177 -0.11755343 -0.02939059 -0.29625229] 
[-1.12135241 -0.25183775 -0.16802257 -0.13842856 -0.23078254  0.14459508
 -0.70984526 -0.99568629 -1.24753719 -1.18609767 -0.95124247 -0.80882216
 -0.99048509 -0.1174976  -0.02912273 -0.29622701] 
[-1.12146983 -0.25177941 -0.16794495 -0.13837046 -0.23053497  0.14476727
 -0.70977758 -0.99603592 -1.24762061 -1.1862851  -0.9513898  -0.80918222
 -0.9906101  -0.11743759 -0.02886643 -0.29621454] 
[-1.1215846  -0.25172423 -0.16786256 -0.13830519 -0.23029297  0.14494404
 -0.70972116 -0.99638535 -1.24770119 -1.18646939 -0.95154401 -0.80953467
 -0.99072764 -0.1173759  -0.02861492 -0.29619999] 
[-1.12170361 -0.25167412 -0.16778339 -0.13824207 -0.23005055  0.14512295
 -0.70966746 -0.99673632 -1.24778515 -1.18665457 -0.95169687 -0.80988648
 -0.99084757 -0.11731514 -0.02836502 -0.29618882] 
[-1.12183379 -0.25163073 -0.16770484 -0.13817635 -0.22979195  0.14530133
 -0.70961372 -0.99710885 -1.24786597 -1.18685563 -0.9518435  -0.81024842
 -0.99097242 -0.11725873 -0.0281172  -0.29620493] 
[-1.1219647  -0.25158712 -0.16762673 -0.13811115 -0.2295338   0.1454794
 -0.70955948 -0.99748144 -1.24794619 -1.18705678 -0.95199031 -0.81061047
 -0.99109707 -0.11720186 -0.02786969 -0.29621978] 
[-1.12210319 -0.25155128 -0.16755151 -0.13804899 -0.22928007  0.1456528
 -0.70950451 -0.99785507 -1.24802978 -1.18726046 -0.95213948 -0.81097115
 -0.99122633 -0.11714285 -0.02763146 -0.29624359] 
[-1.12223962 -0.25151443 -0.16747559 -0.1379903  -0.22902816  0.14582548
 -0.70944539 -0.99822838 -1.2481118  -1.1874672  -0.9522927  -0.8113314
 -0.99135748 -0.117086   -0.02738805 -0.29626141] 
[-1.12237553 -0.2514767  -0.16739923 -0.1379318  -0.2287764   0.14599759
 -0.70938673 -0.99860166 -1.24819337 -1.18767417 -0.95244744 -0.81169086
 -0.99148799 -0.11702883 -0.02714509 -0.29627905] 
[-1.12251126 -0.25144034 -0.16732422 -0.13787319 -0.22852644  0.14616759
 -0.70932627 -0.99897426 -1.24827508 -1.18787916 -0.95260305 -0.81205048
 -0.991617   -0.11697124 -0.02690257 -0.29629452] 
[-1.12263881 -0.25139934 -0.16724767 -0.13781478 -0.22827632  0.14633317
 -0.70926228 -0.99934651 -1.24835391 -1.1880878  -0.95275984 -0.81241344
 -0.99174468 -0.11691504 -0.02665436 -0.29630142] 
[-1.12276792 -0.25136473 -0.16717324 -0.13775805 -0.22803255  0.1464922
 -0.70919609 -0.99971823 -1.24843479 -1.18829182 -0.95291639 -0.81277187
 -0.99187225 -0.11685847 -0.02641273 -0.29630963] 
[-1.12287636 -0.25131108 -0.16709887 -0.13769547 -0.2277976   0.14664733
 -0.70913406 -1.00008555 -1.24850181 -1.18850018 -0.95308451 -0.81313651
 -0.99198723 -0.11680052 -0.0261618  -0.29629155] 
[-1.12298711 -0.25126018 -0.16702779 -0.13763206 -0.22756406  0.14680586
 -0.70907312 -1.00045197 -1.2485701  -1.1887064  -0.95325482 -0.81350337
 -0.99210268 -0.11674177 -0.02591011 -0.29627213] 
[-1.12309219 -0.25120004 -0.1669543  -0.13757377 -0.22733196  0.14696013
 -0.70901666 -1.00080912 -1.24864102 -1.18890634 -0.95342806 -0.81386374
 -0.99221871 -0.11668603 -0.02565761 -0.29624678] 
[-1.12319969 -0.25115009 -0.16688964 -0.13751607 -0.2271021   0.14712186
 -0.70896083 -1.00116412 -1.24870738 -1.1891011  -0.95360227 -0.81423237
 -0.99233832 -0.11662712 -0.02539761 -0.29622339] 
[-1.12330761 -0.2510994  -0.16682574 -0.13746195 -0.2268754   0.14727841
 -0.70889952 -1.00151532 -1.24877445 -1.18929287 -0.95377616 -0.81460049
 -0.99245629 -0.11657017 -0.02513985 -0.29619504] 
[-1.12341559 -0.25104861 -0.16676208 -0.13740816 -0.22664928  0.14743462
 -0.70883781 -1.00186605 -1.24884141 -1.18948424 -0.95395046 -0.81496858
 -0.99257396 -0.11651328 -0.02488215 -0.29616582] 
[-1.12352262 -0.25099633 -0.16669729 -0.13735348 -0.2264233   0.14759205
 -0.70877754 -1.00221568 -1.24890879 -1.18967524 -0.95412663 -0.81533583
 -0.99269141 -0.11645602 -0.02462423 -0.29613558] 
[-1.12362348 -0.25094301 -0.16663526 -0.13730236 -0.2261973   0.14774587
 -0.70871125 -1.00255968 -1.24896996 -1.18986581 -0.95430088 -0.81570694
 -0.99280372 -0.11640224 -0.02435795 -0.29609561] 
[-1.12372475 -0.25088983 -0.16657341 -0.13725148 -0.22597181  0.14789929
 -0.70864463 -1.00290348 -1.24903126 -1.19005602 -0.95447547 -0.81607799
 -0.99291585 -0.11634846 -0.02409207 -0.29605525] 
[-1.12382792 -0.25084067 -0.16650942 -0.13720234 -0.22575113  0.14805671
 -0.70857921 -1.0032482  -1.24909782 -1.1902517  -0.95465534 -0.81644963
 -0.99303299 -0.11629042 -0.02383186 -0.29602374] 
[-1.12393735 -0.25079993 -0.1664404  -0.13713313 -0.22552101  0.14821583
 -0.70851538 -1.00361766 -1.24916846 -1.19045266 -0.95483191 -0.81682346
 -0.99315573 -0.11622944 -0.02356416 -0.29602373] 
[-1.12404657 -0.25075906 -0.16637173 -0.13706422 -0.22529134  0.14837485
 -0.70845142 -1.0039863  -1.24923878 -1.19065309 -0.95500903 -0.8171971
 -0.99327789 -0.11616872 -0.0232963  -0.29602229] 
[-1.12417307 -0.2507321  -0.16630006 -0.13698862 -0.22506749  0.14852915
 -0.70839521 -1.004368   -1.24932441 -1.1908527  -0.95519107 -0.81756055
 -0.99340885 -0.11610113 -0.02305079 -0.29604469] 
[-1.12430241 -0.25070493 -0.16622532 -0.13690967 -0.22484145  0.14868326
 -0.7083424  -1.00475042 -1.24941418 -1.19105412 -0.95537662 -0.81791992
 -0.99354148 -0.11603108 -0.02281177 -0.29607289] 
[-1.12443075 -0.25067229 -0.16614561 -0.13682865 -0.22461119  0.14883278
 -0.70828194 -1.00513536 -1.24950138 -1.1912593  -0.95555852 -0.81827917
 -0.99367276 -0.11596044 -0.02257104 -0.29609685] 
[-1.12455919 -0.25063947 -0.16606589 -0.13674842 -0.22438185  0.14898154
 -0.7082214  -1.00552003 -1.24958907 -1.19146381 -0.95574047 -0.81863841
 -0.99380399 -0.11589001 -0.02233122 -0.29612035] 
[-1.12469202 -0.25061051 -0.16598927 -0.13666775 -0.2241525   0.14912839
 -0.70816216 -1.00590662 -1.2496793  -1.19166607 -0.95592307 -0.8189951
 -0.99393434 -0.11581874 -0.02209585 -0.29614371] 
[-1.12482331 -0.25057744 -0.16591015 -0.13658549 -0.22392158  0.14927139
 -0.70809832 -1.00629218 -1.24976692 -1.19186905 -0.95610393 -0.81935248
 -0.99406349 -0.11574649 -0.02186139 -0.29616751] 
[-1.12495032 -0.25054134 -0.16582595 -0.13649937 -0.22369043  0.14941051
 -0.70803196 -1.00667928 -1.24985365 -1.19207303 -0.95628837 -0.81970931
 -0.99419271 -0.11567228 -0.02162565 -0.29619031] 
[-1.12507124 -0.25049489 -0.16573963 -0.13641231 -0.22345529  0.14954243
 -0.70795647 -1.00706045 -1.2499389  -1.19228176 -0.95647825 -0.82006729
 -0.99432624 -0.11559929 -0.02138837 -0.29620621] 
[-1.12518593 -0.25044951 -0.16565539 -0.13632399 -0.22321902  0.14967777
 -0.70788067 -1.00743572 -1.25002354 -1.19248652 -0.95667128 -0.82042366
 -0.99445579 -0.11552623 -0.02114559 -0.29621375] 
[-1.12529539 -0.25039608 -0.16557123 -0.13622833 -0.22297489  0.14981452
 -0.70780083 -1.0078133  -1.2501021  -1.19268823 -0.95686996 -0.82077608
 -0.99458197 -0.11544863 -0.02090424 -0.29622425] 
[-1.12540098 -0.25034685 -0.16549542 -0.13614407 -0.22272191  0.14994314
 -0.70771089 -1.00818917 -1.25017091 -1.19288078 -0.95706912 -0.82113977
 -0.99470279 -0.11536142 -0.02066262 -0.29622344] 
[-1.12550589 -0.25029481 -0.16541935 -0.13606002 -0.22246992  0.15006809
 -0.70761821 -1.00856442 -1.25024064 -1.19307065 -0.95726619 -0.82150182
 -0.99482368 -0.11527293 -0.02042011 -0.29622107] 
[-1.12561638 -0.25024888 -0.16534027 -0.13596685 -0.22222225  0.15017699
 -0.70751966 -1.00894816 -1.25032285 -1.19326267 -0.95745359 -0.82185226
 -0.99493895 -0.11519187 -0.02019457 -0.29623668] 
[-1.12571865 -0.25020509 -0.16527297 -0.13587366 -0.22197     0.15030339
 -0.70742823 -1.00932417 -1.25040072 -1.19345501 -0.95765291 -0.82221278
 -0.99505664 -0.11511203 -0.01996108 -0.29624266] 
[-1.12582067 -0.25016087 -0.16520515 -0.13578022 -0.22171855  0.15042918
 -0.70733664 -1.00970009 -1.25047879 -1.19364733 -0.95785232 -0.82257283
 -0.9951738  -0.11503216 -0.01972761 -0.29624836] 
[-1.12592903 -0.25011785 -0.16514585 -0.13568965 -0.22146367  0.1505545
 -0.70724557 -1.01006969 -1.25055132 -1.19383176 -0.95804537 -0.82292973
 -0.99528805 -0.11495257 -0.01949595 -0.2962503 ] 
[-1.12603813 -0.25007504 -0.16508713 -0.13559938 -0.22120957  0.15068
 -0.70715474 -1.01043917 -1.25062391 -1.19401547 -0.9582382  -0.82328681
 -0.99540214 -0.11487323 -0.01926492 -0.29625202] 
[-1.12614408 -0.25003191 -0.16502991 -0.13551129 -0.2209552   0.15080356
 -0.70706144 -1.01080571 -1.25069669 -1.19420004 -0.95843421 -0.82364233
 -0.99551782 -0.11479293 -0.01903135 -0.29624925] 
[-1.12625018 -0.2499889  -0.16497278 -0.13542345 -0.22070161  0.15092699
 -0.70696798 -1.01117184 -1.25076954 -1.19438404 -0.95863042 -0.82399772
 -0.99563325 -0.11471271 -0.01879796 -0.29624574] 
[-1.12636421 -0.24994363 -0.16491294 -0.1353381  -0.22044514  0.15104821
 -0.7068696  -1.01154324 -1.25084248 -1.19456785 -0.95882177 -0.82435066
 -0.99575236 -0.11463338 -0.01857279 -0.29624983] 
[-1.12647573 -0.24989695 -0.16485322 -0.13525161 -0.22018732  0.15117322
 -0.7067745  -1.01191207 -1.25091536 -1.19475037 -0.95901426 -0.82470405
 -0.99587074 -0.1145534  -0.01834467 -0.29624935] 
[-1.12658965 -0.24984876 -0.1647948  -0.13516598 -0.21992896  0.15129679
 -0.70667705 -1.01228019 -1.25098682 -1.1949323  -0.95920475 -0.82505748
 -0.9959871  -0.11447447 -0.01811835 -0.29624808] 
[-1.12670367 -0.2498008  -0.16473666 -0.1350807  -0.21967105  0.15142059
 -0.70657999 -1.01264754 -1.2510582  -1.19511362 -0.95939576 -0.82541102
 -0.99610313 -0.11439568 -0.01789214 -0.29624606] 
[-1.12681778 -0.24975275 -0.16467873 -0.13499578 -0.21941386  0.15154426
 -0.70648287 -1.01301422 -1.25112953 -1.19529439 -0.95958708 -0.82576446
 -0.99621875 -0.11431703 -0.01766606 -0.29624313] 
[-1.12693448 -0.2497077  -0.16462252 -0.13491071 -0.21915813  0.15166741
 -0.70638758 -1.01338252 -1.25120105 -1.19547357 -0.95977953 -0.82611793
 -0.99633501 -0.11423889 -0.01744195 -0.2962424 ] 
[-1.12705051 -0.24966197 -0.16456574 -0.13482543 -0.21890257  0.15179027
 -0.70629246 -1.01375056 -1.25127211 -1.19565285 -0.95997224 -0.82647113
 -0.99645063 -0.11416134 -0.01721723 -0.29624123] 
[-1.12716597 -0.24960244 -0.16450119 -0.13474662 -0.21865647  0.15191605
 -0.70618737 -1.01411338 -1.25133092 -1.19582137 -0.96015697 -0.82682289
 -0.99655307 -0.11408127 -0.01698298 -0.29622007] 
[-1.1272802  -0.2495436  -0.16443624 -0.13466681 -0.21841001  0.15204349
 -0.70608428 -1.01447535 -1.25139036 -1.19598883 -0.96034331 -0.82717413
 -0.99665612 -0.11400073 -0.01674795 -0.29619881] 
[-1.12739287 -0.24948529 -0.16437054 -0.13458683 -0.21816292  0.15217124
 -0.70598157 -1.01483743 -1.25144957 -1.19615465 -0.96052998 -0.82752557
 -0.9967586  -0.11392036 -0.0165119  -0.29617525] 
[-1.12750557 -0.24942728 -0.16430493 -0.13450708 -0.21791678  0.15229832
 -0.70587832 -1.01519917 -1.25150895 -1.19631993 -0.96071682 -0.82787665
 -0.99686101 -0.1138402  -0.01627599 -0.29615127] 
[-1.12761724 -0.24936569 -0.16423698 -0.13442578 -0.21767341  0.1524245
 -0.70577582 -1.01555751 -1.25156831 -1.1964855  -0.96090248 -0.82822914
 -0.99695941 -0.11376308 -0.01603703 -0.29612237] 
[-1.1277235  -0.2492957  -0.16416512 -0.13434404 -0.21742921  0.15254408
 -0.70566492 -1.01591296 -1.25162463 -1.19665178 -0.96108774 -0.82858453
 -0.99705817 -0.11368485 -0.01579605 -0.29608979] 
[-1.12782868 -0.24922677 -0.16409237 -0.13426115 -0.21718391  0.15266664
 -0.70555775 -1.01626769 -1.2516794  -1.19681925 -0.96127466 -0.82894136
 -0.99715491 -0.1136074  -0.01555498 -0.29605915] 
[-1.12793426 -0.24915776 -0.16401977 -0.13417875 -0.21693914  0.15278898
 -0.70545036 -1.01662196 -1.25173416 -1.19698623 -0.96146166 -0.82929795
 -0.99725131 -0.11352996 -0.01531446 -0.29602779] 
[-1.12804004 -0.24908901 -0.1639477  -0.13409735 -0.21669569  0.15291203
 -0.70534391 -1.01697638 -1.2517892  -1.19715361 -0.96164983 -0.82965344
 -0.99734824 -0.1134523  -0.01507544 -0.29599708] 
[-1.1281429  -0.24901775 -0.16387507 -0.13401499 -0.21645376  0.15303596
 -0.70523904 -1.01732901 -1.25184469 -1.1973205  -0.96184071 -0.83000721
 -0.99744557 -0.11337621 -0.01483437 -0.29596252] 
[-1.12824601 -0.24894808 -0.16380446 -0.13393328 -0.21621364  0.15316135
 -0.70513559 -1.01768005 -1.25189957 -1.19748546 -0.96203283 -0.83036003
 -0.99754239 -0.11330022 -0.01459317 -0.29592562] 
[-1.12834898 -0.2488782  -0.16373607 -0.13385096 -0.21597512  0.15328947
 -0.7050359  -1.01803203 -1.25195366 -1.19764798 -0.96222356 -0.83071405
 -0.99763986 -0.11322541 -0.01435355 -0.29588987] 
[-1.12845247 -0.24880755 -0.16366682 -0.13376876 -0.21573662  0.15341614
 -0.7049352  -1.01838364 -1.25200766 -1.19781109 -0.96241515 -0.83106802
 -0.99773701 -0.11315107 -0.01411492 -0.29585421] 
[-1.12856037 -0.2487297  -0.16360465 -0.13369609 -0.21549623  0.15353255
 -0.70482754 -1.0187283  -1.25206536 -1.19796487 -0.96259834 -0.83142242
 -0.9978275  -0.11307932 -0.01388447 -0.29580484] 
[-1.12866748 -0.24865235 -0.16354197 -0.13362244 -0.21525591  0.15364992
 -0.70471895 -1.01907191 -1.2521239  -1.19811747 -0.96278016 -0.8317783
 -0.99791839 -0.11300751 -0.01365496 -0.29575597] 
[-1.12877626 -0.24857548 -0.16347852 -0.13354793 -0.215016    0.15376795
 -0.70461078 -1.01941623 -1.25218426 -1.1982712  -0.9629624  -0.83213271
 -0.99801039 -0.11293563 -0.01342704 -0.29570784] 
[-1.12887802 -0.24849484 -0.16341911 -0.13347755 -0.21477822  0.15389358
 -0.70450857 -1.01975322 -1.25223901 -1.19842019 -0.96314885 -0.8324924
 -0.99810391 -0.11286116 -0.01319271 -0.29565709] 
[-1.12898021 -0.24841756 -0.16336071 -0.13340586 -0.21454334  0.15402071
 -0.70441013 -1.02008898 -1.25229258 -1.19856581 -0.96333752 -0.83285146
 -0.99819568 -0.11278861 -0.0129583  -0.29560529] 
[-1.12908655 -0.24836242 -0.16331268 -0.13332664 -0.21431781  0.15415568
 -0.70432368 -1.02043523 -1.25235995 -1.1987013  -0.96351809 -0.83321108
 -0.99828061 -0.11272153 -0.01273399 -0.29556272] 
[-1.12918928 -0.24830166 -0.16326064 -0.13324434 -0.21409154  0.1542934
 -0.70423723 -1.02078046 -1.25242659 -1.19883736 -0.96370281 -0.83357111
 -0.99836695 -0.11265671 -0.01250529 -0.29551829] 
[-1.12928785 -0.24823714 -0.16320809 -0.13316375 -0.21386332  0.15443502
 -0.70415373 -1.02112252 -1.25248992 -1.19897128 -0.96388751 -0.83393375
 -0.99845271 -0.11259303 -0.01227223 -0.29546912] 
[-1.12938528 -0.24817066 -0.16315346 -0.13308188 -0.21363558  0.15457404
 -0.70406885 -1.02146423 -1.25255311 -1.19910447 -0.96407284 -0.83429474
 -0.99853814 -0.11253038 -0.01203939 -0.29542043] 
[-1.12948209 -0.24810403 -0.16309945 -0.13300088 -0.21340834  0.15471277
 -0.70398318 -1.02180486 -1.25261543 -1.19923685 -0.96425889 -0.8346562
 -0.99862314 -0.11246774 -0.01180578 -0.29537074] 
[-1.12957818 -0.24803836 -0.16304485 -0.13292032 -0.21318164  0.15485382
 -0.70390002 -1.02214426 -1.25267799 -1.19936981 -0.96444532 -0.83501845
 -0.99870778 -0.11240576 -0.01157313 -0.2953209 ] 
[-1.12966022 -0.24796169 -0.16299136 -0.13284487 -0.2129505   0.1549964
 -0.70381769 -1.02248129 -1.25273081 -1.19949785 -0.96463022 -0.83539043
 -0.9987842  -0.11234395 -0.01132475 -0.29525495] 
[-1.12974411 -0.24788617 -0.16293559 -0.13276632 -0.2127083   0.15512932
 -0.7037315  -1.02283067 -1.25278452 -1.19962704 -0.9648125  -0.83577091
 -0.99886243 -0.11228054 -0.01107578 -0.29519455] 
[-1.12982873 -0.24781002 -0.16288046 -0.13268878 -0.21246649  0.15526211
 -0.70364447 -1.02317854 -1.2528377  -1.19975523 -0.96499439 -0.83615183
 -0.99893983 -0.11221695 -0.01082758 -0.29513281] 
[-1.12991307 -0.24773338 -0.16282942 -0.13260994 -0.21222411  0.15539617
 -0.70356129 -1.02352242 -1.25288786 -1.19987912 -0.96517426 -0.8365322
 -0.99901802 -0.11215563 -0.01057762 -0.2950678 ] 
[-1.13000635 -0.24766617 -0.16278761 -0.13252638 -0.21197414  0.15554208
 -0.70349243 -1.02387395 -1.25294038 -1.20000091 -0.96535557 -0.83690954
 -0.99910351 -0.11209005 -0.01033383 -0.29500537] 
[-1.13012116 -0.24762315 -0.16275911 -0.13243673 -0.21173926  0.15568197
 -0.7034132  -1.02422977 -1.25299772 -1.20011294 -0.96552179 -0.83727729
 -0.99918234 -0.11201767 -0.01010301 -0.29495375] 
[-1.13023642 -0.24757931 -0.16273002 -0.1323471  -0.21150531  0.15582164
 -0.70333308 -1.02458488 -1.25305536 -1.20022535 -0.96568774 -0.83764542
 -0.99926028 -0.11194582 -0.00987199 -0.29490194] 
[-1.13035163 -0.24753741 -0.1627021  -0.13225918 -0.21127315  0.1559622
 -0.70325278 -1.0249399  -1.25311225 -1.20033651 -0.96585263 -0.83801477
 -0.99933728 -0.11187328 -0.0096418  -0.2948512 ] 
[-1.13046619 -0.24749603 -0.16267432 -0.13217172 -0.21104129  0.15610367
 -0.70317295 -1.02529479 -1.25316911 -1.20044742 -0.96601751 -0.83838478
 -0.99941355 -0.11180028 -0.0094114  -0.29479917] 
[-1.13058095 -0.24745056 -0.16264583 -0.13208483 -0.21080859  0.15624071
 -0.70309012 -1.02564643 -1.25322322 -1.20055812 -0.96618435 -0.83875194
 -0.99949037 -0.1117296  -0.00917915 -0.29474486] 
[-1.13069583 -0.24740723 -0.16261662 -0.13199809 -0.21057751  0.15637936
 -0.70300794 -1.02599823 -1.25327653 -1.20066719 -0.96634976 -0.83911987
 -0.99956817 -0.11165876 -0.00894599 -0.29469253] 
[-1.13081005 -0.24736281 -0.16258765 -0.1319125  -0.21034792  0.15651669
 -0.70292413 -1.02634944 -1.25332908 -1.20077689 -0.96651575 -0.83948676
 -0.99964583 -0.1115881  -0.00871293 -0.29463927] 
[-1.13092274 -0.24731915 -0.16255956 -0.13182819 -0.21011791  0.15665383
 -0.70284049 -1.02669989 -1.25338114 -1.20088516 -0.96668119 -0.83985306
 -0.99972408 -0.11151674 -0.00847855 -0.29458346] 
[-1.13103607 -0.24727568 -0.16253094 -0.13174409 -0.20988943  0.15678941
 -0.70275538 -1.02704919 -1.25343385 -1.20099277 -0.9668474  -0.84021909
 -0.99980274 -0.11144503 -0.00824536 -0.2945269 ] 
[-1.13115099 -0.2472325  -0.16250257 -0.13166094 -0.20966128  0.15692348
 -0.70266955 -1.02739862 -1.25348765 -1.20110048 -0.96701366 -0.84058375
 -0.99988228 -0.11137382 -0.00801417 -0.29447099] 
[-1.13126605 -0.2471891  -0.16247412 -0.1315783  -0.2094343   0.15705681
 -0.70258292 -1.02774741 -1.25354144 -1.20120771 -0.96718023 -0.84094794
 -0.99996124 -0.11130309 -0.0077835  -0.29441406] 
[-1.13138164 -0.2471484  -0.16244845 -0.13149772 -0.20920757  0.15719316
 -0.70249994 -1.02809456 -1.25359479 -1.2013151  -0.9673467  -0.84131093
 -1.00003879 -0.11123236 -0.00755328 -0.2943581 ] 
[-1.13149112 -0.24711727 -0.16242944 -0.1314387  -0.20900459  0.15730109
 -0.70239979 -1.02843514 -1.25364085 -1.20142667 -0.96751204 -0.84165228
 -1.00012458 -0.11117246 -0.00733664 -0.29428391] 
[-1.1315973  -0.24708456 -0.16241119 -0.13137569 -0.2087959   0.1574067
 -0.70230304 -1.02878017 -1.2536845  -1.20153728 -0.96767985 -0.8419924
 -1.00021309 -0.11110955 -0.00711607 -0.29421233] 
[-1.13170196 -0.24705203 -0.16239199 -0.13131347 -0.20858657  0.15751151
 -0.70220694 -1.02912445 -1.25372818 -1.2016464  -0.9678469  -0.84233343
 -1.00030168 -0.11104625 -0.00689438 -0.2941406 ] 
[-1.13179927 -0.24700985 -0.16237015 -0.13125292 -0.20837941  0.15761427
 -0.70210831 -1.02945875 -1.25376574 -1.20175439 -0.96801663 -0.84267065
 -1.00038401 -0.11098127 -0.00667253 -0.29405731] 
[-1.13190228 -0.24697301 -0.16235138 -0.13119381 -0.2081709   0.15771937
 -0.7020107  -1.02979691 -1.25380458 -1.20186574 -0.96818413 -0.84300663
 -1.00046954 -0.11091365 -0.00645548 -0.29397961] 
[-1.1320112  -0.24694651 -0.16234089 -0.13112995 -0.20795719  0.15783591
 -0.70192715 -1.03013338 -1.25384759 -1.2019723  -0.96835593 -0.84333887
 -1.00055291 -0.11084347 -0.0062376  -0.29390807] 
[-1.13211428 -0.24690942 -0.1623194  -0.13106517 -0.20775008  0.15795173
 -0.70183537 -1.03047285 -1.25389022 -1.20208646 -0.96852279 -0.84366433
 -1.00063005 -0.11077422 -0.00602456 -0.29383507] 
[-1.13221857 -0.24687341 -0.16229898 -0.13100166 -0.20754385  0.15806839
 -0.70174447 -1.03081216 -1.25393276 -1.20220065 -0.968689   -0.8439902
 -1.00070659 -0.11070533 -0.00581229 -0.29376133] 
[-1.13232294 -0.24683733 -0.16227852 -0.13093842 -0.2073381   0.15818489
 -0.70165344 -1.03115102 -1.25397529 -1.20231461 -0.96885547 -0.84431598
 -1.00078297 -0.11063655 -0.00560033 -0.29368743] 
[-1.13243206 -0.24681608 -0.16226372 -0.13086731 -0.20713941  0.15830542
 -0.70156137 -1.03149966 -1.25403124 -1.20243906 -0.96902818 -0.84462999
 -1.00085994 -0.11057318 -0.0054002  -0.29363173] 
[-1.13253979 -0.24679324 -0.16224922 -0.13079716 -0.20694199  0.15842405
 -0.70146727 -1.03184749 -1.25408622 -1.20256401 -0.96920077 -0.84494342
 -1.0009372  -0.11050941 -0.00519915 -0.29357394] 
[-1.13264847 -0.24676387 -0.16223494 -0.13072562 -0.20675049  0.15854149
 -0.70137058 -1.03218669 -1.25413597 -1.20268792 -0.96937178 -0.84525261
 -1.00100829 -0.11044443 -0.00499829 -0.29350658] 
[-1.13275888 -0.24673606 -0.16222186 -0.1306539  -0.20655824  0.15865998
 -0.70127386 -1.03252595 -1.25418579 -1.20281266 -0.96954149 -0.8455628
 -1.00108047 -0.11037944 -0.00479879 -0.29344094] 
[-1.13286855 -0.2467082  -0.16220824 -0.13058196 -0.20636609  0.158778
 -0.70117716 -1.03286433 -1.25423503 -1.20293674 -0.96971191 -0.84587331
 -1.00115204 -0.1103143  -0.0045988  -0.29337518] 
[-1.13297593 -0.24667826 -0.16219533 -0.13051162 -0.20617544  0.15889475
 -0.70108055 -1.03320155 -1.25428213 -1.20306151 -0.9698845  -0.8461825
 -1.00122181 -0.11024912 -0.0043968  -0.29330609] 
[-1.13308255 -0.24664979 -0.16217815 -0.13043891 -0.205987    0.15900428
 -0.70097795 -1.03354141 -1.25433224 -1.20318832 -0.97005921 -0.84648823
 -1.00129438 -0.11018113 -0.00419735 -0.29323592] 
[-1.13319177 -0.24662215 -0.16216113 -0.13036639 -0.20579983  0.15911297
 -0.70087395 -1.03388276 -1.25438321 -1.20331512 -0.97023228 -0.8467949
 -1.0013685  -0.11011279 -0.00400038 -0.29316861] 
[-1.13330749 -0.24659933 -0.16214433 -0.1303008  -0.2056096   0.15923235
 -0.7007824  -1.03421867 -1.25443228 -1.20344651 -0.97041217 -0.84709482
 -1.00144747 -0.11003869 -0.00381249 -0.29309711] 
[-1.13342051 -0.24658065 -0.16213415 -0.13023894 -0.20542118  0.15934989
 -0.70069624 -1.03454565 -1.25448421 -1.20357115 -0.97059875 -0.8473884
 -1.0015237  -0.10996499 -0.00362289 -0.29301418] 
[-1.13352588 -0.24655594 -0.16212823 -0.13018225 -0.20522989  0.15947527
 -0.7006164  -1.0348643  -1.25453088 -1.20369064 -0.97078359 -0.84768612
 -1.00160042 -0.10988778 -0.00343207 -0.29292099] 
[-1.13362994 -0.24652792 -0.16211952 -0.1301261  -0.20504142  0.15959917
 -0.70053746 -1.03518161 -1.25457469 -1.20380899 -0.97096771 -0.8479815
 -1.00167281 -0.10981425 -0.00323829 -0.29282488] 
[-1.1337343  -0.24649935 -0.16211058 -0.13006979 -0.20485292  0.15972373
 -0.70045898 -1.03549833 -1.25461886 -1.20392746 -0.9711517  -0.84827648
 -1.00174525 -0.10974133 -0.00304431 -0.29272786] 
[-1.13382991 -0.24647286 -0.16209954 -0.13001519 -0.20466074  0.15985412
 -0.70037884 -1.03581059 -1.25465768 -1.20404253 -0.97134105 -0.84857854
 -1.00181395 -0.10966475 -0.00284127 -0.29263018] 
[-1.1339283  -0.24644809 -0.16208766 -0.1299618  -0.20446918  0.15998634
 -0.70030193 -1.03612086 -1.25469897 -1.20415565 -0.97153249 -0.84887803
 -1.00188321 -0.10958984 -0.0026408  -0.29253179] 
[-1.13402626 -0.24642294 -0.16207628 -0.12990907 -0.20427831  0.1601192
 -0.70022561 -1.03643087 -1.25474047 -1.20426896 -0.97172378 -0.84917719
 -1.00195196 -0.10951484 -0.00244002 -0.29243233] 
[-1.13412389 -0.24639769 -0.16206388 -0.129856   -0.20408765  0.16025059
 -0.70014795 -1.03674099 -1.25478169 -1.20438212 -0.97191458 -0.84947573
 -1.0020213  -0.10943964 -0.00223976 -0.29233394] 
[-1.13422162 -0.24637184 -0.16205134 -0.12980349 -0.20389735  0.16038201
 -0.70007031 -1.03705037 -1.2548231  -1.20449471 -0.97210529 -0.84977384
 -1.00209056 -0.10936505 -0.00203943 -0.29223486] 
[-1.13432072 -0.24634594 -0.16204049 -0.12975246 -0.2037083   0.16051492
 -0.69999237 -1.03735996 -1.25486539 -1.20460634 -0.97229491 -0.85007335
 -1.00215948 -0.10928949 -0.00184034 -0.29213421] 
[-1.134408   -0.24632046 -0.16202728 -0.12970646 -0.20352057  0.16064107
 -0.69991196 -1.03765891 -1.25489853 -1.20471161 -0.97249363 -0.85036858
 -1.00221926 -0.10921238 -0.00163069 -0.29202329] 
[-1.13449561 -0.24629298 -0.16201338 -0.12966208 -0.20333455  0.16076478
 -0.69982896 -1.03795561 -1.25493064 -1.20481738 -0.97269173 -0.85066442
 -1.00227708 -0.10913698 -0.00142037 -0.2919101 ] 
[-1.13457952e+00 -2.46261021e-01 -1.61999764e-01 -1.29619958e-01
 -2.03153602e-01  1.60882662e-01 -6.99738180e-01 -1.03824670e+00
 -1.25496370e+00 -1.20491908e+00 -9.72888037e-01 -8.50961820e-01
 -1.00233489e+00 -1.09064906e-01 -1.20620555e-03 -2.91791763e-01] 
[-1.13465666e+00 -2.46221879e-01 -1.61979369e-01 -1.29574422e-01
 -2.02967718e-01  1.60999029e-01 -6.99647254e-01 -1.03853826e+00
 -1.25499468e+00 -1.20501988e+00 -9.73089583e-01 -8.51262833e-01
 -1.00239376e+00 -1.08991311e-01 -9.90625583e-04 -2.91674346e-01] 
[-1.13472524e+00 -2.46170389e-01 -1.61948262e-01 -1.29532944e-01
 -2.02777467e-01  1.61100295e-01 -6.99543283e-01 -1.03882325e+00
 -1.25501833e+00 -1.20512464e+00 -9.73287205e-01 -8.51566882e-01
 -1.00245452e+00 -1.08922857e-01 -7.76928300e-04 -2.91564671e-01] 
[-1.13479590e+00 -2.46117800e-01 -1.61915058e-01 -1.29491915e-01
 -2.02588013e-01  1.61200857e-01 -6.99438647e-01 -1.03910930e+00
 -1.25504195e+00 -1.20523007e+00 -9.73487199e-01 -8.51868166e-01
 -1.00251474e+00 -1.08854552e-01 -5.64432287e-04 -2.91453017e-01] 
[-1.13486634e+00 -2.46068008e-01 -1.61876300e-01 -1.29446629e-01
 -2.02403549e-01  1.61295319e-01 -6.99337183e-01 -1.03939682e+00
 -1.25506579e+00 -1.20533128e+00 -9.73689453e-01 -8.52162770e-01
 -1.00257565e+00 -1.08788370e-01 -3.56841386e-04 -2.91340731e-01] 
[-1.13493847e+00 -2.46018388e-01 -1.61837603e-01 -1.29399846e-01
 -2.02217388e-01  1.61389591e-01 -6.99235726e-01 -1.03968499e+00
 -1.25508861e+00 -1.20543425e+00 -9.73891691e-01 -8.52457149e-01
 -1.00263679e+00 -1.08720817e-01 -1.49886038e-04 -2.91229330e-01] 
[-1.13501196e+00 -2.45972539e-01 -1.61803612e-01 -1.29351560e-01
 -2.02036690e-01  1.61474980e-01 -6.99122693e-01 -1.03996868e+00
 -1.25510498e+00 -1.20554024e+00 -9.74089170e-01 -8.52756928e-01
 -1.00269268e+00 -1.08649745e-01  6.26054029e-05 -2.91111325e-01] 
[-1.13507977e+00 -2.45920783e-01 -1.61767221e-01 -1.29301104e-01
 -2.01854311e-01  1.61559971e-01 -6.99009160e-01 -1.04025005e+00
 -1.25511972e+00 -1.20564892e+00 -9.74287591e-01 -8.53058113e-01
 -1.00274407e+00 -1.08576758e-01  2.81367534e-04 -2.90985528e-01] 
[-1.13514648e+00 -2.45867724e-01 -1.61731653e-01 -1.29249697e-01
 -2.01670729e-01  1.61647151e-01 -6.98897945e-01 -1.04053032e+00
 -1.25513524e+00 -1.20575843e+00 -9.74487656e-01 -8.53358093e-01
 -1.00279642e+00 -1.08504719e-01  5.00941162e-04 -2.90860186e-01] 
[-1.13521069e+00 -2.45814500e-01 -1.61697874e-01 -1.29197938e-01
 -2.01487283e-01  1.61738030e-01 -6.98789829e-01 -1.04081024e+00
 -1.25514901e+00 -1.20586611e+00 -9.74687385e-01 -8.53660451e-01
 -1.00284790e+00 -1.08432353e-01  7.23144960e-04 -2.90734279e-01] 
[-1.13527396e+00 -2.45764654e-01 -1.61667532e-01 -1.29144396e-01
 -2.01304636e-01  1.61833492e-01 -6.98688381e-01 -1.04109267e+00
 -1.25516605e+00 -1.20597136e+00 -9.74882812e-01 -8.53963985e-01
 -1.00289678e+00 -1.08362454e-01  9.43201060e-04 -2.90607468e-01] 
[-1.13533169e+00 -2.45714686e-01 -1.61640205e-01 -1.29087850e-01
 -2.01122443e-01  1.61934238e-01 -6.98589102e-01 -1.04137064e+00
 -1.25517891e+00 -1.20607282e+00 -9.75079893e-01 -8.54266680e-01
 -1.00294419e+00 -1.08292625e-01  1.16893083e-03 -2.90481124e-01] 
[-1.13539    -0.24566513 -0.16161299 -0.12903174 -0.20094143  0.16203447
 -0.69848895 -1.04164769 -1.25519179 -1.20617393 -0.97527702 -0.85456919
 -1.00299084 -0.10822345  0.00139478 -0.29035397] 
[-1.13544902 -0.24561627 -0.16158623 -0.1289757  -0.20076098  0.16213494
 -0.69838874 -1.04192498 -1.25520526 -1.20627465 -0.97547362 -0.85487125
 -1.00303792 -0.10815455  0.00162043 -0.29022658] 
[-1.13550503 -0.2455648  -0.16156072 -0.12891765 -0.20057821  0.16223951
 -0.69829294 -1.04220011 -1.25521604 -1.20637705 -0.97567324 -0.85517168
 -1.00308265 -0.10808782  0.00184935 -0.29009919] 
[-1.1355616  -0.24551383 -0.16153564 -0.12886022 -0.2003956   0.16234453
 -0.69819761 -1.04247472 -1.25522686 -1.20647904 -0.97587298 -0.85547175
 -1.00312773 -0.10802122  0.00207776 -0.28997204] 
[-1.13561808 -0.24546262 -0.16151069 -0.12880293 -0.20021353  0.16244975
 -0.69810261 -1.04274872 -1.25523754 -1.20658102 -0.97607304 -0.85577149
 -1.00317252 -0.10795484  0.00230607 -0.28984445] 
[-1.13567525 -0.24541291 -0.16148279 -0.12874271 -0.20003214  0.16255171
 -0.69800663 -1.04302492 -1.25524919 -1.20668389 -0.97627167 -0.85607314
 -1.00321654 -0.10788666  0.00253565 -0.2897198 ] 
[-1.13573232 -0.24536508 -0.16145538 -0.1286819  -0.19984487  0.16266292
 -0.6979154  -1.04330575 -1.25526524 -1.20678227 -0.97647367 -0.85638106
 -1.00326229 -0.10781364  0.00276601 -0.28959607] 
[-1.13578749 -0.24531576 -0.1614264  -0.1286201  -0.19965596  0.16277684
 -0.69782697 -1.04358572 -1.25527981 -1.20688193 -0.97667704 -0.85668958
 -1.00330703 -0.10774114  0.00299668 -0.28947264] 
[-1.13584319 -0.24526609 -0.16139785 -0.12855883 -0.19946706  0.16289137
 -0.69773911 -1.04386516 -1.25529482 -1.2069817  -0.97688079 -0.85699761
 -1.00335202 -0.10766896  0.00322715 -0.28934862] 
[-1.13589964 -0.24521702 -0.16136999 -0.12849761 -0.19927886  0.16300671
 -0.69765234 -1.04414468 -1.25530947 -1.20708181 -0.97708418 -0.85730489
 -1.00339628 -0.10759753  0.0034578  -0.28922391] 
[-1.13595648 -0.24516802 -0.16134218 -0.12843664 -0.19909111  0.16312176
 -0.69756545 -1.04442393 -1.25532434 -1.20718178 -0.97728754 -0.85761193
 -1.00344059 -0.10752618  0.00368788 -0.28909934] 
[-1.1360133  -0.2451203  -0.16131633 -0.12837302 -0.19889667  0.16324475
 -0.69748502 -1.04470944 -1.25534097 -1.20728376 -0.97748517 -0.85792417
 -1.00348252 -0.1074556   0.00391711 -0.28898163] 
[-1.13607084 -0.24507316 -0.16129192 -0.12830903 -0.19870266  0.16336948
 -0.69740559 -1.04499438 -1.25535904 -1.20738395 -0.97768124 -0.85823639
 -1.00352358 -0.10738508  0.00414472 -0.28886239] 
[-1.13613134 -0.24502611 -0.16126655 -0.12824438 -0.19851165  0.16349049
 -0.69732411 -1.0452776  -1.25537813 -1.20748244 -0.97787663 -0.85854783
 -1.00356355 -0.10731509  0.0043688  -0.28874584] 
[-1.13619726 -0.24498474 -0.16124782 -0.12818006 -0.19832114  0.16361813
 -0.69724368 -1.04556636 -1.25540287 -1.20758473 -0.97806719 -0.85886411
 -1.00360772 -0.107245    0.00458961 -0.28863058] 
[-1.13626327 -0.24494324 -0.16122919 -0.12811596 -0.19813107  0.16374549
 -0.69716325 -1.04585477 -1.2554277  -1.20768704 -0.97825786 -0.85918018
 -1.00365195 -0.10717485  0.0048101  -0.28851551] 
[-1.1363302  -0.24490124 -0.16121059 -0.12805194 -0.19794099  0.16387201
 -0.697083   -1.04614263 -1.25545317 -1.2077898  -0.97844881 -0.85949544
 -1.00369675 -0.1071052   0.0050298  -0.28840085] 
[-1.13639746 -0.24486292 -0.1611885  -0.12798512 -0.19775626  0.16399709
 -0.69700142 -1.04642658 -1.25547976 -1.20788785 -0.9786359  -0.85981138
 -1.0037416  -0.10703241  0.00524758 -0.28828724] 
[-1.13647105 -0.24482741 -0.1611628  -0.12791548 -0.19757698  0.16412435
 -0.69692546 -1.04670748 -1.25550779 -1.20798051 -0.97881822 -0.86012774
 -1.00378736 -0.10696341  0.00546012 -0.28818173] 
[-1.13654478 -0.24479175 -0.16113717 -0.12784618 -0.1973981   0.1642513
 -0.69684927 -1.04698794 -1.25553586 -1.208073   -0.97900073 -0.86044379
 -1.00383318 -0.10689453  0.00567231 -0.28807605] 
[-1.13662264 -0.24476323 -0.16110739 -0.12778079 -0.19721539  0.16437635
 -0.69678067 -1.04727335 -1.25556996 -1.20816171 -0.97918443 -0.86075213
 -1.00388541 -0.10682963  0.00587422 -0.28798165] 
[-1.1366966  -0.24473997 -0.16108365 -0.12771392 -0.19703006  0.16450954
 -0.69671949 -1.04755466 -1.25560716 -1.20824529 -0.97936414 -0.86105865
 -1.00393526 -0.10676181  0.00607964 -0.28788113] 
[-1.13677048 -0.24471589 -0.16105929 -0.12764754 -0.1968451   0.16464123
 -0.6966566  -1.047836   -1.25564413 -1.20832844 -0.97954477 -0.86136544
 -1.00398464 -0.10669477  0.00628434 -0.28777949] 
[-1.13683959 -0.24469238 -0.16103113 -0.1275783  -0.1966634   0.1647762
 -0.69659683 -1.04811409 -1.25567765 -1.20841222 -0.97972245 -0.86167466
 -1.00402975 -0.10662443  0.00648756 -0.28767491] 
[-1.13691216 -0.24467106 -0.16100176 -0.12751165 -0.19648532  0.16490987
 -0.69653606 -1.04839018 -1.25571361 -1.20849594 -0.97990177 -0.86198328
 -1.00407571 -0.10655251  0.00668759 -0.28757377] 
[-1.13698534 -0.24465013 -0.16097233 -0.12744512 -0.19630782  0.16504348
 -0.69647534 -1.04866633 -1.25574993 -1.20857943 -0.98008084 -0.86229196
 -1.0041216  -0.10648051  0.00688687 -0.28747321] 
[-1.13705843 -0.24462913 -0.16094273 -0.12737863 -0.19613059  0.16517698
 -0.69641469 -1.048942   -1.25578638 -1.20866268 -0.98026023 -0.86260024
 -1.00416726 -0.10640875  0.00708606 -0.28737229] 
[-1.13712923 -0.24460719 -0.16091236 -0.12731409 -0.19595459  0.16530801
 -0.69634999 -1.04921869 -1.2558222  -1.20874512 -0.98043894 -0.86291101
 -1.00421344 -0.10633653  0.00728638 -0.2872705 ] 
[-1.13720037 -0.24458409 -0.16088158 -0.12725001 -0.19577931  0.16543702
 -0.69628391 -1.04949421 -1.25585751 -1.20882734 -0.98061852 -0.86322188
 -1.00426035 -0.10626482  0.00748531 -0.28716977] 
[-1.13727103 -0.24456007 -0.16085034 -0.12718656 -0.19560491  0.16556564
 -0.69621704 -1.04976879 -1.25589316 -1.20890979 -0.98079876 -0.86353193
 -1.00430737 -0.10619364  0.00768429 -0.28706805] 
[-1.13734198 -0.24453613 -0.1608192  -0.12712335 -0.19543053  0.16569406
 -0.69614999 -1.05004282 -1.25592928 -1.20899221 -0.980979   -0.86384226
 -1.00435465 -0.10612204  0.00788263 -0.28696701] 
[-1.1374088  -0.24451868 -0.16079114 -0.12705997 -0.19525792  0.16581548
 -0.69608907 -1.05031737 -1.25596038 -1.20907648 -0.98115303 -0.86414445
 -1.00439978 -0.10604516  0.00807486 -0.28685874] 
[-1.13747543 -0.24449979 -0.16076184 -0.12699663 -0.1950868   0.16593696
 -0.69602899 -1.05059042 -1.25599174 -1.20916073 -0.98132856 -0.86444595
 -1.00444584 -0.10596843  0.00826651 -0.28675138] 
[-1.1375462  -0.24448444 -0.16073485 -0.12693157 -0.1949185   0.16605245
 -0.69596367 -1.0508667  -1.25602613 -1.20924312 -0.98150107 -0.86474488
 -1.0044948  -0.10589025  0.00845758 -0.28664383] 
[-1.13761621 -0.24446763 -0.16070601 -0.12686487 -0.19474782  0.16616465
 -0.69589406 -1.05114528 -1.25605863 -1.20932522 -0.9816756  -0.86504602
 -1.00454504 -0.10580963  0.00864819 -0.28653833] 
[-1.13768646 -0.24445071 -0.16067716 -0.12679839 -0.19457754  0.16627645
 -0.69582422 -1.05142353 -1.25609122 -1.20940725 -0.98185019 -0.86534692
 -1.00459526 -0.10572913  0.0088384  -0.28643291] 
[-1.1377548  -0.24443525 -0.1606504  -0.1267339  -0.19440898  0.16639178
 -0.69575736 -1.05169932 -1.25612352 -1.20948746 -0.98202485 -0.86564894
 -1.00464413 -0.10564795  0.00903019 -0.2863261 ] 
[-1.13783534 -0.24443175 -0.16063362 -0.12667301 -0.19424632  0.16649948
 -0.69569383 -1.05198267 -1.25615562 -1.20957602 -0.98219091 -0.86594486
 -1.0047011  -0.10556177  0.00921887 -0.28623387] 
[-1.13791601 -0.24442795 -0.1606167  -0.12661245 -0.19408421  0.16660678
 -0.69562992 -1.05226565 -1.25618772 -1.20966441 -0.98235725 -0.86624037
 -1.0047581  -0.10547565  0.00940706 -0.28614143] 
[-1.13799716 -0.24442327 -0.16059929 -0.12655254 -0.19392174  0.16671533
 -0.69556738 -1.05254765 -1.25621912 -1.20975352 -0.98252481 -0.86653498
 -1.0048144  -0.10538926  0.0095954  -0.28604938] 
[-1.13808057 -0.24441664 -0.16057765 -0.12649069 -0.19376031  0.16682167
 -0.69550475 -1.05283392 -1.25625347 -1.20984631 -0.98269026 -0.8668322
 -1.00487507 -0.1053004   0.00978054 -0.28595538] 
[-1.13816545 -0.24441166 -0.16055868 -0.12643249 -0.19359703  0.16693528
 -0.69544834 -1.05311729 -1.25629093 -1.20993576 -0.98285255 -0.86713097
 -1.0049387  -0.1052133   0.00996361 -0.28586158] 
[-1.13825038 -0.24440656 -0.16053972 -0.12637448 -0.19343418  0.16704863
 -0.6953918  -1.05340019 -1.25632838 -1.21002504 -0.98301502 -0.86742954
 -1.00500219 -0.10512639  0.01014644 -0.28576763] 
[-1.138336   -0.24440247 -0.16051994 -0.12631533 -0.19327053  0.16716423
 -0.69533769 -1.05368206 -1.25636484 -1.21011322 -0.98317877 -0.86772731
 -1.00506453 -0.10503907  0.01033014 -0.28567471] 
[-1.13842797 -0.24439772 -0.16050388 -0.12625945 -0.19311352  0.16727564
 -0.69527989 -1.05395867 -1.25640552 -1.21019729 -0.98334681 -0.86802019
 -1.00513174 -0.1049513   0.01050894 -0.28558681] 
[-1.13851914 -0.24438976 -0.16048338 -0.12619962 -0.19295347  0.1673857
 -0.69521915 -1.05423816 -1.2564488  -1.2102829  -0.98351757 -0.86831096
 -1.00520051 -0.1048624   0.0106872  -0.28550083] 
[-1.13861143 -0.2443813  -0.16046212 -0.1261408  -0.19279443  0.1674946
 -0.69515857 -1.05451807 -1.2564917  -1.21036898 -0.9836888  -0.86860188
 -1.00526868 -0.10477416  0.01086417 -0.28541617] 
[-1.13870402 -0.24437254 -0.1604406  -0.12608198 -0.19263588  0.16760367
 -0.69509827 -1.05479742 -1.25653441 -1.21045522 -0.98386033 -0.86889282
 -1.00533663 -0.10468583  0.01104053 -0.2853318 ] 
[-1.13879671 -0.24436365 -0.16041908 -0.12602339 -0.19247771  0.16771245
 -0.69503777 -1.05507637 -1.25657714 -1.21054135 -0.98403193 -0.86918354
 -1.00540449 -0.10459765  0.01121659 -0.28524735] 
[-1.13888511 -0.24435189 -0.16040367 -0.1259592  -0.19232414  0.16783346
 -0.69499229 -1.05535701 -1.25661536 -1.21062174 -0.98420823 -0.86946772
 -1.00547881 -0.10451197  0.01138748 -0.28516954] 
[-1.13897349 -0.24433927 -0.16038848 -0.12589453 -0.1921719   0.16795164
 -0.69494374 -1.05563829 -1.25665495 -1.21070109 -0.9843831  -0.86975299
 -1.00555464 -0.10442528  0.0115566  -0.28509374] 
[-1.13906223 -0.24432682 -0.16037329 -0.12583042 -0.19202002  0.16806928
 -0.6948949  -1.05591908 -1.25669471 -1.2107801  -0.98455774 -0.87003832
 -1.00563052 -0.10433851  0.01172503 -0.28501787] 
[-1.13914901 -0.24431509 -0.16035852 -0.1257657  -0.19187009  0.16818465
 -0.69484347 -1.0561977  -1.25673465 -1.21085778 -0.98473133 -0.87032444
 -1.00570484 -0.1042516   0.01189517 -0.28493982] 
[-1.13923422 -0.24430259 -0.16034265 -0.12570012 -0.19171932  0.16829962
 -0.69479263 -1.05647906 -1.25677702 -1.21093824 -0.98490849 -0.87060669
 -1.00578167 -0.10416468  0.01206834 -0.28485817] 
[-1.13931951 -0.24428935 -0.16032785 -0.12563483 -0.19156871  0.16841613
 -0.69474256 -1.05675979 -1.25682004 -1.21101855 -0.98508534 -0.87088996
 -1.0058575  -0.10407869  0.01224164 -0.28477629] 
[-1.13940548 -0.24427605 -0.16030984 -0.12556704 -0.1914179   0.16853187
 -0.69469167 -1.05704056 -1.25686349 -1.21109879 -0.98526431 -0.87117499
 -1.00593383 -0.10399196  0.01241222 -0.28469844] 
[-1.1394928  -0.24426133 -0.16029299 -0.12549857 -0.19126801  0.16864958
 -0.69464348 -1.05732186 -1.25690565 -1.21118015 -0.98544506 -0.87145761
 -1.00600871 -0.10390657  0.01258178 -0.28461869] 
[-1.13957674 -0.24424475 -0.16028162 -0.12543864 -0.19112631  0.16877124
 -0.6946032  -1.05759318 -1.25695263 -1.21125559 -0.98563205 -0.87173472
 -1.00608498 -0.10382045  0.01274447 -0.28453617] 
[-1.13966084 -0.24422817 -0.16027009 -0.12537882 -0.19098507  0.16889234
 -0.6945624  -1.05786402 -1.25699969 -1.21133079 -0.98581893 -0.87201176
 -1.00616105 -0.10373441  0.01290697 -0.28445349] 
[-1.1397459  -0.24421119 -0.16025954 -0.12531831 -0.19084463  0.16901196
 -0.69452225 -1.05813647 -1.25704576 -1.21140446 -0.98600454 -0.87229037
 -1.00623815 -0.1036496   0.01307062 -0.28437242] 
[-1.13983115 -0.24419392 -0.16024878 -0.125259   -0.19070528  0.16912965
 -0.69448031 -1.05840747 -1.25709126 -1.21147732 -0.98619078 -0.87256879
 -1.00631567 -0.10356544  0.01323319 -0.28429108] 
[-1.13991512 -0.24417527 -0.16023737 -0.12520091 -0.19056726  0.1692487
 -0.69443957 -1.05867644 -1.25713578 -1.21155065 -0.9863781  -0.87284791
 -1.0063923  -0.10348058  0.01339535 -0.28420804] 
[-1.13999919 -0.24415653 -0.16022589 -0.12514301 -0.19042953  0.16936736
 -0.69439855 -1.05894506 -1.25718031 -1.21162391 -0.98656543 -0.87312685
 -1.00646883 -0.10339586  0.01355724 -0.28412498] 
[-1.14008331 -0.24413866 -0.16021542 -0.12508642 -0.19029165  0.16948674
 -0.69435691 -1.05921261 -1.25722557 -1.21169642 -0.98675298 -0.87340694
 -1.00654626 -0.10331155  0.01371804 -0.28404296] 
[-1.14016723 -0.24412013 -0.16020405 -0.12502949 -0.19015441  0.16960459
 -0.69431392 -1.05948025 -1.25727058 -1.21176856 -0.98694006 -0.87368722
 -1.00662402 -0.10322698  0.01387811 -0.28396169] 
[-1.14025242 -0.24410082 -0.16019305 -0.12497148 -0.19001601  0.16972277
 -0.69427176 -1.05974666 -1.25731472 -1.21184043 -0.98712792 -0.8739657
 -1.00670282 -0.10314339  0.01403627 -0.28388204] 
[-1.14033218 -0.24408059 -0.16017856 -0.12490965 -0.18987664  0.16984047
 -0.69422662 -1.06000951 -1.25735565 -1.21191478 -0.98731413 -0.87424037
 -1.00677731 -0.10306192  0.01419872 -0.28379701] 
[-1.14041471 -0.24405794 -0.16016145 -0.12485018 -0.1897399   0.16995281
 -0.69417664 -1.06026962 -1.25739824 -1.21198926 -0.9875019  -0.87451413
 -1.00685035 -0.10298214  0.01435732 -0.28371353] 
[-1.14049764 -0.24403481 -0.16014379 -0.12478734 -0.18959993  0.17006355
 -0.69412287 -1.06053038 -1.25744116 -1.21206686 -0.98768952 -0.87478743
 -1.00692398 -0.10290177  0.01451576 -0.28363131] 
[-1.14058229 -0.24401336 -0.16012349 -0.12472406 -0.18946144  0.17017055
 -0.69407059 -1.06078847 -1.25748238 -1.21214519 -0.98788026 -0.87505668
 -1.00699776 -0.1028209   0.01467005 -0.28355054] 
[-1.1406658  -0.2439889  -0.16010342 -0.12466064 -0.18932008  0.17028185
 -0.69402048 -1.06104642 -1.25752561 -1.21222583 -0.98807126 -0.87532569
 -1.00707212 -0.10273996  0.01482487 -0.28346582] 
[-1.14074934 -0.24396434 -0.16008362 -0.12459747 -0.18917904  0.17039262
 -0.69397008 -1.06130383 -1.25756882 -1.21230653 -0.98826203 -0.87559448
 -1.00714654 -0.10265934  0.01497969 -0.28338074] 
[-1.1408332  -0.24394329 -0.16006702 -0.12453541 -0.18904204  0.17049854
 -0.69391679 -1.06155837 -1.25761473 -1.21238995 -0.98844951 -0.87585996
 -1.0072236  -0.1025795   0.01513564 -0.2832955 ] 
[-1.14091734 -0.24392232 -0.16005053 -0.12447368 -0.18890542  0.1706042
 -0.69386324 -1.06181269 -1.25766057 -1.21247335 -0.98863701 -0.87612523
 -1.0073005  -0.1024997   0.01529118 -0.28321041] 
[-1.14100123 -0.24390062 -0.16003457 -0.12441306 -0.1887686   0.17070939
 -0.69381006 -1.06206722 -1.25770706 -1.21255604 -0.98882385 -0.87639081
 -1.0073769  -0.10241957  0.01544582 -0.28312416] 
[-1.14108544 -0.24387912 -0.16001888 -0.12435295 -0.1886324   0.17081389
 -0.69375623 -1.06232129 -1.25775327 -1.21263881 -0.98901092 -0.87665653
 -1.0074535  -0.10233981  0.01560044 -0.28303839] 
[-1.14116991 -0.24385776 -0.16000327 -0.12429301 -0.18849658  0.17091816
 -0.69370216 -1.06257517 -1.25779959 -1.21272137 -0.98919779 -0.87692224
 -1.00752991 -0.10226022  0.01575467 -0.28295279] 
[-1.14125647 -0.24383374 -0.15998511 -0.12423294 -0.18835871  0.17102164
 -0.69364804 -1.06282906 -1.2578482  -1.2128062  -0.98938534 -0.87718719
 -1.0076073  -0.10218077  0.01590716 -0.28286719] 
[-1.14134251 -0.24380918 -0.159967   -0.1241733  -0.18822086  0.17112526
 -0.69359426 -1.06308225 -1.25789701 -1.21289057 -0.98957303 -0.877452
 -1.00768484 -0.10210151  0.01605992 -0.28278113] 
[-1.14142971 -0.24378355 -0.15994733 -0.12411605 -0.18808635  0.17122474
 -0.69353551 -1.06333327 -1.25794688 -1.21297282 -0.98975858 -0.87771924
 -1.00776428 -0.10202084  0.01621238 -0.28269773] 
[-1.14151995 -0.24375982 -0.15992497 -0.1240573  -0.18795608  0.17131794
 -0.69347103 -1.06358062 -1.25799431 -1.21305649 -0.98994625 -0.8779878
 -1.00784065 -0.10194231  0.01636162 -0.2826127 ] 
[-1.14161008 -0.24373595 -0.15990217 -0.12399857 -0.18782605  0.17141142
 -0.69340666 -1.06382775 -1.25804133 -1.21313963 -0.99013396 -0.87825583
 -1.00791679 -0.10186442  0.01651123 -0.28252808] 
[-1.14169897 -0.2437122  -0.15987741 -0.12393943 -0.18769601  0.1715104
 -0.69334724 -1.06407694 -1.25808851 -1.21322281 -0.99032207 -0.87852645
 -1.00799506 -0.10178826  0.01666189 -0.28244024] 
[-1.14178792 -0.2436885  -0.15985269 -0.12388043 -0.18756621  0.17160912
 -0.69328774 -1.06432588 -1.25813567 -1.21330586 -0.99051007 -0.87879697
 -1.00807319 -0.10171221  0.01681234 -0.28235233] 
[-1.14188013 -0.24366673 -0.15982937 -0.12382267 -0.187435    0.17170689
 -0.69322887 -1.06457571 -1.25818207 -1.21338806 -0.99069791 -0.87906913
 -1.00814944 -0.10163668  0.01696001 -0.28226655] 

 Time 
6264.383971214294 
