Energy 
 
-7.553626240269384 
-9.202779764757977 
-9.779135897062174 
-10.105998092523992 
-10.299328008454715 
-10.4325306592631 
-10.517662834505606 
-10.572673482435675 
-10.611750717072214 
-10.643625562446475 
-10.670302125542573 
-10.691968160057073 
-10.702843799172955 
-10.709182759326708 
-10.712881880480998 
-10.71586699792671 
-10.718901249571442 
-10.721951304849638 
-10.724592305505068 
-10.727157247575551 
-10.729918141497485 
-10.732503265109038 
-10.735433890130665 
-10.738318284907812 
-10.740946982876803 
-10.743498830263682 
-10.745522038726445 
-10.747286132379372 
-10.74910855079967 
-10.75113455085609 
-10.75341502019485 
-10.755786255145331 
-10.758602716355467 
-10.761400457834826 
-10.76464879592128 
-10.771194042816067 
-10.77572733022229 
-10.77820663917827 
-10.78080304133536 
-10.785156344280129 
-10.788611436588848 
-10.796339441495112 
-10.799910635943892 
-10.803799969357593 
-10.807535680980607 
-10.811975647851312 
-10.816563450315464 
-10.81949204820792 
-10.824169111491415 
-10.827340100401347 
-10.830369383926604 
-10.833397881165787 
-10.836307785417606 
-10.841690261016442 
-10.84715051602194 
-10.851458256953157 
-10.855497956504736 
-10.859599791209412 
-10.863174771155311 
-10.866775070871729 
-10.869606811391069 
-10.873232007048552 
-10.876793714912457 
-10.879552268616495 
-10.882688752705423 
-10.88559497919264 
-10.888539428735887 
-10.890773385383996 
-10.892980577316017 
-10.895223812214724 
-10.897131513699293 
-10.899053613546771 
-10.902761711334266 
-10.904686272876265 
-10.90661351536579 
-10.90879233417558 
-10.911039351944058 
-10.913087799727489 
-10.915220105356072 
-10.917299393347976 
-10.919652276094414 
-10.921860263661273 
-10.926299832756017 
-10.930257629633235 
-10.933919370560929 
-10.937714911695288 
-10.940219941012305 
-10.943286521366769 
-10.946313528328375 
-10.949322041112321 
-10.953864588877954 
-10.95811292369666 
-10.960896500045866 
-10.964068673550273 
-10.967180510731046 
-10.97032575356316 
-10.978961471452683 
-10.987205541256936 
-10.999254459304282 
-11.0090708965234 
-11.02388738318887 
-11.0344499027742 
-11.040123969253505 
-11.045236850021208 
-11.04965733297055 
-11.056287864012463 
-11.067317620243998 
-11.074222784643604 
-11.080278953097213 
-11.085477439775417 
-11.090679808975187 
-11.096009280173606 
-11.106586330678452 
-11.115716347711045 
-11.122433290753484 
-11.128872043128888 
-11.134789838132287 
-11.138015079890629 
-11.140759853554012 
-11.143646151903646 
-11.146462586696984 
-11.149160035151255 
-11.152274594868224 
-11.154791075559109 
-11.158839986051284 
-11.161930730789392 
-11.164740908419953 
-11.167474946908964 
-11.17012409609457 
-11.172778989716084 
-11.17541285364047 
-11.178015781271917 
-11.180577110282155 
-11.18306315504527 
-11.185488914873467 
-11.187720680668557 
-11.189947076919587 
-11.192155070697636 
-11.194336058654999 
-11.196628499161447 
-11.20145535683644 
-11.221280048663534 
-11.225942720601749 
-11.23023107799997 
-11.234407526129454 
-11.240618640947995 
-11.24758134086716 
-11.250876895369991 
-11.254339617074177 
-11.257713196224291 
-11.260518357575817 
-11.263769245858503 
-11.266979347630937 
-11.2703474523865 
-11.273421756714862 
-11.276436066350339 
-11.279175040385052 
-11.292305087998699 
-11.299576681333228 
-11.305976541401566 
-11.310881996915857 
-11.315516502423568 
-11.319683925568004 
-11.322936642636023 
-11.327335798194689 
-11.331617746856956 
-11.335716275740124 
-11.339654549604607 
-11.34344291166272 
-11.347576378681673 
-11.374491064491329 
-11.39402685521437 
-11.399010610911763 
-11.402162006685128 
-11.405124720907864 
-11.408057676482798 
-11.410837351197946 
-11.413530912673703 
-11.420266321657639 
-11.426956283286689 
-11.43063130711072 
-11.434421205194344 
-11.437828810720779 
-11.44127476354826 
-11.452243280442481 
-11.456836746696222 
-11.460348609445116 
-11.463232093351442 
-11.465737429370446 
-11.468110011992756 
-11.470329698067692 
-11.472120072242102 
-11.473936155952234 
-11.475639289881347 
-11.477302220204308 
-11.479407401646327 
-11.481346054964439 
-11.483219332220706 
-11.484916071153577 
-11.486497732555822 
-11.488071089304885 
-11.49060488232866 
-11.492983680656025 
-11.495413105002923 
-11.4970104183222 
-11.498639978840917 
-11.500233786822381 
-11.50206586084822 
-11.503741783705317 
-11.506410443369958 
-11.508287074722665 
-11.509426153507928 
-11.510480673285771 
-11.511521401114546 
-11.512551488290681 
-11.513568958241047 
-11.514764285898826 
-11.515873551623804 
-11.517260764206386 
-11.51864682401412 
-11.519882913815364 
-11.521149091980263 
-11.522739902279667 
-11.52489006797358 
-11.5271260422429 
-11.529026851412771 
-11.530369975434535 
-11.531666658143477 
-11.532935366326466 
-11.534278178178273 
-11.535588301399466 
-11.536661009916134 
-11.53772221780638 
-11.538800015980296 
-11.539731642302439 
-11.540651124445674 
-11.541563661529976 
-11.542464532923784 
-11.543326725505413 
-11.54411157489133 
-11.544892893249163 
-11.545672962267375 
-11.546438010400868 
-11.547200108869216 
-11.547954894452399 
-11.548717020230884 
-11.549472053128493 
-11.550250610209861 
-11.551078993369353 
-11.551888393484173 
-11.552709669419615 
-11.553558618134687 
-11.55439886575754 
-11.55523166433268 
-11.556074202994214 
-11.55688620817796 
-11.557694074166925 
-11.558498638807325 
-11.559305746052251 
-11.560145756675553 
-11.56093902855711 
-11.56173127987124 
-11.562518005073414 
-11.563299256049937 
-11.564080749707388 
-11.564878261776503 
-11.565669503666294 
-11.566444492186632 
-11.567218112047543 
-11.567984211768634 
-11.568744912596257 
-11.569456345699336 
-11.570166974780843 
-11.570888173077508 
-11.571605645784562 
-11.572319288354258 
-11.573027762780459 
-11.573731967661338 
-11.574437032254817 
-11.575137780267468 
-11.575783057637224 
-11.576424238248201 
-11.577067036417931 
-11.57770857867667 
-11.578348905735712 
-11.578988015927369 
-11.579629935916518 
-11.580245854067154 
-11.580879609060494 
-11.581518550418622 
-11.582165767449258 
-11.582811953889742 
-11.583453420769864 
-11.584084501205224 
-11.584710996169292 
-11.585334221779782 
-11.585949948151256 
-11.586564780382048 
-11.58717919659365 
-11.587760002210734 
-11.588340234448712 
-11.588924875030903 
-11.589506851557296 
-11.590084533450561 
-11.590650738429469 
-11.591259309084363 
-11.591859882833663 
-11.592464447244678 
-11.5930670785156 
-11.593669432594488 
-11.594270494332688 
-11.594877322114833 
-11.595483227802998 
-11.596086142039121 
-11.596678873991056 
-11.597273972813916 
-11.597874455927471 
-11.598475588409327 
-11.599081071766857 
-11.59968592777229 
-11.600290561627208 
-11.600892414929673 
-11.60149009978696 
-11.602087948448492 
-11.602680605347684 
-11.60326402470224 
-11.603849378306272 
-11.60443397182542 
-11.605013414551145 
-11.605597796257035 
-11.606181293180317 
-11.606764946873318 
-11.60734709259498 
-11.60790909290788 
-11.608451367193982 
-11.608993331181649 
-11.609535050024776 
-11.61007622809274 
-11.610616837104633 
-11.611157091837278 
-11.611699447541834 
-11.612241874028808 
-11.612780469536265 
-11.613318696822091 
-11.613856682402062 
-11.614377222987951 
-11.614865827088844 
-11.615354206306293 
-11.615820537938228 
-11.616278811424978 
-11.616754863793005 
-11.61723124756191 
-11.617699870995015 
-11.618168238112244 
-11.618638495047456 
-11.619108273572932 
-11.619575370567615 
-11.620041601943813 
-11.620512995871277 
-11.620984745945458 
-11.621457666479253 
-11.621929363995674 
-11.622400853998926 
-11.622872109106334 
-11.62334300389667 
-11.623812223289548 
-11.624282334333422 
-11.624744616486566 
-11.625207052972492 
-11.625665932988813 
-11.626125481104186 
-11.626584628023487 
-11.627047540712711 
-11.627508238691942 
-11.627968536916187 
-11.62842734365728 
-11.628885625283111 
-11.62933514473113 
-11.629785814983626 
-11.630235224641456 
-11.63068439898371 
-11.631133331749115 
-11.631580746398756 
-11.63202350860788 
-11.63246633904941 
-11.632908855500286 
-11.633349416363284 
-11.633787443785417 
-11.634225440511731 
-11.634662112645255 
-11.635094238436865 
-11.635526045206294 
-11.635957972333053 
-11.636390105807696 
-11.636821272865502 
-11.637252160028805 
-11.637683714093306 
-11.63811272509293 
-11.6385472372887 
-11.638981041650988 
-11.639415377283209 
-11.639849616707064 
-11.640288942815502 
-11.640728105994977 
-11.641167365913297 
-11.641606194926034 
-11.642045293394755 
-11.642484211705366 
-11.64292006486277 
-11.643359758172535 
-11.643799165451522 
-11.644237588656141 
-11.644675774284082 
-11.645113716382347 
-11.645551738825038 
-11.645990470475473 
-11.646428907630556 
-11.646872379428721 
-11.647317660460267 
-11.6477646203573 
-11.648213118575338 
-11.648659013424348 
-11.649114449330748 
-11.64956974392398 
-11.650025634688395 
-11.65048051198606 
-11.65093698228199 
-11.651393035864116 
-11.651849497389373 
-11.652304824737403 
-11.652750532254116 
-11.653194133176024 
-11.653637386332909 
-11.654092691540109 
-11.654547376255657 
-11.655002683822097 
-11.655456041916977 
-11.655907493528797 
-11.656358977933401 
-11.656810945411344 
-11.657261333383314 
-11.657711302357184 
-11.658160247324423 
-11.658608598867191 
-11.659056876554404 
-11.659504222808014 
-11.659951308624738 
-11.660396799156942 
-11.660841706106659 
-11.661286131943598 
-11.66173008303616 
-11.662173614350138 
-11.662617395079401 
-11.663061082681791 
-11.663497810802033 
-11.663933103204315 
-11.66436903483216 
-11.664803547279577 
-11.665241965044304 
-11.665676885479673 
-11.666108541080746 
-11.66653885853497 
-11.666970593113714 
-11.66740158717402 
-11.667831938329172 
-11.668261866577241 
-11.668690662257854 
-11.66912157313757 
-11.669552380464832 
-11.669981394874497 
-11.670411093332422 
-11.670841072215325 
-11.671269831075332 
-11.671694704941594 
-11.672118908627693 
-11.672542753296174 
-11.672966457969487 
-11.673389751329251 
-11.67380978671669 
-11.674230599812628 
-11.674651465829792 
-11.675071064205218 
-11.67549751228662 
-11.675923348941438 
-11.676347630766298 
-11.676771871859444 
-11.677195614935538 
-11.67761730427591 
-11.678038555501482 
-11.678458417649255 
-11.678879434312115 
-11.679299165236284 
-11.679717800925037 
-11.680135941714637 
-11.68055300764545 
-11.68097040978541 
-11.681387010619204 
-11.681802844810528 
-11.682219121468194 
-11.682635506629948 

 Time 
104623.82668232918 
