Energy 
 
-7.0006462659114765 
-11.725729707004687 
-13.177494964884012 
-13.827410726081636 
-14.182352182242202 
-14.40258069716213 
-14.548329765092625 
-14.654918553115483 
-14.713351078316858 
-14.730412763239347 
-14.743921989811248 
-14.75208301915195 
-14.756866977671738 
-14.760839745213843 
-14.763735992435656 
-14.76671310692742 
-14.769655183560104 
-14.772597545043396 
-14.777019729399644 
-14.780328905477916 
-14.78324079847318 
-14.786218913686218 
-14.789837060508557 
-14.793696893301943 
-14.7976594172891 
-14.8017203275288 
-14.805205023758038 
-14.80864729404723 
-14.812411212311854 
-14.816622341636975 
-14.820797552380608 
-14.825026451371286 
-14.829523826462268 
-14.836483792122893 
-14.841459129378489 
-14.845522865431235 
-14.849755678970435 
-14.855524052514365 
-14.861076357343805 
-14.86739578985841 
-14.87314470060431 
-14.879350910281975 
-14.884200589839121 
-14.887850935889148 
-14.892988938849008 
-14.897629612490544 
-14.902263657246486 
-14.90615298767627 
-14.910522538198634 
-14.914845884218014 
-14.919233881898215 
-14.924235066022483 
-14.928115992383283 
-14.932750841720285 
-14.935744804730579 
-14.95905945336836 
-14.965058754390142 
-14.969135734091605 
-14.981514440986498 
-14.990060669462402 
-14.994014336094343 
-14.997911268776388 
-15.001191680954939 
-15.004878243988113 
-15.008576278023735 
-15.012464053389916 
-15.016306263761042 
-15.019935655895743 
-15.023243316760004 
-15.027348291137491 
-15.031279126451581 
-15.034573652961852 
-15.039628320123416 
-15.044399204710995 
-15.047270224284059 
-15.050384087817491 
-15.05351665842219 
-15.056525948307709 
-15.05951757101202 
-15.062597162374463 
-15.06569351242204 
-15.068861308488506 
-15.072450964746382 
-15.077409637108564 
-15.082830880111842 
-15.0865453301535 
-15.090507370721777 
-15.093466626453882 
-15.096408251964569 
-15.09871944861581 
-15.101237905045586 
-15.103733970842217 
-15.106700215249694 
-15.10964349939304 
-15.11261642412709 
-15.117942249361295 
-15.122701388708036 
-15.12702131569243 
-15.133852415938094 
-15.14341341299901 
-15.149521053666158 
-15.154980748118811 
-15.159143206652544 
-15.16311839207587 
-15.174742685223595 
-15.182417794655056 
-15.193347015746514 
-15.200336504111347 
-15.207211292578275 
-15.210566939364035 
-15.212735834133307 
-15.214875448075167 
-15.21692063412202 
-15.218710728692924 
-15.22058278637649 
-15.222467780041907 
-15.22438348412285 
-15.226292003564039 
-15.228120669008648 
-15.230440996844013 
-15.232688106476166 
-15.234582600685075 
-15.236473943595989 
-15.238346059810103 
-15.240232615001823 
-15.242219806565757 
-15.244138476224856 
-15.24600932698569 
-15.24788168888465 
-15.249754700946358 
-15.251739684977586 
-15.25371811174006 
-15.255717093839571 
-15.257711055997508 
-15.259920497374091 
-15.262084856334518 
-15.264257295247102 
-15.26644117646919 
-15.268647384169748 
-15.270845795325569 
-15.273038767034917 
-15.275213668568487 
-15.27734197860812 
-15.279464362918446 
-15.281577862342798 
-15.283680615465979 
-15.285879149265128 
-15.287845194328678 
-15.289869338229138 
-15.291909899500423 
-15.29406556355191 
-15.296410333235205 
-15.29861988922201 
-15.301218260087769 
-15.30362657940472 
-15.306963398301844 
-15.30983315843653 
-15.312553488572334 
-15.31516733582423 
-15.317726524615493 
-15.32024207639132 
-15.32269310717285 
-15.325077211219963 
-15.327424876039515 
-15.329740348151121 
-15.333290773075156 
-15.33563685077522 
-15.338016318418514 
-15.340268071642537 
-15.342460839516757 
-15.344975895960648 
-15.347493070736576 
-15.350486212911324 
-15.3532175654011 
-15.356227960069727 
-15.359374467721505 
-15.361179481673974 
-15.362989125605782 
-15.364787770757705 
-15.366572313291204 
-15.368320669325623 
-15.370062141726688 
-15.371759511192497 
-15.373461689011497 
-15.37525062559947 
-15.377399854080622 
-15.379246099583803 
-15.381055457220977 
-15.382806443034248 
-15.384533391560405 
-15.386249804776288 
-15.387955565519103 
-15.389663890940293 
-15.391360979873593 
-15.393026451365786 
-15.394687157419384 
-15.396396320811895 
-15.398014529038257 
-15.399636060912524 
-15.401199220257624 
-15.402763132792288 
-15.404332930986829 
-15.40586207442814 
-15.40737519135892 
-15.408897512342735 
-15.410391863863058 
-15.411850756965954 
-15.413307331614188 
-15.41476070612531 
-15.416209361273298 
-15.41763370102337 
-15.419056379613247 
-15.420483246501135 
-15.421909212158152 
-15.423330452786292 
-15.424752635275048 
-15.426173905136952 
-15.427600696134009 
-15.429024666976364 
-15.430596679584756 
-15.432136267840646 
-15.433673176185629 
-15.43520586906305 
-15.436720891717721 
-15.438229931360096 
-15.439656917362727 
-15.441081754277537 
-15.442507977202354 
-15.443947521645704 
-15.44540171979393 
-15.446868437862078 
-15.448332080558092 
-15.44974650359522 
-15.451153508120436 
-15.45256133828695 
-15.453962011079993 
-15.455361129535197 
-15.456759778128188 
-15.458156859281795 
-15.459546611250572 
-15.460934672085509 
-15.462320409145233 
-15.463705036329781 
-15.465132488591188 
-15.466559215863413 
-15.467984290938436 
-15.469385610150878 
-15.470786730390861 
-15.472186202259824 
-15.473583843173495 
-15.474981002193918 
-15.476374848700743 
-15.47777225717442 
-15.479158568056167 
-15.480542959902204 
-15.481940198690815 
-15.483334829078292 
-15.484743336236816 
-15.486134586809397 
-15.487522069782806 
-15.488915025341768 
-15.490321376931432 
-15.491726344823727 
-15.493124833669917 
-15.494527080527355 
-15.495927681973361 
-15.497354158578776 
-15.498785478682816 
-15.500223920867622 
-15.501695807962157 
-15.50317724068288 
-15.504662403561099 
-15.506179463293277 
-15.507705840650697 
-15.509230047500568 
-15.51077585365248 
-15.51232677353184 
-15.513875302424047 
-15.515416212522435 
-15.51695063556097 
-15.518475867718635 
-15.520024789936905 
-15.521586610965105 
-15.523144735855036 
-15.524699172321009 
-15.526157230353027 
-15.527611874479593 
-15.529061817619784 
-15.530487719349665 
-15.531918557568687 
-15.53334815535277 
-15.534766073519503 
-15.536181289396866 
-15.537603428205081 
-15.539039277313996 
-15.540483114614794 
-15.541921588222849 
-15.543372210213498 
-15.544822533233475 
-15.546271887846725 
-15.54770799828869 
-15.549064883271058 
-15.550419675693409 
-15.551743656046956 
-15.553069770495476 
-15.554408862833794 
-15.555751975044185 
-15.557085391940557 
-15.558428381153782 
-15.55977736661557 
-15.561122369668853 
-15.56249881943906 
-15.563873063731346 
-15.565246228172658 
-15.566616837220597 
-15.567992603530975 
-15.569373694755626 
-15.570736090795059 
-15.572096469683432 
-15.573454385341549 
-15.574813557956036 
-15.576166899053215 
-15.577539022896712 
-15.578907884621813 
-15.580273712182128 
-15.58163612611601 
-15.582996716094794 
-15.58436965291925 
-15.58572803269287 
-15.587085096224016 
-15.588428113742324 
-15.589765588088335 
-15.59108426241777 
-15.592397893642548 
-15.59370063235438 
-15.595001256300609 
-15.596311866190256 
-15.597627405604428 
-15.598940231748989 
-15.600250963812119 
-15.601557697341992 
-15.602862442657992 
-15.604164680722299 
-15.605465771176615 
-15.606752068935569 
-15.608044269235071 
-15.609344008559578 
-15.610641040859306 
-15.611935079381377 
-15.613226181586949 
-15.614512341463545 
-15.615796590794648 
-15.617057438599259 
-15.618308801861332 
-15.619557583581049 
-15.620804294236702 
-15.622050496334396 
-15.623282013491213 
-15.624515946739692 
-15.625706978890035 
-15.626898215381466 
-15.628081085926716 
-15.629256362920714 
-15.630429090253854 
-15.631600638651156 
-15.632767564692625 
-15.633933114067508 
-15.635097658248906 
-15.636262338893863 
-15.637425525948558 
-15.63858759664102 
-15.639754402697697 
-15.640898896368807 
-15.64205046097907 
-15.64315530545632 
-15.644266664613763 
-15.64537465458076 
-15.64648518468897 
-15.647594476159302 
-15.648702562916617 
-15.649810473095894 
-15.650916109970236 
-15.652021347953397 
-15.65312575287661 
-15.654223970730552 
-15.65532072787796 
-15.656416996346657 
-15.657516019185886 
-15.658613043802877 
-15.659703107735309 
-15.660791919457669 
-15.661878931045324 
-15.662964798972126 
-15.664053729368867 
-15.665140763756403 
-15.66622655408965 
-15.667311305192294 
-15.668387405557418 
-15.669462526284306 
-15.67053109456397 
-15.671599181438708 
-15.6726720333902 
-15.673746571185731 
-15.674816885291277 
-15.675897520750594 
-15.676976853673025 
-15.678054981068644 
-15.679116688413508 
-15.680143705875103 
-15.681159520695466 
-15.682166595641352 
-15.683173899646498 
-15.684181186661746 
-15.685186569329066 
-15.686185780551783 
-15.687184118078921 
-15.688182070436033 
-15.689179209581681 
-15.690176911139671 
-15.691183613123282 
-15.692189857056652 
-15.693195972307342 
-15.694192757654125 
-15.695188223377949 
-15.69618283495038 
-15.697176068217779 
-15.698165493433017 
-15.699155657137096 
-15.700144549411212 
-15.701131951942447 
-15.702125373407052 
-15.703117957558801 
-15.704117391823027 
-15.705134016444003 
-15.706148580217153 
-15.707163699593838 
-15.708181980335366 
-15.709200983040244 
-15.710218946325453 
-15.71123882458026 
-15.712250935227893 
-15.713261502254767 
-15.714277286523654 
-15.715291840857944 
-15.716305030386607 
-15.717316034118795 
-15.718327325069101 
-15.719331651415919 
-15.720344386651547 
-15.721354043461359 
-15.722363195728663 
-15.723367474240751 
-15.724370675195853 
-15.725367077355068 
-15.726355900738362 
-15.727344967054695 
-15.7283353149342 
-15.729296523228523 
-15.730258520114663 
-15.73121875294048 
-15.732178007687663 
-15.733135340314249 
-15.734085249278174 
-15.735033717122034 
-15.73596297533058 
-15.736891123749452 
-15.737824063768148 
-15.738759935765346 
-15.739692995984164 
-15.740625687499907 
-15.74156075526241 
-15.742495771482249 
-15.7434284043824 
-15.744360206757998 
-15.745289699505957 
-15.746220054483722 
-15.747149713816249 
-15.748076306122753 
-15.749001961555724 
-15.749925988994097 
-15.750848671341124 
-15.751769742844372 
-15.752688835674828 
-15.753596878405219 
-15.754504062920464 
-15.755409996232295 
-15.756315196574647 
-15.757219591103684 
-15.758129103012983 
-15.759033900453232 
-15.759938455247473 
-15.760850312804006 
-15.761761599088977 
-15.762673945977363 
-15.763584915522445 
-15.764494659148319 
-15.765408194256786 
-15.766319883853456 
-15.767230604534038 
-15.768140091768494 

 Time 
162246.48678684235 
