Energy 
 
-6.447666291553563 
-14.824384315104886 
-16.876181111130638 
-17.69435021919811 
-18.08423069648096 
-18.294398242728512 
-18.442001357736885 
-18.548465619445828 
-18.61363112059242 
-18.65156545851289 
-18.68019389762477 
-18.704026819102552 
-18.719716414667968 
-18.73512758041425 
-18.749345980805717 
-18.761939895589435 
-18.76630189035815 
-18.769809930215683 
-18.774053527258552 
-18.778466675126072 
-18.782255833025747 
-18.78619169813143 
-18.79107709563094 
-18.79610812499157 
-18.803436392232086 
-18.80898299181618 
-18.81466496482925 
-18.82059356846722 
-18.82660565066905 
-18.83340759395035 
-18.83873455346018 
-18.844715728443845 
-18.851038246616792 
-18.857148011197555 
-18.863573691347824 
-18.872419247928207 
-18.878669722229887 
-18.884628092390628 
-18.89045072201126 
-18.89640796812532 
-18.901794036829383 
-18.90738823348056 
-18.913073277250604 
-18.918849401909416 
-18.925579321757226 
-18.93336169950343 
-18.941245677749656 
-18.948920187904086 
-18.957166483959547 
-18.964868715806187 
-18.975237894153203 
-18.984483300321735 
-18.993332017894783 
-19.00294762973232 
-19.013967163560267 
-19.025305873589488 
-19.03667685529509 
-19.055355506816625 
-19.07666691226222 
-19.10133113747431 
-19.12326064228233 
-19.130106929537593 
-19.137539397139534 
-19.145065171433412 
-19.152500217991054 
-19.159926280574833 
-19.16736126294735 
-19.17445556526212 
-19.180834548730985 
-19.187147192211093 
-19.19302934935283 
-19.198906919886383 
-19.204814928294653 
-19.210720180604795 
-19.216585132501994 
-19.22205991450681 
-19.230180978213088 
-19.23645126098152 
-19.242688911876357 
-19.250040055641463 
-19.257529840149694 
-19.26431175186419 
-19.2710789884604 
-19.27718438138804 
-19.283564100999826 
-19.316943237880366 
-19.325452213104313 
-19.335665743522554 
-19.347692520316894 
-19.35351229995379 
-19.36072045606676 
-19.37053953365233 
-19.3770881095124 
-19.383439296285555 
-19.393418614119135 
-19.400325336156243 
-19.40721440399315 
-19.414500962176806 
-19.421878908546354 
-19.429202205754482 
-19.436252474906553 
-19.44189689122842 
-19.44724750186145 
-19.45314603972725 
-19.459094893823337 
-19.465023159470658 
-19.47095151479339 
-19.476688842611686 
-19.482406361497645 
-19.488058851839483 
-19.4937004673394 
-19.499300622762004 
-19.50472568349937 
-19.51283798278282 
-19.520863360669104 
-19.528361098305453 
-19.535731014811184 
-19.545003561423545 
-19.553945027529384 
-19.582302666694066 
-19.595829862239555 
-19.603809894443057 
-19.611965532144165 
-19.619697964342713 
-19.62799357113497 
-19.63517784086891 
-19.642191238009847 
-19.649072489255857 
-19.655633328763624 
-19.662130117275943 
-19.668992898429533 
-19.676058413348155 
-19.69140147533319 
-19.70163002614153 
-19.71179047503941 
-19.734399711876804 
-19.74358380862582 
-19.751274088948662 
-19.759138416937745 
-19.771530329786273 
-19.78274166692341 
-19.79397514865962 
-19.80333161027444 
-19.818597465446373 
-19.832419551940863 
-19.85295165361213 
-19.86790796111584 
-19.87869107502407 
-19.887359609136485 
-19.89514713822588 
-19.90165149901619 
-19.908046156586114 
-19.916497083373518 
-19.92477012630308 
-19.93227664622531 
-19.93941454690348 
-19.947374560506283 
-19.956499994596115 
-19.965186300995022 
-19.975855903069274 
-19.98926658809669 
-19.997219248263363 
-20.001965131931676 
-20.006720361748616 
-20.01146233336875 
-20.016085936104012 
-20.020688758052056 
-20.0251868786802 
-20.02968726393341 
-20.034235545362478 
-20.03875824098594 
-20.043275515891324 
-20.048031881952475 
-20.053368422000275 
-20.057319192670327 
-20.061237578370562 
-20.065192234944554 
-20.06915126880169 
-20.073083161494836 
-20.07699333892679 
-20.08090303572618 
-20.084718778014498 
-20.088637852052422 
-20.092499142916115 
-20.096504721978484 
-20.100548021742824 
-20.105046792240657 
-20.109270346533624 
-20.113006752591183 
-20.116716544300935 
-20.120358281890255 
-20.12396394944656 
-20.12760739302044 
-20.131216740261348 
-20.134857643541253 
-20.138524785464966 
-20.142180154724272 
-20.146075013580486 
-20.149819063107874 
-20.153573946270946 
-20.15732054085538 
-20.161056266766497 
-20.164783040077573 
-20.16864083771125 
-20.17260591961171 
-20.176432189999524 
-20.180237048074268 
-20.18400552863106 
-20.18775305056585 
-20.191552149765045 
-20.19553113637796 
-20.199430418590232 
-20.20323909134646 
-20.207018236961552 
-20.211422573466315 
-20.215761448734582 
-20.220062104408612 
-20.224298819514395 
-20.228519607206998 
-20.23278738358431 
-20.23707958958209 
-20.24124133189075 
-20.24539357704082 
-20.248986064559723 
-20.25262999781755 
-20.256345160142622 
-20.260069902182373 
-20.263808512905808 
-20.267487722946793 
-20.271227404531505 
-20.27494461852902 
-20.27870213226778 
-20.282428551200304 
-20.286157736816996 
-20.289955930331622 
-20.293757572463043 
-20.297581391941087 
-20.300899756690534 
-20.304227113633488 
-20.307487752852023 
-20.310746225241143 
-20.314018256968463 
-20.31719079043195 
-20.320359538379368 
-20.323528084829608 
-20.32668679127314 
-20.329762020638537 
-20.332846289775485 
-20.33582110045161 
-20.3387480338162 
-20.341649230819073 
-20.34455298402865 
-20.347437892662604 
-20.350320091943978 
-20.353259447026765 
-20.35619833456101 
-20.359145078643824 
-20.362066343155384 
-20.365000994060953 
-20.367942656755382 
-20.370895245595776 
-20.373863757552325 
-20.37682438060524 
-20.379783585121697 
-20.382726627999983 
-20.38566692048403 
-20.388603041545363 
-20.391573453075186 
-20.394540776290352 
-20.39750314403217 
-20.400463769990402 
-20.403435771097833 
-20.40641243460403 
-20.409382689743587 
-20.41234943328667 
-20.415296796157815 
-20.418267516169056 
-20.421165517669817 
-20.42407959740788 
-20.427010063816226 
-20.42993449595367 
-20.432851012726108 
-20.435637185274715 
-20.438444003784305 
-20.441291479292616 
-20.444130552609504 
-20.447012524252045 
-20.449856085212975 
-20.452666639163343 
-20.455466917414135 
-20.458212405523753 
-20.460929641430106 
-20.463643204224784 
-20.466348191831283 
-20.469048024062033 
-20.471744614800798 
-20.474436162567006 
-20.477118518382994 
-20.47978695463161 
-20.482451246264535 
-20.485110250590026 
-20.487763388608425 
-20.490424135426455 
-20.493084945784346 
-20.49572569320528 
-20.498369327285523 
-20.501015653482995 
-20.503622871228778 
-20.506203736520302 
-20.50871891027208 
-20.51121350884771 
-20.513707517014822 
-20.516198688580936 
-20.518675656235665 
-20.521158896797033 
-20.523640070526437 
-20.526145287346257 
-20.52864680871985 
-20.5311401424825 
-20.53362234347157 
-20.536108659423352 
-20.53859110679612 
-20.54106923682113 
-20.543562042564254 
-20.546047534089347 
-20.54851919344745 
-20.55099415660544 
-20.55347810652882 
-20.555943846716445 
-20.558408388926054 
-20.560872225240097 
-20.563325449410897 
-20.565784534745 
-20.568265952286556 
-20.570731489646455 
-20.573197738176702 
-20.57566048105921 
-20.578113233598042 
-20.58056394919341 
-20.583013832947543 
-20.585439052744523 
-20.58786521826566 
-20.590269882016493 
-20.592672249349746 
-20.594984723397154 
-20.59729844467934 
-20.599604464528635 
-20.601906592148094 
-20.60420600272403 
-20.606506128068688 
-20.608793358343526 
-20.611082735131518 
-20.613396740835228 
-20.615706941773617 
-20.618014836260887 
-20.620313495858884 
-20.62259025474014 
-20.62485704029502 
-20.627130143446415 
-20.62940493767187 
-20.63167630643522 
-20.63394138509294 
-20.63620508759798 
-20.638463837683982 
-20.64072238519747 
-20.642978634459542 
-20.645246774091238 
-20.6474880183525 
-20.649736118737216 
-20.651974228487386 
-20.654159139936226 
-20.65634373752265 
-20.658526343373214 
-20.660705500856636 
-20.662882547079395 
-20.665056382160664 
-20.667224069085297 
-20.669388222772547 
-20.671544061703813 
-20.67370155048674 
-20.675850644671122 
-20.677976279756514 
-20.680099152748298 
-20.682221165450123 
-20.684341106166677 
-20.68645992733834 
-20.68857335157627 
-20.690684404370938 
-20.692776214929626 
-20.694864462953234 
-20.69694335405045 
-20.699040557572246 
-20.701149700228342 
-20.70325691383767 
-20.705354847319363 
-20.707452270759966 
-20.709545269035374 
-20.711623579922506 
-20.713702491372644 
-20.71577856856431 
-20.717856623929624 
-20.719931997109494 
-20.721999061813563 
-20.72406353186142 
-20.72614018868743 
-20.72821484306409 
-20.730287168448946 
-20.732363602947874 
-20.734427525953908 
-20.73649236524343 
-20.73853922990999 
-20.740570680859744 
-20.742597752324443 
-20.74461891506644 
-20.746636363899164 
-20.74864696927703 
-20.750643047713687 
-20.752680197649845 
-20.754704487246435 
-20.756721062601162 
-20.758739883121905 
-20.760756031270184 
-20.762786929381683 
-20.76483109083054 
-20.76687528807991 
-20.768916797892263 
-20.770979861164633 
-20.773044340789358 
-20.775075477689903 
-20.777105105644303 
-20.77913476586592 
-20.78116599349321 
-20.783186168404722 
-20.785188811828462 
-20.787188131316377 
-20.789198114890198 
-20.791205091867354 
-20.793200624029055 
-20.795163378488077 
-20.797129404880238 
-20.79909481570231 
-20.80105663730845 
-20.80301193368007 
-20.80496661031563 
-20.80691963682494 
-20.808895538767516 
-20.81085967094128 
-20.812830359187508 
-20.814802818282374 
-20.816784891919536 
-20.818745819982713 
-20.820713011858757 
-20.822677045601743 
-20.824644525555048 
-20.82661454547405 
-20.828562691229347 
-20.830494295500433 
-20.832426852674658 
-20.83435613835927 
-20.836287575377444 
-20.838242710322117 
-20.840196280277215 
-20.842146547688685 
-20.84409142200648 
-20.846032120776414 
-20.847965507154196 
-20.849897399890178 
-20.85181753641081 
-20.853734010458272 
-20.855644476163395 
-20.857556441490548 
-20.859461453574067 
-20.861396984574775 
-20.863329062358048 
-20.86525461490073 
-20.867176689720225 
-20.869095422212542 
-20.871011458812042 
-20.872926244387305 
-20.87483571115834 
-20.876739254149054 
-20.878629663631777 
-20.880517187672563 
-20.882400209779718 
-20.88427698429018 
-20.886151482279672 
-20.88802064077962 
-20.889869365355104 
-20.891713858149703 
-20.893536947308622 
-20.895348065059594 
-20.897148756024336 
-20.89894941804917 
-20.900746513858724 
-20.9025436335033 
-20.904336631482625 
-20.9061279759964 
-20.907917288142585 
-20.909703888030897 
-20.911487767574844 

 Time 
105231.94954156876 
