Energy 
 
-5.8134185578763535 
-9.373332250568868 
-12.17630066223175 
-14.317669190695078 
-15.946911650669888 
-17.20017143412482 
-18.18632003073881 
-18.983569204263294 
-19.64432913916285 
-20.20287439473727 
-20.681884018000652 
-21.096963834503338 
-21.459494068810805 
-21.77834613250022 
-22.060907957868785 
-22.313722760080854 
-22.542941428514474 
-22.75470664146546 
-22.955503521323884 
-23.15239763732539 
-23.352919918529256 
-23.564214808411332 
-23.791218556104837 
-24.034482653094933 
-24.289389520444907 
-24.54800634452443 
-24.802286353732804 
-25.046196721637912 
-25.276073232348335 
-25.49007010554903 
-25.687523882759606 
-25.868501147293827 
-26.03351742523825 
-26.183362589690574 
-26.318986382925498 
-26.441419284626058 
-26.551716590054 
-26.65091939618647 
-26.740028547432125 
-26.819988522753 
-26.891678729463187 
-26.95591007291243 
-27.013425082336717 
-27.064900276964938 
-27.110949819853346 
-27.15212980721304 
-27.188942771584323 
-27.22184214316866 
-27.251236526193072 
-27.27749371926171 
-27.30094445212958 
-27.32188583575471 
-27.34058453509404 
-27.35727967969422 
-27.37218552895929 
-27.38549390900311 
-27.39737643714861 
-27.4079865492409 
-27.4174613439398 
-27.42592325738906 
-27.433481580920073 
-27.440233833875194 
-27.446267003025575 
-27.45165865953004 
-27.456477963826202 
-27.46078656824504 
-27.464639426605626 
-27.46808551940035 
-27.471168502618205 
-27.47392728764012 
-27.4763965590469 
-27.478607236639185 
-27.48058688738608 
-27.48236009253077 
-27.4839487745738 
-27.485372488420367 
-27.486648680527793 
-27.48779291953455 
-27.48881910146008 
-27.48973963227949 
-27.490565590343728 
-27.491306870885136 
-27.49197231458174 
-27.492569821945704 
-27.493106455119513 
-27.493588528472053 
-27.4940216892409 
-27.494410989329474 
-27.49476094924263 
-27.49507561502773 
-27.49535860901078 
-27.49561317499788 
-27.495842218572157 
-27.496048343015133 
-27.49623388134409 
-27.49640092488736 
-27.496551348784564 
-27.49668683474051 
-27.496808891343548 
-27.49691887220611 
-27.49701799217098 
-27.497107341792535 
-27.49718790027232 
-27.497260547031118 
-27.49732607205144 
-27.49738518513071 
-27.497438524158845 
-27.49748666252613 
-27.497530115756103 
-27.49756934744115 
-27.49760477456111 
-27.497636772247315 
-27.49766567804948 
-27.497691795764286 
-27.497715398862464 
-27.497736733566256 
-27.497756021605362 
-27.49777346269351 
-27.497789236748964 
-27.497803505885102 
-27.497816416202483 
-27.4978280993938 
-27.497838674185235 
-27.4978482476359 
-27.49785691629858 
-27.49786476726838 
-27.49787187912396 
-27.497878322769992 
-27.49788416220055 
-27.497889455183472 
-27.49789425387254 
-27.497898605362323 
-27.497902552188194 
-27.497906132772375 
-27.49790938182799 
-27.49791233072319 
-27.497915007807734 
-27.49791743870986 
-27.497919646598213 
-27.49792165242226 
-27.497923475133426 
-27.49792513187019 
-27.497926638139855 
-27.497928007975172 
-27.497929254075014 
-27.497930387937046 
-27.497931419966456 
-27.49793235959061 
-27.497933215344148 
-27.497933994959002 
-27.497934705441214 
-27.497935353137272 
-27.497935943801416 
-27.497936482649543 
-27.497936974409015 
-27.497937423368715 
-27.497937833418035 
-27.497938208085344 
-27.49793855057132 
-27.497938863781716 
-27.49793915035356 
-27.497939412680683 
-27.497939652937163 
-27.497939873097767 
-27.49794007495626 
-27.49794026014066 
-27.497940430134996 
-27.497940586281995 
-27.497940729807887 
-27.497940861824 
-27.49794098334346 
-27.497941095287114 
-27.49794119849264 
-27.497941293721905 
-27.49794138167039 
-27.497941462968978 
-27.497941538194265 
-27.497941607869965 
-27.49794167247372 
-27.497941732441276 
-27.49794178816958 
-27.497941840021006 
-27.49794188832453 
-27.4979419333807 
-27.49794197546681 
-27.497942014830848 
-27.49794205170325 
-27.497942086292387 
-27.497942118789076 
-27.497942149368548 
-27.49794217818933 
-27.49794220539708 
-27.497942231124778 
-27.497942255494795 
-27.49794227861862 
-27.49794230059733 
-27.497942321524945 
-27.4979423414866 
-27.497942360561023 
-27.497942378818674 
-27.49794239632646 
-27.497942413143637 
-27.497942429326386 
-27.497942444923726 
-27.497942459984163 
-27.4979424745479 
-27.497942488655717 
-27.497942502342532 
-27.49794251564195 
-27.49794252858368 
-27.497942541195922 
-27.497942553504025 
-27.497942565531908 
-27.497942577300012 
-27.497942588828785 
-27.49794260013788 
-27.497942611241804 
-27.497942622157144 
-27.4979426328984 
-27.49794264347807 
-27.497942653908925 
-27.49794266420222 
-27.497942674367224 
-27.49794268441409 
-27.497942694352005 
-27.497942704187775 
-27.497942713929927 
-27.497942723585158 
-27.497942733159732 
-27.497942742659035 
-27.497942752088413 
-27.497942761454336 
-27.497942770759906 
-27.497942780010273 
-27.497942789209258 
-27.497942798359997 
-27.49794280746607 
-27.497942816531268 
-27.497942825557754 
-27.49794283454819 
-27.497942843505456 
-27.49794285243156 
-27.497942861328944 
-27.497942870199658 
-27.497942879045343 
-27.497942887867406 
-27.497942896667286 
-27.49794290544753 
-27.497942914208757 
-27.49794292295178 
-27.49794293167869 
-27.497942940389674 
-27.497942949087005 
-27.497942957770455 
-27.497942966441038 
-27.497942975100155 
-27.49794298374819 
-27.497942992386022 
-27.497943001014303 
-27.49794300963292 
-27.4979430182433 
-27.497943026845903 
-27.49794303544071 
-27.49794304402824 
-27.497943052609262 
-27.497943061184138 
-27.497943069752928 
-27.497943078315878 
-27.49794308687431 
-27.49794309542747 
-27.497943103976077 
-27.497943112520268 
-27.497943121060096 
-27.497943129596038 
-27.497943138128452 
-27.497943146657196 
-27.497943155182597 
-27.497943163704566 
-27.497943172223504 
-27.497943180739377 
-27.4979431892528 
-27.497943197763682 
-27.497943206271994 
-27.497943214777397 
-27.497943223280664 
-27.49794323178211 
-27.497943240281067 
-27.497943248778284 
-27.49794325727313 
-27.49794326576677 
-27.497943274258198 
-27.497943282747585 
-27.497943291235757 
-27.497943299721918 
-27.49794330820647 
-27.49794331669009 
-27.497943325171782 
-27.497943333651655 
-27.49794334213057 
-27.497943350608164 
-27.497943359084086 
-27.497943367558754 
-27.49794337603217 
-27.497943384504424 
-27.49794339297538 
-27.49794340144501 
-27.497943409914136 
-27.49794341838136 
-27.49794342684757 
-27.49794343531301 
-27.49794344377716 
-27.497943452239884 
-27.497943460701823 
-27.49794346916254 
-27.497943477622435 
-27.49794348608128 
-27.49794349453917 
-27.49794350299585 
-27.49794351145172 
-27.49794351990669 
-27.497943528360132 
-27.49794353681306 
-27.497943545264754 
-27.497943553715956 
-27.497943562166167 
-27.497943570614986 
-27.497943579063065 
-27.49794358751019 
-27.497943595956674 
-27.497943604401826 
-27.497943612846225 
-27.497943621289767 
-27.497943629732397 
-27.497943638174295 
-27.497943646614953 
-27.497943655054883 
-27.497943663493846 
-27.49794367193192 
-27.497943680369183 
-27.49794368880547 
-27.497943697240938 
-27.49794370567569 
-27.49794371410949 
-27.497943722542075 
-27.497943730974068 
-27.49794373940505 
-27.49794374783501 
-27.49794375626486 
-27.49794376469289 
-27.49794377312085 
-27.497943781547498 
-27.497943789973554 
-27.49794379839893 
-27.497943806823013 
-27.49794381524618 
-27.4979438236687 
-27.49794383209032 
-27.497943840511063 
-27.497943848931005 
-27.49794385735012 
-27.497943865767876 
-27.49794387418548 
-27.497943882602065 
-27.49794389101745 
-27.497943899432492 
-27.497943907846437 
-27.497943916259338 
-27.497943924671585 
-27.497943933083015 
-27.497943941493496 
-27.497943949902925 
-27.497943958311687 
-27.497943966719717 
-27.497943975127036 
-27.497943983533254 
-27.49794399193845 
-27.49794400034337 
-27.497944008746888 
-27.49794401714955 
-27.497944025551732 
-27.497944033952795 
-27.4979440423533 
-27.49794405075259 
-27.497944059151195 
-27.497944067549113 
-27.497944075946094 
-27.497944084342016 
-27.49794409273739 
-27.4979441011317 
-27.49794410952541 
-27.49794411791838 
-27.49794412631047 
-27.497944134701328 
-27.49794414309168 
-27.49794415148115 
-27.497944159869654 
-27.49794416825725 
-27.49794417664432 
-27.497944185030335 
-27.497944193415332 
-27.497944201799918 
-27.497944210183142 
-27.497944218565713 
-27.4979442269475 
-27.49794423532882 
-27.497944243709117 
-27.497944252088207 
-27.49794426046659 
-27.49794426884464 
-27.497944277221286 
-27.49794428559691 
-27.49794429397227 
-27.497944302346433 
-27.497944310719948 
-27.497944319092564 
-27.49794432746453 
-27.497944335835154 
-27.49794434420525 
-27.497944352574347 
-27.497944360942828 
-27.49794436931034 
-27.497944377677356 
-27.497944386042697 
-27.497944394407643 
-27.497944402772013 
-27.49794441113524 
-27.497944419497834 
-27.49794442785952 
-27.497944436220287 
-27.497944444580526 
-27.497944452939326 
-27.49794446129789 
-27.49794446965527 
-27.497944478011878 
-27.497944486368105 
-27.497944494722844 
-27.497944503076628 
-27.49794451142996 
-27.49794451978267 
-27.49794452813404 
-27.4979445364851 
-27.497944544834958 
-27.4979445531842 
-27.497944561532535 
-27.49794456987962 
-27.497944578226715 
-27.497944586571943 
-27.49794459491708 
-27.49794460326113 
-27.497944611604478 
-27.497944619946896 
-27.497944628288593 
-27.49794463662944 
-27.497944644969138 
-27.4979446533079 
-27.49794466164659 
-27.49794466998404 
-27.497944678320614 
-27.49794468665641 
-27.49794469499141 
-27.4979447033255 
-27.49794471165878 
-27.49794471999102 
-27.497944728322928 
-27.497944736653807 
-27.497944744983716 
-27.497944753313053 
-27.49794476164147 
-27.497944769968584 
-27.49794477829502 
-27.49794478662089 
-27.497944794946008 
-27.497944803269917 
-27.497944811593147 
-27.49794481991545 
-27.497944828237607 
-27.49794483655827 
-27.49794484487796 
-27.497944853196948 
-27.49794486151539 
-27.497944869832818 
-27.497944878149788 
-27.497944886465273 
-27.497944894780286 
-27.497944903093988 
-27.497944911407345 
-27.4979449197199 
-27.497944928031576 
-27.497944936342403 
-27.497944944652385 
-27.49794495296151 
-27.497944961269706 
-27.497944969577265 
-27.497944977883865 
-27.497944986189708 
-27.497944994494794 
-27.49794500279873 
-27.497945011102217 
-27.49794501940468 
-27.497945027706233 

 Time 
1603257.4230496883 
