Energy 
 
-7.0006462659114765 
-11.721512150537478 
-13.169260879653258 
-13.867300524533466 
-14.297508300725006 
-14.580201374793717 
-14.788594452716987 
-14.934511276250607 
-15.034042640461768 
-15.078117157990011 
-15.111033584242573 
-15.13237491543042 
-15.139450335993946 
-15.14228665494983 
-15.145465244835169 
-15.14798679467048 
-15.150938184389787 
-15.15403224689782 
-15.156556102557579 
-15.159875749217612 
-15.16420985497772 
-15.167169747926273 
-15.169748722939659 
-15.17688589749186 
-15.183762325619831 
-15.187375935785354 
-15.191480879676607 
-15.194951325639735 
-15.198366692680374 
-15.20230763726163 
-15.210812958441375 
-15.213571728914655 
-15.216508385732347 
-15.22030656804506 
-15.224124502503594 
-15.22820324076201 
-15.23164367532936 
-15.23421743446552 
-15.239907122477266 
-15.245901293252215 
-15.25273579154515 
-15.261117829984048 
-15.26696558739769 
-15.271861923801545 
-15.276880271404824 
-15.28204974833217 
-15.286737275107647 
-15.291399079602364 
-15.29647323370375 
-15.301734471865435 
-15.306821116549145 
-15.312866879668121 
-15.316180474685979 
-15.31946013372355 
-15.323331554510617 
-15.32711000659203 
-15.331045861168645 
-15.334585357514756 
-15.338078447085671 
-15.341657184925413 
-15.349129020163492 
-15.355876212557163 
-15.362513225043665 
-15.371320395134632 
-15.377625620184823 
-15.38345149661778 
-15.405661337303048 
-15.424534480410006 
-15.440417064743404 
-15.449697235780526 
-15.459577471633505 
-15.464969535677135 
-15.46829564192647 
-15.471864969163768 
-15.475487566317002 
-15.479271992993349 
-15.483095174031469 
-15.487364724866026 
-15.495562085843586 
-15.503205350107494 
-15.510738050180688 
-15.51632367266803 
-15.521708247845314 
-15.525935531669397 
-15.540499373759395 
-15.556192292134147 
-15.569834828076104 
-15.577015024328837 
-15.616732812410202 
-15.634216444815523 
-15.646224327532622 
-15.658717737498174 
-15.667452121112873 
-15.673303611431791 
-15.684106273335301 
-15.692870874005518 
-15.700375020187106 
-15.704531360686829 
-15.708182196440042 
-15.711540005855436 
-15.71491329640558 
-15.71914768178159 
-15.723820119261362 
-15.727711760316275 
-15.73989830037442 
-15.745260073822989 
-15.753608187767117 
-15.7580708903971 
-15.76218608828751 
-15.764996011628842 
-15.76764860077213 
-15.780943140704913 
-15.784996393968331 
-15.786373993420854 
-15.788015521467015 
-15.789619728663274 
-15.79124501133252 
-15.792847624615465 
-15.79464752358168 
-15.796250725731035 
-15.797409219279036 
-15.798581820280834 
-15.79965145225334 
-15.800835809860892 
-15.801945436722285 
-15.803046013120955 
-15.804155568076567 
-15.805210616726868 
-15.806232989842675 
-15.807249904674348 
-15.808246598578894 
-15.809450733958782 
-15.81061452296536 
-15.811763769857336 
-15.812877219148898 
-15.813907008555177 
-15.814913634978263 
-15.815846391828966 
-15.816781525100687 
-15.817707966964097 
-15.818641327737115 
-15.819778996840594 
-15.820935514636318 
-15.822085487589067 
-15.823270355603832 
-15.824411938778594 
-15.825537543256559 
-15.826653081965251 
-15.827766730751367 
-15.828871860193587 
-15.830058583404705 
-15.831103642320809 
-15.832145379028443 
-15.833187117575488 
-15.834216492815475 
-15.835297046572604 
-15.836370011546279 
-15.837434747032486 
-15.838492392860367 
-15.839593391930993 
-15.841221607900982 
-15.84276837856999 
-15.844282327573797 
-15.845598725316316 
-15.846863207474566 
-15.848222034142573 
-15.849681123964075 
-15.851060425149338 
-15.852154391370544 
-15.853180347344125 
-15.85423547711975 
-15.855281281199899 
-15.856868639339227 
-15.858248556742765 
-15.859526402376463 
-15.864619426425676 
-15.867347937507112 
-15.869616791460754 
-15.872023164245174 
-15.873208407778112 
-15.874324388947288 
-15.875421276029137 
-15.876495032573004 
-15.877435656020612 
-15.878372856166138 
-15.879295327049313 
-15.880213756335694 
-15.881127960629717 
-15.882040606157386 
-15.88294191916318 
-15.88383129958118 
-15.88471853333549 
-15.885609947510371 
-15.88650193124268 
-15.887401107085353 
-15.888304363668537 
-15.889211956424571 
-15.89010531194159 
-15.891004314670848 
-15.891991607840897 
-15.892938260091 
-15.89394049297379 
-15.894817157895066 
-15.8956925617252 
-15.896567594016176 
-15.897447546064873 
-15.898364089377143 
-15.899286132212309 
-15.900213946865977 
-15.90113612601306 
-15.902055119359014 
-15.902972462377356 
-15.903884286640025 
-15.90479306748431 
-15.90572123381238 
-15.906601883196574 
-15.907474420880096 
-15.908348302916806 
-15.909207253201611 
-15.910057031203923 
-15.9109038795281 
-15.911750183051094 
-15.912596076128986 
-15.913492866221638 
-15.91442033523306 
-15.915278928169986 
-15.916343152881954 
-15.91739751543308 
-15.918390339318504 
-15.919759235247469 
-15.920988335462926 
-15.922083314006416 
-15.923058759872848 
-15.924007905902068 
-15.925673025629273 
-15.926665798305589 
-15.927602785280339 
-15.92849729706959 
-15.929317816926474 
-15.930144684398895 
-15.930957862066386 
-15.931771428287998 
-15.932603060227867 
-15.933425797420837 
-15.934258828844229 
-15.93509227662608 
-15.935936722869423 
-15.936781205833261 
-15.937627260611151 
-15.938486467340233 
-15.939334353156125 
-15.940179393113526 
-15.941042722331769 
-15.941907507126396 
-15.942770790705433 
-15.943591453895127 
-15.944411654305377 
-15.945251468920521 
-15.946093816386572 
-15.946934773800251 
-15.947772381443258 
-15.94860989831349 
-15.94943915754468 
-15.950266668820397 
-15.951091264222956 
-15.951907827647744 
-15.952728749943633 
-15.953549500702875 
-15.954369947608207 
-15.955178824848728 
-15.955997384572203 
-15.95681820718385 
-15.957637853339435 
-15.958457265392415 
-15.959249858580495 
-15.960043316016325 
-15.960854538450373 
-15.961665219962583 
-15.962475377843596 
-15.963284635375572 
-15.964093365212534 
-15.964921643145871 
-15.96574778984261 
-15.966547665781025 
-15.9673469405122 
-15.968146413296687 
-15.968944130737835 
-15.969744122998788 
-15.97054035618079 
-15.971342439794375 
-15.9721469867583 
-15.97295492923293 
-15.973759506182358 
-15.974564172140747 
-15.97536833402618 
-15.976166133160444 
-15.976959395995873 
-15.977759691831881 
-15.978559662865742 
-15.979357875104569 
-15.980155198120503 
-15.980954458562437 
-15.981727960684232 
-15.982501105590273 
-15.98327302524378 
-15.984045342940416 
-15.984816932846034 
-15.985587893703181 
-15.986329715399087 
-15.987030397064288 
-15.987731942321396 
-15.98843373931495 
-15.989137358883037 
-15.98983232533295 
-15.990526032489015 
-15.991220196709637 
-15.991915761460678 
-15.992611142346401 
-15.99330699387969 
-15.994003186728015 
-15.994701029743316 
-15.995399442986926 
-15.99609067484968 
-15.996785023324632 
-15.997478984826433 
-15.99817304178956 
-15.99886455682525 
-15.999556662961155 
-16.00024699200681 
-16.00093814528212 
-16.001628135757805 
-16.002321308482493 
-16.00301474508304 
-16.003709755798308 
-16.00440394468542 
-16.005094579563295 
-16.00578841371666 
-16.006470186931956 
-16.0071519833228 
-16.007833202824372 
-16.008508970544 
-16.009185397679847 
-16.009860582113948 
-16.010535969046476 
-16.011208016503673 
-16.01187991881033 
-16.01255849107664 
-16.013232014766686 
-16.013908857560676 
-16.01458575640482 
-16.01525886416599 
-16.015930773559475 
-16.01660460233359 
-16.01727761327629 
-16.017955523742856 
-16.01863479022718 
-16.01931414539108 
-16.019994220443387 
-16.020665208118338 
-16.021336497384247 
-16.022007939926254 
-16.022679646647553 
-16.02334922658742 
-16.024018915955576 
-16.024688348848386 
-16.025359227164238 
-16.026030181869782 
-16.02670067639081 
-16.027361791346195 
-16.028031276722164 
-16.028697955973648 
-16.029364237003207 
-16.030034078886086 
-16.030703859523513 
-16.03137312163317 
-16.0320417056783 
-16.032692008506395 
-16.033342335489234 
-16.033989349672773 
-16.034628199168882 
-16.03527917555814 
-16.03593143313788 
-16.036586100153272 
-16.03724025340003 
-16.03789576809609 
-16.038551376359653 
-16.039207503038277 
-16.03986597416523 
-16.040524632423974 
-16.041182798752928 
-16.04184234692113 
-16.042501749099525 
-16.04316071184528 
-16.0438229808858 
-16.04448016078278 
-16.04513392832716 
-16.04578619720707 
-16.046437063472684 
-16.047087853452428 
-16.04773813592891 
-16.04838893694076 
-16.049037362492346 
-16.049687545815523 
-16.05033523974108 
-16.05098162153762 
-16.051624575315557 
-16.052264730642122 
-16.052906190916595 
-16.05354587247302 
-16.054186663350563 
-16.054827892517068 
-16.055458431596712 
-16.05608884234373 
-16.056719105517992 
-16.057342855400343 
-16.057966950787588 
-16.058591737738688 
-16.0592166986613 
-16.05984154606821 
-16.060464081543916 
-16.061086455589823 
-16.06170927916248 
-16.062331963060142 
-16.062954658698963 
-16.063574081015407 
-16.06419395354201 
-16.064814675125476 
-16.065436764633073 
-16.06605755483207 
-16.066678694063047 
-16.067298916156453 
-16.067917590462258 
-16.068535883095304 
-16.069157261672956 
-16.069778678031202 
-16.070398670133997 
-16.071018868110038 
-16.07163869868474 
-16.07225921418663 
-16.072879637897213 
-16.073500701725788 
-16.07412161160792 
-16.074742447162553 
-16.075361208637208 
-16.075982634640233 
-16.07660519195027 
-16.077219477687823 
-16.07783236304776 
-16.07844365585573 
-16.079052682500464 
-16.07965918812054 
-16.080266086454735 
-16.080873271963583 
-16.08147999869381 
-16.082086552938044 
-16.082693070262867 
-16.08329930656245 
-16.08390526126112 
-16.084510845735892 
-16.08511797699377 
-16.08572516267955 
-16.086331886060375 
-16.08693848306408 
-16.087545851695346 
-16.088152878047204 
-16.088755692148148 
-16.089358051638406 
-16.08995944333975 
-16.0905606106925 
-16.091161705676083 
-16.091764651160176 
-16.092365610181727 
-16.092971623512184 
-16.0935777723764 
-16.094187944339158 
-16.094797860438582 
-16.095407864442087 
-16.09601761197188 
-16.09663745161771 
-16.097257528324562 
-16.097871792760888 
-16.098487221510446 
-16.099102543955983 
-16.09971783378496 
-16.10032989112374 
-16.100943140315096 
-16.101555985358587 
-16.102168421558915 
-16.10277788572523 
-16.103386851994507 
-16.103994659414468 
-16.104597463259573 
-16.105203137947253 
-16.105806630140748 
-16.106408973587794 
-16.107010514375304 
-16.107611719308863 
-16.10821185387663 
-16.10881178110543 
-16.109411246823086 

 Time 
165815.63825011253 
