Parameters 
 
[-0.5 -0.5 -0.5 -0.5 -0.5 -0.5 -0.5 -0.5 -0.5 -0.5 -0.5 -0.5] 
[-0.50011319 -0.19936073 -0.44966918 -0.53631962 -0.65266117 -0.61796896
 -0.67142029 -0.45024714 -0.37659069 -0.19831835 -0.32835333 -0.4296115 ] 
[-0.28397102 -0.07506069 -0.35381654 -0.54059389 -0.65586459 -0.62250029
 -0.69594401 -0.40658431 -0.36292572 -0.10256782 -0.08781129 -0.37479941] 
[-0.68722423  0.01902623 -0.32635481 -0.55085266 -0.67720709 -0.74446651
 -0.91157834 -0.47197017 -0.30478896 -0.07475112 -0.27517261 -0.42620563] 
[-0.68418978  0.04765001 -0.31831191 -0.55407709 -0.67688427 -0.78095776
 -0.95685264 -0.49076317 -0.29853756 -0.06673966 -0.22706884 -0.42433646] 
[-0.68340824  0.0624284  -0.31114523 -0.5554037  -0.67694442 -0.8029989
 -0.99306424 -0.5062712  -0.28780952 -0.0595093  -0.18990948 -0.42771571] 
[-0.68355325  0.06548229 -0.3092624  -0.55558506 -0.67783292 -0.8072907
 -0.99701457 -0.51023249 -0.28783457 -0.05826294 -0.18553574 -0.42678619] 
[-0.71787313  0.0725096  -0.29307426 -0.55421668 -0.70365642 -0.82609616
 -1.05445194 -0.54666878 -0.31755271 -0.04246863 -0.16263065 -0.39890235] 
[-0.71816357  0.0753087  -0.29267356 -0.5545949  -0.7019882  -0.82911417
 -1.05516423 -0.54723116 -0.31489712 -0.0425232  -0.16188337 -0.40024748] 
[-0.72013057  0.0798013  -0.29255126 -0.55533591 -0.69878291 -0.83405224
 -1.05675434 -0.54880819 -0.30944503 -0.04384961 -0.16025493 -0.40292725] 
[-0.72157141  0.08017716 -0.29240967 -0.55540773 -0.69866626 -0.83448
 -1.05760928 -0.54909564 -0.30902691 -0.04392595 -0.16059021 -0.40303203] 
[-0.7704456   0.10794522 -0.29310877 -0.56027663 -0.69782561 -0.86484017
 -1.07819295 -0.55717462 -0.31641309 -0.04765112 -0.17680826 -0.39264845] 
[-0.75379903  0.09994268 -0.29235033 -0.55881818 -0.69779713 -0.85941737
 -1.068646   -0.5543785  -0.31992501 -0.04591812 -0.17210256 -0.39332818] 
[-0.74615053  0.09555599 -0.29221686 -0.55799223 -0.69772283 -0.85339618
 -1.06636498 -0.55298936 -0.31729481 -0.04537965 -0.16934793 -0.39546931] 
[-0.74360479  0.09135962 -0.29189969 -0.55729464 -0.69433925 -0.85305284
 -1.06222907 -0.55192204 -0.31650984 -0.04508862 -0.17035803 -0.39752839] 
[-0.74478302  0.08791391 -0.29151034 -0.55689477 -0.69178843 -0.85537752
 -1.05817716 -0.55156157 -0.32029949 -0.04555772 -0.17262896 -0.39683103] 
[-0.74592527  0.08567822 -0.29141202 -0.55656152 -0.68957423 -0.85732827
 -1.05518871 -0.5520346  -0.32256602 -0.04583271 -0.17403216 -0.39618613] 
[-0.74171438  0.08762731 -0.29115749 -0.55685508 -0.693207   -0.85344198
 -1.06164068 -0.54882297 -0.31819749 -0.04301995 -0.17124212 -0.39891072] 
[-0.74178784  0.08793734 -0.29197639 -0.55710031 -0.69143807 -0.85687136
 -1.05875086 -0.5518764  -0.3161906  -0.04260374 -0.17143162 -0.39777281] 
[-0.74185396  0.08832241 -0.29280087 -0.55739568 -0.68975696 -0.86033221
 -1.05591729 -0.55487965 -0.31412682 -0.04223186 -0.17164266 -0.39660373] 
[-0.74196462  0.08875064 -0.29354027 -0.55762398 -0.68878641 -0.86302434
 -1.05376364 -0.55770968 -0.31271162 -0.04187819 -0.17149132 -0.39529518] 
[-0.74118192  0.08870099 -0.29354788 -0.55756802 -0.68876634 -0.86389016
 -1.05363653 -0.55876615 -0.31190726 -0.04072026 -0.17076601 -0.39514128] 
[-0.74054113  0.08861813 -0.29343212 -0.55753155 -0.68893519 -0.86438878
 -1.05400785 -0.55939111 -0.31130506 -0.03973692 -0.17002428 -0.39508312] 
[-0.73981646  0.088677   -0.29342249 -0.55754955 -0.68917417 -0.86482434
 -1.05450375 -0.55992526 -0.31048182 -0.03877488 -0.16923095 -0.39503645] 
[-0.73902514  0.08877608 -0.29342696 -0.55757264 -0.68943621 -0.86524779
 -1.05503401 -0.56047347 -0.30957032 -0.03776798 -0.16839864 -0.39500012] 
[-0.73562448  0.08716238 -0.29169923 -0.5566794  -0.68997941 -0.86398147
 -1.05562213 -0.55862458 -0.31087373 -0.03472081 -0.16780951 -0.39713396] 
[-0.73640963  0.08780251 -0.29265143 -0.55704078 -0.68970126 -0.86494605
 -1.0562566  -0.55979136 -0.30919483 -0.03473091 -0.16715293 -0.3962696 ] 
[-0.7367793   0.08820714 -0.29326987 -0.55738352 -0.68977273 -0.86615846
 -1.05651054 -0.56084135 -0.30812453 -0.0345231  -0.16661399 -0.39539924] 
[-0.73744105  0.08886293 -0.29402935 -0.55785125 -0.68994859 -0.86775583
 -1.05671959 -0.5622714  -0.30681703 -0.0344587  -0.16605153 -0.39428112] 
[-0.73764581  0.08908317 -0.29432057 -0.55809467 -0.69001141 -0.86883943
 -1.05712745 -0.56296218 -0.30596262 -0.03405316 -0.1655743  -0.39381113] 
[-0.73764592  0.08919205 -0.29450873 -0.55828108 -0.69009099 -0.86974727
 -1.0575889  -0.56344802 -0.30524388 -0.0335342  -0.16507567 -0.3934743 ] 
[-0.73659571  0.08869633 -0.29418168 -0.55821404 -0.69027525 -0.8699529
 -1.05813304 -0.56316326 -0.30511889 -0.03246298 -0.16443657 -0.39366287] 
[-0.73442613  0.08742352 -0.29329532 -0.55783738 -0.6905033  -0.86928621
 -1.05878967 -0.56199407 -0.30571678 -0.03079009 -0.16365413 -0.3944155 ] 
[-0.73211663  0.08629162 -0.29238583 -0.55749761 -0.6909126  -0.86872136
 -1.05940494 -0.56087604 -0.30618693 -0.02900385 -0.16293536 -0.39519154] 
[-0.72935672  0.08524983 -0.29217958 -0.55751058 -0.69101141 -0.86743813
 -1.05983615 -0.55871792 -0.30540116 -0.02812831 -0.16274367 -0.39598253] 
[-0.72661293  0.08420427 -0.2919677  -0.5575215  -0.69111411 -0.8661738
 -1.06028611 -0.55658522 -0.30462172 -0.02723414 -0.16253747 -0.39676049] 
[-0.72382331  0.08317805 -0.29172087 -0.55753869 -0.69127318 -0.86497419
 -1.06071716 -0.55444722 -0.30386561 -0.02630303 -0.16232193 -0.39756718] 
[-0.72206108  0.08225818 -0.29150207 -0.55748095 -0.69137092 -0.86434093
 -1.06162188 -0.55357793 -0.303109   -0.02509829 -0.16167452 -0.39784848] 
[-0.72022503  0.08133254 -0.29128327 -0.55742939 -0.69148038 -0.86366223
 -1.06253911 -0.5526433  -0.30231264 -0.02388676 -0.16103312 -0.39815515] 
[-0.71835453  0.08040521 -0.29104429 -0.55737559 -0.69160732 -0.86299234
 -1.06346005 -0.55168157 -0.30153318 -0.02264734 -0.16039183 -0.39848397] 
[-0.71644395  0.07945642 -0.29079514 -0.55731709 -0.69173852 -0.86231725
 -1.06440367 -0.55070071 -0.30074741 -0.02136832 -0.15973016 -0.3988276 ] 
[-0.71417589  0.0787028  -0.29065746 -0.5573587  -0.69201729 -0.86143888
 -1.06517521 -0.54933053 -0.29977548 -0.02025168 -0.15933058 -0.39922407] 
[-0.71152514  0.07802249 -0.29045872 -0.557469   -0.69257668 -0.86060737
 -1.06579944 -0.54773121 -0.29879653 -0.01908648 -0.15901834 -0.39971132] 
[-0.70898974  0.0773048  -0.29025587 -0.55757207 -0.69309769 -0.85984411
 -1.06643286 -0.54621442 -0.29788048 -0.01793389 -0.15867646 -0.4001448 ] 
[-0.70631669  0.07666311 -0.29008115 -0.55770731 -0.6936423  -0.85909029
 -1.06699606 -0.54468134 -0.29678165 -0.01676479 -0.1584051  -0.40059655] 
[-0.70492864  0.075225   -0.29023813 -0.5580688  -0.69471716 -0.85794153
 -1.06869431 -0.54270046 -0.29567014 -0.01565732 -0.15903666 -0.40044664] 
[-0.70363471  0.07372889 -0.2904002  -0.55841    -0.69558385 -0.85673773
 -1.07039729 -0.54076021 -0.29440689 -0.01461096 -0.15971006 -0.40032733] 
[-0.70063645  0.07037716 -0.29047182 -0.55907624 -0.69856807 -0.85429588
 -1.07349953 -0.53689908 -0.29396699 -0.01276248 -0.16005882 -0.39953326] 
[-0.69747073  0.06673364 -0.29056974 -0.55974785 -0.70162935 -0.85158588
 -1.07686644 -0.53276443 -0.2935195  -0.01079804 -0.16036154 -0.39869479] 
[-0.69510421  0.06333115 -0.29101123 -0.56039755 -0.70406908 -0.84897893
 -1.08025126 -0.52906715 -0.29224187 -0.00894981 -0.16104041 -0.39797663] 
[-0.69156679  0.05949313 -0.29105366 -0.5612602  -0.70795253 -0.84642605
 -1.08419035 -0.52455977 -0.29104025 -0.00630421 -0.1615931  -0.39743428] 
[-0.69145104  0.05671786 -0.2917487  -0.56194166 -0.70996162 -0.84487984
 -1.08749091 -0.52224495 -0.28971836 -0.00477274 -0.1630797  -0.39615357] 
[-0.69123436  0.05375173 -0.29226271 -0.56281538 -0.71293626 -0.84358988
 -1.0910402  -0.51945138 -0.28880758 -0.00298555 -0.1649465  -0.39477688] 
[-0.69091378  0.05083246 -0.2927621  -0.56369403 -0.71596944 -0.84230602
 -1.09454179 -0.51664901 -0.28783644 -0.00114871 -0.16684574 -0.39345204] 
[-6.91031378e-01  4.79605337e-02 -2.93209684e-01 -5.64555328e-01
 -7.18778640e-01 -8.41242369e-01 -1.09797692e+00 -5.14020785e-01
 -2.87019954e-01  4.66642481e-04 -1.68755162e-01 -3.92114367e-01] 
[-0.69081867  0.04489074 -0.2935806  -0.56537142 -0.72161839 -0.83993235
 -1.10147892 -0.51133477 -0.28634003  0.00210865 -0.17034196 -0.39072683] 
[-0.69093035  0.04215298 -0.29386374 -0.56616615 -0.72414425 -0.83900198
 -1.10462502 -0.50901099 -0.28568402  0.00345083 -0.17191922 -0.38942554] 
[-0.69135763  0.04037544 -0.29410872 -0.56677283 -0.72594478 -0.83851707
 -1.10706727 -0.50753734 -0.28443326  0.00476522 -0.17368817 -0.38868896] 
[-0.6914882   0.03834127 -0.29426337 -0.56743162 -0.72815147 -0.83790299
 -1.10978883 -0.50576656 -0.28331235  0.00630454 -0.17543221 -0.38787625] 
[-0.69205509  0.03717597 -0.29471507 -0.56788969 -0.72906745 -0.83751896
 -1.11172024 -0.50503855 -0.28157877  0.00733593 -0.17687703 -0.38723434] 
[-0.69271414  0.03608731 -0.29516168 -0.56834743 -0.7299119  -0.83722386
 -1.11356797 -0.5043952  -0.27981077  0.00830741 -0.17835985 -0.38661689] 
[-0.69345971  0.03497185 -0.29560686 -0.56880207 -0.73075157 -0.83694108
 -1.11540979 -0.50377304 -0.27811494  0.00924515 -0.17986163 -0.38596639] 
[-0.69419584  0.03383331 -0.29604321 -0.56926644 -0.73163788 -0.83665882
 -1.11728049 -0.50311737 -0.27642392  0.01020656 -0.18138928 -0.38531185] 
[-0.69465168  0.03244686 -0.29626005 -0.56982112 -0.73305945 -0.83635647
 -1.11942191 -0.50206744 -0.27498145  0.01137255 -0.18305163 -0.38459326] 
[-0.69157574  0.02400364 -0.29645254 -0.57062938 -0.7419093  -0.830638
 -1.12979232 -0.49635892 -0.27596548  0.01898185 -0.18441146 -0.38064574] 
[-0.69425006  0.02270519 -0.29719001 -0.5711081  -0.74261245 -0.83065736
 -1.13227371 -0.49652365 -0.27353808  0.02025715 -0.18713941 -0.37967348] 
[-0.69681541  0.02204896 -0.29774623 -0.57151297 -0.74282305 -0.8311794
 -1.13385404 -0.49702888 -0.27146695  0.02091237 -0.18938877 -0.37901497] 
[-0.70600143 -0.00343583 -0.30096729 -0.57517746 -0.76704263 -0.81917047
 -1.16937822 -0.48258273 -0.2756471   0.03957742 -0.20045076 -0.36325639] 
[-0.70475468 -0.00287096 -0.29911503 -0.5749784  -0.76648511 -0.82009309
 -1.16871325 -0.48094154 -0.27735359  0.03850428 -0.19876544 -0.36572008] 
[-7.08768815e-01 -2.67902405e-04 -2.96670795e-01 -5.75317020e-01
 -7.67167501e-01 -8.26320518e-01 -1.16498886e+00 -4.80102903e-01
 -2.79804955e-01  3.68049101e-02 -2.02468505e-01 -3.70318162e-01] 
[-0.71279931  0.0021739  -0.29443866 -0.57564138 -0.76774741 -0.83223504
 -1.1615854  -0.47931553 -0.28199739  0.03525287 -0.2061207  -0.37467211] 
[-0.72165659  0.00682462 -0.28746306 -0.57650471 -0.77491964 -0.84511709
 -1.15554363 -0.471678   -0.29311442  0.03348667 -0.21743154 -0.38716764] 
[-0.73755895  0.00384278 -0.28562891 -0.57905193 -0.7861097  -0.85507227
 -1.15888074 -0.46780308 -0.3001688   0.03604523 -0.23275479 -0.38750683] 
[-0.77053484 -0.00221712 -0.28300202 -0.58475998 -0.8109755  -0.87570318
 -1.16601001 -0.46123189 -0.31334013  0.04267759 -0.2659882  -0.38604816] 
[-0.77541605 -0.00297985 -0.2819144  -0.58524183 -0.81361807 -0.87884019
 -1.16697711 -0.45928295 -0.31632949  0.04300662 -0.2697131  -0.38757371] 
[-0.77871761 -0.00316617 -0.28096956 -0.58531781 -0.81440603 -0.88138706
 -1.16679758 -0.45798664 -0.31813443  0.04288729 -0.27172264 -0.38994023] 
[-0.78182369 -0.00392903 -0.28036581 -0.58547253 -0.815647   -0.88326669
 -1.1674428  -0.45672248 -0.31954783  0.04324692 -0.27367055 -0.3915728 ] 
[-0.7848496  -0.00479304 -0.2798328  -0.58559423 -0.81677569 -0.88491546
 -1.16830758 -0.45532494 -0.32100239  0.04360917 -0.27538503 -0.39316392] 
[-0.78767879 -0.00581049 -0.27884035 -0.58557659 -0.81777483 -0.88616394
 -1.16951484 -0.45324227 -0.3233455   0.04367944 -0.276578   -0.39518014] 
[-0.79055654 -0.00705987 -0.27775395 -0.58562836 -0.8191814  -0.8873551
 -1.17103593 -0.45096238 -0.32585241  0.0438888  -0.27795502 -0.39705584] 
[-0.79323621 -0.00826334 -0.27674605 -0.58569391 -0.82053246 -0.8884645
 -1.17253699 -0.44879935 -0.32819508  0.04411244 -0.27923226 -0.39874984] 
[-0.79596877 -0.00924971 -0.27553062 -0.58579764 -0.82198475 -0.88996718
 -1.17369377 -0.44652005 -0.3306732   0.04415806 -0.28066264 -0.40083726] 
[-0.79983277 -0.01166839 -0.27452056 -0.58589763 -0.82394365 -0.89125705
 -1.17576953 -0.44476291 -0.33250155  0.04500755 -0.28258016 -0.40258727] 
[-0.84829115 -0.04894737 -0.23255252 -0.58535255 -0.84780051 -0.89432441
 -1.21524584 -0.40098029 -0.38789051  0.03301704 -0.30042458 -0.4356482 ] 
[-0.86764656 -0.06321455 -0.22018433 -0.58522776 -0.85683116 -0.89595797
 -1.23048537 -0.38783783 -0.40477219  0.03180629 -0.30805781 -0.44537274] 
[-0.88318769 -0.07525839 -0.20955768 -0.58518852 -0.86470311 -0.89694471
 -1.24365994 -0.37630935 -0.41933536  0.03065636 -0.31400787 -0.45334421] 
[-0.89767235 -0.0872236  -0.19881918 -0.58508469 -0.87257305 -0.89698944
 -1.25755429 -0.36426122 -0.43444323  0.02931346 -0.31874846 -0.46101726] 
[-0.90864473 -0.09738512 -0.18969801 -0.58517396 -0.87922854 -0.8967793
 -1.26873363 -0.35456259 -0.4460914   0.02807847 -0.32272871 -0.46693308] 
[-0.92330985 -0.11377626 -0.17820348 -0.58551798 -0.88935198 -0.89402941
 -1.28779065 -0.34282167 -0.46046068  0.02825518 -0.32735275 -0.470761  ] 
[-0.93059946 -0.12034197 -0.17362399 -0.58579865 -0.8951798  -0.89391237
 -1.29618634 -0.33819274 -0.46669085  0.02950152 -0.3303334  -0.47248378] 
[-0.93797468 -0.12661426 -0.16920108 -0.58598946 -0.90071904 -0.89404854
 -1.30414056 -0.33382887 -0.47284384  0.03082078 -0.33331469 -0.47440025] 
[-0.94643296 -0.13363996 -0.16377801 -0.58611279 -0.90685803 -0.89414258
 -1.31307182 -0.32836809 -0.4805195   0.03191373 -0.33665724 -0.47714564] 
[-0.95150528 -0.13804066 -0.15932491 -0.58630772 -0.91152281 -0.89499369
 -1.31781604 -0.32388378 -0.4862782   0.03205369 -0.33920224 -0.48035973] 
[-0.97824075 -0.15425422 -0.14071985 -0.58613737 -0.92938975 -0.90024549
 -1.33665739 -0.30225803 -0.51430808  0.03175387 -0.35244567 -0.49934138] 
[-0.99430951 -0.16334294 -0.12841263 -0.58629981 -0.94143985 -0.90471632
 -1.34697147 -0.28889035 -0.53248315  0.03081693 -0.36088207 -0.51155365] 
[-1.02015039 -0.17665453 -0.10902285 -0.58671465 -0.9608186  -0.91296452
 -1.3620367  -0.26717604 -0.56175544  0.02886113 -0.37513593 -0.53184732] 
[-1.03257401 -0.18361176 -0.10392917 -0.58682058 -0.96796246 -0.91656511
 -1.36745815 -0.25988804 -0.57113299  0.02924908 -0.38136926 -0.53960007] 
[-1.04272776 -0.18891749 -0.10029778 -0.58679397 -0.97296326 -0.92004267
 -1.37075368 -0.25449471 -0.57806326  0.0296032  -0.38643086 -0.54631362] 
[-1.08429342 -0.21094344 -0.08498228 -0.58616505 -0.99270566 -0.92638008
 -1.39385525 -0.23089335 -0.6084914   0.03138862 -0.405916   -0.56853793] 
[-1.12455655 -0.23236336 -0.06960253 -0.58556978 -1.0120008  -0.93251818
 -1.41644011 -0.20752735 -0.63862211  0.03281572 -0.42476988 -0.59033475] 
[-1.23764447 -0.28508804 -0.02107771 -0.58710234 -1.06845454 -0.96280743
 -1.46033955 -0.14718549 -0.7216666   0.02347657 -0.48351765 -0.65629954] 
[-1.33714899 -0.33073283  0.02077014 -0.58824468 -1.1173994  -0.98981675
 -1.49774397 -0.09409874 -0.79462258  0.01525563 -0.53498432 -0.71517992] 
[-1.3478163  -0.33347717  0.02438657 -0.58865004 -1.12202271 -0.99640102
 -1.49672242 -0.08972447 -0.80073479  0.01322716 -0.54077335 -0.72391709] 
[-1.36087283 -0.33680029  0.02849168 -0.5889698  -1.12737194 -1.00402394
 -1.49556874 -0.08462365 -0.80791491  0.01110092 -0.54781675 -0.73460659] 
[-1.37499886 -0.34092575  0.034364   -0.58942666 -1.13403911 -1.01233815
 -1.49484877 -0.07809578 -0.81707284  0.00814585 -0.55538785 -0.74679883] 
[-1.37981204 -0.34303935  0.0351508  -0.58950259 -1.1361162  -1.01449786
 -1.49584824 -0.07671877 -0.81846157  0.00891865 -0.5579831  -0.74970786] 
[-1.38372069 -0.34538372  0.03624503 -0.58968805 -1.13839897 -1.01614733
 -1.49722297 -0.07528772 -0.81987197  0.00962567 -0.56028703 -0.75183084] 
[-1.42013837 -0.35985274  0.0439043  -0.59008736 -1.14776654 -1.03239399
 -1.50093775 -0.06991158 -0.82781017  0.0101566  -0.57953881 -0.7712256 ] 
[-1.42757216 -0.36375771  0.04570954 -0.59032285 -1.15087994 -1.03543033
 -1.50300913 -0.06864651 -0.82952686  0.01119695 -0.58376465 -0.77442927] 
[-1.43598518 -0.36812285  0.04755816 -0.59061378 -1.15452877 -1.03891321
 -1.50534631 -0.06746572 -0.8312321   0.0126136  -0.58866664 -0.7778246 ] 
[-1.45294073 -0.37642325  0.05140686 -0.59092026 -1.16109044 -1.04487581
 -1.50982528 -0.06470611 -0.83533569  0.01432977 -0.59798977 -0.78538175] 
[-1.4647847  -0.38254172  0.05394389 -0.59094362 -1.16522208 -1.04893596
 -1.51314382 -0.06270641 -0.83821591  0.01598821 -0.60417058 -0.79081418] 
[-1.46900442 -0.38564246  0.05619846 -0.59109835 -1.16756659 -1.05029587
 -1.51503648 -0.060906   -0.84025653  0.01613469 -0.60656036 -0.79326295] 
[-1.47262503 -0.38862938  0.05888344 -0.59122901 -1.16996111 -1.05132173
 -1.51693965 -0.05864274 -0.84293337  0.01587432 -0.60854243 -0.7958406 ] 
[-1.47628271 -0.39180518  0.06176947 -0.59137617 -1.17239215 -1.0522908
 -1.51893594 -0.05620653 -0.84573765  0.01549366 -0.61059515 -0.79847832] 
[-1.48063519 -0.39580164  0.06555773 -0.59159614 -1.17567442 -1.0532313
 -1.52158322 -0.05312636 -0.84929945  0.0149332  -0.61320114 -0.80162977] 
[-1.48388644 -0.39896192  0.0685868  -0.59179568 -1.17821777 -1.05394851
 -1.52374966 -0.0507128  -0.85207168  0.01446522 -0.61510306 -0.80394841] 
[-1.48667867 -0.40170731  0.0714418  -0.59200364 -1.18080543 -1.0546195
 -1.52639625 -0.04879697 -0.85417191  0.01454567 -0.61661922 -0.8058635 ] 
[-1.48943772 -0.40443663  0.07430417 -0.59222491 -1.18340663 -1.0552714
 -1.52907518 -0.04688163 -0.85627314  0.01460682 -0.61812346 -0.80771783] 
[-1.4913137  -0.40694841  0.07687776 -0.59246803 -1.18580393 -1.0556028
 -1.53165366 -0.045057   -0.85802631  0.01479957 -0.61929071 -0.80905035] 
[-1.49322216 -0.40947572  0.07946905 -0.59271226 -1.18822176 -1.05593936
 -1.53425554 -0.04321603 -0.85979554  0.01499501 -0.62047898 -0.81040116] 
[-1.49568514 -0.41210142  0.08203222 -0.59296828 -1.19084406 -1.05650201
 -1.53698503 -0.04159281 -0.8614238   0.01537831 -0.62197829 -0.81184262] 
[-1.4971994  -0.41392845  0.08354337 -0.59307952 -1.1921996  -1.05690653
 -1.53866154 -0.04024134 -0.86253261  0.01565988 -0.62273872 -0.81298495] 
[-1.498557   -0.41559531  0.08493371 -0.59320221 -1.19349609 -1.05735587
 -1.54016762 -0.03906117 -0.86341825  0.01597209 -0.6234651  -0.81405214] 
[-1.49972109 -0.41712516  0.08620323 -0.59325741 -1.19432989 -1.05752716
 -1.54180151 -0.03786295 -0.86435184  0.0161661  -0.62383947 -0.81489121] 
[-1.50073092 -0.41867514  0.08745807 -0.59335663 -1.19528472 -1.05762556
 -1.54354615 -0.03673518 -0.86518175  0.01642423 -0.62419355 -0.81550046] 
[-1.50119193 -0.42008162  0.08849566 -0.59344617 -1.1961205  -1.05754178
 -1.54515674 -0.03583661 -0.86571072  0.0168176  -0.62426825 -0.81579609] 
[-1.50154991 -0.42140857  0.08957705 -0.59355285 -1.19710399 -1.0574098
 -1.54686355 -0.0349206  -0.86633038  0.0172279  -0.62429074 -0.81601387] 
[-1.50192942 -0.4227122   0.09061976 -0.59365306 -1.19801431 -1.05732247
 -1.54849453 -0.03400451 -0.86691859  0.01761834 -0.62431147 -0.81628378] 
[-1.50234185 -0.42402945  0.09161596 -0.59372255 -1.19891543 -1.0572232
 -1.55010958 -0.0330339  -0.86752393  0.01807665 -0.62433433 -0.81667756] 
[-1.50282967 -0.42536851  0.09261911 -0.59377677 -1.19979367 -1.05714967
 -1.55172849 -0.0320224  -0.86816172  0.01854667 -0.62437731 -0.81715812] 
[-1.50334438 -0.4266982   0.09359656 -0.59382758 -1.20064039 -1.05710209
 -1.55331182 -0.03100954 -0.86878411  0.01901292 -0.62443046 -0.81766914] 
[-1.50383738 -0.42803619  0.09460506 -0.59388437 -1.20152064 -1.05703508
 -1.55493559 -0.0299798  -0.86942159  0.01948021 -0.62448363 -0.81816442] 
[-1.50418506 -0.42942713  0.09585406 -0.59397996 -1.20251107 -1.05691721
 -1.55682929 -0.02875354 -0.87015855  0.01988878 -0.62443018 -0.81866842] 
[-1.5046073  -0.43080247  0.09689931 -0.59405743 -1.20335665 -1.05686893
 -1.55851814 -0.02762034 -0.87072915  0.0203491  -0.62444884 -0.81920187] 
[-1.50492915 -0.43218584  0.09815724 -0.59416472 -1.20435867 -1.05673913
 -1.5604321  -0.02642012 -0.87143726  0.02074865 -0.62439525 -0.81965188] 
[-1.5048245  -0.43371913  0.10012858 -0.5943899  -1.2057134  -1.05634035
 -1.56302001 -0.02531009 -0.87237338  0.02087067 -0.62397051 -0.8195339 ] 
[-1.50473498 -0.43528537  0.10221412 -0.594618   -1.20713461 -1.05587424
 -1.56579107 -0.02418508 -0.87336906  0.02101441 -0.62356645 -0.81935128] 
[-1.50480667 -0.43678376  0.10426048 -0.59482835 -1.2085729  -1.05550269
 -1.56847318 -0.02296346 -0.87445346  0.02116669 -0.62328663 -0.81937299] 
[-1.50497904 -0.43827997  0.10617386 -0.59501304 -1.20989615 -1.0552125
 -1.57099371 -0.02176704 -0.87546145  0.02135717 -0.623059   -0.81950469] 
[-1.50510503 -0.43981444  0.10824883 -0.59520662 -1.21133072 -1.05482648
 -1.57373964 -0.02049844 -0.87658066  0.02154873 -0.62280355 -0.81958372] 
[-1.50527768 -0.4414103   0.11038591 -0.59539451 -1.21280276 -1.05439093
 -1.57661161 -0.01913596 -0.87773765  0.0217691  -0.62259136 -0.81972098] 
[-1.50553205 -0.44299146  0.11231952 -0.59554607 -1.21403596 -1.05408817
 -1.57912979 -0.01784892 -0.87878754  0.02197218 -0.62240616 -0.8199785 ] 
[-1.50641761 -0.4445412   0.11337874 -0.59552349 -1.21435793 -1.05418246
 -1.58063865 -0.0167834  -0.87940899  0.02226945 -0.62245272 -0.8207426 ] 
[-1.50758074 -0.44612929  0.11402503 -0.59546855 -1.21435689 -1.05461186
 -1.58161627 -0.01586765 -0.87966552  0.02266836 -0.62267344 -0.82175173] 
[-1.50873082 -0.44773067  0.11469395 -0.59541737 -1.21436518 -1.05502486
 -1.58263258 -0.01493375 -0.87993223  0.02306344 -0.62288498 -0.82274726] 
[-1.50986381 -0.44920384  0.11515397 -0.59537638 -1.21426684 -1.05554007
 -1.58343299 -0.01407608 -0.88003689  0.02347963 -0.62314343 -0.82372105] 
[-1.51096472 -0.450684    0.11566879 -0.59534472 -1.214199   -1.05603556
 -1.58428829 -0.01320902 -0.88016937  0.02388087 -0.62338801 -0.82465424] 
[-1.51208703 -0.45216519  0.11617372 -0.59530239 -1.21412504 -1.05652388
 -1.5851543  -0.01231593 -0.88033032  0.02429853 -0.6236322  -0.82561851] 
[-1.51312448 -0.4536243   0.11658901 -0.59526193 -1.21394794 -1.0570866
 -1.58587804 -0.01148537 -0.88036211  0.0247596  -0.62386481 -0.82654987] 
[-1.5140455  -0.45510469  0.11716343 -0.59517847 -1.21368814 -1.05747969
 -1.5868399  -0.01063203 -0.88053058  0.02524703 -0.62395383 -0.82737047] 
[-1.51453065 -0.4565983   0.11809812 -0.59519993 -1.21368056 -1.05767735
 -1.58814001 -0.00971264 -0.88077681  0.02556139 -0.62385995 -0.82784054] 
[-1.51479167 -0.45784496  0.11933603 -0.5953057  -1.21402919 -1.05753512
 -1.58995587 -0.00863906 -0.88140968  0.02560371 -0.62362415 -0.82795035] 
[-1.51502361 -0.45906964  0.12038437 -0.59541987 -1.21434325 -1.05743861
 -1.59150648 -0.00763123 -0.88185752  0.02564829 -0.62345132 -0.82811331] 
[-1.51526838 -0.46029152  0.12142809 -0.59553825 -1.21467312 -1.05735399
 -1.59305116 -0.00662691 -0.88230425  0.02569256 -0.62329085 -0.82827671] 
[-1.51553944 -0.46151996  0.12246916 -0.59565275 -1.21499811 -1.0572859
 -1.59457633 -0.00564328 -0.88274816  0.02574174 -0.62314226 -0.82844982] 
[-1.51583172 -0.46279816  0.12354828 -0.59577882 -1.21535077 -1.05723417
 -1.59614987 -0.00465934 -0.88316322  0.02580261 -0.62301435 -0.82861776] 
[-1.51627515 -0.46400543  0.12462128 -0.59590765 -1.21581453 -1.0571799
 -1.59771796 -0.00374152 -0.88363408  0.02582728 -0.62298957 -0.8287983 ] 
[-1.51662846 -0.4651304   0.12571663 -0.5960267  -1.21622842 -1.05707707
 -1.59917744 -0.00281514 -0.88415327  0.02577672 -0.62298594 -0.82897422] 
[-1.51681813 -0.46624762  0.12680291 -0.59615146 -1.21662953 -1.05693833
 -1.60057152 -0.0018673  -0.88462896  0.02573515 -0.62296299 -0.82911945] 
[-1.51701380e+00 -4.67367227e-01  1.27884173e-01 -5.96275128e-01
 -1.21702621e+00 -1.05680316e+00 -1.60196463e+00 -9.19015477e-04
 -8.85101329e-01  2.56979722e-02 -6.22940722e-01 -8.29269138e-01] 
[-1.51725076e+00 -4.68481292e-01  1.28967492e-01 -5.96409230e-01
 -1.21747276e+00 -1.05668686e+00 -1.60336803e+00  7.78565802e-06
 -8.85580177e-01  2.56518528e-02 -6.22936909e-01 -8.29408580e-01] 
[-1.51769051e+00 -4.69618729e-01  1.30054179e-01 -5.96561315e-01
 -1.21803293e+00 -1.05665031e+00 -1.60482407e+00  8.63141906e-04
 -8.86114151e-01  2.56285143e-02 -6.23044842e-01 -8.29491441e-01] 
[-1.51820219 -0.47081155  0.13106729 -0.59666664 -1.2184079  -1.05665444
 -1.60625203  0.0017304  -0.88660606  0.02568907 -0.62312063 -0.82966329] 
[-1.51871165 -0.47200798  0.13205201 -0.59677259 -1.21878138 -1.05667171
 -1.60766289  0.00258525 -0.88706952  0.02576837 -0.62319071 -0.82983756] 
[-1.51903166 -0.47312492  0.13326011 -0.59697285 -1.21951877 -1.05652895
 -1.60926975  0.00347141 -0.8876199   0.02569289 -0.62332468 -0.82979721] 
[-1.51939682 -0.47423583  0.13443669 -0.59716739 -1.22022489 -1.05639142
 -1.61085849  0.00432018 -0.88814103  0.025601   -0.62344221 -0.82977042] 
[-1.51974066 -0.4753033   0.13561424 -0.59736446 -1.22097761 -1.05623695
 -1.61245237  0.00516421 -0.88869414  0.02550762 -0.62355818 -0.82972667] 
[-1.5199663  -0.47626693  0.13665076 -0.59754266 -1.22165818 -1.056086
 -1.61383803  0.00603687 -0.88923203  0.02542943 -0.62365641 -0.82973782] 
[-1.52014518 -0.47717925  0.13763757 -0.59774139 -1.22235903 -1.05593586
 -1.61517155  0.0068554  -0.88969992  0.02532665 -0.62375825 -0.82968713] 
[-1.52033234 -0.47807534  0.13859474 -0.59793128 -1.22302786 -1.05579069
 -1.61648301  0.00767516 -0.89016295  0.02523645 -0.6238611  -0.82965235] 
[-1.52054279 -0.47897284  0.13962762 -0.59813945 -1.22384353 -1.05557257
 -1.61791854  0.00852123 -0.89074302  0.02509411 -0.62396163 -0.82956384] 
[-1.52083232 -0.47992231  0.14054367 -0.59829442 -1.2244324  -1.0553817
 -1.61926557  0.00936869 -0.8912686   0.02504136 -0.62408984 -0.82954091] 
[-1.52112734 -0.48087386  0.14146117 -0.59844982 -1.2250223  -1.05519229
 -1.62061659  0.01022022 -0.89179618  0.02498855 -0.6242209  -0.82952051] 
[-1.52142804 -0.48182586  0.14236503 -0.59860298 -1.22559714 -1.05501526
 -1.62195032  0.01107002 -0.8923188   0.02493781 -0.62434638 -0.82950946] 
[-1.52173511 -0.48277017  0.14326361 -0.59875585 -1.22616652 -1.05484351
 -1.62327908  0.01192082 -0.89284247  0.02488455 -0.62447382 -0.82950201] 
[-1.52194116 -0.48374769  0.14412449 -0.5988728  -1.22650176 -1.05468143
 -1.62447259  0.01275243 -0.89331171  0.02484296 -0.62453255 -0.82949296] 
[-1.52227379 -0.48473861  0.145052   -0.59898838 -1.22689144 -1.05449462
 -1.6257565   0.01356117 -0.89388657  0.02474724 -0.62461107 -0.82945961] 
[-1.52260565 -0.48581092  0.14594427 -0.59908669 -1.22714256 -1.05437795
 -1.62696387  0.01435265 -0.89434527  0.02470859 -0.62467815 -0.8294855 ] 
[-1.52291512 -0.48689346  0.14677011 -0.59919626 -1.22734412 -1.05433619
 -1.62805827  0.01505917 -0.89468218  0.02467332 -0.62472308 -0.82948934] 
[-1.52320619 -0.48800669  0.14766706 -0.59931472 -1.22758333 -1.05427179
 -1.62921392  0.01576528 -0.89503198  0.02462167 -0.62476222 -0.82946521] 
[-1.52349737 -0.48915104  0.14858031 -0.5994369  -1.22787025 -1.05417469
 -1.63041198  0.01651662 -0.8953905   0.02458686 -0.62483545 -0.82945785] 
[-1.52378905 -0.49029655  0.14949219 -0.59955896 -1.22815635 -1.05407738
 -1.63161332  0.01727282 -0.89575015  0.02455447 -0.62490856 -0.82945174] 
[-1.52404303 -0.4914801   0.15040149 -0.59968517 -1.22845402 -1.05395468
 -1.63283859  0.01807953 -0.89609405  0.02455235 -0.62500231 -0.82944456] 
[-1.5242842  -0.4927828   0.15136359 -0.59982415 -1.22876412 -1.05376043
 -1.63419652  0.01890869 -0.89643082  0.02454369 -0.62507333 -0.82934956] 
[-1.52476945 -0.4940944   0.15250128 -0.59997194 -1.22937429 -1.05338554
 -1.63584562  0.01980202 -0.89706716  0.02439203 -0.62520855 -0.82927228] 
[-1.52523737 -0.49540796  0.15364561 -0.60012037 -1.22998395 -1.05301068
 -1.63750143  0.02072205 -0.8977197   0.02425149 -0.62535317 -0.829191  ] 
[-1.52571431 -0.49672918  0.15479658 -0.60026837 -1.23059311 -1.05263492
 -1.63916648  0.02164909 -0.89837713  0.02411134 -0.62550346 -0.82911359] 
[-1.52621145 -0.49805642  0.1559502  -0.60041745 -1.23120174 -1.05226523
 -1.64084292  0.02257716 -0.8990365   0.02396843 -0.62565655 -0.82903798] 
[-1.52668118 -0.49936077  0.15707205 -0.600559   -1.23177643 -1.0518987
 -1.64248251  0.02348923 -0.89965679  0.0238501  -0.62580756 -0.82897061] 
[-1.52715879 -0.50059405  0.158057   -0.60068259 -1.232173   -1.05166725
 -1.64391728  0.02433557 -0.90018484  0.02377738 -0.62597721 -0.82892299] 
[-1.52761857 -0.50181906  0.15903408 -0.60080473 -1.2325653  -1.05143361
 -1.64533858  0.0251869  -0.90070808  0.02371129 -0.62614765 -0.82887959] 
[-1.52809053 -0.50304998  0.1600419  -0.60092691 -1.23297914 -1.05117528
 -1.64680016  0.02604422 -0.90127207  0.02362473 -0.62630757 -0.82882409] 
[-1.52863734 -0.50439981  0.16122746 -0.60105544 -1.23346755 -1.05086118
 -1.6483641   0.02691321 -0.90193638  0.02347351 -0.62655254 -0.82874083] 
[-1.52913737 -0.50562809  0.16226752 -0.60118316 -1.23386768 -1.05063945
 -1.64977624  0.0277088  -0.90247587  0.02335702 -0.62676205 -0.82866518] 
[-1.52964063 -0.506857    0.16330688 -0.6013107  -1.23426651 -1.05041943
 -1.65118897  0.02850754 -0.9030158   0.0232416  -0.62697357 -0.82859276] 
[-1.53014657 -0.5080859   0.16434487 -0.60143806 -1.23466386 -1.05020116
 -1.65260183  0.02930922 -0.90355579  0.02312749 -0.62718688 -0.82852328] 
[-1.53065239 -0.50931034  0.16537225 -0.60156486 -1.23505457 -1.04999086
 -1.65400166  0.03010951 -0.90409083  0.02301513 -0.62739782 -0.82845874] 
[-1.53118495 -0.51053775  0.16640039 -0.60168903 -1.23544451 -1.04978738
 -1.65541126  0.03090572 -0.90463404  0.02290596 -0.62761059 -0.82840084] 
[-1.53168001 -0.51173625  0.16739918 -0.60181019 -1.23580936 -1.0496136
 -1.65674004  0.03170816 -0.90516495  0.02279554 -0.62781238 -0.82837729] 
[-1.53217259 -0.51293187  0.16839022 -0.60193264 -1.23617154 -1.04944655
 -1.65806089  0.03250648 -0.90568688  0.02268645 -0.62801176 -0.82835277] 
[-1.53279215 -0.51415696  0.16942647 -0.60204541 -1.23656942 -1.04922134
 -1.65950406  0.03333737 -0.90629465  0.0225579  -0.62825157 -0.8283438 ] 
[-1.53342782 -0.51543968  0.17048004 -0.60215273 -1.23696938 -1.0489518
 -1.66099758  0.03415821 -0.906916    0.02242366 -0.62846266 -0.82831083] 
[-1.53409232 -0.51668922  0.17155509 -0.60225903 -1.2373949  -1.048663
 -1.66250997  0.0349628  -0.9075657   0.02226316 -0.62868798 -0.82827657] 
[-1.5347023  -0.5178982   0.17254602 -0.60236485 -1.23776957 -1.04842786
 -1.66390923  0.03571857 -0.90812911  0.02214316 -0.62890853 -0.82823255] 
[-1.53529602 -0.51906806  0.1735113  -0.60247296 -1.23812266 -1.0482222
 -1.66527092  0.03644851 -0.9086557   0.02203064 -0.62912962 -0.82818231] 
[-1.53605321 -0.52025226  0.1745666  -0.60255498 -1.23849478 -1.0479241
 -1.66676738  0.03718042 -0.90931394  0.0219096  -0.62947695 -0.82811253] 
[-1.5368333  -0.52143077  0.17562024 -0.60263307 -1.23886754 -1.04762174
 -1.6682777   0.03792059 -0.90998831  0.02179148 -0.62983127 -0.828053  ] 
[-1.53767375 -0.52258881  0.17672661 -0.60268146 -1.23925587 -1.04726418
 -1.66982003  0.03865762 -0.91075224  0.0216749  -0.630219   -0.82804328] 
[-1.53858491 -0.52369385  0.17782607 -0.60272838 -1.23966856 -1.04690916
 -1.67138782  0.03940485 -0.91155881  0.02154616 -0.63064375 -0.82805309] 
[-1.53954931 -0.52485514  0.17901058 -0.6027854  -1.24014256 -1.04651582
 -1.67306596  0.0401689  -0.91242142  0.02138657 -0.63109379 -0.82803055] 
[-1.54033702 -0.52605061  0.18003485 -0.60283456 -1.24042593 -1.04620311
 -1.67449771  0.04093361 -0.91306562  0.02131561 -0.63152287 -0.8280429 ] 
[-1.54114112 -0.52723601  0.1810572  -0.60288238 -1.24071491 -1.04588934
 -1.67594721  0.04167723 -0.91373034  0.02124193 -0.63193382 -0.82803115] 
[-1.54213807 -0.52840882  0.18208078 -0.60293078 -1.2410288  -1.04559654
 -1.67748229  0.04240385 -0.91440635  0.0211434  -0.63239894 -0.82806476] 
[-1.54374989 -0.52981662  0.18350304 -0.60295985 -1.24163254 -1.04521085
 -1.67945328  0.04312188 -0.91539049  0.02097657 -0.6332078  -0.82821032] 
[-1.54480585 -0.53102509  0.18464022 -0.6030333  -1.24207799 -1.04501939
 -1.68094848  0.04376855 -0.91611945  0.02084039 -0.63372434 -0.82823409] 
[-1.54588846 -0.53226178  0.1858069  -0.60310874 -1.24254164 -1.04481417
 -1.68248295  0.0444432  -0.91685946  0.02070427 -0.63427354 -0.82827158] 
[-1.54699719 -0.53353113  0.18699732 -0.60317903 -1.24300464 -1.0446054
 -1.68402249  0.04510502 -0.91759197  0.02057192 -0.63484041 -0.82832659] 
[-1.54811231 -0.53479784  0.18818571 -0.60325027 -1.24346253 -1.04440333
 -1.68555228  0.04576801 -0.9183224   0.02043347 -0.63541496 -0.82838613] 
[-1.54923096 -0.53607662  0.18938843 -0.60332272 -1.24392829 -1.04419599
 -1.68708547  0.04641735 -0.91906058  0.02028323 -0.63598479 -0.82843298] 
[-1.55048963 -0.53733122  0.19055741 -0.60337773 -1.24437129 -1.04401543
 -1.68866871  0.04707362 -0.91985758  0.02015092 -0.63656812 -0.82851795] 
[-1.55176243 -0.53858801  0.19173038 -0.60343275 -1.24481432 -1.04383679
 -1.69025754  0.0477322  -0.92065906  0.02001633 -0.63715992 -0.82860576] 
[-1.55318409 -0.53986821  0.19293676 -0.60347734 -1.24530864 -1.0436287
 -1.69191855  0.04837982 -0.92155095  0.01984827 -0.63777889 -0.82871894] 
[-1.55442672 -0.54106173  0.1940355  -0.60353488 -1.24577494 -1.04346336
 -1.69344075  0.04903059 -0.92232097  0.01972231 -0.63835099 -0.82883713] 
[-1.55570536 -0.54221629  0.19515541 -0.60358682 -1.24626104 -1.04327751
 -1.69499094  0.04965749 -0.92310428  0.01958912 -0.63895042 -0.82896215] 
[-1.55696832 -0.54338041  0.1962795  -0.6036395  -1.24674497 -1.04309083
 -1.69654243  0.05029599 -0.92388597  0.01946293 -0.63955012 -0.82908603] 
[-1.55816213 -0.54457824  0.19740604 -0.60369826 -1.24719344 -1.04292277
 -1.69807237  0.05093056 -0.92461222  0.01935269 -0.64012256 -0.82918765] 
[-1.55944295 -0.5458199   0.19860681 -0.60375446 -1.24767916 -1.04272104
 -1.699717    0.05158233 -0.9253884   0.0192409  -0.64074368 -0.82928905] 
[-1.56078319 -0.54706808  0.19982809 -0.60381062 -1.24819456 -1.04250491
 -1.70139998  0.05223808 -0.92619476  0.01911544 -0.64139565 -0.82939873] 
[-1.56213075 -0.54831479  0.20104747 -0.60386668 -1.24870902 -1.04229043
 -1.70308529  0.05289665 -0.92700279  0.01899028 -0.6420514  -0.8295109 ] 
[-1.56364978 -0.54956442  0.20233608 -0.60390148 -1.249214   -1.04206524
 -1.70496131  0.0536531  -0.92795009  0.01889114 -0.64276465 -0.829676  ] 
[-1.565295   -0.55084453  0.20369985 -0.60392805 -1.24976049 -1.04180027
 -1.70695789  0.05440234 -0.92898495  0.01876375 -0.64350449 -0.82983853] 
[-1.56698597 -0.55212827  0.2050618  -0.60395479 -1.25030698 -1.04154369
 -1.70898118  0.0551734  -0.93001476  0.01864726 -0.64428049 -0.83002526] 
[-1.5687068  -0.5533731   0.20642177 -0.60398952 -1.25096153 -1.04125834
 -1.71105201  0.05592073 -0.93105968  0.01851695 -0.64504074 -0.83022375] 
[-1.57043994 -0.55462923  0.20779143 -0.60402358 -1.25161793 -1.04097048
 -1.71313891  0.05667692 -0.93211098  0.0183885  -0.64580668 -0.8304277 ] 
[-1.57204363 -0.5558085   0.20909111 -0.60404998 -1.25221097 -1.04068224
 -1.71515315  0.05745196 -0.93313975  0.01828519 -0.6465063  -0.83062136] 
[-1.57358161 -0.55696004  0.2103246  -0.60407687 -1.25274155 -1.04043501
 -1.71708559  0.05820757 -0.93412056  0.01819742 -0.6471607  -0.83079353] 
[-1.57535452 -0.55817937  0.2116632  -0.60409637 -1.25337795 -1.04014412
 -1.7192134   0.05898068 -0.93525807  0.01808173 -0.64788825 -0.83098063] 
[-1.57713612 -0.55940029  0.21300132 -0.6041149  -1.25401303 -1.03985287
 -1.72134811  0.05976323 -0.93640026  0.01796807 -0.64861964 -0.83117508] 
[-1.57891246 -0.56062093  0.21432555 -0.60413194 -1.25463255 -1.03957023
 -1.72346516  0.0605482  -0.9375326   0.01785897 -0.64934706 -0.83137696] 
[-1.58068105 -0.56183973  0.21564273 -0.60414886 -1.25524463 -1.03928974
 -1.72557624  0.06133864 -0.93865918  0.01775376 -0.65007323 -0.83158095] 
[-1.5825166  -0.56307626  0.21700017 -0.60416466 -1.25586209 -1.03899993
 -1.72770659  0.06209708 -0.93980975  0.01761378 -0.65083627 -0.83177098] 
[-1.58424739 -0.56418514  0.21822414 -0.60418815 -1.25637835 -1.03877526
 -1.72972037  0.0628621  -0.9409211   0.01747263 -0.65152641 -0.83191417] 
[-1.58595461 -0.5652966   0.2194391  -0.60421172 -1.25687774 -1.03856351
 -1.73170298  0.06362643 -0.94201075  0.01733593 -0.65221073 -0.83206591] 
[-1.58763071 -0.5664359   0.22067776 -0.604236   -1.25738879 -1.03832872
 -1.73370388  0.06441993 -0.94311184  0.01720161 -0.6528899  -0.83221983] 
[-1.58904941 -0.56756965  0.22180813 -0.60425746 -1.25778503 -1.03815016
 -1.73547398  0.06521071 -0.94405096  0.01712676 -0.65347005 -0.83240431] 
[-1.59048986 -0.56866762  0.22292302 -0.6042697  -1.25818121 -1.03796822
 -1.73723675  0.06601057 -0.94502609  0.01705062 -0.6540478  -0.8326149 ] 
[-1.5918764  -0.56979402  0.22404487 -0.60428496 -1.25855276 -1.03778511
 -1.73897838  0.06682006 -0.94596223  0.01698521 -0.65462844 -0.83281722] 
[-1.59328943 -0.57092789  0.22516667 -0.6042996  -1.25891146 -1.03761069
 -1.7407222   0.0676427  -0.9469129   0.01691457 -0.65522491 -0.83302308] 
[-1.59466303 -0.57204399  0.2262878  -0.60432082 -1.25929558 -1.03742575
 -1.74245725  0.06844564 -0.94783891  0.01683557 -0.65579974 -0.83321878] 
[-1.59603992 -0.57316035  0.22741068 -0.60434222 -1.25968207 -1.03724153
 -1.74418647  0.06924405 -0.9487649   0.01675213 -0.65637725 -0.83341633] 
[-1.59740001 -0.57433476  0.22857312 -0.60437584 -1.26008751 -1.03704523
 -1.74596045  0.07010137 -0.94969692  0.01666607 -0.65697574 -0.83360855] 
[-1.59887641 -0.5756974   0.22988784 -0.60440378 -1.26047542 -1.03680182
 -1.7479073   0.07105784 -0.95071582  0.01655721 -0.657632   -0.83382054] 
[-1.6003534  -0.57706756  0.23120098 -0.60443278 -1.2608581  -1.03656508
 -1.74984965  0.07201972 -0.95173127  0.01644969 -0.658291   -0.83403457] 
[-1.60184903 -0.5784452   0.23252713 -0.60446131 -1.26124629 -1.0363271
 -1.75181088  0.07299083 -0.95276792  0.01633895 -0.65895477 -0.83424952] 
[-1.60343814 -0.57984217  0.23390369 -0.60449109 -1.2616521  -1.03608431
 -1.75384002  0.0739648  -0.95383416  0.01620283 -0.6596638  -0.8344756 ] 
[-1.60501489 -0.58105953  0.23511745 -0.60450106 -1.26205006 -1.0358464
 -1.75567222  0.07482086 -0.95487171  0.01604738 -0.66033395 -0.83473241] 
[-1.60661726 -0.58233637  0.23643559 -0.60453081 -1.26252056 -1.03560746
 -1.75763098  0.07567144 -0.95594479  0.01587532 -0.66099283 -0.83493243] 
[-1.60823195 -0.58362649  0.23776358 -0.60455917 -1.26298928 -1.0353646
 -1.7596054   0.0765308  -0.95702426  0.0157057  -0.66165887 -0.83513643] 
[-1.60971701 -0.58486344  0.23891607 -0.60458976 -1.26335096 -1.03526104
 -1.76125299  0.07724951 -0.95788127  0.01555875 -0.66224098 -0.835382  ] 
[-1.61120511 -0.58609586  0.24006552 -0.60462019 -1.26371532 -1.03515414
 -1.76290727  0.07797634 -0.95874273  0.01541481 -0.66282785 -0.83562937] 
[-1.61278617 -0.58738303  0.24129063 -0.60464627 -1.26414265 -1.03503597
 -1.76460852  0.07867343 -0.95966968  0.01523801 -0.66342982 -0.83589719] 
[-1.6142833  -0.58868071  0.24251208 -0.60469275 -1.2645639  -1.0349545
 -1.76623779  0.07935749 -0.96052763  0.01505023 -0.66403133 -0.83613564] 
[-1.61579679 -0.58997703  0.24373173 -0.60473644 -1.26498393 -1.03487374
 -1.76786155  0.08005363 -0.96139256  0.01486248 -0.66464841 -0.83639508] 
[-1.6173205  -0.59126561  0.24494491 -0.60477909 -1.26540654 -1.03479209
 -1.76948848  0.08075216 -0.96226168  0.01467593 -0.66526796 -0.83665992] 
[-1.61889742 -0.59256746  0.24617663 -0.60481672 -1.26583719 -1.03470133
 -1.77114726  0.08146841 -0.96316025  0.014488   -0.66591919 -0.8369464 ] 
[-1.62054595 -0.59387669  0.24743273 -0.60485048 -1.26628483 -1.03459871
 -1.77284564  0.08219371 -0.96409581  0.01428625 -0.66660611 -0.83725184] 
[-1.62210073 -0.59506653  0.24858006 -0.60488942 -1.26667953 -1.03452371
 -1.77441104  0.08288582 -0.96493683  0.01408457 -0.66727615 -0.83755139] 
[-1.6235225  -0.59616264  0.24960716 -0.60494769 -1.26705337 -1.03452363
 -1.7758107   0.08341623 -0.96568435  0.01386116 -0.66780173 -0.83772711] 
[-1.62495511 -0.59725526  0.2506339  -0.60500546 -1.26742859 -1.03452395
 -1.77721599  0.08394949 -0.96643637  0.01363824 -0.66833339 -0.83790617] 
[-1.62637415 -0.59835828  0.25167503 -0.60506678 -1.26779183 -1.03453927
 -1.77862048  0.08449846 -0.96718136  0.01341713 -0.66887101 -0.83808697] 
[-1.62797076 -0.59948713  0.25283033 -0.60512542 -1.26824349 -1.03444781
 -1.7802518   0.08506123 -0.96803023  0.01314793 -0.66948533 -0.8382504 ] 
[-1.6295696  -0.60061512  0.25398344 -0.60518388 -1.26869341 -1.03435681
 -1.78188402  0.08562813 -0.96887925  0.01288011 -0.67010207 -0.83841639] 
[-1.63113256 -0.60172818  0.25510595 -0.60524605 -1.26911933 -1.03426614
 -1.78347659  0.0861584  -0.96967324  0.01260824 -0.67070787 -0.83855534] 
[-1.63266602 -0.60283901  0.2562247  -0.60531506 -1.26954004 -1.03417638
 -1.78508718  0.08668253 -0.97045469  0.01234246 -0.67129498 -0.83865092] 
[-1.63404612 -0.60394564  0.2573119  -0.60538582 -1.26988542 -1.03412555
 -1.78656212  0.08722757 -0.9711586   0.0120799  -0.67181966 -0.83878111] 
[-1.63543169 -0.60508676  0.25840967 -0.60545898 -1.27023617 -1.03406325
 -1.78806003  0.08779862 -0.97187029  0.01181502 -0.67234585 -0.83891398] 
[-1.63677867 -0.6062829   0.25951581 -0.60554109 -1.27059062 -1.03405704
 -1.78949517  0.08833058 -0.97254981  0.01155147 -0.672829   -0.83903667] 
[-1.63815218 -0.60749658  0.26063752 -0.60562219 -1.2709472  -1.03404589
 -1.79095197  0.08886652 -0.97324075  0.01128298 -0.67332124 -0.83916247] 
[-1.63956866 -0.60871794  0.26176394 -0.60570749 -1.27133471 -1.03401476
 -1.79245249  0.08939786 -0.97393859  0.01100248 -0.67382603 -0.83927984] 
[-1.64095154 -0.60993064  0.26288481 -0.60579378 -1.27172153 -1.03398281
 -1.7939449   0.08992767 -0.97462559  0.01073071 -0.67431602 -0.83938961] 
[-1.6423354  -0.61114198  0.26400412 -0.60588011 -1.27210751 -1.03395053
 -1.79543885  0.09046184 -0.97531284  0.01046005 -0.67480836 -0.83950134] 
[-1.64372144 -0.61234979  0.26511947 -0.60596627 -1.27249098 -1.03391934
 -1.79693318  0.09100147 -0.97599997  0.01019081 -0.67530302 -0.83961694] 
[-1.64510777 -0.61355613  0.26623248 -0.60605219 -1.27287225 -1.03388865
 -1.7984267   0.09154438 -0.97668637  0.00992303 -0.67579972 -0.83973482] 
[-1.64659817 -0.61476548  0.2673598  -0.60613269 -1.27328267 -1.03383363
 -1.79996329  0.09207891 -0.97742257  0.00962156 -0.67632564 -0.8398708 ] 
[-1.64810045 -0.61598189  0.2684894  -0.60621185 -1.27368471 -1.03378614
 -1.80149912  0.09261586 -0.9781562   0.00932401 -0.67686132 -0.84001453] 
[-1.64953132 -0.61718149  0.26958367 -0.60629365 -1.27405322 -1.03375837
 -1.80296608  0.0931422  -0.97884685  0.00903297 -0.67736867 -0.84014785] 
[-1.6509619  -0.61836631  0.2706646  -0.60637416 -1.27442206 -1.03372862
 -1.80442269  0.09366635 -0.97953405  0.00874349 -0.6778787  -0.84028631] 
[-1.65238669 -0.61954886  0.27174255 -0.60645481 -1.27478711 -1.03370031
 -1.80587465  0.09419308 -0.98021809  0.0084557  -0.67838902 -0.84042532] 
[-1.65380573 -0.62072593  0.27281208 -0.60653524 -1.27514913 -1.03367147
 -1.80732071  0.09471929 -0.98089725  0.00817001 -0.67889699 -0.84056387] 
[-1.65522378 -0.62190215  0.27387961 -0.60661545 -1.27550916 -1.03364288
 -1.80876566  0.09524886 -0.98157544  0.00788585 -0.67940618 -0.8407048 ] 
[-1.65655498 -0.62308232  0.27493049 -0.60669968 -1.27583623 -1.03363771
 -1.81017274  0.09579697 -0.98220362  0.00763208 -0.67988987 -0.84084422] 
[-1.65786919 -0.62425332  0.27596043 -0.60678379 -1.27612753 -1.03364927
 -1.81156955  0.09639413 -0.98283077  0.00739801 -0.68038962 -0.84099452] 
[-1.65921869 -0.62542351  0.27699656 -0.60686571 -1.27642995 -1.03364989
 -1.81299366  0.09700648 -0.98347682  0.00716317 -0.68091005 -0.84115844] 
[-1.66064739 -0.62662643  0.27808074 -0.6069459  -1.27676865 -1.03363056
 -1.81448838  0.09764813 -0.98418492  0.00691284 -0.68146553 -0.84134013] 
[-1.66206759 -0.62782244  0.27915602 -0.60702663 -1.2771097  -1.03360652
 -1.81598334  0.09829636 -0.9848916   0.00666593 -0.68201901 -0.84152114] 
[-1.66350318 -0.62901499  0.28019183 -0.6070944  -1.27740124 -1.03358878
 -1.81747877  0.09893377 -0.98559685  0.00645801 -0.68256407 -0.84168713] 
[-1.66490554 -0.63023007  0.28123614 -0.60716237 -1.27767674 -1.03357655
 -1.81897241  0.09958389 -0.98630705  0.00625808 -0.6830847  -0.84184085] 
[-1.66630883 -0.63144327  0.28227815 -0.60723031 -1.27795118 -1.0335647
 -1.82046589  0.10023682 -0.98701669  0.00605938 -0.68360749 -0.84199649] 
[-1.66771627 -0.63265338  0.28331756 -0.60729795 -1.27822563 -1.03355215
 -1.82196114  0.10089303 -0.98772762  0.0058615  -0.68413372 -0.84215476] 
[-1.66923494 -0.63381683  0.28433459 -0.60736344 -1.27854364 -1.0335337
 -1.82350617  0.10157446 -0.98848702  0.00565966 -0.68472068 -0.84234786] 
[-1.67077923 -0.63496216  0.28534039 -0.60742658 -1.27886088 -1.03350688
 -1.82505976  0.1022681  -0.98926394  0.00545298 -0.68532396 -0.84254736] 
[-1.67232085 -0.63608263  0.28631056 -0.6074825  -1.2791564  -1.03347981
 -1.82655694  0.10293391 -0.99002095  0.00523625 -0.68591444 -0.84276527] 
[-1.67395575 -0.63724879  0.28733056 -0.60754257 -1.27946462 -1.03345782
 -1.82813659  0.10359092 -0.99080043  0.00500129 -0.68652779 -0.84297063] 
[-1.67560052 -0.6384154   0.28834787 -0.60760218 -1.27976973 -1.03343737
 -1.82972391  0.1042534  -0.99158435  0.00476883 -0.68714431 -0.84317635] 
[-1.67719272 -0.6395928   0.28936707 -0.60765988 -1.28004744 -1.03343473
 -1.83126167  0.10488544 -0.99234509  0.00454177 -0.68773224 -0.84336528] 
[-1.67884071 -0.64077121  0.29038748 -0.60771444 -1.28033205 -1.03342393
 -1.8328492   0.10553275 -0.99312875  0.00432154 -0.68833986 -0.84356161] 
[-1.68049418 -0.64195758  0.29141256 -0.60776794 -1.28061212 -1.03341796
 -1.83443715  0.10618121 -0.99391551  0.00410306 -0.6889486  -0.84376068] 
[-1.68243851 -0.64313524  0.29249372 -0.6077983  -1.28090539 -1.03342018
 -1.83620073  0.1069843  -0.99486357  0.00391413 -0.68975599 -0.84409842] 
[-1.68440365 -0.64430484  0.29352076 -0.60783328 -1.28114703 -1.03344881
 -1.83788464  0.10776722 -0.99573546  0.00369903 -0.69059645 -0.84445739] 
[-1.68659384 -0.64551702  0.29460027 -0.60784981 -1.28141125 -1.03345531
 -1.83970067  0.10857549 -0.99669588  0.0034823  -0.69153498 -0.84487767] 
[-1.68876411 -0.64670739  0.29565505 -0.60786686 -1.28166207 -1.03347544
 -1.84148744  0.10936221 -0.99763852  0.00327157 -0.69246167 -0.84528208] 
[-1.69081176 -0.64790026  0.29668781 -0.60789029 -1.28188689 -1.03351149
 -1.84319648  0.11014256 -0.99852619  0.00307406 -0.69334281 -0.84566577] 
[-1.69278363 -0.64909669  0.29771977 -0.60791839 -1.28210055 -1.03357794
 -1.84483129  0.11087441 -0.99938249  0.0028801  -0.69419303 -0.84601345] 
[-1.69473789 -0.65029393  0.29874908 -0.60794722 -1.28231055 -1.03364632
 -1.84645562  0.11160557 -1.00023072  0.00268855 -0.6950361  -0.84635914] 
[-1.6968647  -0.65147041  0.29976517 -0.60797711 -1.28256616 -1.03372544
 -1.84812895  0.11236001 -1.0011387   0.0024709  -0.69596876 -0.84674987] 
[-1.69855067 -0.65257893  0.3006585  -0.60802162 -1.28266624 -1.03387526
 -1.84949347  0.11312294 -1.00186242  0.00227496 -0.6966978  -0.84710879] 
[-1.70015803 -0.65367471  0.30151637 -0.60806911 -1.28275636 -1.03403174
 -1.8508024   0.11383724 -1.00252749  0.00209034 -0.69737275 -0.84743919] 
[-1.70176805 -0.65476849  0.30237403 -0.60811619 -1.28284746 -1.03418529
 -1.85211557  0.11455521 -1.00319572  0.00190611 -0.69804992 -0.84777094] 
[-1.70335428e+00 -6.55867258e-01  3.03234885e-01 -6.08161015e-01
 -1.28292408e+00 -1.03434281e+00 -1.85340934e+00  1.15265460e-01
 -1.00385285e+00  1.72712779e-03 -6.98718433e-01 -8.48101854e-01] 
[-1.70498992e+00 -6.56897435e-01  3.04042352e-01 -6.08184824e-01
 -1.28299799e+00 -1.03446957e+00 -1.85471895e+00  1.15956190e-01
 -1.00454563e+00  1.56622430e-03 -6.99368292e-01 -8.48452849e-01] 
[-1.70660346e+00 -6.57909901e-01  3.04858016e-01 -6.08201406e-01
 -1.28309277e+00 -1.03457512e+00 -1.85599068e+00  1.16615786e-01
 -1.00526791e+00  1.37747490e-03 -6.99976823e-01 -8.48813792e-01] 
[-1.70821920e+00 -6.58920783e-01  3.05671289e-01 -6.08218072e-01
 -1.28318472e+00 -1.03468322e+00 -1.85725964e+00  1.17276674e-01
 -1.00598748e+00  1.18879524e-03 -7.00588634e-01 -8.49177546e-01] 
[-1.71027412e+00 -6.59870510e-01  3.06472764e-01 -6.08217860e-01
 -1.28344709e+00 -1.03468483e+00 -1.85883503e+00  1.17995172e-01
 -1.00687844e+00  9.71911233e-04 -7.01336780e-01 -8.49654412e-01] 
[-1.71306481e+00 -6.60700674e-01  3.07264308e-01 -6.08180581e-01
 -1.28391740e+00 -1.03455515e+00 -1.86084862e+00  1.18767400e-01
 -1.00809654e+00  6.86137853e-04 -7.02328756e-01 -8.50273039e-01] 
[-1.71578439e+00 -6.61535661e-01  3.08059863e-01 -6.08155249e-01
 -1.28437357e+00 -1.03446046e+00 -1.86279550e+00  1.19499769e-01
 -1.00926875e+00  3.88317074e-04 -7.03298142e-01 -8.50853846e-01] 
[-1.71858504e+00 -6.62396737e-01  3.08882759e-01 -6.08127666e-01
 -1.28485177e+00 -1.03437057e+00 -1.86478518e+00  1.20247801e-01
 -1.01047228e+00  8.96897601e-05 -7.04311116e-01 -8.51463717e-01] 
[-1.72148193e+00 -6.63214285e-01  3.09685132e-01 -6.08104527e-01
 -1.28536567e+00 -1.03427220e+00 -1.86684082e+00  1.21026264e-01
 -1.01172819e+00 -2.21652006e-04 -7.05371042e-01 -8.52073073e-01] 
[-1.72448437e+00 -6.64047749e-01  3.10505625e-01 -6.08077245e-01
 -1.28589155e+00 -1.03416448e+00 -1.86897395e+00  1.21820947e-01
 -1.01302227e+00 -5.35239278e-04 -7.06469269e-01 -8.52697983e-01] 
[-1.72753743e+00 -6.64881679e-01  3.11345733e-01 -6.08043233e-01
 -1.28646912e+00 -1.03399736e+00 -1.87118776e+00  1.22668722e-01
 -1.01438680e+00 -8.42131479e-04 -7.07601722e-01 -8.53343762e-01] 
[-1.73045240e+00 -6.65707068e-01  3.12177473e-01 -6.08016464e-01
 -1.28700694e+00 -1.03385650e+00 -1.87331537e+00  1.23500173e-01
 -1.01569793e+00 -1.14524113e-03 -7.08681141e-01 -8.53957218e-01] 
[-1.73335201e+00 -6.66534248e-01  3.13005648e-01 -6.07990181e-01
 -1.28754051e+00 -1.03371826e+00 -1.87542890e+00  1.24325545e-01
 -1.01699724e+00 -1.44768297e-03 -7.09752695e-01 -8.54569893e-01] 
[-1.73629863e+00 -6.67354346e-01  3.13835675e-01 -6.07962794e-01
 -1.28808979e+00 -1.03357049e+00 -1.87757558e+00  1.25161820e-01
 -1.01831736e+00 -1.75490868e-03 -7.10843944e-01 -8.55194145e-01] 
[-1.7393583  -0.66821655  0.31471447 -0.6079356  -1.28865417 -1.03342595
 -1.87981152  0.12602    -1.01964625 -0.00206152 -0.71200101 -0.85585435] 
[-1.74231934 -0.66908789  0.31558351 -0.60791117 -1.28921984 -1.03328388
 -1.88201177  0.12689173 -1.02093831 -0.00234065 -0.71311748 -0.85651917] 
[-1.74538482 -0.66995711  0.31646092 -0.60788135 -1.28980381 -1.03312587
 -1.8842756   0.12777889 -1.02227489 -0.00262947 -0.71427505 -0.85720611] 
[-1.74832605 -0.67084821  0.31734268 -0.60785559 -1.29033814 -1.03299285
 -1.88645649  0.12865128 -1.02355753 -0.00291043 -0.71539162 -0.8578664 ] 
[-1.75135224 -0.6717371   0.3182397  -0.6078314  -1.29089928 -1.03286394
 -1.88867622  0.12951912 -1.02485417 -0.00320552 -0.7165498  -0.85854772] 
[-1.75448758 -0.67267164  0.31918622 -0.60781354 -1.2915076  -1.03274739
 -1.8909478   0.13037877 -1.02617655 -0.0035202  -0.71776528 -0.85924331] 
[-1.75762171 -0.67361118  0.32013839 -0.60779584 -1.29211681 -1.03262484
 -1.89322906  0.13124981 -1.02749644 -0.00383103 -0.71898986 -0.85994409] 
[-1.76138691 -0.67467413  0.32121119 -0.60775435 -1.29285717 -1.03244696
 -1.89590758  0.13222556 -1.02906949 -0.00418013 -0.72046192 -0.86079172] 
[-1.76510499 -0.67567851  0.32223959 -0.60771554 -1.29359413 -1.03227637
 -1.89853302  0.13316743 -1.03060966 -0.00453228 -0.721908   -0.86162444] 
[-1.76835917 -0.67667529  0.32324525 -0.60768293 -1.29416077 -1.03212628
 -1.90088199  0.13409446 -1.03206337 -0.00490563 -0.72313385 -0.86233997] 
[-1.77152906 -0.67776395  0.32427924 -0.60765715 -1.29468388 -1.03200273
 -1.90319188  0.1350051  -1.03349216 -0.00527699 -0.72430156 -0.86299919] 
[-1.77469647 -0.67885036  0.32531109 -0.60763156 -1.29520555 -1.03187887
 -1.90550025  0.1359172  -1.03491899 -0.00564791 -0.72546972 -0.86365873] 
[-1.77775816 -0.67991314  0.32631931 -0.60761006 -1.2957074  -1.03176413
 -1.90771555  0.13680523 -1.03630325 -0.0060292  -0.72659848 -0.86430313] 
[-1.78095061 -0.68098474  0.32736034 -0.60758563 -1.29622608 -1.03162647
 -1.91003135  0.13773339 -1.03775311 -0.006433   -0.72778982 -0.86496727] 
[-1.78442014 -0.68205583  0.32841224 -0.60755846 -1.29681177 -1.03146911
 -1.91249158  0.13870037 -1.03931801 -0.00686466 -0.72911779 -0.86566455] 
[-1.78778959 -0.68310546  0.32944022 -0.60753943 -1.2973794  -1.03132752
 -1.91488363  0.13964476 -1.04083372 -0.0072944  -0.73040832 -0.86632947] 
[-1.79087771 -0.68416607  0.33044749 -0.60752887 -1.29787553 -1.03122207
 -1.9171172   0.14058002 -1.04227146 -0.0076963  -0.73157618 -0.86693364] 
[-1.79392177 -0.68522948  0.3314339  -0.60751952 -1.29835385 -1.0311199
 -1.91932728  0.14151609 -1.0436902  -0.00809044 -0.73271609 -0.86752463] 
[-1.79712347 -0.68623012  0.33237978 -0.60749793 -1.29884496 -1.03100645
 -1.92153632  0.14241819 -1.04514593 -0.00851947 -0.73393012 -0.86815588] 
[-1.8003061  -0.68728401  0.33335044 -0.60748092 -1.29931109 -1.03092841
 -1.92372279  0.14331764 -1.04656879 -0.0089494  -0.73512835 -0.86879697] 
[-1.80345795 -0.688339    0.33432454 -0.60746296 -1.29974772 -1.03087283
 -1.92585306  0.14417172 -1.04797004 -0.00939007 -0.7363097  -0.86941797] 
[-1.80658951 -0.68938391  0.33529987 -0.60744587 -1.30017501 -1.03081811
 -1.92795802  0.1449952  -1.04933561 -0.00983924 -0.7374886  -0.87003577] 
[-1.80965537 -0.69042804  0.33626887 -0.60742889 -1.30058284 -1.0307628
 -1.93003393  0.14582237 -1.05068297 -0.01027882 -0.73864085 -0.87064256] 
[-1.81265376 -0.69143556  0.3372104  -0.60741631 -1.30097007 -1.03072175
 -1.93205775  0.14664191 -1.0519896  -0.01071634 -0.73977312 -0.87124227] 
[-1.81570753 -0.69244361  0.33815272 -0.60740162 -1.30138229 -1.03065531
 -1.93413128  0.14749756 -1.0533235  -0.01115032 -0.74094295 -0.87186645] 
[-1.8189789  -0.69346473  0.33911222 -0.60738153 -1.3018429  -1.03059123
 -1.93629373  0.14837897 -1.05476047 -0.01162318 -0.74218054 -0.87254511] 
[-1.82221014 -0.69447001  0.34006968 -0.60736224 -1.3022828  -1.03054131
 -1.93843543  0.14924342 -1.0561769  -0.01208512 -0.74340675 -0.87320287] 
[-1.82552258 -0.69545782  0.34102306 -0.60733916 -1.30274273 -1.03047523
 -1.94061978  0.15011974 -1.05762959 -0.01255637 -0.74467125 -0.87387757] 
[-1.8288211  -0.69644417  0.34197152 -0.60731583 -1.30319715 -1.03041247
 -1.94279059  0.15098886 -1.05907472 -0.01302703 -0.74592546 -0.87454993] 
[-1.8322271  -0.69745732  0.34295999 -0.60730114 -1.30368697 -1.03035907
 -1.94503253  0.15185251 -1.06053986 -0.01352013 -0.74723269 -0.87521999] 
[-1.83543335 -0.69840598  0.3438894  -0.60729919 -1.30412731 -1.03034393
 -1.94713939  0.15266394 -1.06190065 -0.01400179 -0.74845222 -0.87582961] 
[-1.83864972 -0.69935106  0.34481439 -0.6072968  -1.30456583 -1.03033247
 -1.94924468  0.15346692 -1.06325833 -0.01448678 -0.7496679  -0.8764414 ] 
[-1.84194134 -0.70028347  0.34573079 -0.60730186 -1.30503603 -1.03032656
 -1.95140887  0.1542772  -1.06464305 -0.01498339 -0.75089263 -0.87704537] 
[-1.84481617 -0.70121239  0.34661812 -0.60732764 -1.30537675 -1.0304013
 -1.9532788   0.15500765 -1.06585946 -0.01547877 -0.75195943 -0.87753268] 
[-1.84748947 -0.7021557   0.34750152 -0.60736321 -1.30566492 -1.03050365
 -1.95505346  0.15571437 -1.0669705  -0.01594217 -0.75295884 -0.87797384] 
[-1.84993186 -0.70312209  0.34840188 -0.60739858 -1.30587168 -1.03059788
 -1.95672448  0.15643017 -1.06806216 -0.01641186 -0.75384317 -0.87835386] 
[-1.85273863 -0.70414478  0.34934618 -0.60742378 -1.30614779 -1.03065714
 -1.95857946  0.157169   -1.0693609  -0.01696064 -0.75482399 -0.87874868] 
[-1.85552096 -0.70517087  0.35029403 -0.60744874 -1.30642733 -1.03072953
 -1.96039846  0.15788111 -1.07063813 -0.01750221 -0.7558029  -0.87914499] 
[-1.85811427 -0.70620697  0.35123697 -0.60747852 -1.30665962 -1.03080351
 -1.96210992  0.15858204 -1.07181167 -0.01802586 -0.75673736 -0.87952945] 
[-1.86070964 -0.70725547  0.35218846 -0.60750913 -1.30688645 -1.03088022
 -1.96383486  0.15929067 -1.07298273 -0.018545   -0.75767405 -0.87991289] 
[-1.86292186 -0.70827868  0.35309541 -0.60756254 -1.30707301 -1.03101095
 -1.96530568  0.15993663 -1.07394951 -0.01903533 -0.75848103 -0.88025838] 
[-1.8651523  -0.70929902  0.35400065 -0.60761565 -1.30725998 -1.03114138
 -1.96679069  0.1605888  -1.07491961 -0.01952196 -0.75929959 -0.88060665] 
[-1.86749415 -0.71038002  0.35500913 -0.6076789  -1.30742737 -1.03127451
 -1.96840968  0.16134511 -1.07593269 -0.02002701 -0.76024029 -0.88097485] 
[-1.86980452 -0.7114296   0.35602316 -0.60774259 -1.30759942 -1.03141506
 -1.96999701  0.16208731 -1.07694509 -0.02053472 -0.76118704 -0.88133865] 
[-1.87211812 -0.71247801  0.3570356  -0.60780607 -1.30777158 -1.03155398
 -1.97158754  0.1628323  -1.07795795 -0.02104137 -0.76213634 -0.88170404] 
[-1.87471246 -0.71365918  0.35816266 -0.60786284 -1.30798969 -1.03164758
 -1.97340599  0.16365116 -1.07907526 -0.02155208 -0.76324881 -0.88211003] 
[-1.87734671 -0.71484549  0.3593069  -0.60792108 -1.30821866 -1.03174909
 -1.97523702  0.16447026 -1.0802016  -0.02207351 -0.76438378 -0.88253028] 
[-1.87985645 -0.71599518  0.36039897 -0.60797995 -1.30841573 -1.03186957
 -1.97697035  0.16526728 -1.08126138 -0.02257441 -0.76545754 -0.88294653] 
[-1.88239282 -0.71711553  0.36145752 -0.60803768 -1.3086302  -1.03195822
 -1.97871851  0.16607181 -1.08231003 -0.02308578 -0.76653853 -0.88338667] 
[-1.88496526 -0.71824449  0.36252625 -0.60809442 -1.30884435 -1.03204847
 -1.98048588  0.16688434 -1.0833741  -0.02360297 -0.767635   -0.88383476] 
[-1.88737337 -0.71936011  0.36356821 -0.60815739 -1.30903827 -1.03217131
 -1.98212474  0.16765019 -1.08437647 -0.0241205  -0.76863688 -0.88425838] 
[-1.88980643 -0.72046073  0.36460144 -0.60822177 -1.30924632 -1.0322789
 -1.98378516  0.16843472 -1.08538328 -0.02464216 -0.76966239 -0.88469405] 
[-1.89219609 -0.72155682  0.3656269  -0.60828843 -1.30945666 -1.03239497
 -1.98541446  0.16919897 -1.08635376 -0.02515306 -0.77067324 -0.88512791] 
[-1.89458826 -0.72265261  0.3666513  -0.60835492 -1.30966615 -1.03251013
 -1.9870465   0.16996598 -1.08732424 -0.02566262 -0.77168663 -0.885563  ] 
[-1.89671876 -0.72363341  0.36762018 -0.60842923 -1.30979006 -1.03268974
 -1.98849872  0.17059163 -1.08819692 -0.02618046 -0.77251956 -0.88587485] 
[-1.89892169 -0.72459166  0.36858381 -0.60849517 -1.30991909 -1.0328575
 -1.99000883  0.17125855 -1.08911763 -0.02668877 -0.77338327 -0.88621937] 
[-1.90105525 -0.72553319  0.36954011 -0.60856661 -1.31004976 -1.03302801
 -1.99149515  0.17190863 -1.090021   -0.0271954  -0.77420688 -0.88653231] 
[-1.90317304 -0.72647545  0.37048346 -0.60863699 -1.31017595 -1.03320595
 -1.99296211  0.17255104 -1.09091946 -0.02769346 -0.77501701 -0.88684098] 
[-1.9053045  -0.72742879  0.37144107 -0.60870941 -1.31030854 -1.03339199
 -1.99443554  0.17319178 -1.09182946 -0.02819478 -0.775837   -0.88714341] 
[-1.90736509 -0.72835854  0.37236382 -0.60878047 -1.31043142 -1.03358467
 -1.99586219  0.17381688 -1.09271288 -0.02867312 -0.77661616 -0.88743389] 
[-1.90938732 -0.72924773  0.37327735 -0.60884402 -1.31051081 -1.033792
 -1.99729083  0.17440095 -1.09360615 -0.02912857 -0.77734739 -0.88766604] 
[-1.91139942 -0.73014022  0.3741922  -0.60890697 -1.31059442 -1.03400521
 -1.99870766  0.17496816 -1.09449348 -0.02958258 -0.77806342 -0.88789749] 
[-1.91351713 -0.73100002  0.37508885 -0.60896492 -1.31068478 -1.0342082
 -2.00015105  0.17554967 -1.09544266 -0.03006767 -0.77881894 -0.88814422] 
[-1.91565197 -0.73186094  0.37598907 -0.60902228 -1.3107777  -1.03441267
 -2.00160105  0.17613178 -1.09639759 -0.03055402 -0.77958355 -0.88839556] 
[-1.91777288 -0.73271168  0.37686133 -0.60910946 -1.31089866 -1.03464227
 -2.00306525  0.17673275 -1.09730492 -0.03105344 -0.78037283 -0.88860167] 
[-1.91992679 -0.73359516  0.37776037 -0.60919148 -1.31102057 -1.03488486
 -2.00452118  0.1773099  -1.0982341  -0.0315626  -0.78115832 -0.88881598] 
[-1.92208354 -0.73447978  0.3786584  -0.60927341 -1.31114139 -1.03512575
 -2.00598057  0.17789093 -1.09916386 -0.03207107 -0.78194614 -0.88903128] 
[-1.92423323 -0.73536032  0.37954958 -0.60935414 -1.31125591 -1.03536897
 -2.00743273  0.17847479 -1.10008921 -0.03257347 -0.78273291 -0.88925014] 
[-1.92641415 -0.73625068  0.38044737 -0.60943269 -1.31137389 -1.0356134
 -2.00889696  0.17905456 -1.10102462 -0.03307938 -0.78352478 -0.88947724] 
[-1.92854246 -0.73712927  0.38134909 -0.6095181  -1.31148402 -1.03588098
 -2.01030681  0.17961388 -1.1019274  -0.03359804 -0.7843044  -0.88969816] 
[-1.93063415 -0.73800883  0.38225305 -0.60959615 -1.31159975 -1.0361338
 -2.01169685  0.1801679  -1.1028338  -0.03410402 -0.78506081 -0.88993125] 
[-1.93272145 -0.73887345  0.38315215 -0.60967488 -1.31172103 -1.03638827
 -2.01307634  0.18071035 -1.10373678 -0.03461429 -0.78581442 -0.89016281] 
[-1.93499579 -0.73975816  0.38407351 -0.60974958 -1.311877   -1.03664176
 -2.01456031  0.18125832 -1.10468374 -0.03512968 -0.78665108 -0.89042907] 
[-1.93726771 -0.74064218  0.38499308 -0.60982417 -1.31203121 -1.03689456
 -2.01604382  0.18180819 -1.10562872 -0.03564326 -0.78748841 -0.89069574] 
[-1.93956359 -0.74153437  0.38593535 -0.60990195 -1.31219115 -1.03715589
 -2.01752722  0.18236414 -1.10658316 -0.03618165 -0.788341   -0.89097926] 
[-1.94186264 -0.74242876  0.38687693 -0.60997984 -1.31235077 -1.03741393
 -2.01901455  0.1829247  -1.10754222 -0.03672195 -0.78919476 -0.8912612 ] 
[-1.94415492 -0.74338183  0.387832   -0.61006384 -1.31252158 -1.03764983
 -2.02053816  0.18354079 -1.10851783 -0.03726503 -0.79004327 -0.89154365] 
[-1.94635802 -0.74428427  0.38874925 -0.61013699 -1.31268975 -1.03787467
 -2.02198826  0.1841257  -1.10945063 -0.03777087 -0.79086516 -0.89184438] 
[-1.94861512 -0.74518747  0.38967752 -0.61020938 -1.3128704  -1.03809968
 -2.02347422  0.184715   -1.11040531 -0.03828033 -0.79170878 -0.89215255] 
[-1.95102903 -0.74608841  0.39061154 -0.61027464 -1.31308892 -1.03832846
 -2.02503377  0.18531765 -1.11143806 -0.03879348 -0.79260395 -0.89249366] 
[-1.95293076 -0.74684712  0.39135571 -0.61034793 -1.31326396 -1.03859839
 -2.02619945  0.18579603 -1.1122175  -0.03924808 -0.79322881 -0.89281283] 
[-1.9548774  -0.74761129  0.39210903 -0.6104192  -1.31344609 -1.03886271
 -2.02739441  0.1862836  -1.11302442 -0.03970787 -0.7938697  -0.89313694] 
[-1.95679974 -0.74837712  0.39286399 -0.61048981 -1.31361613 -1.03912202
 -2.02857479  0.18674963 -1.1138252  -0.04017732 -0.794488   -0.8934405 ] 
[-1.95902863 -0.74913207  0.39362328 -0.61056859 -1.31383688 -1.03943107
 -2.0298324   0.1871653  -1.11473863 -0.04072708 -0.79521586 -0.89372447] 
[-1.96162734 -0.74987437  0.39444796 -0.61065096 -1.31413785 -1.03971769
 -2.03128356  0.18759941 -1.11577939 -0.04135839 -0.79613565 -0.89404729] 
[-1.96415019 -0.75061482  0.39526178 -0.61073413 -1.31442047 -1.04000493
 -2.03270002  0.18803728 -1.11679392 -0.04197687 -0.79702474 -0.89436076] 
[-1.96673789 -0.75136952  0.39608713 -0.61081705 -1.31471488 -1.04029116
 -2.03415504  0.18849157 -1.11783034 -0.04259769 -0.79795074 -0.89468796] 
[-1.96936312 -0.75212807  0.39692249 -0.6108988  -1.31502009 -1.04057575
 -2.03562945  0.1889458  -1.11888199 -0.04322353 -0.79889197 -0.89502377] 
[-1.97193563 -0.75288143  0.39775316 -0.61098116 -1.31529879 -1.04086557
 -2.03708671  0.18939893 -1.11989131 -0.04382968 -0.79982478 -0.89535319] 
[-1.97440541 -0.75364083  0.39857886 -0.61106652 -1.31556128 -1.04115636
 -2.03849922  0.18984753 -1.12087028 -0.04442869 -0.80070594 -0.89566213] 
[-1.97684266 -0.75439401  0.39938792 -0.61115132 -1.31581939 -1.04144799
 -2.03989349  0.19029306 -1.12183541 -0.04501709 -0.80156842 -0.89596795] 
[-1.97928003 -0.75518703  0.40022724 -0.61123797 -1.31606747 -1.0417502
 -2.0412887   0.19074503 -1.12279276 -0.04561503 -0.80242601 -0.89628695] 
[-1.98166669 -0.75596544  0.40105713 -0.61132549 -1.31631176 -1.04205227
 -2.0426613   0.1911888  -1.12373155 -0.04620121 -0.80326748 -0.89659282] 
[-1.98403397 -0.75674396  0.40188303 -0.61141843 -1.31654777 -1.0423575
 -2.04401201  0.19160143 -1.12464994 -0.04681399 -0.80408396 -0.89687292] 
[-1.98632467 -0.75750915  0.4026815  -0.61151008 -1.31677083 -1.04265811
 -2.04532718  0.19200966 -1.12554271 -0.04740782 -0.80485744 -0.89714098] 
[-1.98861249 -0.75827279  0.40348334 -0.61160222 -1.31698561 -1.04296572
 -2.04663403  0.19241046 -1.12642917 -0.04800564 -0.80562986 -0.8974069 ] 
[-1.99093566 -0.75903883  0.40428797 -0.6116948  -1.31720693 -1.04327235
 -2.04795959  0.19281345 -1.12732892 -0.04861189 -0.80641363 -0.89767549] 
[-1.99319413 -0.75975581  0.40505254 -0.61178823 -1.3174286  -1.04356318
 -2.04924384  0.19321072 -1.12820624 -0.0492154  -0.80717804 -0.89793314] 
[-1.99551852 -0.76045924  0.4058138  -0.61188029 -1.31765815 -1.04385101
 -2.05056103  0.19362113 -1.12910545 -0.0498258  -0.80797733 -0.89820543] 
[-1.99781497 -0.76116363  0.40657565 -0.61197054 -1.31788771 -1.0441321
 -2.05186689  0.19403349 -1.12999266 -0.05042518 -0.8087726  -0.89848405] 
[-2.00006735 -0.76186268  0.40732975 -0.61206175 -1.31810778 -1.04441268
 -2.05315704  0.19444876 -1.13086006 -0.05101338 -0.80955432 -0.89875668] 
[-2.00232278 -0.76256226  0.4080837  -0.61215266 -1.31832735 -1.04469207
 -2.0544494   0.19486495 -1.13172829 -0.05160164 -0.81033732 -0.89902997] 
[-2.00456506 -0.7632461   0.40882452 -0.61224483 -1.31854599 -1.04497122
 -2.05573079  0.19527373 -1.13258876 -0.05218983 -0.81111621 -0.89929381] 
[-2.00682957 -0.76393429  0.40957452 -0.61233742 -1.31875965 -1.04525846
 -2.05702182  0.19568017 -1.13345439 -0.05278406 -0.81190281 -0.89955779] 
[-2.00918565 -0.7646652   0.41033011 -0.61242343 -1.31895725 -1.0455738
 -2.05834227  0.19608119 -1.13432764 -0.05336416 -0.81270802 -0.89984757] 
[-2.01153902 -0.76539493  0.41108352 -0.61250948 -1.31915348 -1.04588807
 -2.05966295  0.19648431 -1.13519883 -0.05394246 -0.81351357 -0.90013723] 
[-2.01376158 -0.76612014  0.41181132 -0.61259346 -1.31931138 -1.04619962
 -2.06092091  0.19687647 -1.13601986 -0.05450014 -0.81424473 -0.90040823] 
[-2.01600768 -0.76685028  0.41254665 -0.61267529 -1.31947159 -1.04651191
 -2.0621903   0.19727008 -1.13685226 -0.05505844 -0.8149841  -0.90068716] 
[-2.01822738 -0.7675813   0.41328354 -0.61275704 -1.3196195  -1.04682778
 -2.0634503   0.19767389 -1.13767814 -0.05561032 -0.81571642 -0.90096724] 
[-2.02040174 -0.76831651  0.41401995 -0.61283861 -1.31975539 -1.04713725
 -2.06469212  0.19807847 -1.13848184 -0.05615924 -0.81643041 -0.90124749] 
[-2.02259646 -0.76905932  0.41475816 -0.61291952 -1.31989173 -1.04744555
 -2.06594947  0.19849173 -1.13929106 -0.05670607 -0.81715319 -0.90153383] 
[-2.02466574 -0.76976515  0.41544832 -0.61300089 -1.31999595 -1.04774894
 -2.06715299  0.19891213 -1.14005471 -0.05721889 -0.81783472 -0.90179181] 
[-2.02673789 -0.77047054  0.41613762 -0.61308217 -1.32009975 -1.0480515
 -2.06835903  0.19933429 -1.1408187  -0.05773109 -0.81851845 -0.90205042] 
[-2.02891501 -0.77117534  0.41684302 -0.61316334 -1.32020957 -1.04836882
 -2.06959588  0.19974309 -1.14161197 -0.05827018 -0.81924771 -0.90231819] 
[-2.03156159 -0.77190406  0.41757177 -0.61323242 -1.32034883 -1.04869256
 -2.07107431  0.2001739  -1.14256856 -0.05886379 -0.8201416  -0.90263049] 
[-2.03423823 -0.77268233  0.41832486 -0.61330345 -1.32048699 -1.04903125
 -2.07253929  0.20059679 -1.14352224 -0.05946797 -0.8210624  -0.90294851] 
[-2.03701239 -0.77346476  0.419084   -0.61337151 -1.32063198 -1.04936772
 -2.07406017  0.20103531 -1.1445089  -0.06007843 -0.82202353 -0.90328432] 
[-2.03975384 -0.77423838  0.41983188 -0.61343925 -1.32077514 -1.0497033
 -2.0755616   0.20147278 -1.14548042 -0.06067814 -0.82297546 -0.90362081] 
[-2.04256722 -0.77499474  0.42056901 -0.61351304 -1.32092435 -1.05005046
 -2.07712139  0.20193708 -1.14646213 -0.06128163 -0.82395733 -0.90396479] 
[-2.04609909 -0.77585758  0.42138775 -0.61356844 -1.32120045 -1.05040142
 -2.07902638  0.20242672 -1.14771961 -0.06196356 -0.82518596 -0.90441738] 
[-2.0492651  -0.77666921  0.42220093 -0.6136456  -1.32142232 -1.05077602
 -2.08074393  0.20291556 -1.1488272  -0.06261754 -0.82634185 -0.90481464] 
[-2.05246112 -0.77750098  0.42304083 -0.61372121 -1.32166442 -1.05115313
 -2.08244094  0.20337417 -1.14995865 -0.06330782 -0.8274907  -0.90522409] 
[-2.05569797 -0.77835105  0.42389992 -0.61379685 -1.32190909 -1.05154288
 -2.08415332  0.20382586 -1.15108692 -0.0639949  -0.82867022 -0.90564302] 
[-2.05890719 -0.77919842  0.42475535 -0.61387354 -1.32214591 -1.05193315
 -2.08585546  0.20428539 -1.15221004 -0.06467919 -0.82983869 -0.90605805] 
[-2.06188372 -0.78002219  0.42557462 -0.61395266 -1.32236697 -1.052317
 -2.08745079  0.20472076 -1.15323467 -0.06532168 -0.8309002  -0.9064545 ] 
[-2.06517239 -0.78089781  0.42649194 -0.61403538 -1.32258882 -1.05275125
 -2.0892883   0.20523701 -1.15439588 -0.06598146 -0.83209194 -0.90686871] 
[-2.06879923 -0.7817172   0.42740516 -0.61412104 -1.32286721 -1.05322439
 -2.09126092  0.205721   -1.15566379 -0.06670725 -0.83339336 -0.90730218] 
[-2.07235059 -0.78253349  0.42831958 -0.61420148 -1.32316581 -1.05366312
 -2.09319823  0.20619382 -1.15692685 -0.0674132  -0.83468107 -0.90772643] 
[-2.07604409 -0.78335523  0.42923924 -0.61428077 -1.32346175 -1.0540948
 -2.09522012  0.20672125 -1.15827768 -0.06815083 -0.83601798 -0.90815994] 
[-2.0796222  -0.78418324  0.43015314 -0.61435558 -1.32372499 -1.0545221
 -2.09717025  0.20723229 -1.15959382 -0.06887826 -0.8372991  -0.90858243] 
[-2.08311774 -0.78502851  0.43108048 -0.61443112 -1.32397928 -1.05492652
 -2.09911566  0.2077328  -1.16087383 -0.0695941  -0.8385405  -0.90898259] 
[-2.08674628 -0.78590365  0.43202905 -0.6145091  -1.3242507  -1.05534981
 -2.10114707  0.20825725 -1.16220927 -0.07031829 -0.83982782 -0.9093896 ] 
[-2.09041137 -0.78675165  0.43295704 -0.614585   -1.32452052 -1.05576879
 -2.1031714   0.20875183 -1.16354341 -0.07105991 -0.84112695 -0.90979008] 
[-2.09390219 -0.78759105  0.43386837 -0.61466081 -1.32477589 -1.05617841
 -2.10509703  0.20922241 -1.16481958 -0.07178153 -0.84235424 -0.91017093] 
[-2.09742401 -0.78843253  0.43478159 -0.61473486 -1.32502909 -1.05658359
 -2.10704583  0.20970401 -1.1661095  -0.07250269 -0.84359848 -0.91055526] 
[-2.10101923 -0.78927255  0.43570837 -0.61481168 -1.32529051 -1.05699359
 -2.10904029  0.21019344 -1.16741769 -0.07323674 -0.8448818  -0.9109441 ] 
[-2.10561834 -0.79018279  0.43671047 -0.61491648 -1.32563763 -1.05756195
 -2.11143415  0.21074982 -1.16894444 -0.07415759 -0.84661749 -0.91148475] 
[-2.11023969 -0.79109469  0.43771346 -0.61502131 -1.32598662 -1.05813061
 -2.11384055  0.21131092 -1.17047661 -0.07507954 -0.84836547 -0.91202945] 
[-2.11488247 -0.79195945  0.43869234 -0.61513596 -1.32634962 -1.05871738
 -2.11626143  0.21187865 -1.17198849 -0.07601595 -0.85011293 -0.9125897 ] 
[-2.11962831 -0.79283492  0.43967928 -0.6152523  -1.32672607 -1.0593033
 -2.11874497  0.21247203 -1.17352891 -0.07696216 -0.8519143  -0.91316739] 
[-2.12441306 -0.79370678  0.4406656  -0.61536916 -1.32710419 -1.05989168
 -2.12124768  0.21306752 -1.17507859 -0.07791389 -0.8537343  -0.91374687] 
[-2.12928826 -0.79459075  0.4416668  -0.61548642 -1.32748885 -1.06048248
 -2.12380542  0.21367632 -1.17665595 -0.07887532 -0.85559934 -0.91433438] 
[-2.13402938 -0.79545701  0.44263316 -0.61560307 -1.32784791 -1.06107147
 -2.12628192  0.21429292 -1.17819122 -0.07981027 -0.85741967 -0.91491309] 
[-2.13894538 -0.79633981  0.44362448 -0.61571961 -1.32822205 -1.06167044
 -2.12884641  0.2149121  -1.1797714  -0.08077386 -0.85931008 -0.91551331] 
[-2.14375971 -0.79721726  0.44460451 -0.61583512 -1.3285818  -1.06225806
 -2.1313649   0.21553105 -1.18131759 -0.08171946 -0.86116362 -0.91610492] 
[-2.14851542 -0.7981089   0.44558431 -0.61594996 -1.32893532 -1.06283001
 -2.13386405  0.21615269 -1.18284907 -0.08265807 -0.86298725 -0.91668904] 
[-2.15325801 -0.79900211  0.4465609  -0.61606414 -1.3292846  -1.06339975
 -2.13635518  0.21677775 -1.18437431 -0.08359355 -0.86480863 -0.9172764 ] 
[-2.15801127 -0.79989313  0.44753657 -0.61617717 -1.32962845 -1.06397287
 -2.13884564  0.21739983 -1.18589987 -0.08452932 -0.86663731 -0.91786548] 
[-2.16257592 -0.8007384   0.44847714 -0.61628944 -1.32991334 -1.0645579
 -2.1411926   0.21798145 -1.18737717 -0.08546537 -0.86838405 -0.91840494] 
[-2.16683485 -0.80158842  0.44940277 -0.61639336 -1.3301544  -1.06509347
 -2.14343547  0.21856526 -1.18876226 -0.08633357 -0.8699997  -0.91891727] 
[-2.17113265 -0.80243808  0.45033264 -0.61649844 -1.33040953 -1.06562887
 -2.14569216  0.21914619 -1.19015671 -0.08721498 -0.87162909 -0.91943958] 
[-2.17542821 -0.80328836  0.45126228 -0.61660368 -1.33066438 -1.06616207
 -2.14794964  0.21972706 -1.19154922 -0.08809587 -0.87325914 -0.91996032] 
[-2.17929409 -0.8041296   0.45215165 -0.61670475 -1.33088023 -1.0666598
 -2.15000646  0.22031083 -1.19284919 -0.08890402 -0.87470354 -0.92043453] 
[-2.18312652 -0.80496014  0.45302682 -0.61680545 -1.33108852 -1.06715359
 -2.15204331  0.22089707 -1.1941404  -0.08970683 -0.87613747 -0.92090349] 
[-2.18724127 -0.80583666  0.45396786 -0.61690474 -1.33130818 -1.06768731
 -2.15423035  0.22151386 -1.19554252 -0.09054186 -0.87768344 -0.92140343] 
[-2.19103591 -0.80668652  0.45485936 -0.6170005  -1.33148606 -1.06819028
 -2.15625807  0.22212161 -1.19684794 -0.09132769 -0.87909507 -0.92187229] 
[-2.19487318 -0.80754073  0.45575657 -0.61709645 -1.33166577 -1.06869373
 -2.15831223  0.22273651 -1.19816583 -0.09211769 -0.88052846 -0.92234462] 
[-2.19870805 -0.80839392  0.4566517  -0.61719211 -1.33184373 -1.06919503
 -2.16036694  0.22335339 -1.19948163 -0.09290584 -0.8819627  -0.92281728] 
[-2.20167112 -0.80916628  0.45734576 -0.61726407 -1.33185156 -1.06961166
 -2.16193036  0.22389763 -1.20053564 -0.09353016 -0.88305133 -0.92314372] 
[-2.20452775 -0.809928    0.45803228 -0.61733595 -1.33186446 -1.07003015
 -2.16343181  0.22439869 -1.20152393 -0.09412859 -0.88410217 -0.92346427] 
[-2.20736501 -0.81070556  0.45873018 -0.61740793 -1.33186554 -1.07045042
 -2.16494388  0.22492523 -1.20251011 -0.0947133  -0.88515001 -0.92379029] 
[-2.21018971 -0.81148006  0.45942542 -0.6174799  -1.33186639 -1.07086945
 -2.16644826  0.22544694 -1.20349108 -0.09529796 -0.88619044 -0.92411437] 
[-2.21292649 -0.81220516  0.46007441 -0.6175496  -1.33185915 -1.07128015
 -2.16786696  0.22593512 -1.20444184 -0.09588803 -0.88718554 -0.92442726] 
[-2.21553022 -0.81288254  0.46070254 -0.61762145 -1.33186201 -1.07166166
 -2.16921861  0.22638598 -1.20535861 -0.09647962 -0.88812843 -0.9247002 ] 
[-2.21778859 -0.81348924  0.46124911 -0.61769281 -1.33183173 -1.07202203
 -2.17039222  0.22684218 -1.20616146 -0.09699706 -0.88895808 -0.92494712] 
[-2.22011343 -0.81409177  0.4618046  -0.61776164 -1.3318019  -1.07238849
 -2.17157453  0.22727409 -1.20697878 -0.0975365  -0.88981682 -0.92519859] 
[-2.22253785 -0.81471274  0.46237748 -0.61782896 -1.3317929  -1.07276077
 -2.17279943  0.22770067 -1.20783315 -0.09808277 -0.89072516 -0.92545571] 

 Time 
1424.3817892074585 
