Energy 
 
-6.44766629155356 
-8.339496718747323 
-7.572706314942373 
-6.104633864986902 
-7.2309463601254045 
-5.995140579979388 
-5.227893838831445 
-6.065032107190679 
-6.412081477235068 
-9.020271205657332 
-11.479326634715546 
-12.209458598164925 
-12.964532423386315 
-13.567650717665884 
-14.101644043807191 
-14.692697382169495 
-15.109713965151832 
-15.563405856167252 
-16.040901634365856 
-16.69125383382695 
-17.40433622397432 
-18.185739355193608 
-18.760606744332424 
-19.493260667260653 
-20.001132682815925 
-20.414254425491432 
-20.744654209355566 
-21.041809792979297 
-21.327076762876434 
-21.557839975578368 
-21.801259533017785 
-21.99884170005624 
-22.17785134447918 
-22.33491464778892 
-22.473158168319955 
-22.616205416935312 
-22.735328075677685 
-22.861819108312535 
-22.962509202137568 
-23.09355495172875 
-23.217026002583424 
-23.324068123616644 
-23.417223158257418 
-23.508723778011856 
-23.53727232278183 
-23.677810432310615 
-23.75281835041367 
-23.5953291855798 
-23.770416391683636 
-23.9063774916228 
-23.983541882810172 
-24.044300207557004 
-24.11595641196911 
-24.172899845853244 
-24.220822827163875 
-24.267569460225186 
-24.31229275528079 
-24.354601704853295 
-24.394848113986697 
-24.43544742072931 
-24.47878846325462 
-24.517905597033376 
-24.554255968137106 
-24.590066010998818 
-24.52285160792746 
-24.629902082812293 
-24.664236129440653 
-24.705461149741975 
-24.739067069274473 
-24.76799318999585 
-24.794237940270627 
-24.818679644576594 
-24.841953741895388 
-24.8637915238109 
-24.885037570924094 
-24.905075926725562 
-24.92400635666313 
-24.9421643150831 
-24.95979038949439 
-24.978523811701077 
-24.995070125136476 
-24.976738530913952 
-25.008420555791297 
-25.029840269604442 
-25.046499321085296 
-25.060173306945742 
-25.07239152674603 
-25.083686549337973 
-25.094332236276045 
-25.104460980437164 
-25.11446287189102 
-25.124113667255696 
-25.133262795852318 
-25.142054740999647 
-25.150589435770296 
-25.158821507039814 
-25.166648338348562 
-25.17415713648824 
-25.181450103084337 
-25.188414474429834 
-25.19511935285849 
-25.20141338037082 
-25.20805521944789 
-25.214170716703286 
-25.220032225300837 
-25.22565687007704 
-25.231024011205626 
-25.2361401408359 
-25.240747277843095 
-25.24332854259114 
-25.24441401883312 
-25.255014220555235 
-25.25976753226897 
-25.263925479265954 
-25.267978387035598 
-25.27187203675934 
-25.275667700129464 
-25.279335627599664 
-25.282859720381847 
-25.286290992783766 
-25.289689849448692 
-25.29290867081637 
-25.29609407959081 
-25.299028715113625 
-25.30181159654133 
-25.30448127800867 
-25.30704725614802 
-25.30951898327672 
-25.31188506517104 
-25.314156694407323 
-25.316327915887133 
-25.31840805874624 
-25.32039821319508 
-25.322313190339724 
-25.32413918561978 
-25.325876780591194 
-25.327591138853574 
-25.32923867665309 
-25.330821834132674 
-25.332350235471715 
-25.333804792698892 
-25.335202487333454 
-25.336542758037645 
-25.337833325814028 
-25.33908677128498 
-25.34029086724028 
-25.341448665452198 
-25.342597824953124 
-25.343710463230273 
-25.344802351679277 
-25.345847124644116 
-25.346845373816887 
-25.34779191092555 
-25.348684258881356 
-25.349530982262756 
-25.350343536723535 
-25.3511244531393 
-25.35187626734294 
-25.35260105553814 
-25.353328144912087 
-25.354023428942593 
-25.354714203931575 
-25.35537448969773 
-25.356021684415364 
-25.356627071767008 
-25.357213155351147 
-25.357770652869313 
-25.358307881009765 
-25.358823085874235 
-25.359317886506748 
-25.359792261220026 
-25.36025210593428 
-25.360693347195248 
-25.361118546971223 
-25.36152993332351 
-25.361926631322 
-25.362310363180416 
-25.362681334153404 
-25.36304301481912 
-25.363392588790607 
-25.363729715180018 
-25.364057989852544 
-25.364372702390344 
-25.36467514160254 
-25.36497098348778 
-25.365257005214108 
-25.365531997501318 
-25.365791008897205 
-25.36604233137401 
-25.36628108383295 
-25.36650948944771 
-25.366729519672607 
-25.366942633867424 
-25.367154506645438 
-25.367356432650666 
-25.367544391201136 
-25.367725951579708 
-25.36790148393895 
-25.368071716455997 
-25.368236353353737 
-25.368395484963497 
-25.36854923529878 
-25.368702122843274 
-25.368850255158286 
-25.36899357824404 
-25.369130281075773 
-25.369261998010487 
-25.369389462363987 
-25.369512652727273 
-25.369626624508935 
-25.3697363756032 
-25.369842974110252 
-25.36994663656608 
-25.37004690531209 
-25.370143650007627 
-25.370237243515746 
-25.370330413182632 
-25.37041968402632 
-25.370504787182774 
-25.37058776702412 
-25.370666465586634 
-25.370741267975745 
-25.370813466843423 
-25.370885809543214 
-25.370954920823095 
-25.371021701951115 
-25.371085787304008 
-25.371147407667173 
-25.37120689799865 
-25.371264458849517 
-25.37132004050717 
-25.371374604734257 
-25.371427672528633 
-25.371477167341176 
-25.37152536880434 
-25.371571533826152 
-25.371615900322137 
-25.371658447082723 
-25.371700158383607 
-25.37174036171624 
-25.371779032372388 
-25.37181637769826 
-25.371851938595565 
-25.371886149651647 
-25.371918430648307 
-25.371949487656682 
-25.37197936696358 
-25.372008162402775 
-25.372035556289934 
-25.372063870297247 
-25.37209013253876 
-25.37211516125332 
-25.372139236505586 
-25.37216247070408 
-25.372184944275144 
-25.372206527811343 
-25.372227372641674 
-25.372247515181545 
-25.372266758445647 
-25.372285353901784 
-25.372303238269375 
-25.3723204952526 
-25.37233731021216 
-25.372353266072235 
-25.372366937180452 
-25.37237956118055 
-25.372395235472464 
-25.372413303057957 
-25.372427230132693 
-25.372440677011888 
-25.37245373643036 
-25.372466464590886 
-25.37247879543166 
-25.37249077393237 
-25.372502394937566 
-25.372513626111207 
-25.37252452730595 
-25.372535126292167 
-25.37254542508393 
-25.372555435092394 
-25.372564956046244 
-25.372574416836724 
-25.37258358310884 
-25.372592355871593 
-25.37260086203016 
-25.372609109321107 
-25.372617024538744 
-25.37262471305427 
-25.372632184470383 
-25.37263935566136 
-25.372646365165153 
-25.372653181166296 
-25.37265980994336 
-25.372666289138696 
-25.372672592497498 
-25.372678768068326 
-25.372684765926994 
-25.3726905909417 
-25.37269627684693 
-25.372701794802623 
-25.372707171065954 
-25.37271240615834 
-25.372717504631975 
-25.372722469088746 
-25.372727219656902 
-25.372731861736526 
-25.37273632612155 
-25.372740672635448 
-25.37274489322133 
-25.37274900457961 
-25.372753014697327 
-25.372756979008184 
-25.372760814859546 
-25.372764541417382 
-25.372768174659257 
-25.372771727711534 
-25.372775196380744 
-25.372778573283203 
-25.37278186069093 
-25.372785067725978 
-25.3727881923334 
-25.372791235693903 
-25.37279421861113 
-25.372797120030018 
-25.372799946659924 
-25.372802701414543 
-25.37280538545547 
-25.372808003829956 
-25.372810575291997 
-25.372813077901853 
-25.372815507992883 
-25.37281787333439 
-25.37282019833967 
-25.372822452864977 
-25.372824675928 
-25.372826840994854 
-25.372828946498927 
-25.372830995190828 
-25.37283297590757 
-25.372834910860732 
-25.372836794190306 
-25.37283862815421 
-25.372840452210333 
-25.372842211330255 
-25.372843927759746 
-25.37284561146543 
-25.372847249936758 
-25.372848850136233 
-25.37285040903624 
-25.372851939533543 
-25.372853429170735 
-25.372854866924296 
-25.3728562644311 
-25.372857618872633 
-25.372858937165343 
-25.372860237535523 
-25.372861502234674 
-25.37286274687903 
-25.372863957686913 
-25.37286513432726 
-25.372866295269244 
-25.372867422667685 
-25.372868515418354 
-25.37286954553757 
-25.372870546710946 
-25.37287152471282 
-25.372872475858234 
-25.372873418923696 
-25.372874339051364 
-25.37287523269411 
-25.3728761091016 
-25.372876960539976 
-25.372877787424816 
-25.37287859091661 
-25.37287937543395 
-25.372880137947384 
-25.37288088301557 
-25.37288159974446 
-25.372882295878938 
-25.372882973331002 
-25.372883627867925 
-25.372884266577806 
-25.372884886782504 
-25.37288548942294 
-25.372886071262453 
-25.37288663578467 
-25.37288718669666 
-25.37288772270646 
-25.372888245303262 
-25.372888752178 
-25.37288924751261 
-25.372889732138805 
-25.372890201347122 
-25.372890658546357 
-25.37289110262671 
-25.37289153493107 
-25.37289195940195 
-25.372892374426847 
-25.372892778090474 
-25.3728931707345 
-25.372893552730808 
-25.372893925822602 
-25.3728942894535 
-25.372894634424075 
-25.37289496918077 
-25.372895295090345 
-25.372895607652225 
-25.372895911677052 
-25.372896207557815 
-25.372896495076542 
-25.37289677497737 
-25.372897047635927 
-25.372897313266932 
-25.372897574922828 
-25.372897829310915 
-25.372898077556286 
-25.372898319367767 
-25.372898553190637 
-25.372898780972797 
-25.37289900142734 
-25.372899215238398 
-25.372899423651575 
-25.372899626754634 
-25.37289982560685 
-25.372900019474255 
-25.372900208466206 
-25.37290039278892 
-25.372900572405754 
-25.37290074753454 
-25.37290091827868 
-25.372901084699762 
-25.372901247140337 
-25.37290140688591 
-25.37290156154027 
-25.372901712264706 
-25.372901861323914 
-25.37290200692329 
-25.372902149033248 
-25.37290228586694 
-25.37290241926657 
-25.372902550575276 
-25.372902678524657 
-25.37290280350428 
-25.37290292518161 
-25.372903043625936 
-25.372903158553502 
-25.37290327119028 
-25.372903381018727 
-25.372903488252252 
-25.37290359270265 
-25.372903694510157 
-25.372903793853332 
-25.372903891008637 
-25.37290398580156 
-25.37290407833354 
-25.372904167953372 
-25.37290425564367 
-25.37290434122718 
-25.372904424817747 
-25.372904506614557 
-25.372904586497626 
-25.372904664340112 
-25.372904738958 
-25.372904811216873 
-25.372904881758785 
-25.372904950802535 
-25.372905017944024 
-25.372905083533563 
-25.372905147483976 
-25.372905210197445 
-25.372905271457732 
-25.372905331301762 
-25.372905389917882 
-25.372905447302454 
-25.37290550337296 
-25.37290555818097 
-25.37290561179416 
-25.372905664319333 
-25.37290571477442 
-25.372905763976085 
-25.372905812084834 
-25.372905859232628 
-25.372905905244632 
-25.372905950277534 
-25.37290599432918 
-25.372906037098453 
-25.372906078497493 
-25.372906119112532 
-25.372906158732512 
-25.37290619753481 
-25.37290623551646 
-25.372906272729228 
-25.3729063091795 
-25.372906345016823 
-25.372906379960696 
-25.372906414207648 
-25.372906447786168 
-25.37290648076572 
-25.372906512991353 
-25.372906544489055 

 Time 
213499.17613220215 
