Energy 
 
-7.184972924030779 
-10.541891894995503 
-11.565114647677184 
-11.93794428934865 
-12.172173490642532 
-12.32711974932998 
-12.439433717278789 
-12.528102903014968 
-12.599523644694118 
-12.64717515215655 
-12.687664502063665 
-12.704372570348724 
-12.719217236428427 
-12.731377614607094 
-12.740759007515496 
-12.74745319968764 
-12.753015371455948 
-12.757686728236875 
-12.762524749069655 
-12.76763332320099 
-12.772869278587034 
-12.777298466503705 
-12.781108996344564 
-12.784377904610938 
-12.78757260881217 
-12.7908129731332 
-12.794788403264405 
-12.79904037474223 
-12.802138218235413 
-12.805488022787266 
-12.808926409862124 
-12.812396319486265 
-12.816035263195865 
-12.818746419132964 
-12.821284040908413 
-12.823872402949547 
-12.826580852385522 
-12.840687653399577 
-12.848660444918014 
-12.852729438784241 
-12.856859834605256 
-12.860248066767099 
-12.863009567634004 
-12.866023699852468 
-12.869132125538421 
-12.872218229755623 
-12.87527448238675 
-12.87878818905386 
-12.882386964178616 
-12.886767236770002 
-12.89015895151229 
-12.894667099622097 
-12.89903006727534 
-12.903977353489601 
-12.908125667009472 
-12.911381806799437 
-12.914480950639705 
-12.91817100160982 
-12.921622235217274 
-12.924530381789175 
-12.927666114422966 
-12.93084118143219 
-12.933993319003536 
-12.9392510874824 
-12.942917401910229 
-12.94657954325529 
-12.950183506258568 
-12.954025084800897 
-12.958128059307455 
-12.962086789669659 
-12.965939924531867 
-12.96964984148251 
-12.973483423444383 
-12.978068383162558 
-12.98127683998139 
-12.984295175224892 
-12.987308147918437 
-12.990343986226868 
-12.99339888099635 
-12.998778219729866 
-13.007680743824423 
-13.013166845029016 
-13.0326066730929 
-13.043381379376203 
-13.053589243584828 
-13.057711102510787 
-13.061587638097288 
-13.06536426720772 
-13.068868847893558 
-13.072313061207723 
-13.075717613517103 
-13.085270263552749 
-13.094223481747806 
-13.101926505417598 
-13.108028564648784 
-13.11385999031501 
-13.118755843662234 
-13.123136546558554 
-13.12754715281558 
-13.131222694382036 
-13.1349980308719 
-13.13941384689274 
-13.151514070180225 
-13.15643832955265 
-13.160153960873792 
-13.16340032811361 
-13.166706595042744 
-13.169367002424107 
-13.172025345651036 
-13.174989967779462 
-13.177792753069227 
-13.180389745867405 
-13.182961967378567 
-13.185491526131653 
-13.189538644243356 
-13.19359373209823 
-13.198148901246757 
-13.20265068950685 
-13.206983884252832 
-13.211595107057903 
-13.215561524713445 
-13.219445316769185 
-13.225854345568028 
-13.232564191813598 
-13.239401242993361 
-13.245076866392225 
-13.250096515051125 
-13.255660004018097 
-13.258725656079239 
-13.261791100762084 
-13.264779286516058 
-13.26773837940496 
-13.270588783285152 
-13.273349018302468 
-13.276088889727914 
-13.27879175065084 
-13.281611541721743 
-13.292435766130277 
-13.296235588058693 
-13.30278253578862 
-13.307819777178468 
-13.315274734106485 
-13.32049516482526 
-13.32914506509977 
-13.333016962436265 
-13.336803154442691 
-13.340250847706091 
-13.343274644042411 
-13.346814866694743 
-13.3500000628501 
-13.352987602993307 
-13.35598616542715 
-13.359101176467005 
-13.362251474539992 
-13.365262395498831 
-13.368176007573112 
-13.370970322342501 
-13.373743788337864 
-13.37648685600811 
-13.37916945705744 
-13.381828758743229 
-13.384482172837995 
-13.387103143351949 
-13.389721695933824 
-13.3923379404036 
-13.394956437554475 
-13.39761210435488 
-13.400310033411271 
-13.402999353613888 
-13.405679718750044 
-13.408359305260948 
-13.41111411539786 
-13.413845450345281 
-13.416568805888136 
-13.419311328757374 
-13.422058722807229 
-13.424729107109817 
-13.427364576682946 
-13.430521819002465 
-13.433712988117065 
-13.436871071747172 
-13.440101075849075 
-13.443316039039294 
-13.446517519620919 
-13.449788178088234 
-13.453008022137237 
-13.456228478184801 
-13.45944549241917 
-13.46499277879014 
-13.470368700636104 
-13.477197671360116 
-13.483480317427066 
-13.488172497766413 
-13.491989237877714 
-13.495658424227983 
-13.499332866349881 
-13.502930720455655 
-13.50637562810893 
-13.510784497870556 
-13.514512814136335 
-13.518483465252721 
-13.523411850973533 
-13.52877033380739 
-13.533840946453108 
-13.54059509432505 
-13.547096544313032 
-13.552319848292925 
-13.563003531940335 
-13.569423210378098 
-13.575478554478636 
-13.579784809305389 
-13.583901489969794 
-13.588177944141496 
-13.59238941402605 
-13.596401056680907 
-13.600878604851399 
-13.605069097776727 
-13.608171555179535 
-13.61129193806695 
-13.614323948219484 
-13.617321366760613 
-13.620191982128668 
-13.622894468384384 
-13.625694497803927 
-13.62845707580184 
-13.631213404969365 
-13.634101130161504 
-13.636939273925051 
-13.639747713032587 
-13.642381052649046 
-13.64499071752069 
-13.647590999304548 
-13.65017911537076 
-13.652967017017684 
-13.655716862140043 
-13.658461382851623 
-13.661198624252822 
-13.663927722923063 
-13.666899356954481 
-13.669863001408302 
-13.672629156593768 
-13.675401126411149 
-13.678119829656213 
-13.680775786679453 
-13.68329058187299 
-13.685774157858754 
-13.688220821874353 
-13.69065582876923 
-13.69296973192579 
-13.694916074989301 
-13.69687259723862 
-13.698805460031188 
-13.700725169085429 
-13.702654262767457 
-13.704589127118133 
-13.706606116503238 
-13.708516474815205 
-13.710403767334858 
-13.712366391756845 
-13.714531758538456 
-13.717658295294708 
-13.721008384557628 
-13.723924349583395 
-13.72677782218311 
-13.729414879822741 
-13.731980166665739 
-13.73392690640602 
-13.73583109486674 
-13.737727314416848 
-13.739591033971426 
-13.741443499015444 
-13.743275870611921 
-13.745305537116007 
-13.747197837269685 
-13.749044547408126 
-13.750880109032899 
-13.752728199286508 
-13.754570204167347 
-13.756372177116619 
-13.75816307971887 
-13.75994493820765 
-13.761711628950529 
-13.763544129530285 
-13.765403811656801 
-13.767175782594755 
-13.768937742830845 
-13.770696450136608 
-13.772453032111105 
-13.7741859513682 
-13.7759208947419 
-13.777653090240726 
-13.779375297327734 
-13.781070255530258 
-13.782782392696163 
-13.784480883198995 
-13.786167282129885 
-13.787848463123051 
-13.789552310574173 
-13.791250170184789 
-13.792940750211994 
-13.794623946613385 
-13.796184595578154 
-13.797723904624702 
-13.799239972083793 
-13.800668327314519 
-13.802093471712075 
-13.803514283089015 
-13.804930930846492 
-13.806547021168866 
-13.808151652902044 
-13.809686409075411 
-13.81120778223358 
-13.812765431317288 
-13.814306712450751 
-13.815837748874495 
-13.817356532833575 
-13.819110424017993 
-13.820811800644451 
-13.822528835315634 
-13.824244164645002 
-13.826071588746602 
-13.827825154207005 
-13.829556987495412 
-13.831247741106804 
-13.832818572838015 
-13.834319760817063 
-13.835802870527283 
-13.83714363663707 
-13.838538790814145 
-13.839937298234554 
-13.841325225578299 
-13.84270782721775 
-13.844106505030119 
-13.84549952078319 
-13.846882739424201 
-13.848732143061374 
-13.850230200709017 
-13.851627645157993 
-13.853012378675247 
-13.85438585314076 
-13.85575081262009 
-13.857108255079044 
-13.858455685075176 
-13.859793202539642 
-13.861123159353548 
-13.86244657886909 
-13.86370004765465 
-13.864949754338031 
-13.866195438248948 
-13.86744957217163 
-13.868699993516305 
-13.869978046320764 
-13.871260559452363 
-13.872541232872617 
-13.873817800133372 
-13.8750868883415 
-13.876372166525076 
-13.877650480535019 
-13.878924024672658 
-13.880193531408871 
-13.881458947376956 
-13.882696704494027 
-13.883935989176798 
-13.885178698787227 
-13.886396345156724 
-13.887599799815536 
-13.888801019475428 
-13.889997956373072 
-13.891171996944083 
-13.892345696313885 
-13.893516537281204 
-13.894673967359317 
-13.895831738350319 
-13.896984661112883 
-13.898136322201488 
-13.89928201673239 
-13.90042443375598 
-13.901562087303457 
-13.90270076867144 
-13.903838155412268 
-13.904967699192298 
-13.906096557729155 
-13.907224413366498 
-13.90834945233004 
-13.909477027400964 
-13.910612080319583 
-13.911746280988522 
-13.912880325928924 
-13.914009097961245 
-13.915109443278306 
-13.916208825459751 
-13.917305298826538 
-13.918378132005738 
-13.919451166537552 
-13.920523146097205 
-13.921606180510661 
-13.922686678400478 
-13.923770339806914 
-13.924853085454256 
-13.925935597966516 
-13.927016634796477 
-13.928097688907663 
-13.929170748970662 
-13.93023266601103 
-13.931293581655574 
-13.93235821728126 
-13.933425302042693 
-13.934490220011057 
-13.935553216561985 
-13.936611401807806 
-13.937675764823384 
-13.938738996302208 
-13.939819252464794 
-13.94090174837011 
-13.941983644103004 
-13.943063352419465 
-13.944144124356516 
-13.945224332275224 
-13.946302430409268 
-13.947381387741231 
-13.948460262697765 
-13.949537758865919 
-13.950614864106752 
-13.951672934693654 
-13.952729540724455 
-13.953784301964799 
-13.954839582977698 
-13.955865523966775 
-13.956872720116255 
-13.957880772544655 
-13.958875768231234 
-13.959882944601826 
-13.960890701141249 
-13.961902915526359 
-13.962915749554032 
-13.963928298657505 
-13.964939737669376 
-13.965949968040022 
-13.966959294068126 
-13.967968749973258 
-13.968977608157406 
-13.969985481470523 
-13.970997894838856 
-13.972010293002644 
-13.973013662546272 
-13.974010986837737 
-13.975017890456176 
-13.976024751535196 
-13.977031031793953 
-13.978034847597788 
-13.979006657338202 
-13.979977246349172 
-13.980950260409733 
-13.9819219195199 
-13.982892386891344 
-13.983863076780782 
-13.9848329250492 
-13.985797684335921 
-13.986761508002282 
-13.987737060543019 
-13.98871775622573 
-13.989661110673838 
-13.990612045138741 
-13.991561656041856 
-13.992511825016157 
-13.993462830960524 
-13.994411960378647 
-13.995358409637824 
-13.996304994843932 
-13.997254070535858 
-13.9982026104067 
-13.999146006550507 
-14.00008627164255 
-14.001026106036829 
-14.001970265207895 
-14.002914279507511 
-14.00386064496913 
-14.004807240559117 
-14.005752192356082 
-14.006697391821273 
-14.007641705909435 
-14.008586759097337 
-14.009530698011655 
-14.01047338311794 
-14.011415127239086 
-14.012354709008823 
-14.013292338301305 
-14.014205364226434 
-14.015117730115087 
-14.01601994762709 
-14.016910882524066 
-14.017800710408062 
-14.018688150311888 
-14.019574291288983 
-14.020458913130494 
-14.021342711785765 
-14.02221521995136 
-14.023089625089082 
-14.023963726899197 
-14.024841895315197 

 Time 
155384.3758676052 
