Energy 
 
-3.9359959197678958 
-5.456422902615022 
-5.519873720440758 
-5.697191776419291 
-5.700502317261944 
-5.827317063520785 
-6.568315362725917 
-6.645589561318288 
-7.956838076295403 
-9.307825466373878 
-9.489231791771314 
-10.68820983109033 
-11.307956828144505 
-11.462355876361794 
-12.809694654118605 
-13.249290191713918 
-13.332482511821262 
-13.460557512573633 
-13.94426133681402 
-14.160385724276066 
-14.270662781028806 
-14.367549220566822 
-14.369404878203955 
-14.4340640113075 
-14.459847875817433 
-14.541131036733317 
-14.559549353086364 
-15.05494512307065 
-15.232915873321993 
-15.591432600593237 
-15.643752745928362 
-15.653006358287827 
-16.069191071758283 
-16.070999318059066 
-16.114148703143595 
-16.270973052778153 
-16.668396475784725 
-16.762113925733807 
-17.013694626251066 
-17.031607959455354 
-17.257644341351103 
-17.324214250345833 
-17.726562128431308 
-17.77040403878313 
-17.771895031389455 
-17.83445237369928 
-17.929669364515224 
-17.96611763169334 
-18.012442042533834 
-18.211542562033113 
-18.350170103409297 
-18.63712259946078 
-18.71357423485375 
-18.714802096753047 
-18.739964558942603 
-18.74083798723258 
-18.84396503487112 
-19.33147523269242 
-19.352460220750448 
-19.38651284016315 
-19.445405763789054 
-19.452047631495567 
-19.622966711029648 
-19.97595108292025 
-19.975963178774467 
-20.148199924833158 
-20.189395088479152 
-20.379745451907837 
-20.380084643939043 
-20.380824730716295 
-20.382746794431636 
-20.403840164529306 
-20.48032513361005 
-20.580446117706806 
-20.609704427381956 
-20.610807924203804 
-20.61118897761963 
-20.74206747887319 
-20.764780865504942 
-20.808829722787156 
-20.90100418958312 
-20.95371850563538 
-20.980245041572775 
-20.99427955805347 
-21.00039564761542 
-21.033582288917124 
-21.08465705347775 
-21.091128331627 
-21.155183036495327 
-21.21683216123432 
-21.21786275039217 
-21.22031321893101 
-21.229065271189477 
-21.346593008345252 
-21.57572171233329 
-21.63360743912509 
-21.63524259943296 
-21.65970512711441 
-21.6716267379705 
-21.682308613861366 
-21.693335415903768 
-21.753855371230113 
-21.76562126418687 
-21.77027618168962 
-21.80079946074484 
-21.821314111255646 
-21.827590322907312 
-21.933639659099363 
-21.945783891011274 
-21.962506718944482 
-22.003988289919565 
-22.004001227159556 
-22.011916296503326 
-22.027162364307365 
-22.027323485543036 
-22.034280305572782 
-22.03494188493547 
-22.03763371397542 
-22.05231557059925 
-22.055668697597877 
-22.055720402472105 
-22.091545413826967 
-22.092149328388345 
-22.09421996671046 
-22.13641977889282 
-22.174587800715777 
-22.176565511523194 
-22.17933926817847 
-22.179619674244652 
-22.221320873677403 
-22.22350808611899 
-22.22625937521679 
-22.230117234756374 
-22.243879621706945 
-22.245865708785054 
-22.270541662460438 
-22.271491012379865 
-22.30525887946773 
-22.30549557980847 
-22.306877046469573 
-22.30950643931776 
-22.31915851528759 
-22.342115981477303 
-22.34278078837155 
-22.343282983470488 
-22.344691712913388 
-22.362016096578195 
-22.373226240305907 
-22.387474950742003 
-22.397116455565012 
-22.402205491380496 
-22.47302402461384 
-22.483201362587018 
-22.48443046399835 
-22.48454774425593 
-22.545466746318755 
-22.545471029351784 
-22.586787244983253 
-22.61259059973383 
-22.629101427230886 
-22.629103103794424 
-22.63163414170777 
-22.6321423253944 
-22.63676183289132 
-22.655578189208263 
-22.655896301125402 
-22.660496873131066 
-22.662296632899896 
-22.664314406962077 
-22.67190540494651 
-22.677473058410243 
-22.677474700057108 
-22.710410027726375 
-22.713486286902093 
-22.713979064128015 
-22.71438512063102 
-22.72084852729883 
-22.756220707857683 
-22.758410448119957 
-22.75967386522795 
-22.76044516040521 
-22.859382240703848 
-22.860169877570435 
-22.860988465690777 
-22.86099595688401 
-22.863828752720863 
-22.864898343667324 
-22.86697424149164 
-22.877386356176967 
-22.8774997679106 
-22.902897877098574 
-22.90395561530121 
-22.904329203485183 
-22.918966615547827 
-22.92395835165224 
-22.92649827519404 
-22.926806241474907 
-22.93085459871282 
-22.93221706128155 
-22.93394067285498 
-22.933946090578118 
-22.957783981673856 
-22.959781710790505 
-22.975835957314313 
-22.977694008014094 
-22.979856667788802 
-23.0224383005411 
-23.026493248678804 
-23.09210702844528 
-23.099577866084747 
-23.10252340098964 
-23.103198812481047 
-23.103332762705616 
-23.11149430547273 
-23.111770325485498 
-23.122058890827226 
-23.17782121538181 
-23.189991318715332 
-23.19265320683766 
-23.20141991319162 
-23.230193895841957 
-23.244850787095373 
-23.246589661760996 
-23.24738037539493 
-23.308929961477244 
-23.32580282670542 
-23.336397058479864 
-23.350660863276715 
-23.351215382859976 
-23.35397343132072 
-23.390098462501104 
-23.4176209062836 
-23.423873856659316 
-23.4249058325295 
-23.42532642315288 
-23.432394007700164 
-23.43755916251297 
-23.440143184792 
-23.463154385042806 
-23.503293506749213 
-23.50421033964445 
-23.53954083514296 
-23.54170547350146 
-23.544323672124943 
-23.544352163323754 
-23.557465288840575 
-23.5574702944362 
-23.559722562703087 
-23.560372911471667 
-23.569587737134515 
-23.574355985715723 
-23.577567379235024 
-23.595611052042806 
-23.59577070963742 
-23.597281010023174 
-23.654207362915088 
-23.657085259460946 
-23.657580208138405 
-23.666815319146927 
-23.668698083700487 
-23.686104023912513 
-23.68619595991491 
-23.68901163392954 
-23.70907980991522 
-23.71045434944813 
-23.710786810693467 
-23.710902072475633 
-23.712024151234736 
-23.744554071306887 
-23.746482366480475 
-23.74996651821021 
-23.756405372825817 
-23.774533825604976 
-23.77472930096735 
-23.77636114350873 
-23.79138147375516 
-23.803180663482316 
-23.803294538159953 
-23.80743356672888 
-23.80811475651883 
-23.815566439551485 
-23.817610029888705 
-23.823108777743535 
-23.83372980906596 
-23.84242804796125 
-23.84243079086989 
-23.844655465442678 
-23.89101188927627 
-23.891047723956415 
-23.891237967258014 
-23.939197456063077 
-23.94048003814182 
-23.940864763548777 
-23.944370952974392 
-23.979202350618365 
-23.98176573093263 
-23.99024322793558 
-23.99318623347924 
-23.996131134294043 
-23.99613634191525 
-24.015655220248995 
-24.01605340457782 
-24.03118500600843 
-24.031191017406165 
-24.04090582707671 
-24.060111392164455 
-24.06606138903725 
-24.069454339875666 
-24.07073886231128 
-24.075666060121133 
-24.076274533997598 
-24.078339249320457 
-24.085502020855166 
-24.086094357436902 
-24.08635180685719 
-24.086414544377167 
-24.087413734657474 
-24.087910088853867 
-24.08791040271885 
-24.105887153797667 
-24.10668188669645 
-24.111026741495994 
-24.111294409213897 
-24.12641832988338 
-24.127633641146844 
-24.127660543704362 
-24.14823077778805 
-24.149373374634525 
-24.152853227632026 
-24.161260117205536 
-24.16190447975747 
-24.188266595342895 
-24.196320243506825 
-24.208609499297093 
-24.208838656220838 
-24.20940966304305 
-24.212197533959376 
-24.21560012396999 
-24.21733489937048 
-24.265720210080676 
-24.27209269187991 
-24.273351610680248 
-24.27358402586712 
-24.273683782158464 
-24.27556309907684 
-24.275730939542168 
-24.277071214084767 
-24.27951549128226 
-24.279752531145867 
-24.28596262316387 
-24.289193366208266 
-24.289988409043094 
-24.289988465634 
-24.291166171599105 
-24.29157617042336 
-24.292337898673253 
-24.29653182940096 
-24.296545113275563 
-24.297035866690578 
-24.297079927926042 
-24.30019181856233 
-24.311006593503212 
-24.318251770743295 
-24.318724281046816 
-24.323105583202025 
-24.32349022612711 
-24.32541405163852 
-24.326636873334163 
-24.33155394602045 
-24.3327763505045 
-24.337991741568796 
-24.339074822741278 
-24.339540106652077 
-24.346171236964977 
-24.34669567019888 
-24.354376487279875 
-24.355969250249665 
-24.356544320867812 
-24.356696117153223 
-24.360671173059153 
-24.3622840542977 
-24.365106027562206 
-24.365720399778667 
-24.369769207710494 
-24.36997746056884 
-24.371947708168268 
-24.377797787185752 
-24.379742392598004 
-24.38212791258586 
-24.38403957815294 
-24.38408685888114 
-24.3843667813242 
-24.38467300850871 
-24.3847565019969 
-24.38506183303737 
-24.390586498211054 
-24.39217047206313 
-24.39893292102323 
-24.405931545401533 
-24.41050201205353 
-24.41050246121387 
-24.413482547348057 
-24.41874307755716 
-24.419236776051683 
-24.43036402267981 
-24.430471668535418 
-24.43050157746619 
-24.434725569665318 
-24.441556911288277 
-24.44305086376792 
-24.44813791791439 
-24.448139112592546 
-24.448616669782883 
-24.452118976385595 
-24.458787297627012 
-24.459610265193426 
-24.460023834347794 
-24.46160448944036 
-24.46275081650785 
-24.463059641102898 
-24.466040890776444 
-24.469343598824647 
-24.46956374320871 
-24.489788047761103 
-24.498089805923016 
-24.49835991630361 
-24.498408768096482 
-24.499990489726823 
-24.499990495280862 
-24.500103643148574 
-24.500853717635444 
-24.50351632421032 
-24.505947588744494 
-24.506394549428 
-24.506603313399513 
-24.51347646024472 
-24.514815112194004 
-24.516580643424746 
-24.51685112461722 
-24.521906339755052 
-24.522057048793684 
-24.522095455010778 
-24.5239645374198 
-24.52404800715106 
-24.529192315850175 
-24.532010582626675 
-24.532722347399442 
-24.532970786165436 
-24.542780893982005 
-24.54584993932374 
-24.546416651394566 
-24.54673291677934 
-24.54682267897084 
-24.547485424266142 
-24.564016172999516 
-24.581566139093795 
-24.581566288114946 
-24.58327528472117 
-24.619792141622785 
-24.620433803171746 
-24.640282026683806 
-24.64211392954849 
-24.642632396606334 
-24.643572661721183 
-24.649807648257806 
-24.65453089902736 
-24.65492063480493 
-24.664890099630405 
-24.67024602838002 
-24.67335330667314 
-24.674087641312653 
-24.69863191537103 
-24.707376995396256 
-24.70872801122989 
-24.709268730918655 
-24.711418127143233 
-24.711441162884707 
-24.718275004205424 
-24.718864427823448 
-24.719210683195143 
-24.7366259110627 
-24.738507238456755 
-24.739377616720617 
-24.743180581737086 
-24.765926449393334 
-24.773831929646324 
-24.773833732396316 
-24.77804981118172 
-24.80079284402719 
-24.804072251396025 
-24.806223911526544 
-24.815635710685306 
-24.829244560559232 
-24.84587352125459 
-24.855015610564674 
-24.855469053063647 
-24.856267073227805 
-24.856269071188144 
-24.866398810549324 
-24.89009369576272 

 Time 
10583.424609184265 
