Energy 
 
-8.394340955829453 
-8.604915889616036 
-9.000595581773897 
-9.435512377022464 
-9.43680815123859 
-9.51110424041665 
-11.032253079318425 
-11.408384927944823 
-11.941931455554787 
-13.323230708122894 
-13.597242835710112 
-13.638361178118235 
-13.857592330488103 
-14.07338970061106 
-15.153437014417662 
-15.305862267064871 
-15.311109006255663 
-15.384041384341366 
-15.882050855899829 
-15.8905497650841 
-15.959694445061803 
-16.61860856849441 
-16.64469934472932 
-16.710266264101655 
-18.34422995918591 
-18.34432814362159 
-18.362652755711494 
-18.794951075151914 
-19.115875376480837 
-19.147999629879006 
-19.155035653959285 
-19.296817214918182 
-21.348116054266768 
-21.997677168919537 
-22.02687582270291 
-22.804041224379993 
-23.119301840243075 
-23.221621900027564 
-23.28555819460186 
-23.56087173941804 
-23.602507275631257 
-23.718937629148783 
-23.739423091563673 
-23.992388307549366 
-24.01814135121307 
-24.054143092494893 
-24.38291276605918 
-24.39505313243695 
-24.431411250244857 
-24.590663450349954 
-24.652144028332067 
-24.692030652137753 
-24.73506307854214 
-24.744697945796233 
-24.853035781849613 
-24.85847105662393 
-24.859429318783523 
-24.89062047668594 
-24.894635513152604 
-25.005840812254917 
-25.014053661986257 
-25.09572025130391 
-25.10601942583051 
-25.143355197459385 
-25.214524644618315 
-25.21489029458853 
-25.238629299076383 
-25.248843650915276 
-25.28121378059581 
-25.290600732213086 
-25.29708178029818 
-25.34008912726202 
-25.34009900252412 
-25.369846475028282 
-25.36993466019737 
-25.47442218342332 
-25.51741141649832 
-25.584631033436047 
-25.653330684602597 
-25.75984258289063 
-25.836102046410073 
-25.84031602193702 
-25.878992579698057 
-25.915758350067648 
-25.918526426341163 
-25.922482802186053 
-26.025788926143388 
-26.030088501503137 
-26.035749377616966 
-26.067690204671777 
-26.07069788658174 
-26.07325357920594 
-26.07755645460785 
-26.119780658906905 
-26.137614952861178 
-26.144830613168665 
-26.161358452854174 
-26.187808927719935 
-26.188102786880037 
-26.19153696237063 
-26.22748683414501 
-26.228471959433417 
-26.22968380858443 
-26.22979948657428 
-26.240532515365224 
-26.24760794235838 
-26.25783683359193 
-26.260236676990296 
-26.263713320973924 
-26.317783874693777 
-26.319449200526712 
-26.31960462844273 
-26.319852700377055 
-26.320239420964345 
-26.322019869192808 
-26.343392280709665 
-26.344488742867057 
-26.345358799250594 
-26.34633499598406 
-26.361732150399185 
-26.369181789383017 
-26.36924804074989 
-26.38491702565168 
-26.39480229176727 
-26.400957096274688 
-26.40315785912401 
-26.403465781944387 
-26.40825124790522 
-26.41152013238826 
-26.44698209563496 
-26.44705900255974 
-26.44959165896666 
-26.45175146017189 
-26.461921023008422 
-26.46270592852635 
-26.4629662636977 
-26.46533048734586 
-26.467698312544353 
-26.467776119492292 
-26.473009720107463 
-26.481878161154967 
-26.482424167856447 
-26.482992473596653 
-26.503133298640197 
-26.503133511013452 
-26.50318984963124 
-26.504862312378087 
-26.50948029422976 
-26.509546879686397 
-26.511588521504912 
-26.51183569868096 
-26.512074202459623 
-26.51217280598626 
-26.51229187867694 
-26.51965695302889 
-26.519657832572467 
-26.521014184415943 
-26.52598844401244 
-26.52662602155464 
-26.530556700402617 
-26.530564998747693 
-26.531019022054203 
-26.53110265970868 
-26.533714107687295 
-26.53726333072402 
-26.5373341604491 
-26.53934744103637 
-26.539796891235248 
-26.541099828122526 
-26.54126482892843 
-26.546292958265916 
-26.54690353329999 
-26.549649261852398 
-26.55111056452399 
-26.551538241454228 
-26.554619409839574 
-26.556199283594808 
-26.556213521147882 
-26.559655276289256 
-26.561570109143304 
-26.561760074023642 
-26.563812539685074 
-26.563852826412344 
-26.566471605109612 
-26.566814876313842 
-26.568759335640035 
-26.56981465557878 
-26.570708098826508 
-26.570711966187186 
-26.570737766559233 
-26.572907914697915 
-26.574302507815222 
-26.57466900424224 
-26.57754003857757 
-26.57754008264856 
-26.5776187806208 
-26.57851918334577 
-26.5785192461663 
-26.57853324126923 
-26.579044272064937 
-26.579044427193036 
-26.58028110436785 
-26.58140318300945 
-26.581407468335918 
-26.58153354080895 
-26.581999839754175 
-26.58200593909235 
-26.582009618998136 
-26.583444329399462 
-26.583448066893475 
-26.584640281146886 
-26.584652372291547 
-26.584653433373223 
-26.5851803693762 
-26.58657898977933 
-26.587075589244968 
-26.587394019241206 
-26.589102317320435 
-26.589735794042156 
-26.589978580979974 
-26.590868851855806 
-26.59102509202247 
-26.59112276998426 
-26.59113702914356 
-26.59121148688729 
-26.591549539890504 
-26.59159971152482 
-26.591714990120465 
-26.592212565721645 
-26.592241727919884 
-26.59333533639667 
-26.593444409555744 
-26.594841202577623 
-26.59494275520427 
-26.595019314519753 
-26.59525491372613 
-26.595373691260377 
-26.595859733807494 
-26.595936901420288 
-26.59594374502253 
-26.597762368110622 
-26.59818844023131 
-26.599494249048266 
-26.599628181869775 
-26.59983845026657 
-26.59991698529771 
-26.600556083643834 
-26.600593610593272 
-26.600887542794634 
-26.600959334849442 
-26.600965074959756 
-26.60150115386278 
-26.602765885052026 
-26.604005113145952 
-26.604210571840074 
-26.604262500818805 
-26.604263572666014 
-26.605014930998724 
-26.60617765246876 
-26.607161456290502 
-26.607979200458846 
-26.608192212173332 
-26.608906043154477 
-26.608942048892672 
-26.608994989310965 
-26.609108210431152 
-26.60970412732457 
-26.610351922637893 
-26.610505235397895 
-26.61092155698512 
-26.611040703183964 
-26.61115526500435 
-26.611464261424004 
-26.612067273290847 
-26.6120790356676 
-26.612149652785956 
-26.612239173985923 
-26.61228497057196 
-26.612340951390795 
-26.613059742355702 
-26.61305995285828 
-26.61326210735736 
-26.613295401278005 
-26.61375232581912 
-26.6139994925323 
-26.61440406994428 
-26.61441357308161 
-26.61478397845539 
-26.61501527134773 
-26.61509977427354 
-26.61630208463567 
-26.61638920873994 
-26.616402885658687 
-26.61720242896188 
-26.617278707046637 
-26.617481032527166 
-26.619318794722982 
-26.619669628494044 
-26.61967083081018 
-26.619838413074895 
-26.620086406419414 
-26.62113369253065 
-26.62114939792545 
-26.62244333717721 
-26.622453824073176 
-26.622542639450042 
-26.622558861600996 
-26.62345744599532 
-26.62351545352072 
-26.62356120996551 
-26.62361003765271 
-26.624936590731146 
-26.625012817032513 
-26.625296330113596 
-26.625734817413225 
-26.625748014069973 
-26.625867934692 
-26.62600816060239 
-26.62615795736604 
-26.626692385941567 
-26.626692516671717 
-26.62701634854627 
-26.62718618940029 
-26.627196093365193 
-26.627202851158703 
-26.627204998793093 
-26.627215327588193 
-26.627225186643784 
-26.627237206637357 
-26.628444485839886 
-26.628685264620824 
-26.62872264891356 
-26.629066426141762 
-26.62924538321306 
-26.62941488290744 
-26.629420851568035 
-26.629444150724694 
-26.629445197782694 
-26.62945134605728 
-26.6298018068076 
-26.630278866014084 
-26.63075177549545 
-26.63082493112008 
-26.631529894574456 
-26.63153148206954 
-26.631971264080747 
-26.63227856265457 
-26.6322847255521 
-26.63229058830515 
-26.632403909517897 
-26.632403911233965 
-26.632404979631964 
-26.632633006255457 
-26.632745350420805 
-26.632779906530658 
-26.63309475242949 
-26.633094815658502 
-26.63332700879319 
-26.63417329461865 
-26.634239448298764 
-26.634366910257167 
-26.634800207170784 
-26.634848375306035 
-26.63488585583509 
-26.6349324867438 
-26.63496502246719 
-26.63616673215776 
-26.637090470077975 
-26.637149469821754 
-26.637169159883534 
-26.6380211546933 
-26.638249129440528 
-26.638259854306742 
-26.638277845254436 
-26.638537217366707 
-26.638646006572174 
-26.638648560950784 
-26.638895911656586 
-26.63889942270847 
-26.638989999829757 
-26.639001968527516 
-26.63900871294211 
-26.63916035012866 
-26.63976032562625 
-26.64002370160441 
-26.640332277774657 
-26.640959583443387 
-26.64099193748678 
-26.641116840983567 
-26.641759649681287 
-26.641788769366162 
-26.641795119401216 
-26.641943414076962 
-26.642297718994698 
-26.64233679681461 
-26.642457185460508 
-26.642546147800342 
-26.642598659268195 
-26.64259924115668 
-26.6426867206737 
-26.6429392919919 
-26.64294300100731 
-26.643789570719985 
-26.64379735962889 
-26.644245988907933 
-26.64506485861898 
-26.645105429465875 
-26.645105992370674 
-26.645144358319754 
-26.645174081949122 
-26.645188696490123 
-26.64522889104302 
-26.645444397367413 
-26.64561418948869 
-26.645676358997136 
-26.645761965569942 
-26.64579681333514 
-26.64581389914958 
-26.6461398318679 
-26.646289329349138 
-26.646289424788748 
-26.64641806351987 
-26.646506759857893 
-26.646553940986774 
-26.64659329362079 
-26.6466071405062 
-26.646823901966183 
-26.6468245607415 
-26.64684393189798 
-26.64688783014234 
-26.64689242600682 
-26.646897623440346 
-26.646972812690407 
-26.647068343228373 
-26.64716495825364 
-26.647266193376286 
-26.647267738564583 
-26.64741381868294 
-26.64741407684971 
-26.647415878863306 
-26.647417374614903 
-26.647420768548045 
-26.647557127118805 
-26.647850576420733 
-26.648060948254397 
-26.648071653199082 
-26.648209160321567 
-26.648379232254623 
-26.648463404940117 
-26.648482452926302 
-26.648486745092363 
-26.648532633637966 
-26.648619101505812 
-26.648821536969287 
-26.64882892456087 
-26.649054872362175 
-26.649055495727843 
-26.649170391451175 
-26.649193489178874 
-26.649203945162604 
-26.64920413898143 
-26.649217902026617 
-26.649222392762013 
-26.649597626553746 
-26.649600233046677 
-26.649617777935596 
-26.649620159115035 
-26.649709243065715 
-26.649844737406276 
-26.649935573205283 
-26.649982341183815 
-26.649996459894453 
-26.650182081628593 
-26.650272571569644 
-26.650388103294766 
-26.650486748430662 
-26.650543166833927 
-26.650552242139696 
-26.650579993345715 
-26.65058040961812 
-26.650659828746974 
-26.65070877203089 
-26.65072651942667 
-26.650880160793 
-26.650984658163924 
-26.65098682821287 
-26.650998262754694 
-26.651047490545373 
-26.65109315508809 
-26.651268746838447 
-26.651329814088285 
-26.651331219110823 
-26.651352239486386 
-26.65195893789514 
-26.651960788866763 
-26.652092334083267 
-26.652101425491978 
-26.652169900467594 
-26.652180205757038 
-26.652406013780045 

 Time 
272464.47430324554 
