Energy 
 
-3.7139007149001446 
-10.03071152711017 
-11.86953148425669 
-12.683439565825388 
-13.152859032586896 
-13.418300070589638 
-13.580399003828433 
-13.662937714731697 
-13.706993137466508 
-13.735821662556438 
-13.751823053911998 
-13.760284401361787 
-13.768076771212328 
-13.776225630386365 
-13.78381302101788 
-13.789921420231478 
-13.795728117481886 
-13.799958901621311 
-13.803767228833637 
-13.807924318964861 
-13.812473581187735 
-13.825291794605697 
-13.835410675251765 
-13.84557751272651 
-13.857692218087065 
-13.890227860582808 
-13.900957973742756 
-14.122811566882483 
-14.157940331341702 
-14.21257457401475 
-14.275167592221809 
-14.321048838797136 
-14.342708185816338 
-14.355999315284333 
-14.365972684983086 
-14.376552833227432 
-14.387286272957583 
-14.412956818706874 
-14.427962871788335 
-14.437914818014129 
-14.448217079745255 
-14.45854234002382 
-14.4687414838948 
-14.478461990068196 
-14.487378363447325 
-14.517113198404672 
-14.542178323996936 
-14.565802825171245 
-14.58205571164584 
-14.591257193272654 
-14.616022150284937 
-14.62715658320979 
-14.638346010822685 
-14.671357731272483 
-14.700443326036254 
-14.726333654053828 
-14.773223191421032 
-14.810648571844615 
-14.829214732744518 
-14.843882027960031 
-14.859152368314367 
-14.870323210693282 
-14.875067280038149 
-14.878244075833164 
-14.881542123486813 
-14.885192405123398 
-14.888904920268187 
-14.89240537961724 
-14.89620453226655 
-14.899747138873956 
-14.903424342837114 
-14.909400505721177 
-14.914650220814917 
-14.923314663856743 
-14.928689488442583 
-14.932578563945055 
-14.936394752723778 
-14.940096825213864 
-14.943670568703318 
-14.947338417349986 
-14.95057137760218 
-14.95358714820525 
-14.956605633188374 
-14.95965542696143 
-14.96299116572671 
-14.966368534661527 
-14.969703179939454 
-14.973029526688627 
-14.976769261792764 
-14.98060936564189 
-14.985966445282195 
-14.992301413114815 
-14.998537562111293 
-15.00412662045655 
-15.009611835797719 
-15.015874686107097 
-15.022245817334621 
-15.028365816961767 
-15.034117790591724 
-15.038965689341111 
-15.04353477010778 
-15.048300658191 
-15.052950592327539 
-15.057524425232183 
-15.061845532387025 
-15.066021726114666 
-15.070171398179774 
-15.074264245537005 
-15.078294214700465 
-15.082320523213232 
-15.08629131287021 
-15.09019822012662 
-15.096285495034 
-15.100123971292032 
-15.103858528859387 
-15.107548149747949 
-15.111079285074055 
-15.120716726785943 
-15.158693875908071 
-15.176587422425317 
-15.201817109990465 
-15.208348545282508 
-15.214707659888582 
-15.23057978881058 
-15.236761910268811 
-15.240937515532853 
-15.245985924932882 
-15.271873554843602 
-15.285434386429342 
-15.295114811099197 
-15.310951597902493 
-15.319895251260922 
-15.326025457502103 
-15.331478950694098 
-15.333733395278797 
-15.335525768585944 
-15.337157790674853 
-15.338631818341891 
-15.340089927135335 
-15.341528441005831 
-15.342957857977959 
-15.34438592880505 
-15.345803150233323 
-15.347192779249294 
-15.348574022201383 
-15.349943643896207 
-15.351286466069169 
-15.352647470538493 
-15.353992322670148 
-15.355333242884875 
-15.356676501797176 
-15.358105402392928 
-15.359572889816754 
-15.361039185958898 
-15.362442114183173 
-15.363837555784 
-15.365310126028849 
-15.366779910737492 
-15.368226935767517 
-15.369537784824605 
-15.370789546786948 
-15.372026281262222 
-15.373237645308905 
-15.374448476248121 
-15.375659933199241 
-15.376822122767724 
-15.377945266327346 
-15.37906647879565 
-15.380193849475836 
-15.381285427890901 
-15.38236748225668 
-15.38342080685188 
-15.384696222950955 
-15.386006686086262 
-15.387247966214487 
-15.38846858308738 
-15.389731065199161 
-15.390989169506637 
-15.39220768892715 
-15.39342915913095 
-15.394652171800324 
-15.395820548672436 
-15.396986834091928 
-15.39814979459398 
-15.399310381140396 
-15.400468418858939 
-15.401652328607536 
-15.402832918471388 
-15.403992304353597 
-15.405132534966313 
-15.406264265648215 
-15.407398183944483 
-15.408541095797366 
-15.40966914400505 
-15.41079094093303 
-15.41190562634903 
-15.413010811274791 
-15.414108783566212 
-15.415204880289869 
-15.41629462319925 
-15.41736620400593 
-15.418436533487 
-15.419528938361116 
-15.420585174383298 
-15.421634995727064 
-15.422671144975505 
-15.42371274967384 
-15.424758212786939 
-15.425815408170113 
-15.426867838551571 
-15.427869113757362 
-15.428854753775468 
-15.42982151960177 
-15.430752714403063 
-15.43168165720705 
-15.432629942072886 
-15.433565503539239 
-15.434503291189134 
-15.435437990840414 
-15.436371974674413 
-15.437375342404255 
-15.438350331588188 
-15.439319836034286 
-15.440265704741668 
-15.441210363900423 
-15.442127589279174 
-15.443043644735061 
-15.443954020753253 
-15.444837885174131 
-15.445722663896689 
-15.446607814763283 
-15.447490749953758 
-15.448369887601958 
-15.449243200908564 
-15.450116769415631 
-15.450990962309369 
-15.451865587874861 
-15.452737389898878 
-15.453611622627266 
-15.454482223972585 
-15.4553539039915 
-15.45622005550759 
-15.457084941873276 
-15.457945059246448 
-15.458804368545646 
-15.45966270395914 
-15.46051796735722 
-15.461367407055258 
-15.462207227871742 
-15.463046289814812 
-15.463888532084574 
-15.46473445713681 
-15.465579505131789 
-15.466419855213278 
-15.467255016594702 
-15.46809089306996 
-15.468923344593097 
-15.469749801872332 
-15.470575551536601 
-15.471400572456364 
-15.472224237108296 
-15.473053344613096 
-15.473882198441952 
-15.474710098478255 
-15.47555225769446 
-15.47639311592629 
-15.477238618245872 
-15.478081828045342 
-15.478910089260557 
-15.479739082146555 
-15.480571928158549 
-15.481403085846225 
-15.48223387955159 
-15.483047926456358 
-15.483852198463072 
-15.484675377857544 
-15.485499025728398 
-15.486321071911586 
-15.487151810617954 
-15.487982091324625 
-15.488806172153 
-15.489629002344593 
-15.490455034894556 
-15.4912797906127 
-15.49210407312567 
-15.492914422701453 
-15.493722640946768 
-15.49452603394059 
-15.495327725631297 
-15.496128209509006 
-15.496927603551326 
-15.497722658663868 
-15.498517363085698 
-15.499316164957438 
-15.500114510318511 
-15.50091442122289 
-15.501709958760339 
-15.502518056122174 
-15.503337668585159 
-15.504152688749107 
-15.504965414292718 
-15.505774575581212 
-15.506585831929367 
-15.507399528977555 
-15.508213730882641 
-15.509028102891257 
-15.509841005485821 
-15.510647162641373 
-15.511468888315651 
-15.51223711724413 
-15.513002491787624 
-15.513766058456739 
-15.514527823529551 
-15.515297122280817 
-15.5160605624478 
-15.516822140936755 
-15.517583930395135 
-15.51834254761744 
-15.519101431128451 
-15.519858545565848 
-15.520617468296667 
-15.521374404660284 
-15.522129824644622 
-15.52288330328477 
-15.523646420461162 
-15.524407675752613 
-15.525144600470053 
-15.525864888360317 
-15.526589140904113 
-15.52731055562337 
-15.528043660847732 
-15.528774461522527 
-15.529483228575078 
-15.530185771599669 
-15.530882311291496 
-15.53157689777912 
-15.53226817647107 
-15.53295702727698 
-15.533644929681413 
-15.534331803202223 
-15.535017425753736 
-15.535701761817476 
-15.536385181981043 
-15.537070731504125 
-15.537744889316212 
-15.53841840728004 
-15.539090179228658 
-15.539758521369082 
-15.540416933707744 
-15.541070797891727 
-15.541723560883137 
-15.542375996052268 
-15.543023688457499 
-15.543671613854427 
-15.544316801199946 
-15.544958138719974 
-15.545591662049057 
-15.546224105691628 
-15.54685569310482 
-15.547486733683881 
-15.548116805261316 
-15.548747337861503 
-15.54937689782813 
-15.550008758177935 
-15.550633224357956 
-15.551249142420104 
-15.551856833291748 
-15.552461491836434 
-15.55306545228799 
-15.553678003870974 
-15.554289482929228 
-15.554899532076169 
-15.555510581527239 
-15.556116203082437 
-15.55672073795247 
-15.557325645517285 
-15.557930300524134 
-15.558535714348235 
-15.559137017044211 
-15.559738659670424 
-15.560337185062023 
-15.56093453046996 
-15.561533210530863 
-15.562138027432276 
-15.562742654321957 
-15.56334301982667 
-15.563938491405246 
-15.564533319594926 
-15.56512810892809 
-15.565719385287068 
-15.56630982516376 
-15.566898795622972 
-15.567487016052365 
-15.568073371595384 
-15.568658781879558 
-15.569243198614881 
-15.569823636824081 
-15.570394131392215 
-15.570963825088175 
-15.571532709099289 
-15.572100778093732 
-15.572666073280592 
-15.573230926368007 
-15.573794995346164 
-15.574357298164166 
-15.574917183814831 
-15.575476970520274 
-15.576033874538961 
-15.576586423177055 
-15.577140115217825 
-15.577693665555211 
-15.57824608197106 
-15.578800276589032 
-15.579354504459312 
-15.579909243828622 
-15.580462156509459 
-15.581014717938507 
-15.58156457132434 
-15.582112003533943 
-15.582657126663472 
-15.58320157264659 
-15.583745298385704 
-15.584289361399925 
-15.584826593706435 
-15.585362029132591 
-15.585897526683445 
-15.586430260225196 
-15.586962390557584 
-15.587494693816822 
-15.588027734852112 
-15.58856003726217 
-15.589091704092192 
-15.589622624900183 
-15.590151963748687 
-15.59068056706149 
-15.591208487266378 
-15.591731713649212 
-15.592254334980494 
-15.592773072483299 
-15.593289894953228 
-15.593801532956382 
-15.594312346246998 
-15.594822543715463 
-15.59532755670461 
-15.595834194390356 
-15.596339353527732 
-15.596843838394335 
-15.597342176587903 
-15.597839385583573 
-15.598335218541267 
-15.59882534921861 
-15.599315098260865 
-15.59980446250293 
-15.600294342548331 
-15.600783071676487 
-15.601271238710703 
-15.601760486612935 
-15.602250080245287 
-15.60273916001135 
-15.603226230053536 
-15.603712782016878 
-15.604199552631119 
-15.60468567806516 
-15.605171252763617 
-15.605656036868115 
-15.606133404289928 
-15.606609848510573 
-15.60708544309465 
-15.607560461774474 
-15.608038622891282 
-15.608516732799504 
-15.608994284283103 
-15.609471206537817 
-15.609946967589643 
-15.610422281711639 
-15.610897411671218 
-15.61137193278618 
-15.611837894578153 
-15.61230182546083 
-15.612764237688632 
-15.613223205073691 
-15.613681650259448 
-15.614139517135136 
-15.614594362124851 
-15.615048574451393 
-15.615496866808957 
-15.615944978517676 
-15.616392282286572 
-15.61684008828604 
-15.617287347097161 
-15.617733945247075 
-15.618179958264577 
-15.618625453091498 
-15.619069962256827 
-15.61951449985957 
-15.619958334985185 
-15.62039960398009 
-15.620841819188744 
-15.621288709663052 
-15.62173501466788 

 Time 
24986.703105211258 
