Energy 
 
-7.553626240269384 
-8.93607766182755 
-9.521608078147057 
-9.845370544041089 
-10.024430571134861 
-10.144600936851248 
-10.228857703164614 
-10.28900853607791 
-10.33126314656431 
-10.364634910887329 
-10.379796348529869 
-10.387087673833028 
-10.392409394000845 
-10.398257972304153 
-10.403927479192403 
-10.41052787600832 
-10.415833299087401 
-10.431174747678238 
-10.436902508042888 
-10.440602319145686 
-10.444513473712776 
-10.448716633835879 
-10.451860824227188 
-10.454784440224042 
-10.45716726346416 
-10.459440102164272 
-10.474855672348987 
-10.480245182781388 
-10.488094706952833 
-10.495994237882432 
-10.498977612007694 
-10.502022071308478 
-10.505293809153297 
-10.507910000211922 
-10.517797219969172 
-10.527925425759342 
-10.538444393450607 
-10.546002628457094 
-10.550858459564736 
-10.555662709160227 
-10.560524030197247 
-10.565371191064461 
-10.571191346804138 
-10.576138115205033 
-10.579269374021 
-10.582680228123403 
-10.586087091615195 
-10.589495560594237 
-10.592580009058963 
-10.595892153036218 
-10.599218872289635 
-10.60214296552105 
-10.604761201147923 
-10.607420370963734 
-10.610086012412314 
-10.614610423921084 
-10.618048802427278 
-10.620597560025125 
-10.626146903414025 
-10.631103304073743 
-10.635098642982143 
-10.638607566076958 
-10.641621857595478 
-10.646174607611549 
-10.650083071302351 
-10.653924895210647 
-10.663084181003963 
-10.666910742532746 
-10.670733486244128 
-10.674432777750031 
-10.680099482978141 
-10.68609587403795 
-10.69192462568483 
-10.696299330186182 
-10.700835765740955 
-10.706635039362626 
-10.710074265108295 
-10.71422475226711 
-10.718034725739157 
-10.73817033873151 
-10.742935393976678 
-10.747387807743351 
-10.75348194217409 
-10.759246363797423 
-10.771701344916272 
-10.778311104673577 
-10.784154452008249 
-10.790500654241868 
-10.795389832866515 
-10.799411391171258 
-10.803346561331999 
-10.806453998737299 
-10.80989410477693 
-10.814268214349916 
-10.818194121728641 
-10.843318148912726 
-10.848172793870066 
-10.852818311180084 
-10.85635121715903 
-10.85975033274153 
-10.862741200728667 
-10.86554995158724 
-10.867770309225287 
-10.869963002461265 
-10.871866429226843 
-10.87376742574308 
-10.875860449926364 
-10.883889920524396 
-10.887940279145754 
-10.892680779846296 
-10.895746501265204 
-10.898476283065227 
-10.902700952112466 
-10.906100851568477 
-10.90873488853114 
-10.911401871070577 
-10.914534730489391 
-10.916778474133356 
-10.91860659239839 
-10.920502902544136 
-10.922747874541622 
-10.927390332233966 
-10.92955865549299 
-10.93150690098433 
-10.93340148832711 
-10.935264363605146 
-10.937108894568839 
-10.93899064665623 
-10.940932627959903 
-10.942864649524848 
-10.944679605069854 
-10.947065842737766 
-10.949032667681296 
-10.951117922518758 
-10.953066544926488 
-10.954843580441029 
-10.956401200135709 
-10.95792486682086 
-10.959811754121507 
-10.961658198084509 
-10.963445460944296 
-10.965303343329657 
-10.968953892595405 
-10.972629727597603 
-10.974602198989253 
-10.976504534712655 
-10.978260364606662 
-10.981274363424372 
-10.984439568331137 
-10.98724829326883 
-10.991327554294369 
-10.99477320608637 
-10.99630389263854 
-10.999312710680455 
-11.001654287380322 
-11.004226465313028 
-11.006020000966508 
-11.0076414375141 
-11.009470410326827 
-11.011226292547342 
-11.01263265976842 
-11.01403125630333 
-11.01540525123342 
-11.016851287604108 
-11.018310742140528 
-11.0198998405227 
-11.021425408508819 
-11.023455469473237 
-11.025454311282788 
-11.026951300148193 
-11.028417855584742 
-11.029940126672482 
-11.031531083979903 
-11.033120028950044 
-11.034584726929152 
-11.036000472043044 
-11.037526399154055 
-11.039036463691444 
-11.04074079346678 
-11.042436638649678 
-11.043971895168804 
-11.045439700652086 
-11.046891269089436 
-11.048369962480242 
-11.049838590403304 
-11.05129816106858 
-11.052589146550805 
-11.053875738419071 
-11.055166175937993 
-11.056637099514317 
-11.058145074032836 
-11.059760012612974 
-11.062471006208478 
-11.064578825137215 
-11.06675420902348 
-11.068410810687121 
-11.070054872002427 
-11.071688567304998 
-11.073271291538928 
-11.074806908251265 
-11.076333823779404 
-11.077831551173588 
-11.079698100184121 
-11.081171138820638 
-11.082642475051006 
-11.084126005471433 
-11.085600613953781 
-11.087067345891013 
-11.088540836949184 
-11.089995113611984 
-11.091375032597634 
-11.092752774084854 
-11.094149617924543 
-11.095543075586878 
-11.096922512728026 
-11.098345610970794 
-11.09977981142216 
-11.101201685778964 
-11.102613918195061 
-11.104038133002657 
-11.105481219210809 
-11.107069254079455 
-11.108734046252554 
-11.110350875212543 
-11.111862178705795 
-11.113361137376517 
-11.114855057369752 
-11.116338669047767 
-11.117812959777057 
-11.119240313935597 
-11.120706435960406 
-11.12220247029031 
-11.123683815797719 
-11.125153847530834 
-11.126579939927744 
-11.127997946076269 
-11.129405591619907 
-11.1308622682995 
-11.132418436330148 
-11.133873654578954 
-11.135254122310965 
-11.136610496787924 
-11.13790103159622 
-11.139198501167195 
-11.14048823655917 
-11.14178032783562 
-11.143061551937098 
-11.144347544594988 
-11.145623180721529 
-11.147057328603927 
-11.148185653555489 
-11.149281483955127 
-11.150375173652119 
-11.151472134138482 
-11.152565705020105 
-11.153642380811213 
-11.154733759498177 
-11.155870070487548 
-11.157019735481619 
-11.158166668386672 
-11.159411724719902 
-11.16075233111264 
-11.162036406119682 
-11.163453072327343 
-11.164857103212478 
-11.166246367237184 
-11.167623647198216 
-11.169167116411614 
-11.170783983206128 
-11.17237375089716 
-11.173947042320608 
-11.17547572646673 
-11.176984453178763 
-11.178428507630215 
-11.179855416995771 
-11.181268711518689 
-11.18272186403484 
-11.184143862922278 
-11.185522978731363 
-11.18683803589048 
-11.188112457173787 
-11.189376667008244 
-11.190630000631561 
-11.1918916598659 
-11.193146445541228 
-11.194393094851158 
-11.195639780574908 
-11.196884324584039 
-11.198124794709521 
-11.199380510961662 
-11.200717063590531 
-11.202038534596461 
-11.203326061100562 
-11.204615252870266 
-11.205894324428623 
-11.207148658756262 
-11.208398206040043 
-11.20963082300555 
-11.210808855377493 
-11.211973748222562 
-11.213130966466121 
-11.2142754432993 
-11.215402641438967 
-11.216532862523337 
-11.217656719170744 
-11.218771589336486 
-11.219878516532951 
-11.220981443313399 
-11.222079483310603 
-11.223166944405138 
-11.224217482432914 
-11.22525756536489 
-11.226292820143794 
-11.227326610518977 
-11.22833872294547 
-11.229317833573727 
-11.230292668226719 
-11.231282711779516 
-11.232263196010841 
-11.233227836462632 
-11.234180199707541 
-11.235133854296766 
-11.236078603718543 
-11.237020687765675 
-11.237960703788566 
-11.23891586995663 
-11.239869151809739 
-11.240819949161722 
-11.241768677336903 
-11.242712855998233 
-11.24365029903262 
-11.244604763910097 
-11.245571639553162 
-11.246523036339081 
-11.247499156053456 
-11.248472674298515 
-11.249445693712081 
-11.2504179687607 
-11.251384706127546 
-11.252357773563228 
-11.253327189245873 
-11.254268347335282 
-11.255212416643744 
-11.256180892948313 
-11.257150725817478 
-11.25810085972857 
-11.259049308514694 
-11.259977169740903 
-11.26090606606701 
-11.261837436337428 
-11.262770123749503 
-11.263723353538268 
-11.26462490470438 
-11.265526987320541 
-11.266436090998774 
-11.267346006908276 
-11.26825368241079 
-11.269148588968388 
-11.270039066409952 
-11.270928016534285 
-11.271818251224063 
-11.272683474857574 
-11.273540276461212 
-11.274399680277758 
-11.275254125423789 
-11.276109117884669 
-11.276963007992881 
-11.277815397244499 
-11.278666830479061 
-11.279511604968176 
-11.280348370285049 
-11.28118176996099 
-11.282016476842605 
-11.282854338020446 
-11.283687643973867 
-11.284515611952678 
-11.285339440602808 
-11.286167266113718 
-11.286991728137327 
-11.287800609025915 
-11.288609056501839 
-11.289424809085492 
-11.290243757917061 
-11.291059409204603 
-11.29186553450533 
-11.292672222442803 
-11.293477762073243 
-11.29428321617481 
-11.295088482742424 
-11.295892909915871 
-11.29669704931788 
-11.297479201272955 
-11.298263579466425 
-11.299026040343453 
-11.299793513427097 
-11.30055977907172 
-11.30132803614478 
-11.302090658756267 
-11.30285259674061 
-11.303616978788817 
-11.304378483178738 
-11.305141116174813 
-11.305905466249529 
-11.306670713224769 
-11.307435563328083 
-11.308201671637445 
-11.30896686650016 
-11.309738574212975 
-11.310508957159737 
-11.311281933654097 
-11.312056434464845 
-11.312831155670084 
-11.31360388401755 
-11.314381923541042 
-11.31515884669447 
-11.315937382875045 
-11.31671506311882 
-11.317484881141144 
-11.318253927088925 
-11.319021912375284 
-11.319789038166688 
-11.320555779675725 
-11.321322944964567 
-11.322091434370634 
-11.32285831586909 
-11.323623867580956 
-11.324388957705048 
-11.325155845059607 
-11.325921883510556 
-11.326684448538366 
-11.327441811351058 
-11.328198643704917 
-11.32895701278075 
-11.329714408246543 
-11.330470955378374 
-11.331224930458145 
-11.331977919115547 
-11.332732415081127 
-11.333492142534901 
-11.33425107023777 
-11.335009061050883 
-11.33576616829134 
-11.336526839648531 
-11.337287273993518 
-11.338042987625057 
-11.338795636074998 
-11.339546754165694 
-11.34029916163052 
-11.341039224301433 
-11.341776903804343 
-11.342512630840357 
-11.343247989649642 
-11.343977573909171 
-11.344702913870602 
-11.345424338744314 
-11.346143128272514 
-11.346862212174123 
-11.347581431702139 
-11.348300140909426 
-11.349023895636142 
-11.349744823461911 
-11.350464487747935 
-11.351182579584037 
-11.351900082029688 
-11.352616290538107 
-11.35333308976199 
-11.35405025593451 
-11.354766700634435 
-11.355481346948963 
-11.356189354596971 
-11.356897134636736 
-11.357571431473712 
-11.358249855956144 
-11.358926423315587 
-11.35960192985266 
-11.360288374024009 
-11.36097603564103 
-11.361656580339792 
-11.362331185786688 
-11.363005318111083 
-11.363678536192738 
-11.364352075190743 
-11.365023887759166 
-11.365700278094135 
-11.366376390021935 
-11.367044887395146 
-11.367706947399359 
-11.368371170459982 
-11.36903116448649 
-11.369685680581725 
-11.37033760924683 
-11.370988933509345 
-11.371640006746137 
-11.372288684512815 
-11.37293734592365 
-11.373582245638488 
-11.374226553383194 
-11.374870638579356 
-11.37551244903812 
-11.376153711035148 

 Time 
183907.6892836094 
