Energy 
 
-0.5876987239232458 
-0.6066146228704477 
-0.6255088045988946 
-0.6443810681815192 
-0.6632312137577112 
-0.6820590425418294 
-0.7008643568316328 
-0.7196469600165778 
-0.738406656586053 
-0.7571432521374115 
-0.7758565533839796 
-0.7945463681628717 
-0.8132125054427757 
-0.8318547753315024 
-0.8504729890835461 
-0.8690669591074536 
-0.8876364989730723 
-0.9061814234187007 
-0.92470154835814 
-0.9431966908875755 
-0.9616666692923848 
-0.9801113030537763 
-0.9985304128553723 
-1.0169238205896125 
-1.0352913493640727 
-1.0536328235076318 
-1.0719480685765492 
-1.0902369113603991 
-1.108499179887882 
-1.126734703432526 
-1.1449433125182629 
-1.1631248389248605 
-1.1812791156932754 
-1.1994059771308296 
-1.2175052588162985 
-1.235576797604874 
-1.253620431632991 
-1.2716360003230422 
-1.2896233443879503 
-1.3075823058356415 
-1.3255127279733874 
-1.3434144554120084 
-1.3612873340699627 
-1.379131211177336 
-1.3969459352796454 
-1.4147313562416204 
-1.4324873252507295 
-1.450213694820707 
-1.4679103187948859 
-1.485577052349435 
-1.5032137519964475 
-1.5208202755869376 
-1.5383964823137002 
-1.555942232714063 
-1.573457388672462 
-1.5909418134230011 
-1.6083953715517725 
-1.6258179289991403 
-1.643209353061861 
-1.6605695123951094 
-1.677898277014361 
-1.6951955182971763 
-1.7124611089848425 
-1.7296949231839267 
-1.7468968363676876 
-1.7640667253773612 
-1.7812044684233845 
-1.7983099450864106 
-1.8153830363182877 
-1.8324236244429004 
-1.8494315931568615 
-1.8664068275301404 
-1.8833492140065344 
-1.9002586404040724 
-1.9171349959152202 
-1.9339781711070994 
-1.950788057921476 
-1.9675645496747054 
-1.9843075410575504 
-2.0010169281348626 
-2.017692608345206 
-2.034334480500327 
-2.050942444784546 
-2.0675164027540065 
-2.0840562573358534 
-2.100561912827295 
-2.1170332748945215 
-2.1334702505716145 
-2.1498727482592157 
-2.1662406777232355 
-2.182573950093323 
-2.198872477861361 
-2.215136174879769 
-2.2313649563597338 
-2.2475587388693663 
-2.2637174403317104 
-2.279840980022713 
-2.295929278569028 
-2.3119822579457923 
-2.3279998414742615 
-2.3439819538193687 
-2.3599285209871876 
-2.3758394703222976 
-2.3917147305050586 
-2.4075542315488168 
-2.423357904796966 
-2.4391256829200003 
-2.4548574999123796 
-2.4705532910894124 
-2.48621299308397 
-2.5018365438431482 
-2.5174238826248585 
-2.5329749499943026 
-2.548489687820391 
-2.5639680392720603 
-2.579409948814542 
-2.5948153622054906 
-2.6101842264911035 
-2.6255164900021244 
-2.6408121023497615 
-2.6560710144215536 
-2.671293178377161 
-2.6864785476440542 
-2.701627076913158 
-2.71673872213441 
-2.731813440512261 
-2.746851190501085 
-2.7618519318005355 
-2.776815625350826 
-2.7917422333279562 
-2.80663171913885 
-2.821484047416452 
-2.8362991840147314 
-2.8510770960036735 
-2.865817751664136 
-2.8805211204827046 
-2.8951871731464824 
-2.9098158815377646 
-2.9244072187287458 
-2.9389611589760816 
-2.9534776777154397 
-2.9679567515560237 
-2.982398358274959 
-2.9968024768117125 
-3.0111690872623935 
-3.025498170874068 
-3.0397897100389564 
-3.0540436882886377 
-3.0682600902881596 
-3.0824389018301463 
-3.0965801098288255 
-3.110683702314018 
-3.1247496684250997 
-3.1387779984049127 
-3.152768683593604 
-3.166721716422495 
-3.1806370904078065 
-3.1945148001444728 
-3.2083548412997844 
-3.2221572106070955 
-3.2359219058594606 
-3.2496489259032058 
-3.2633382706315133 
-3.2769899409779626 
-3.290603938909998 
-3.30418026742242 
-3.3177189305308183 
-3.331219933264979 
-3.34468328166226 
-3.3581089827609443 
-3.3714970445935686 
-3.3848474761802283 
-3.398160287521823 
-3.411435489593357 
-3.4246730943371184 
-3.437873114655917 
-3.451035564406241 
-3.464160458391463 
-3.4772478123549395 
-3.4902976429731645 
-3.5033099678488706 
-3.5162848055041285 
-3.529222175373409 
-3.5421220977966663 
-3.554984594012354 
-3.5678096861504827 
-3.5805973972256573 
-3.593347751130029 
-3.6060607726263636 
-3.618736487340981 
-3.6313749217567626 
-3.6439761032061 
-3.656540059863886 
-3.6690668207404515 
-3.681556415674532 
-3.694008875326205 
-3.7064242311698243 
-3.718802515486975 
-3.7311437613594043 
-3.7434480026619563 
-3.7557152740554876 
-3.7679456109798277 
-3.7801390496466905 
-3.7922956270326083 
-3.804415380871866 
-3.8164983496494598 
-3.828544572594002 
-3.8405540896706807 
-3.852526941574226 
-3.864463169721816 
-3.8763628162460932 
-3.888225923988072 
-3.9000525364901515 
-3.911842697989082 
-3.9235964534089574 
-3.935313848354191 
-3.9469949291025554 
-3.9586397425981596 
-3.9702483364445236 
-3.981820758897585 
-3.993357058858736 
-4.0048572858679305 
-4.016321490096745 
-4.02774972234143 
-4.039142034016076 
-4.050498477145694 
-4.061819104359362 
-4.0731039688833715 
-4.084353124534401 
-4.095566625712704 
-4.106744527395288 
-4.117886885129169 
-4.128993755024583 
-4.140065193748254 
-4.151101258516671 
-4.162102007089393 
-4.173067497762347 
-4.183997789361174 
-4.194892941234604 
-4.205753013247822 
-4.2165780657758765 
-4.227368159697095 
-4.238123356386556 
-4.248843717709553 
-4.259529306015075 
-4.270180184129356 
-4.280796415349394 
-4.2913780634365315 
-4.301925192610084 
-4.312437867540893 
-4.322916153345055 
-4.333360115577518 
-4.343769820225858 
-4.354145333703949 
-4.364486722845747 
-4.37479405489908 
-4.3850673975194425 
-4.395306818763847 
-4.405512387084702 
-4.415684171323678 
-4.425822240705697 
-4.435926664832813 
-4.445997513678275 
-4.456034857580486 
-4.466038767237082 
-4.476009313699024 
-4.485946568364659 
-4.495850602973915 
-4.505721489602442 
-4.5155593006558306 
-4.525364108863839 
-4.535135987274662 
-4.544875009249249 
-4.5545812484556 
-4.56425477886318 
-4.573895674737274 
-4.58350401063344 
-4.59307986139199 
-4.60262330213242 
-4.612134408248051 
-4.621613255400485 
-4.63105991951427 
-4.6404744767715185 
-4.649857003606555 
-4.659207576700663 
-4.668526272976751 
-4.677813169594194 
-4.6870683439435865 
-4.696291873641615 
-4.705483836525912 
-4.714644310649964 
-4.723773374278064 
-4.732871105880308 
-4.741937584127567 
-4.750972887886563 
-4.759977096214948 
-4.768950288356437 
-4.777892543735933 
-4.78680394195474 
-4.795684562785796 
-4.804534486168902 
-4.813353792206055 
-4.822142561156745 
-4.830900873433378 
-4.839628809596594 
-4.848326450350808 
-4.856993876539595 
-4.865631169141259 
-4.874238409264356 
-4.882815678143279 
-4.891363057133873 
-4.899880627709102 
-4.908368471454716 
-4.916826670064992 
-4.925255305338501 
-4.933654459173882 
-4.942024213565678 
-4.950364650600227 
-4.958675852451533 
-4.966957901377222 
-4.975210879714521 
-4.9834348698762385 
-4.991629954346845 
-4.999796215678524 
-5.007933736487297 
-5.016042599449177 
-5.024122887296345 
-5.032174682813381 
-5.040198068833504 
-5.048193128234859 
-5.056159943936883 
-5.0640985988965985 
-5.072009176105057 
-5.079891758583748 
-5.087746429381054 
-5.095573271568771 
-5.103372368238628 
-5.111143802498834 
-5.118887657470694 
-5.126604016285254 
-5.134292962079957 
-5.141954577995316 
-5.149588947171715 
-5.157196152746093 
-5.164776277848821 
-5.172329405600479 
-5.179855619108764 
-5.187355001465372 
-5.19482763574293 
-5.202273604991976 
-5.209692992237929 
-5.217085880478155 
-5.224452352679021 
-5.231792491772973 
-5.239106380655668 
-5.246394102183166 
-5.2536557391690835 
-5.260891374381834 
-5.2681010905418795 
-5.2752849703190305 
-5.2824430963297235 
-5.28957555113443 
-5.2966824172349884 
-5.3037637770720245 
-5.310819713022401 
-5.317850307396682 
-5.324855642436675 
-5.3318358003128665 
-5.33879086312209 
-5.345720912885042 
-5.352626031543966 
-5.359506300960237 
-5.366361802912097 
-5.373192619092338 
-5.37999883110605 
-5.386780520468379 
-5.393537768602323 
-5.400270656836577 
-5.406979266403358 
-5.413663678436306 
-5.420323973968399 
-5.426960233929844 
-5.433572539146104 
-5.440160970335857 
-5.446725608109011 
-5.453266532964773 
-5.459783825289692 
-5.466277565355796 
-5.472747833318687 
-5.47919470921571 
-5.485618272964132 
-5.492018604359345 
-5.4983957830731 
-5.504749888651768 
-5.511081000514594 
-5.5173891979520775 
-5.52367456012421 
-5.529937166058909 
-5.536177094650373 
-5.542394424657483 
-5.548589234702245 
-5.554761603268263 
-5.560911608699165 
-5.5670393291972 
-5.573144842821655 
-5.57922822748751 
-5.5852895609639495 
-5.5913289208729875 
-5.597346384688077 
-5.603342029732774 
-5.609315933179367 
-5.615268172047634 
-5.621198823203482 
-5.627107963357714 
-5.632995669064803 
-5.638862016721653 
-5.64470708256639 
-5.650530942677182 
-5.656333672971121 
-5.66211534920304 
-5.667876046964423 
-5.673615841682308 
-5.6793348086182025 
-5.685033022867034 
-5.690710559356143 
-5.696367492844213 
-5.702003897920354 
-5.70761984900304 
-5.713215420339241 
-5.71879068600343 
-5.7243457198966805 
-5.729880595745797 
-5.7353953871023915 
-5.740890167342077 
-5.746365009663562 
-5.751819987087906 
-5.75725517245765 
-5.762670638436064 
-5.768066457506358 
-5.77344270197097 
-5.778799443950778 
-5.78413675538442 
-5.789454708027609 
-5.794753373452391 
-5.800032823046563 
-5.805293128012945 
-5.810534359368813 
-5.815756587945232 
-5.820959884386491 
-5.826144319149505 
-5.831309962503271 
-5.8364568845282605 
-5.841585155115952 
-5.846694843968251 
-5.85178602059704 
-5.856858754323632 
-5.861913114278348 
-5.866949169400007 
-5.871966988435524 
-5.876966639939441 
-5.881948192273538 
-5.886911713606416 
-5.8918572719130875 
-5.896784934974676 
-5.901694770377933 
-5.906586845515021 
-5.911461227583061 
-5.916317983583912 
-5.921157180323795 
-5.925978884413007 
-5.930783162265672 
-5.935570080099435 
-5.940339703935218 
-5.9450920995970025 
-5.949827332711518 
-5.954545468708112 
-5.959246572818494 
-5.963930710076538 
-5.968597945318111 
-5.973248343180902 
-5.977881968104232 
-5.982498884328937 
-5.987099155897221 
-5.991682846652493 
-5.996250020239295 
-6.00080074010318 
-6.005335069490604 
-6.009853071448854 
-6.014354808825946 
-6.018840344270611 
-6.023309740232188 
-6.027763058960594 
-6.032200362506309 
-6.036621712720334 
-6.041027171254164 
-6.045416799559802 
-6.049790658889753 
-6.054148810297045 
-6.058491314635228 
-6.062818232558428 

 Time 
1370.5362124443054 
