Energy 
 
-2.0597577698762604 
-2.6767472687642266 
-3.267046332837076 
-3.8285611127317005 
-4.3599865651243235 
-4.86072647001354 
-5.330791181669231 
-5.770686128904429 
-6.181301396609425 
-6.563809603270382 
-6.9195763531887 
-7.250085135156143 
-7.556876783510994 
-7.84150248293112 
-8.105488675549791 
-8.350311983414066 
-8.57738226442104 
-8.788032072803915 
-8.983511020682059 
-9.164983784818643 
-9.333530742041772 
-9.49015043158186 
-9.635763226145828 
-9.77121574499769 
-9.89728566394053 
-10.014686672692154 
-10.124073403935025 
-10.226046214372607 
-10.321155740069793 
-10.409907179271896 
-10.492764278319914 
-10.570153012233359 
-10.64246496261628 
-10.710060402996401 
-10.77327110648267 
-10.832402893451597 
-10.887737938392464 
-10.939536855468557 
-10.988040582092413 
-11.033472079095107 
-11.07603786505894 
-11.115929401201946 
-11.153324341939017 
-11.188387664957894 
-11.221272693386414 
-11.252122021412623 
-11.281068353576265 
-11.308235266885136 
-11.333737903929435 
-11.35768360427315 
-11.380172480591574 
-11.401297945294932 
-11.421147192724595 
-11.439801641426339 
-11.45733734048794 
-11.473825343469764 
-11.489332053053893 
-11.503919539179718 
-11.517645833121195 
-11.530565199686427 
-11.542728389478041 
-11.554182872942214 
-11.5649730577484 
-11.575140490879697 
-11.58472404667162 
-11.593760101912157 
-11.602282699006462 
-11.610323698113207 
-11.617912919074586 
-11.625078273887711 
-11.631845890397782 
-11.63824022783626 
-11.644284184772978 
-11.649999200006596 
-11.655405346874815 
-11.660521421428307 
-11.665365024879664 
-11.669952640706722 
-11.674299706763229 
-11.678420682724104 
-11.682329113169384 
-11.686037686590517 
-11.68955829058325 
-11.692902063472932 
-11.696079442602864 
-11.69910020950011 
-11.701973532119936 
-11.704708004356338 
-11.707311682994963 
-11.709792122271807 
-11.71215640619319 
-11.714411178759372 
-11.716562672228068 
-11.71861673354363 
-11.720578849050197 
-11.72245416759988 
-11.724247522159535 
-11.725963450013536 
-11.727606211653043 
-11.72917980843782 
-11.730687999109264 
-11.732134315230326 
-11.733522075621444 
-11.734854399858477 
-11.736134220893206 
-11.737364296854455 
-11.738547222082541 
-11.739685437447784 
-11.740781239999775 
-11.741836791991 
-11.742854129316186 
-11.74383516940525 
-11.744781718606069 
-11.745695479090246 
-11.74657805531344 
-11.747430960059 
-11.74825562009293 
-11.74905338145512 
-11.74982551441089 
-11.750573218085245 
-11.751297624800573 
-11.751999804136995 
-11.752680766733986 
-11.75334146784973 
-11.753982810694572 
-11.754605649552644 
-11.755210792706489 
-11.75579900517632 
-11.756371011287218 
-11.75692749707451 
-11.757469112538546 
-11.757996473758212 
-11.7585101648725 
-11.759010739938901 
-11.759498724676076 
-11.759974618098878 
-11.760438894052317 
-11.760892002650907 
-11.761334371629891 
-11.761766407613544 
-11.762188497306138 
-11.762601008610355 
-11.763004291678012 
-11.763398679897175 
-11.763784490819718 
-11.764162027033372 
-11.764531576981295 
-11.764893415733026 
-11.765247805709585 
-11.76559499736539 
-11.765935229830207 
-11.766268731513321 
-11.766595720672111 
-11.766916405947804 
-11.767230986869793 
-11.767539654330903 
-11.767842591035258 
-11.768139971920338 
-11.768431964555129 
-11.768718729515228 
-11.76900042073711 
-11.769277185851987 
-11.769549166501237 
-11.769816498633874 
-11.770079312787768 
-11.770337734354879 
-11.770591883832186 
-11.770841877058645 
-11.771087825439226 
-11.771329836156706 
-11.771568012371887 
-11.771802453413418 
-11.772033254956826 
-11.772260509194505 
-11.772484304996226 
-11.772704728061534 
-11.772921861063903 
-11.773135783787342 
-11.773346573255989 
-11.773554303856832 
-11.773759047456188 
-11.773960873510262 
-11.77415984916996 
-11.774356039380304 
-11.774549506975056 
-11.774740312766395 
-11.77492851563019 
-11.775114172586912 
-11.775297338878755 
-11.775478068042863 
-11.77565641198081 
-11.775832421024983 
-11.776006144001695 
-11.776177628290942 
-11.776346919883784 
-11.776514063436585 
-11.776679102323174 
-11.77684207868384 
-11.777003033472722 
-11.77716200650273 
-11.777319036488215 
-11.777474161086026 
-11.777627416934441 
-11.777778839690464 
-11.777928464065345 
-11.778076323858578 
-11.778222451990446 
-11.778366880532925 
-11.77850964073943 
-11.7786507630732 
-11.778790277234437 
-11.778928212186202 
-11.77906459617944 
-11.779199456776716 
-11.779332820874863 
-11.779464714727137 
-11.779595163963934 
-11.779724193612914 
-11.779851828118233 
-11.779978091359125 
-11.780103006667439 
-11.780226596844717 
-11.780348884178581 
-11.780469890458377 
-11.780589636990152 
-11.780708144611197 
-11.780825433704038 
-11.780941524209588 
-11.781056435640235 
-11.781170187092133 
-11.781282797257049 
-11.781394284433947 
-11.78150466653992 
-11.781613961120911 
-11.781722185361858 
-11.781829356096694 
-11.781935489817776 
-11.7820406026851 
-11.782144710535125 
-11.782247828889387 
-11.782349972962608 
-11.78245115767086 
-11.782551397639033 
-11.782650707208496 
-11.782749100444065 
-11.782846591141023 
-11.782943192831915 
-11.783038918792883 
-11.783133782049982 
-11.783227795385383 
-11.783320971343096 
-11.783413322234697 
-11.783504860144927 
-11.78359559693688 
-11.783685544257274 
-11.78377471354155 
-11.783863116018507 
-11.783950762715175 
-11.784037664461398 
-11.78412383189424 
-11.784209275462175 
-11.784294005429466 
-11.784378031880136 
-11.78446136472185 
-11.784544013689814 
-11.78462598835045 
-11.784707298105175 
-11.784787952193588 
-11.784867959697257 
-11.784947329542753 
-11.785026070505143 
-11.78510419121081 
-11.78518170014089 
-11.785258605634043 
-11.785334915889278 
-11.785410638969013 
-11.785485782801656 
-11.785560355184348 
-11.785634363785633 
-11.785707816147898 
-11.78578071968991 
-11.785853081709337 
-11.785924909384885 
-11.78599620977887 
-11.786066989839316 
-11.78613725640212 
-11.786207016193355 
-11.786276275831163 
-11.786345041828 
-11.786413320592496 
-11.786481118431439 
-11.786548441551652 
-11.786615296061996 
-11.786681687974983 
-11.786747623208708 
-11.786813107588497 
-11.786878146848643 
-11.786942746634097 
-11.787006912502067 
-11.787070649923594 
-11.787133964285061 
-11.787196860889823 
-11.787259344959665 
-11.787321421636165 
-11.787383095982257 
-11.787444372983522 
-11.787505257549602 
-11.787565754515562 
-11.78762586864308 
-11.78768560462196 
-11.787744967071104 
-11.787803960539973 
-11.78786258950969 
-11.787920858394202 
-11.787978771541564 
-11.788036333234887 
-11.788093547693617 
-11.788150419074507 
-11.788206951472798 
-11.788263148923184 
-11.788319015400827 
-11.78837455482244 
-11.788429771047248 
-11.788484667877901 
-11.788539249061511 
-11.788593518290488 
-11.788647479203597 
-11.788701135386727 
-11.788754490373742 
-11.78880754764753 
-11.788860310640702 
-11.78891278273641 
-11.788964967269274 
-11.789016867526062 
-11.789068486746572 
-11.78911982812443 
-11.789170894807683 
-11.789221689899687 
-11.78927221645979 
-11.789322477504134 
-11.789372476006154 
-11.789422214897515 
-11.78947169706861 
-11.789520925369285 
-11.789569902609573 
-11.78961863156016 
-11.789667114953259 
-11.789715355482963 
-11.789763355806063 
-11.78981111854253 
-11.789858646276233 
-11.789905941555277 
-11.789953006892897 
-11.789999844767701 
-11.790046457624385 
-11.790092847874378 
-11.79013901789607 
-11.790184970035543 
-11.790230706607158 
-11.790276229893784 
-11.790321542147527 
-11.790366645590183 
-11.790411542413574 
-11.790456234780173 
-11.790500724823481 
-11.790545014648568 
-11.790589106332312 
-11.790633001924121 
-11.79067670344616 
-11.790720212893868 
-11.790763532236246 
-11.790806663416522 
-11.790849608352245 
-11.7908923689359 
-11.790934947035257 
-11.79097734449362 
-11.791019563130407 
-11.791061604741305 
-11.791103471098879 
-11.791145163952615 
-11.791186685029702 
-11.79122803603491 
-11.791269218651212 
-11.791310234540063 
-11.791351085341688 
-11.791391772675505 
-11.791432298140315 
-11.791472663314657 
-11.791512869757163 
-11.791552919006842 
-11.791592812583316 
-11.791632551987192 
-11.791672138700287 
-11.791711574185953 
-11.79175085988937 
-11.791789997237807 
-11.791828987640772 
-11.791867832490473 
-11.791906533161985 
-11.791945091013453 
-11.79198350738649 
-11.792021783606202 
-11.7920599209817 
-11.792097920806132 
-11.792135784356983 
-11.792173512896342 
-11.79221110767114 
-11.792248569913259 
-11.792285900839886 
-11.79232310165369 
-11.792360173542969 
-11.792397117681983 
-11.792433935231019 
-11.792470627336746 
-11.792507195132307 
-11.792543639737566 
-11.792579962259229 
-11.792616163791184 
-11.792652245414505 
-11.792688208197806 
-11.792724053197322 
-11.792759781457098 
-11.79279539400918 
-11.792830891873853 
-11.792866276059623 
-11.792901547563655 
-11.792936707371677 
-11.792971756458353 
-11.793006695787293 
-11.793041526311255 
-11.793076248972389 
-11.793110864702227 
-11.793145374422043 
-11.79317977904268 
-11.793214079465114 
-11.793248276580256 
-11.793282371269203 
-11.793316364403465 
-11.793350256844988 
-11.793384049446313 
-11.793417743050739 
-11.793451338492414 
-11.793484836596557 
-11.793518238179447 
-11.793551544048604 
-11.79358475500292 
-11.793617871832952 
-11.793650895320567 
-11.793683826239599 
-11.793716665355678 
-11.793749413426303 
-11.793782071201154 
-11.793814639421974 
-11.793847118822974 
-11.793879510130544 
-11.79391181406373 
-11.793944031334092 
-11.793976162645935 
-11.794008208696381 
-11.794040170175393 
-11.79407204776601 
-11.7941038421443 
-11.794135553979546 
-11.794167183934285 
-11.794198732664487 
-11.794230200819545 
-11.794261589042417 
-11.794292897969633 
-11.794324128231516 
-11.794355280452196 
-11.794386355249662 
-11.794417353235854 
-11.794448275016837 
-11.794479121192756 
-11.794509892357965 
-11.794540589101087 
-11.794571212005192 
-11.794601761647673 
-11.794632238600531 
-11.79466264343026 
-11.794692976698126 
-11.794723238959982 
-11.794753430766603 
-11.79478355266351 
-11.794813605191207 
-11.794843588885243 
-11.794873504276135 
-11.794903351889554 
-11.794933132246465 
-11.794962845862884 
-11.79499249325027 
-11.795022074915458 
-11.795051591360645 
-11.795081043083595 
-11.79511043057752 
-11.79513975433131 
-11.795169014829584 
-11.795198212552467 
-11.795227347976084 
-11.795256421572233 

 Time 
21947.07599878311 
