Energy 
 
-7.184972924030779 
-10.523251858732678 
-11.546519478529367 
-11.912144297404684 
-12.104054791161783 
-12.220149480066642 
-12.307472967635457 
-12.370993329139832 
-12.419281661908922 
-12.446109826038352 
-12.466264308536154 
-12.477424267290427 
-12.487567123407306 
-12.496084687133193 
-12.504548260231775 
-12.509332076573251 
-12.512207055742156 
-12.51412420605076 
-12.516377596978524 
-12.518667739209853 
-12.52340812053013 
-12.525639811123998 
-12.53728721149594 
-12.548273893176685 
-12.558129149170103 
-12.562208878812545 
-12.56566701963165 
-12.568991711804722 
-12.57225319686454 
-12.57471811651073 
-12.577196725917675 
-12.57987420553765 
-12.582427252109184 
-12.585291720545445 
-12.588340999488487 
-12.592509285416718 
-12.5961737353512 
-12.599323491855056 
-12.6025329628795 
-12.605912198902875 
-12.60914170974711 
-12.612556436434605 
-12.616061277104487 
-12.619595752755078 
-12.623568860543266 
-12.626339719631268 
-12.629208763697735 
-12.632145500560348 
-12.635506598456132 
-12.638855933930902 
-12.64280407213736 
-12.647088998876193 
-12.662764156702046 
-12.671945761083625 
-12.676404379510243 
-12.680864187082133 
-12.685591959136204 
-12.690229852935516 
-12.695469613439275 
-12.700346171760854 
-12.70639678100723 
-12.710290880498484 
-12.714234384229224 
-12.721081226459177 
-12.738178536875568 
-12.752163404166346 
-12.758685274284822 
-12.76506898572719 
-12.7697776268747 
-12.774499122002767 
-12.788968631896402 
-12.798031249288215 
-12.80662202921844 
-12.812722260509851 
-12.818956128753607 
-12.823104171778251 
-12.827220932333109 
-12.832977623227919 
-12.849049710307664 
-12.861136920212946 
-12.864279632793739 
-12.867456377745619 
-12.870821495939289 
-12.874207782082202 
-12.877628096023535 
-12.881053375910215 
-12.884569142992355 
-12.88806289491011 
-12.89155313307513 
-12.895190037529527 
-12.898855211736535 
-12.905392432367371 
-12.910761556477883 
-12.914988955876419 
-12.919080662686397 
-12.923232259806296 
-12.928680190651638 
-12.934348960304774 
-12.944078081206577 
-12.948672825850867 
-12.953202090792876 
-12.96345992107322 
-12.972381202766856 
-12.986854288152683 
-12.990355507583182 
-12.99387010851938 
-12.997808515089213 
-13.005811491767389 
-13.013768557912432 
-13.025969688309221 
-13.036037713378377 
-13.043629797914296 
-13.053592970085578 
-13.06648706867339 
-13.076875442502875 
-13.086131880589972 
-13.09499189864372 
-13.1049723650926 
-13.111659094072735 
-13.118021466950461 
-13.123680895582794 
-13.128914301918613 
-13.133969636368871 
-13.138900889012918 
-13.152383932936782 
-13.173996371699452 
-13.189674810785156 
-13.203321465046567 
-13.216257028277976 
-13.272648732294376 
-13.287825921428597 
-13.307928920524638 
-13.36022841213638 
-13.371025470180944 
-13.37761714617811 
-13.382452060931987 
-13.386459843919098 
-13.390198885426086 
-13.393599181094528 
-13.400059913509889 
-13.411264231589307 
-13.419128190431916 
-13.423929448809234 
-13.428455175490043 
-13.432795219310051 
-13.436395967070197 
-13.439994113447616 
-13.443320237730877 
-13.449864969689848 
-13.455400919270494 
-13.461746860048056 
-13.46772379871976 
-13.484422896935097 
-13.503113170149408 
-13.51132154090632 
-13.517327028523766 
-13.520376487644029 
-13.52319018029998 
-13.52587899132934 
-13.528447513145359 
-13.530865757553144 
-13.533215891913542 
-13.535413634525781 
-13.537314585384188 
-13.539057777575401 
-13.54079870321318 
-13.542539403476718 
-13.544276060708206 
-13.54627322548382 
-13.548270898415225 
-13.550204130727714 
-13.552178295421033 
-13.55413671658617 
-13.55608804859283 
-13.561012781838741 
-13.56402441491359 
-13.568603971636556 
-13.571668561954263 
-13.574272466817636 
-13.57671123242813 
-13.578745656164296 
-13.580775862208306 
-13.58286087236776 
-13.585512735422206 
-13.588064427278368 
-13.59033610169147 
-13.592656487330487 
-13.59488393512948 
-13.59641119205133 
-13.597935446970153 
-13.59945656890493 
-13.60101776954485 
-13.602668425239553 
-13.604409496508314 
-13.606107948815094 
-13.607806784651672 
-13.609846310306441 
-13.612593346309154 
-13.614100279533254 
-13.61560751201046 
-13.617092127889327 
-13.618545504341814 
-13.619993057212634 
-13.621427888857445 
-13.622862027641997 
-13.624293472427457 
-13.625702608955375 
-13.627107868327226 
-13.628516360294169 
-13.629924525133486 
-13.631322365191345 
-13.632740114413021 
-13.63419530127471 
-13.635599359853465 
-13.637010217560409 
-13.638419390056606 
-13.639771831102818 
-13.64112149758899 
-13.642469709196462 
-13.643818290059961 
-13.645135615535375 
-13.646473895842774 
-13.647807241079398 
-13.649145570395476 
-13.650506231132931 
-13.651861838484283 
-13.653212833976397 
-13.65462987871065 
-13.656285479574287 
-13.657926143584401 
-13.659527316786356 
-13.661216496386544 
-13.662904558936253 
-13.66457084649247 
-13.66621879084369 
-13.667848331091452 
-13.669461504188938 
-13.670959344712774 
-13.672445120756834 
-13.673912298166417 
-13.675357776769342 
-13.67682097580818 
-13.678285486119943 
-13.679733624024614 
-13.68116703596927 
-13.682591852967413 
-13.684029128425989 
-13.685669676460549 
-13.687352250338815 
-13.689003131655511 
-13.690631776736591 
-13.692259351172005 
-13.693889224650992 
-13.69548597580757 
-13.697066459298878 
-13.698612861086662 
-13.70011938028794 
-13.701630228491515 
-13.703127801239447 
-13.704613941709846 
-13.706053306126691 
-13.707613109174542 
-13.70916895008374 
-13.710737894915948 
-13.71228906226135 
-13.71383528553389 
-13.71534048538394 
-13.716832133457661 
-13.718321528224243 
-13.719795985985392 
-13.721257306289662 
-13.722704760713706 
-13.724139874064951 
-13.725562853034642 
-13.726971390471796 
-13.728345141251758 
-13.729849060204064 
-13.731338412803035 
-13.732814922613898 
-13.73427547682562 
-13.735721597133008 
-13.737118153770304 
-13.738505501853908 
-13.739881345998741 
-13.741445937002656 
-13.742933441115134 
-13.744393980529212 
-13.745881625470533 
-13.74729492286508 
-13.7486652587004 
-13.750023133375443 
-13.751346560391902 
-13.752741334494626 
-13.754050485228277 
-13.755439958532442 
-13.75673279797229 
-13.757916656434698 
-13.759042987550636 
-13.760208104707138 
-13.761338616170933 
-13.76246980024616 
-13.763576664718265 
-13.764654362589116 
-13.765730732007292 
-13.766805612379539 
-13.767924350523916 
-13.76906381535587 
-13.77020142224502 
-13.771331047911971 
-13.772476250397464 
-13.773620203854701 
-13.774768159031636 
-13.775906095573191 
-13.777071313915775 
-13.778226577632031 
-13.779379772195192 
-13.780529606288368 
-13.781662726158316 
-13.782791038961978 
-13.783912733176422 
-13.78503038478079 
-13.786151901209742 
-13.78726169320058 
-13.788366876229581 
-13.789474937029196 
-13.790573601044906 
-13.79166867736576 
-13.79276050024781 
-13.793849912274368 
-13.794934942875134 
-13.796021795473745 
-13.797116446648214 
-13.798203996473909 
-13.79928884839294 
-13.800335520744266 
-13.801380911498462 
-13.802420244742086 
-13.803457296395564 
-13.804493107245275 
-13.805546784662035 
-13.80660041074115 
-13.80766416870082 
-13.808727155477195 
-13.809788369958682 
-13.810851719999937 
-13.811917877801564 
-13.812986001553504 
-13.814053463198825 
-13.815112865923787 
-13.81617048767244 
-13.81722716235682 
-13.81828831881538 
-13.819348724026451 
-13.820445269212609 
-13.821433922959486 
-13.82242124063513 
-13.823422659752687 
-13.824421680460622 
-13.825402637305084 
-13.826384877960894 
-13.827339124977613 
-13.828287104949501 
-13.829215221740597 
-13.8301404031055 
-13.831047204474316 
-13.831952533738303 
-13.832857093741598 
-13.833764193669053 
-13.83466818638196 
-13.835567678597126 
-13.836464606331528 
-13.83736049167914 
-13.838256131681842 
-13.839157337943647 
-13.840041432974395 
-13.840918190106002 
-13.841794926869142 
-13.842671504502317 
-13.843546298934674 
-13.844421088249577 
-13.845287192487724 
-13.846152978484113 
-13.847016902931738 
-13.84788272782252 
-13.84874524711391 
-13.849586107950284 
-13.850426594548367 
-13.851262445926078 
-13.852061509883672 
-13.852860263074536 
-13.853659380947306 
-13.854457065481657 
-13.855245304612978 
-13.856037360459249 
-13.856829326658442 
-13.85762035043026 
-13.85839939728654 
-13.859178271937298 
-13.859965100465745 
-13.860734756034343 
-13.861503776596745 
-13.86227390510081 
-13.86304217930045 
-13.863814268504054 
-13.864591671758681 
-13.865372205914795 
-13.86615725770923 
-13.86694254248423 
-13.867726984314618 
-13.868513205074954 
-13.869299165530801 
-13.87008564091052 
-13.870866689529116 
-13.871647231389097 
-13.872427178675787 
-13.873207890149716 
-13.873985951162068 
-13.874762778067826 
-13.875540180768365 
-13.876316853348513 
-13.8770776961878 
-13.877837793066742 
-13.878597338179315 
-13.87935725423359 
-13.880114496032757 
-13.88087552187823 
-13.88164157491003 
-13.882407171775647 
-13.883170537811463 
-13.883933348840248 
-13.884696958728659 
-13.885460941812603 
-13.886231061557258 
-13.886998201922005 
-13.887764750564084 
-13.888515966368686 
-13.88926288219734 
-13.890008245679772 
-13.890751524407634 
-13.891494593283067 
-13.892238031202812 
-13.892980322444341 
-13.893720948230108 
-13.894442265309156 
-13.895163210298271 
-13.895883491524629 
-13.89660113933068 
-13.897318727632568 
-13.89803572999075 
-13.898765669659017 
-13.899502274834369 
-13.900238364113417 
-13.900973953564787 
-13.901715122218627 
-13.90245440080114 
-13.903194606206627 
-13.90393543541459 
-13.904671976534202 
-13.90540793686975 
-13.906152867901792 
-13.90689655650208 
-13.907640325529853 
-13.908383442118469 
-13.909125701369064 
-13.909865846676077 
-13.910606501779359 
-13.91134593366882 
-13.912084792447544 
-13.912821011310847 
-13.913556260138517 
-13.914291491651852 
-13.915035868968758 
-13.915779488963658 
-13.916522805070137 
-13.917263720112508 
-13.918004037767876 
-13.918744037019152 
-13.919483430633889 
-13.920226473609553 
-13.920968284976626 
-13.921709300610285 
-13.922457426308517 
-13.923210075046676 
-13.923953854530524 
-13.924697071276551 
-13.925437052606377 
-13.926172531398215 
-13.926906759548476 
-13.927639251497704 
-13.928370956676776 
-13.929103310133382 
-13.92983626716493 
-13.930569448936852 
-13.931302017264395 
-13.932037340818919 
-13.932745396033265 
-13.933453090921974 
-13.93416193260169 
-13.934870220795581 
-13.93557867305617 

 Time 
100694.18323326111 
