Energy 
 
-8.106606214627288 
-8.626783227293345 
-8.814235966149472 
-8.935021066208629 
-9.01339669588206 
-9.07261385193662 
-9.120655086063666 
-9.150361906291428 
-9.169561119925154 
-9.182066774471375 
-9.189153689088613 
-9.192579388335517 
-9.194813945594984 
-9.196325762329462 
-9.19787794149787 
-9.199412166539304 
-9.200984029511709 
-9.202342506026316 
-9.203715605715642 
-9.204706122482563 
-9.205720850524793 
-9.206781687086789 
-9.207951801403354 
-9.209161191840359 
-9.210254034624874 
-9.211496773361873 
-9.212749017665198 
-9.214019038216854 
-9.215249785194592 
-9.216515907663323 
-9.217983375035661 
-9.21950153854819 
-9.220647076116707 
-9.221936196352187 
-9.223256141078776 
-9.22474827810552 
-9.226262889853297 
-9.22823143624563 
-9.230225914986944 
-9.232395772482972 
-9.23465563357823 
-9.236833044283456 
-9.238492567277648 
-9.240144292842514 
-9.241880845523479 
-9.243450253017137 
-9.245042284168182 
-9.246736163778841 
-9.249020493132852 
-9.251373202918845 
-9.253674820814952 
-9.257999035991663 
-9.261836722346123 
-9.268027170031866 
-9.271601315527937 
-9.275185073419319 
-9.278812508336111 
-9.283566749035478 
-9.287113446128965 
-9.290575806119136 
-9.293936788170853 
-9.29733645298412 
-9.300090114017156 
-9.303365090976284 
-9.306207600503047 
-9.3090413601271 
-9.31190008192935 
-9.314704214261198 
-9.317692826301474 
-9.32149799033122 
-9.325334594838889 
-9.329227997140967 
-9.333071709247884 
-9.335791197774256 
-9.338637893871917 
-9.341253755686214 
-9.343926373462232 
-9.34862815045602 
-9.351360146738367 
-9.354069200059046 
-9.356570135805502 
-9.359048427287021 
-9.361517989193059 
-9.364440787982009 
-9.36736014970541 
-9.369998239851355 
-9.372896468738325 
-9.37583125857468 
-9.379028034876834 
-9.381140857813252 
-9.383295024309236 
-9.386014732679497 
-9.388361053264642 
-9.390465254730442 
-9.392546455235653 
-9.394439347904749 
-9.396334230299766 
-9.406329058252835 
-9.409426224113615 
-9.413509338794821 
-9.417542647158562 
-9.428120352638885 
-9.431845232353965 
-9.434848416385755 
-9.437636731458747 
-9.440160079294703 
-9.442530589489666 
-9.444895322542264 
-9.447252861737374 
-9.456243573399119 
-9.464973606003932 
-9.471537782675197 
-9.477545147790964 
-9.483246311876872 
-9.486446763832841 
-9.490012755024745 
-9.492193300695895 
-9.49412185170994 
-9.497816037801712 
-9.500717399115782 
-9.503813075787457 
-9.506654600857255 
-9.50986737289697 
-9.512095158272075 
-9.514702452771852 
-9.517070054536898 
-9.519276489031752 
-9.520765076693962 
-9.522239092936674 
-9.52376336514569 
-9.525107831355516 
-9.526796218168323 
-9.528460726971318 
-9.53059184041053 
-9.53214981916695 
-9.533711754103376 
-9.535259969268802 
-9.538733259101694 
-9.541621222574237 
-9.544169641028123 
-9.54639329646294 
-9.548621933402 
-9.550910142680417 
-9.552492371954438 
-9.554024139790863 
-9.555517725765334 
-9.556996368229598 
-9.558529199900832 
-9.560795170735213 
-9.563127169390388 
-9.565236362375305 
-9.567210570434533 
-9.569095163846516 
-9.570975296527681 
-9.57292498595467 
-9.574893780407013 
-9.581778196102501 
-9.583858012027322 
-9.585859757486249 
-9.58763378666482 
-9.589635176380852 
-9.591607723943868 
-9.593546229776654 
-9.595433655065051 
-9.59717168966546 
-9.598876394586819 
-9.600510919103735 
-9.601977805878498 
-9.60343467364295 
-9.60487815268232 
-9.606450780236662 
-9.608011940079864 
-9.609555515060322 
-9.610910304271203 
-9.612270478748364 
-9.61388138205399 
-9.615454714026297 
-9.61694348978972 
-9.61841688560014 
-9.619871909024694 
-9.62124056916185 
-9.626445787610361 
-9.629898054856703 
-9.633498197801577 
-9.63557730948715 
-9.637531470524664 
-9.639349934035407 
-9.64104193872272 
-9.642696966960653 
-9.64518055074988 
-9.647536386696803 
-9.648927312396488 
-9.650303968213462 
-9.651667720655352 
-9.653020036900054 
-9.654413705108547 
-9.655808515960555 
-9.657184956007391 
-9.658549730875695 
-9.659902511010825 
-9.661625949160985 
-9.663329379325026 
-9.664919892159574 
-9.666524828521373 
-9.668080366246615 
-9.66954121174225 
-9.670995129972797 
-9.67243400296811 
-9.673862287871518 
-9.675467026804467 
-9.677083825469124 
-9.678701442500476 
-9.680317952571633 
-9.681918731683814 
-9.683494432724315 
-9.684960155412885 
-9.686931817486595 
-9.688854044632016 
-9.69098123418653 
-9.693015135304769 
-9.69523645436266 
-9.697316684544903 
-9.699609335830653 
-9.701867795929902 
-9.704143630825149 
-9.70719312712374 
-9.709750466614176 
-9.712031381107264 
-9.714290758005603 
-9.716716436277657 
-9.718943359976679 
-9.721047360958496 
-9.722804910229291 
-9.72450269393885 
-9.726203883720263 
-9.7277209512635 
-9.729227592255961 
-9.730639027001656 
-9.732038604289382 
-9.733515029329475 
-9.734968129387223 
-9.736377638279036 
-9.737794248473632 
-9.739213691154847 
-9.740703062559483 
-9.74218745293643 
-9.74363389257878 
-9.745056546288136 
-9.74649444080679 
-9.74792242327107 
-9.749341471758834 
-9.750753383481582 
-9.75211780228237 
-9.753464322130283 
-9.754836078160086 
-9.756201673684012 
-9.757559789933968 
-9.758879095328801 
-9.760189803103831 
-9.761487375887818 
-9.762793566640182 
-9.764091006100797 
-9.765336936009799 
-9.76656984812517 
-9.76779050976899 
-9.769004963545198 
-9.770215428640194 
-9.771389353204313 
-9.772567429704969 
-9.773754240861352 
-9.774978403565706 
-9.77615543240664 
-9.77730506107396 
-9.778447449432655 
-9.779582063735887 
-9.780711495350745 
-9.78192118986789 
-9.783107697948376 
-9.784289429332134 
-9.78546504688407 
-9.786610888667623 
-9.787755268659547 
-9.788952615017013 
-9.790138619901823 
-9.791319881217918 
-9.792489823659656 
-9.793658658399947 
-9.794813604912642 
-9.795980519618716 
-9.797120508310059 
-9.798250667978307 
-9.799378133427583 
-9.800492020333957 
-9.801629640749898 
-9.802699343709275 
-9.803766456359835 
-9.804863951255014 
-9.805947671159487 
-9.807036864561839 
-9.808118220583983 
-9.809252069069112 
-9.810379828926855 
-9.811510647583752 
-9.81263667809967 
-9.81375738781725 
-9.814876296376092 
-9.81599023837717 
-9.817107027361939 
-9.818232424993528 
-9.819351408193778 
-9.820465052809537 
-9.821538452773035 
-9.822609867658525 
-9.823688766396636 
-9.824763008974958 
-9.825947977821826 
-9.827126588059409 
-9.828298820153394 
-9.829468471909413 
-9.830680711872889 
-9.831882667796123 
-9.833082126740672 
-9.834411678620473 
-9.835762902638406 
-9.837155800619843 
-9.838668045765758 
-9.84016959142318 
-9.841613078783093 
-9.84322459893121 
-9.844841149565017 
-9.846403794088637 
-9.847990022853919 
-9.849576794417866 
-9.851001592011912 
-9.852418652862392 
-9.853882558676778 
-9.855359623069303 
-9.85684934142907 
-9.858288900607072 
-9.859724836345276 
-9.861105922059615 
-9.862362177106728 
-9.86362173991255 
-9.864919150165198 
-9.86620214882446 
-9.867461156039 
-9.868704486226756 
-9.869951179274981 
-9.871188489334418 
-9.872422190171456 
-9.873638758410186 
-9.874868794234416 
-9.876086912004409 
-9.87729228843306 
-9.878492488597413 
-9.879686782189841 
-9.880900017243485 
-9.882106826937335 
-9.88331080779911 
-9.884499561069116 
-9.885682020393382 
-9.886873356120725 
-9.888065432409956 
-9.889278429371444 
-9.89047582010721 
-9.891672705499698 
-9.89289675170848 
-9.894006820795582 
-9.895108155848025 
-9.896220406751546 
-9.897346399653605 
-9.898470273283722 
-9.899588506316425 
-9.900711521333337 
-9.90182704934998 
-9.902938029255933 
-9.904047989134106 
-9.905154212090803 
-9.906242945630016 
-9.907298574522844 
-9.908350459253949 
-9.909390966462748 
-9.910407174334068 
-9.91138587906689 
-9.912361006198909 
-9.913335381424725 
-9.914298660255648 
-9.915257002124102 
-9.916212102623707 
-9.917162503455218 
-9.918098954712788 
-9.919009403397641 
-9.9199211932759 
-9.920832361531545 
-9.921741368287087 
-9.922666250898207 
-9.923587620985446 
-9.924489056557308 
-9.925391881812926 
-9.926302214837996 
-9.927208175913133 
-9.928112496533064 
-9.92901469521981 
-9.92991729250456 
-9.930810200907741 
-9.931701939742013 
-9.932589899611836 
-9.933477185902351 
-9.934362966655067 
-9.93524494131848 
-9.936116694178025 
-9.93698620341627 
-9.93786382968894 
-9.938737756008987 
-9.939589688559302 
-9.94044029508575 
-9.941289217673003 
-9.942134777157705 
-9.942978196600933 
-9.943825760549887 
-9.944668231513177 
-9.94550985155137 
-9.946345603506494 
-9.947180967079058 
-9.948016548407553 
-9.94884972341378 
-9.949682219359605 
-9.950513292335847 
-9.951353888086116 
-9.952195773407071 
-9.953036594416014 
-9.953871772375004 
-9.954705612512505 
-9.95552901243725 
-9.956353669027399 
-9.957174205051292 
-9.957979741178798 
-9.958786965874058 
-9.959592228319421 
-9.960403585277634 
-9.961214093376476 
-9.962023540390097 
-9.962832025483289 
-9.963635533620144 
-9.964437251763533 
-9.965237484338122 
-9.966038677605123 
-9.966838656840967 
-9.96764034405935 
-9.968440773747666 
-9.969234920999087 
-9.97002731224934 
-9.970818705042381 
-9.9716075152889 
-9.972395533051857 
-9.973179993208289 
-9.973964466106606 
-9.97474706230564 
-9.975529157710529 
-9.9763172102859 
-9.977082793377669 
-9.977846382091842 
-9.978604274204105 
-9.979364591263986 
-9.980121666236572 
-9.98087573455443 
-9.981628230214527 
-9.982379369293799 
-9.98312932842859 
-9.983878191638318 
-9.984624735247856 
-9.985369423624407 
-9.986109951936413 
-9.986853146114846 
-9.987595570181671 
-9.988337293376977 
-9.98908062611232 
-9.9898228307395 
-9.9905629345734 
-9.991302421092568 
-9.992041806155013 
-9.992779991154313 
-9.993517440749153 
-9.994254186848096 
-9.99499288676799 
-9.995730778557698 
-9.996465756863131 
-9.997200198762862 
-9.997937969657723 
-9.9986740569761 
-9.999409424004346 
-10.00014379460494 
-10.00087746155544 
-10.001611683108488 
-10.002345642378806 
-10.003074558650816 
-10.003801733407004 
-10.004527791825138 
-10.005247991716905 
-10.005967098220202 

 Time 
121664.40710759163 
