Energy 
 
-2.866939945401394 
-2.899855585853872 
-2.932709219743087 
-2.965500466217264 
-2.998228950289751 
-3.0308943028251103 
-3.063496160525079 
-3.0960341659133026 
-3.1285079673193827 
-3.160917218862006 
-3.1932615804313964 
-3.2255407176708952 
-3.257754301957879 
-3.2899020103837717 
-3.321983525733521 
-3.35399853646419 
-3.385946736682933 
-3.4178278261243493 
-3.4496415101269093 
-3.48138749960908 
-3.5130655110445623 
-3.5446752664369807 
-3.5762164932939537 
-3.6076889246006223 
-3.6390922987925434 
-3.6704263597280313 
-3.7016908566599236 
-3.732885544206942 
-3.7640101823243914 
-3.795064536274314 
-3.826048376595515 
-3.856961479072527 
-3.8878036247046976 
-3.9185745996744394 
-3.9492741953152155 
-3.9799022080791002 
-4.010458439503886 
-4.040942696179902 
-4.071354789716251 
-4.101694536707019 
-4.1319617586967965 
-4.162156282145969 
-4.192277938395941 
-4.222326563633735 
-4.252301998856283 
-4.282204089834726 
-4.312032687078248 
-4.341787645797597 
-4.371468825868558 
-4.4010760917950025 
-4.430609312671847 
-4.460068362147723 
-4.489453118387543 
-4.518763464034768 
-4.547999286173539 
-4.5771604762907625 
-4.606246930237915 
-4.635258548192628 
-4.664195234620379 
-4.693056898236034 
-4.721843451964912 
-4.750554812904296 
-4.779190902284467 
-4.80775164542985 
-4.836236971719945 
-4.864646814550341 
-4.892981111293647 
-4.921239803260342 
-4.949422835659581 
-4.977530157560044 
-5.005561721850741 
-5.033517485201841 
-5.061397408025405 
-5.089201454436312 
-5.116929592212961 
-5.144581792758324 
-5.172158031060662 
-5.199658285654633 
-5.227082538582184 
-5.254430775353719 
-5.281702984909135 
-5.30889915957907 
-5.336019295046178 
-5.363063390306496 
-5.39003144763099 
-5.416923472526901 
-5.443739473699699 
-5.470479463014653 
-5.497143455458803 
-5.523731469103049 
-5.550243525064157 
-5.576679647467182 
-5.603039863407835 
-5.629324202915073 
-5.655532698913826 
-5.681665387187797 
-5.707722306342724 
-5.733703497769281 
-5.759609005606658 
-5.7854388767061025 
-5.811193160594515 
-5.836871909438472 
-5.862475178008262 
-5.888003023642177 
-5.913455506211052 
-5.938832688082751 
-5.96413463408726 
-5.989361411481617 
-6.0145130899152095 
-6.039589741395342 
-6.064591440252822 
-6.089518263107946 
-6.114370288836644 
-6.139147598536772 
-6.163850275494761 
-6.188478405152384 
-6.213032075073747 
-6.237511374912642 
-6.261916396379977 
-6.286247233211461 
-6.310503981135678 
-6.334686737842231 
-6.358795602950119 
-6.3828306779764805 
-6.406792066305545 
-6.430679873157724 
-6.454494205559095 
-6.4782351723108995 
-6.501902883959731 
-6.525497452767347 
-6.549018992681334 
-6.572467619305663 
-6.595843449871468 
-6.619146603208444 
-6.642377199716114 
-6.665535361335313 
-6.68862121152047 
-6.711634875211497 
-6.734576478806291 
-6.757446150133357 
-6.780244018424795 
-6.802970214289431 
-6.825624869686339 
-6.848208117898361 
-6.8707200935062 
-6.893160932362553 
-6.915530771566585 
-6.93782974943858 
-6.960058005494981 
-6.982215680423523 
-7.004302916058764 
-7.026319855357704 
-7.048266642375913 
-7.070143422243553 
-7.091950341142031 
-7.113687546280528 
-7.135355185873176 
-7.156953409116171 
-7.178482366165191 
-7.199942208113202 
-7.221333086968326 
-7.242655155632164 
-7.263908567878134 
-7.285093478330199 
-7.306210042441849 
-7.327258416475226 
-7.348238757480553 
-7.369151223275779 
-7.389995972426488 
-7.4107731642260415 
-7.431482958675922 
-7.452125516466368 
-7.472700998957153 
-7.493209568158701 
-7.51365138671339 
-7.534026617877025 
-7.554335425500692 
-7.574577974012605 
-7.594754428400447 
-7.614864954193696 
-7.634909717446357 
-7.654888884719796 
-7.674802623065859 
-7.694651100010199 
-7.714434483535725 
-7.734152942066473 
-7.753806644451423 
-7.773395759948846 
-7.792920458210492 
-7.812380909266383 
-7.831777283509452 
-7.8511097516806 
-7.870378484853911 
-7.889583654422154 
-7.908725432082199 
-7.927803989821024 
-7.9468194999016255 
-7.9657721348492245 
-7.984662067437757 
-8.00348947067637 
-8.022254517796238 
-8.040957382237638 
-8.059598237636918 
-8.078177257814044 
-8.096694616760042 
-8.115150488624748 
-8.133545047704683 
-8.15187846843117 
-8.170150925358566 
-8.188362593152705 
-8.206513646579577 
-8.224604260494011 
-8.242634609828704 
-8.26060486958331 
-8.278515214813797 
-8.296365820621801 
-8.31415686214438 
-8.331888514543772 
-8.349560952997251 
-8.367174352687359 
-8.384728888792171 
-8.402224736475647 
-8.419662070878289 
-8.437041067107826 
-8.45436190023021 
-8.47162474526047 
-8.488829777154143 
-8.505977170798346 
-8.523067101003557 
-8.540099742494991 
-8.557075269904399 
-8.573993857762193 
-8.590855680489305 
-8.60766091238934 
-8.624409727641076 
-8.641102300290775 
-8.657738804244849 
-8.674319413262605 
-8.690844300948985 
-8.707313640747696 
-8.723727605934226 
-8.740086369609045 
-8.75639010469118 
-8.772638983911357 
-8.788833179805984 
-8.804972864710539 
-8.821058210753645 
-8.837089389850922 
-8.853066573699062 
-8.868989933770063 
-8.88485964130556 
-8.900675867311117 
-8.916438782550872 
-8.932148557542114 
-8.947805362549992 
-8.963409367582479 
-8.97896074238517 
-8.994459656436478 
-9.009906278942614 
-9.025300778833092 
-9.040643324755788 
-9.055934085072638 
-9.07117322785507 
-9.086360920879669 
-9.101497331623943 
-9.11658262726206 
-9.131616974660933 
-9.14660054037606 
-9.161533490647805 
-9.176415991397366 
-9.19124820822331 
-9.206030306397686 
-9.220762450862669 
-9.235444806227035 
-9.250077536762664 
-9.26466080640137 
-9.279194778731682 
-9.293679616995513 
-9.308115484085391 
-9.322502542541153 
-9.336840954547203 
-9.35113088192973 
-9.365372486153667 
-9.379565928320353 
-9.393711369164597 
-9.407808969052276 
-9.421858887977884 
-9.435861285561915 
-9.449816321048816 
-9.463724153304394 
-9.477584940813754 
-9.491398841679178 
-9.5051660136179 
-9.518886613960188 
-9.532560799647325 
-9.546188727229715 
-9.559770552865036 
-9.573306432316384 
-9.586796520950646 
-9.600240973736788 
-9.613639945244145 
-9.626993589641014 
-9.640302060693001 
-9.653565511761634 
-9.666784095802946 
-9.679957965366096 
-9.693087272592141 
-9.706172169212632 
-9.719212806548654 
-9.732209335509346 
-9.745161906591111 
-9.758070669876362 
-9.770935775032562 
-9.783757371311246 
-9.796535607547089 
-9.809270632157135 
-9.821962593139679 
-9.834611638073845 
-9.84721791411854 
-9.859781568011899 
-9.872302746070456 
-9.884781594188755 
-9.8972182578385 
-9.909612882068236 
-9.921965611502568 
-9.934276590341941 
-9.946545962362034 
-9.95877387091335 
-9.970960458921002 
-9.983105868884156 
-9.995210242875888 
-10.007273722542852 
-10.019296449104992 
-10.03127856335546 
-10.043220205660358 
-10.055121515958575 
-10.066982633761688 
-10.07880369815399 
-10.090584847792185 
-10.102326220905665 
-10.114027955296269 
-10.125690188338439 
-10.137313056979242 
-10.14889669773848 
-10.16044124670871 
-10.17194683955555 
-10.183413611517588 
-10.194841697406872 
-10.206231231608896 
-10.217582348082852 
-10.22889518036202 
-10.24016986155392 
-10.25140652434063 
-10.2626053009792 
-10.273766323301892 
-10.284889722716578 
-10.295975630207163 
-10.307024176333949 
-10.31803549123412 
-10.329009704622093 
-10.339946945790038 
-10.350847343608429 
-10.36171102652635 
-10.372538122572315 
-10.383328759354493 
-10.394083064061473 
-10.404801163462711 
-10.415483183909252 
-10.426129251334183 
-10.436739491253338 
-10.447314028765916 
-10.457852988555178 
-10.46835649488897 
-10.478824671620588 
-10.489257642189305 
-10.499655529621204 
-10.510018456529792 
-10.520346545116823 
-10.530639917172948 
-10.54089869407858 
-10.551122996804612 
-10.561312945913068 
-10.571468661558239 
-10.581590263487051 
-10.591677871040249 
-10.601731603152963 
-10.61175157835574 
-10.621737914775235 
-10.631690730135183 
-10.641610141757187 
-10.65149626656156 
-10.661349221068402 
-10.671169121398258 
-10.680956083273085 
-10.690710222017312 
-10.700431652558587 
-10.710120489428693 
-10.719776846764704 
-10.729400838309555 
-10.738992577413434 
-10.748552177034291 
-10.758079749739128 
-10.767575407704854 
-10.777039262719295 
-10.78647142618198 
-10.795872009105453 
-10.805241122116076 
-10.81457887545498 
-10.823885378979199 
-10.833160742162619 
-10.842405074096995 
-10.851618483492954 
-10.860801078681053 
-10.869952967612782 
-10.87907425786165 
-10.888165056624107 
-10.897225470720743 
-10.906255606597174 
-10.915255570325172 
-10.924225467603772 
-10.933165403760228 
-10.942075483751116 
-10.950955812163423 
-10.9598064932155 
-10.968627630758306 
-10.977419328276332 
-10.98618168888872 
-10.99491481535042 
-11.003618810053158 
-11.0122937750265 
-11.020939811939062 
-11.029557022099553 
-11.038145506457703 
-11.046705365605607 
-11.055236699778597 
-11.063739608856503 
-11.072214192364662 
-11.080660549474965 
-11.089078779007 
-11.09746897942922 
-11.1058312488599 
-11.11416568506839 
-11.122472385476048 
-11.130751447157474 
-11.139002966841586 
-11.147227040912576 
-11.155423765411278 
-11.16359323603602 
-11.171735548143864 
-11.179850796751614 
-11.187939076537054 
-11.196000481839935 
-11.204035106663055 
-11.2120430446735 
-11.220024389203553 
-11.227979233252016 
-11.235907669485071 
-11.243809790237567 
-11.251685687514035 
-11.25953545298984 
-11.267359178012128 
-11.27515695360115 
-11.28292887045121 
-11.290675018931744 
-11.298395489088454 
-11.306090370644473 
-11.31375975300136 
-11.321403725240177 
-11.329022376122655 
-11.336615794092214 
-11.344184067275163 
-11.351727283481535 
-11.359245530206493 
-11.366738894631222 
-11.37420746362391 
-11.38165132374112 
-11.389070561228674 
-11.396465262022666 
-11.403835511750648 
-11.411181395732788 
-11.418502998982746 
-11.42580040620873 
-11.433073701814877 
-11.440322969901928 
-11.44754829426847 
-11.454749758412062 
-11.461927445530174 
-11.469081438521268 
-11.476211819985842 
-11.483318672227679 
-11.490402077254354 
-11.497462116779051 
-11.504498872220946 
-11.51151242470662 
-11.518502855070938 
-11.525470243858148 
-11.53241467132288 
-11.539336217431252 
-11.54623496186176 
-11.553110984006526 

 Time 
3620.000799894333 
