Parameters 
 
[-0.5 -0.5 -0.5 -0.5 -0.5 -0.5 -0.5 -0.5] 
[-0.85662253 -0.59655281 -0.64269241 -0.37906403 -0.2364111  -0.41629146
 -0.41261225 -0.41088383] 
[-1.04548956 -0.71209849 -0.71977668 -0.34872778 -0.12918234 -0.34296223
 -0.38227793 -0.44092119] 
[-1.1497144  -0.80921963 -0.76047822 -0.32947899 -0.06799549 -0.33505112
 -0.36285416 -0.46090338] 
[-1.217033   -0.86279231 -0.79736924 -0.32306036 -0.02221058 -0.3198102
 -0.35608853 -0.46899894] 
[-1.21985404 -0.86464836 -0.79727249 -0.32103389 -0.02134872 -0.31920594
 -0.35400677 -0.47037688] 
[-1.22219858 -0.86591264 -0.79866325 -0.31915177 -0.01929495 -0.31849492
 -0.35217683 -0.47139049] 
[-1.2289527  -0.8691726  -0.80005575 -0.31613715 -0.01299521 -0.31587242
 -0.34511429 -0.47514336] 
[-1.23214681 -0.86977699 -0.80230493 -0.31287186 -0.00698287 -0.31464814
 -0.34121276 -0.47823701] 
[-1.23910769 -0.88462523 -0.80022289 -0.29893271 -0.0316358  -0.33745323
 -0.34202816 -0.44859494] 
[-1.25560318 -0.92999112 -0.80826583 -0.28939482 -0.03083101 -0.37527093
 -0.33213195 -0.42617286] 
[-1.25850567 -0.93488422 -0.81073476 -0.28955837 -0.02812525 -0.37829595
 -0.33091024 -0.42534125] 
[-1.26816121 -0.94728267 -0.82367111 -0.28814592 -0.02021694 -0.38689096
 -0.32842915 -0.42003408] 
[-1.27323627 -0.95252654 -0.83109569 -0.28658149 -0.01737618 -0.39067727
 -0.32740349 -0.41576921] 
[-1.27478216 -0.95279584 -0.83336909 -0.28677077 -0.01619437 -0.38892412
 -0.3260088  -0.41552009] 
[-1.27551287 -0.95273974 -0.83489953 -0.28629642 -0.01545434 -0.38789153
 -0.32508835 -0.41516452] 
[-1.27632692 -0.95277538 -0.83662113 -0.28591941 -0.01435106 -0.38675993
 -0.32405459 -0.41502191] 
[-1.27729378 -0.95307884 -0.83900576 -0.28583053 -0.01215178 -0.38545471
 -0.3229215  -0.4153473 ] 
[-1.27863104 -0.9531402  -0.8416403  -0.28509655 -0.01088171 -0.384237
 -0.32156261 -0.41514008] 
[-1.28011454 -0.95294079 -0.84415928 -0.28422037 -0.01007553 -0.38277356
 -0.32005459 -0.41476871] 
[-1.28086853 -0.95303959 -0.84565832 -0.28371773 -0.00917228 -0.38177331
 -0.31903118 -0.41476852] 
[-1.28200991 -0.95331286 -0.84767789 -0.28323546 -0.0083032  -0.38087928
 -0.3180086  -0.41442618] 
[-1.28320812 -0.9533515  -0.8496064  -0.28258226 -0.00777683 -0.37983269
 -0.31695312 -0.41397557] 
[-1.28442956 -0.95341315 -0.85156853 -0.28191671 -0.00723799 -0.37877458
 -0.31586604 -0.41351643] 
[-1.28509018 -0.95390839 -0.85275929 -0.2813003  -0.00669977 -0.37818309
 -0.31476229 -0.41340271] 
[-1.28555598 -0.9545852  -0.8539498  -0.28067868 -0.0059025  -0.37756844
 -0.31370579 -0.41326347] 
[-1.28601353 -0.9549567  -0.85474963 -0.27994936 -0.00563072 -0.37703506
 -0.31266358 -0.41318316] 
[-1.28632085 -0.95504354 -0.85514486 -0.27932091 -0.0053317  -0.37589759
 -0.31116914 -0.41377706] 
[-1.28657056 -0.95559719 -0.8555498  -0.27875118 -0.00528971 -0.37553365
 -0.31001536 -0.41388069] 
[-1.2871834  -0.95621765 -0.85610296 -0.27817976 -0.00551255 -0.37530791
 -0.30868524 -0.41380248] 
[-1.28760447 -0.95684531 -0.85659478 -0.27762381 -0.00560134 -0.37504115
 -0.30751388 -0.41364429] 
[-1.28814472 -0.9576558  -0.85705555 -0.2772066  -0.00574296 -0.37497206
 -0.30635327 -0.41348858] 
[-1.28888746 -0.962674   -0.85876789 -0.27624841 -0.00519149 -0.37509555
 -0.29866048 -0.41693225] 
[-1.28993514 -0.96855681 -0.86046632 -0.2753698  -0.00549624 -0.37591743
 -0.29070451 -0.41954308] 
[-1.29073117 -0.97249861 -0.86179029 -0.27419313 -0.0060553  -0.37589934
 -0.28463416 -0.42118224] 
[-1.29169018 -0.97653231 -0.86384981 -0.27271537 -0.00660499 -0.37571185
 -0.2780805  -0.42274484] 
[-1.29251484 -0.97993925 -0.86575113 -0.27150414 -0.00703515 -0.37557908
 -0.2729211  -0.42359779] 
[-1.29328113 -0.98313019 -0.86740095 -0.27045942 -0.00748314 -0.37548143
 -0.26817497 -0.42435259] 
[-1.29407311 -0.98635425 -0.86909799 -0.26939449 -0.00795185 -0.37538708
 -0.26335733 -0.42511787] 
[-1.30375545 -1.0153345  -0.87733545 -0.26471956 -0.01930237 -0.38331773
 -0.22396883 -0.43295542] 
[-1.30890218 -1.0227784  -0.88024609 -0.26284337 -0.02494165 -0.38562275
 -0.21388145 -0.43348393] 
[-1.31809067 -1.03473884 -0.88440103 -0.2581464  -0.03483091 -0.39117337
 -0.19709536 -0.4333465 ] 
[-1.32463208 -1.04306708 -0.88756833 -0.25467519 -0.04170065 -0.39482022
 -0.18512199 -0.43327624] 
[-1.33168022 -1.05250088 -0.89107913 -0.25041644 -0.04961063 -0.39931727
 -0.17153756 -0.43235188] 
[-1.34142646 -1.06664331 -0.89534464 -0.24385079 -0.06124051 -0.40697439
 -0.15160712 -0.43081322] 
[-1.34863999 -1.07696073 -0.89864076 -0.23891451 -0.06974186 -0.41242883
 -0.13684425 -0.42970358] 
[-1.36856429 -1.11235102 -0.90900102 -0.22326152 -0.09562479 -0.43240705
 -0.08665266 -0.42784606] 
[-1.37595983 -1.12498476 -0.91313932 -0.21727967 -0.10488174 -0.43921616
 -0.06836555 -0.42704718] 
[-1.3851873  -1.14077875 -0.91844242 -0.209854   -0.11670338 -0.44807995
 -0.04545479 -0.42623436] 
[-1.38797761 -1.14444615 -0.91986211 -0.20784512 -0.11976121 -0.4498397
 -0.0397794  -0.42606417] 
[-1.39029678 -1.14738193 -0.92111464 -0.2061272  -0.12221095 -0.45113903
 -0.03509509 -0.42593013] 
[-1.39508318 -1.1534156  -0.92485685 -0.20015876 -0.12599573 -0.45183756
 -0.02185451 -0.42687266] 
[-1.40103949 -1.16013118 -0.92882856 -0.19392433 -0.13122068 -0.45337662
 -0.00793494 -0.42722985] 
[-1.40517409 -1.16449267 -0.93171067 -0.1894995  -0.13467717 -0.45406594
  0.00160337 -0.4275294 ] 
[-1.41221208 -1.17265647 -0.93630092 -0.18196964 -0.1409836  -0.45613146
  0.01803807 -0.42783619] 
[-1.41857066 -1.17996578 -0.9407493  -0.17465931 -0.14654032 -0.45753489
  0.03348939 -0.42822061] 
[-1.42085701 -1.18178315 -0.94201694 -0.17257027 -0.14860005 -0.45795657
  0.03746045 -0.42792161] 
[-1.42277307 -1.18324144 -0.94315907 -0.17070371 -0.15025533 -0.45815932
  0.04085562 -0.42767769] 
[-1.42455667 -1.18459245 -0.9441728  -0.16900279 -0.1517704  -0.45837487
  0.04388459 -0.42738446] 
[-1.42637897 -1.18631151 -0.94491778 -0.16737018 -0.15370011 -0.45931596
  0.04667084 -0.42668343] 
[-1.42782694 -1.18755994 -0.94558371 -0.16600112 -0.15513377 -0.45983457
  0.04889683 -0.4261647 ] 
[-1.43196811 -1.19178731 -0.94717257 -0.16228639 -0.15984274 -0.46295376
  0.05533424 -0.42460306] 
[-1.4326854  -1.19209435 -0.94771932 -0.161419   -0.16020014 -0.46246977
  0.05656939 -0.42452338] 
[-1.44025805 -1.19791585 -0.95049958 -0.15670454 -0.16790396 -0.46601876
  0.06667473 -0.42297811] 
[-1.44703651 -1.20194777 -0.9537139  -0.15250772 -0.17406476 -0.46744784
  0.07543778 -0.42184449] 
[-1.44810211 -1.20177993 -0.95455384 -0.15177801 -0.17472152 -0.4666738
  0.07635443 -0.42174774] 
[-1.4491178  -1.20158841 -0.95537512 -0.15107141 -0.17531742 -0.46586336
  0.0772318  -0.42167107] 
[-1.44982117 -1.20111532 -0.95601942 -0.15051665 -0.17548098 -0.46471501
  0.07776954 -0.42181064] 
[-1.45100368 -1.20086393 -0.95701984 -0.14958959 -0.17622147 -0.4638411
  0.07888303 -0.42176634] 
[-1.4519261  -1.20055756 -0.95782427 -0.14871428 -0.17688967 -0.46327905
  0.07956052 -0.42150491] 
[-1.45239742 -1.20001265 -0.95829652 -0.14816024 -0.17697705 -0.46238476
  0.07973855 -0.42146512] 
[-1.45294327 -1.19942852 -0.95878368 -0.14758455 -0.1771026  -0.46140007
  0.07995241 -0.42146677] 
[-1.45369522 -1.19909084 -0.95922519 -0.14697921 -0.17748836 -0.46072376
  0.08029884 -0.4213744 ] 
[-1.45443445 -1.19874602 -0.9596592  -0.14637765 -0.17785666 -0.46003674
  0.08063541 -0.42128989] 
[-1.454826   -1.19817779 -0.95990151 -0.14582763 -0.17777638 -0.45900515
  0.08074432 -0.42148543] 
[-1.45513758 -1.19760114 -0.96008925 -0.14536797 -0.17760982 -0.45793791
  0.08076014 -0.42167772] 
[-1.45556582 -1.19709766 -0.96036644 -0.14481563 -0.1775849  -0.456964
  0.08085333 -0.42175981] 
[-1.45598719 -1.1965816  -0.96064158 -0.14427828 -0.17754332 -0.45598558
  0.08092752 -0.42185131] 
[-1.45640867 -1.19608183 -0.96090471 -0.14372654 -0.1775204  -0.45499957
  0.0809969  -0.42191517] 
[-1.45683359 -1.19562869 -0.96117818 -0.14318578 -0.17752687 -0.45404201
  0.08109359 -0.42195136] 
[-1.45723648 -1.19524508 -0.96139272 -0.14267296 -0.17751091 -0.4531784
  0.08120623 -0.42200428] 
[-1.45766833 -1.19487785 -0.96161844 -0.14216955 -0.17752726 -0.45234302
  0.08133289 -0.42205275] 
[-1.45807332 -1.19452195 -0.96186213 -0.14169339 -0.17751653 -0.45152093
  0.08142505 -0.42207518] 
[-1.45844659 -1.19413477 -0.96212016 -0.14120596 -0.17746705 -0.45069059
  0.081494   -0.42211366] 
[-1.45881996 -1.19375241 -0.96237732 -0.14071606 -0.17741756 -0.44986072
  0.08156791 -0.42214971] 
[-1.45920672 -1.19338006 -0.96264604 -0.14023593 -0.17737295 -0.44906082
  0.08164289 -0.42216598] 
[-1.45956033 -1.19303079 -0.9629302  -0.13976201 -0.17729917 -0.44825549
  0.08174021 -0.42217195] 
[-1.45999218 -1.19272978 -0.96324607 -0.13925171 -0.17731052 -0.4474978
  0.08186476 -0.42210761] 
[-1.46052005 -1.19255288 -0.96359885 -0.13876539 -0.17745915 -0.44689272
  0.08200289 -0.42192457] 
[-1.46108141 -1.19239869 -0.96395324 -0.13827248 -0.17763802 -0.44629776
  0.0821607  -0.42171706] 
[-1.46164235 -1.19224414 -0.96430622 -0.13777964 -0.1778151  -0.44570097
  0.08231892 -0.42151044] 
[-1.46220726 -1.1920788  -0.96465978 -0.13728499 -0.17798704 -0.44508466
  0.08248034 -0.42131289] 
[-1.46280779 -1.19198065 -0.96507965 -0.13673871 -0.1782321  -0.44457629
  0.08262872 -0.4209968 ] 
[-1.46340408 -1.19188649 -0.9654989  -0.13619107 -0.17847492 -0.44406947
  0.08278337 -0.42068429] 
[-1.46398864 -1.19178674 -0.96596466 -0.13559983 -0.17870288 -0.44357827
  0.0829424  -0.42033508] 
[-1.46456531 -1.19168473 -0.96642859 -0.13501424 -0.17892236 -0.4430838
  0.08309616 -0.41998836] 
[-1.46507089 -1.19156672 -0.96688658 -0.13453707 -0.17905051 -0.44264313
  0.08315608 -0.41970669] 
[-1.46563534 -1.19145425 -0.96738222 -0.13403892 -0.17922872 -0.44223238
  0.08321138 -0.41938076] 
[-1.46625021 -1.19129222 -0.96790385 -0.13352835 -0.17942206 -0.44178807
  0.08323772 -0.41905033] 
[-1.46688151 -1.19113153 -0.96843507 -0.13301468 -0.1796281  -0.44135135
  0.08325687 -0.41870762] 
[-1.46753691 -1.19097005 -0.96898557 -0.13247743 -0.17985777 -0.44091723
  0.08327494 -0.41834773] 
[-1.46818971 -1.19080579 -0.96952762 -0.13194656 -0.18008478 -0.4404779
  0.08329162 -0.41799483] 
[-1.46889028 -1.19065969 -0.97       -0.13149007 -0.18035854 -0.44001957
  0.08328623 -0.41767744] 
[-1.46959218 -1.19055058 -0.97046309 -0.13107932 -0.18061845 -0.43961366
  0.0832683  -0.41737009] 
[-1.47034076 -1.1904322  -0.97094267 -0.13066074 -0.1809067  -0.43921021
  0.08323047 -0.41703382] 
[-1.47108794 -1.19029428 -0.97141994 -0.13022339 -0.18120731 -0.43876349
  0.08320582 -0.41670198] 
[-1.4718822  -1.19015584 -0.97191854 -0.12976238 -0.1815328  -0.43831479
  0.0831751  -0.4163387 ] 
[-1.47267097 -1.19001631 -0.97241304 -0.12930334 -0.18185301 -0.4378633
  0.08314487 -0.41597928] 
[-1.47340309 -1.18989853 -0.97287336 -0.12889328 -0.18216878 -0.43745827
  0.08312619 -0.41563954] 
[-1.47416974 -1.18980326 -0.9733716  -0.12846603 -0.18251719 -0.43708173
  0.08307836 -0.41523751] 
[-1.47493071 -1.18971426 -0.97386121 -0.12804356 -0.18285754 -0.43670387
  0.08303744 -0.41483905] 
[-1.47566748 -1.18959003 -0.97432594 -0.12761549 -0.18316022 -0.43632632
  0.08297453 -0.41447703] 
[-1.47660465 -1.18949507 -0.97483445 -0.12716853 -0.18359201 -0.43598005
  0.08286694 -0.41397863] 
[-1.47750239 -1.18940526 -0.97532602 -0.12672214 -0.18398931 -0.43562928
  0.08276802 -0.41350843] 
[-1.47835695 -1.1893021  -0.97580263 -0.12627893 -0.18435409 -0.43525894
  0.08266727 -0.41305524] 
[-1.47920828 -1.18919722 -0.9762757  -0.12583754 -0.18471557 -0.43488482
  0.08256848 -0.4126056 ] 
[-1.47988095 -1.18908582 -0.97662356 -0.12551941 -0.1849564  -0.43457825
  0.08240841 -0.41217779] 
[-1.4804533  -1.188977   -0.97694906 -0.12522526 -0.18512836 -0.43423936
  0.08228619 -0.41182344] 
[-1.48096997 -1.18887361 -0.97727591 -0.12492128 -0.18526014 -0.43388376
  0.0822041  -0.41150775] 
[-1.48147619 -1.18876279 -0.97763288 -0.12460232 -0.18538079 -0.43349748
  0.08212879 -0.41118956] 
[-1.48198272 -1.1886517  -0.97798683 -0.12428362 -0.18550124 -0.43311107
  0.08205402 -0.4108735 ] 
[-1.48246372 -1.18853201 -0.97833172 -0.1239838  -0.1856133  -0.43273368
  0.08196732 -0.41056854] 
[-1.48294344 -1.18841286 -0.97867771 -0.12368246 -0.1857229  -0.43235497
  0.08188148 -0.4102626 ] 
[-1.48343568 -1.18822742 -0.97911216 -0.12331941 -0.18584243 -0.43191906
  0.08177863 -0.40995167] 
[-1.48391101 -1.18804316 -0.97952517 -0.12296504 -0.18594633 -0.4314813
  0.08167934 -0.40965984] 
[-1.48443588 -1.1878681  -0.97996443 -0.12260602 -0.18608635 -0.43105944
  0.0815549  -0.40932679] 
[-1.48496638 -1.1876998  -0.98040049 -0.12224645 -0.18622394 -0.43064442
  0.08142077 -0.40898008] 
[-1.48549353 -1.18753308 -0.98083215 -0.1218888  -0.18635885 -0.43022955
  0.08128935 -0.40863645] 
[-1.48602465 -1.18736455 -0.98126651 -0.12153027 -0.18649407 -0.42981206
  0.08116011 -0.40829695] 
[-1.48656673 -1.1872018  -0.98167886 -0.12118737 -0.18663825 -0.42939169
  0.08102589 -0.40796674] 
[-1.48713191 -1.18701428 -0.98208882 -0.12084701 -0.1868007  -0.42894729
  0.08087788 -0.40764343] 
[-1.48769239 -1.18682846 -0.9824942  -0.12050822 -0.18695949 -0.42850311
  0.08073323 -0.40732327] 
[-1.48824524 -1.18660593 -0.98293077 -0.12017049 -0.18712851 -0.42801873
  0.08057117 -0.40701887] 
[-1.48876122 -1.18639423 -0.9833151  -0.11987588 -0.18728554 -0.42757945
  0.0803817  -0.40669786] 
[-1.48927698 -1.18620643 -0.98364554 -0.11961146 -0.18744722 -0.42713872
  0.08023201 -0.40641783] 
[-1.48978128 -1.18602448 -0.98396631 -0.11935037 -0.18760224 -0.42670103
  0.08008988 -0.40614056] 
[-1.49028277 -1.18584419 -0.98428432 -0.11909013 -0.18775465 -0.42626409
  0.07994988 -0.4058649 ] 
[-1.49079021 -1.18565767 -0.98461602 -0.11882158 -0.18791454 -0.42582585
  0.07979923 -0.40557709] 
[-1.49131946 -1.18546746 -0.98494576 -0.11855653 -0.18808874 -0.42539174
  0.07963469 -0.40527716] 
[-1.49184852 -1.18528159 -0.98527409 -0.1182951  -0.18826194 -0.42495617
  0.0794666  -0.40497237] 
[-1.49237102 -1.18509735 -0.98560158 -0.11803342 -0.18842893 -0.42451884
  0.0793035  -0.40467038] 
[-1.49289165 -1.18491446 -0.98592641 -0.11777317 -0.18859422 -0.42408287
  0.07914352 -0.4043709 ] 
[-1.49340566 -1.18473052 -0.98624857 -0.11751097 -0.18875233 -0.42364281
  0.07898529 -0.40407395] 
[-1.49391648 -1.18454826 -0.98656772 -0.11724983 -0.18890763 -0.42320375
  0.07882947 -0.40377912] 
[-1.4944234  -1.18436832 -0.98688332 -0.11698939 -0.18906027 -0.42276551
  0.07867674 -0.40348622] 
[-1.49492452 -1.18419379 -0.98719584 -0.11673261 -0.18921025 -0.42233129
  0.07852558 -0.40319352] 
[-1.49541789 -1.18403018 -0.98752775 -0.11648135 -0.1893699  -0.42188485
  0.07838214 -0.402887  ] 
[-1.49591082 -1.18385397 -0.98788706 -0.11620885 -0.18953297 -0.42142296
  0.07824231 -0.40258114] 
[-1.49638135 -1.18368458 -0.98826381 -0.11595359 -0.18970241 -0.42094136
  0.07808785 -0.40228697] 
[-1.49684386 -1.18350852 -0.98864247 -0.11570012 -0.18986911 -0.42045307
  0.07793984 -0.40200205] 
[-1.49732316 -1.18332718 -0.9890269  -0.11545056 -0.19005033 -0.41997237
  0.0777981  -0.40172276] 
[-1.4977999  -1.18314815 -0.98940715 -0.11520186 -0.19022888 -0.41949405
  0.07765907 -0.40144551] 
[-1.4982585  -1.18297566 -0.98976383 -0.11496043 -0.19040055 -0.41902278
  0.07752837 -0.40118427] 
[-1.49869658 -1.18280317 -0.99011217 -0.114719   -0.19055429 -0.41855894
  0.07740861 -0.40093707] 
[-1.49913291 -1.182626   -0.99045625 -0.11448298 -0.19070904 -0.41808826
  0.07728132 -0.40068714] 
[-1.49957154 -1.18244847 -0.99078791 -0.11425046 -0.19086326 -0.41762508
  0.07715789 -0.40044528] 
[-1.50001721 -1.18228015 -0.99111821 -0.11402307 -0.19102457 -0.41717363
  0.07704274 -0.40020673] 
[-1.50046704 -1.1821144  -0.99145031 -0.11379276 -0.19118878 -0.41672555
  0.07693197 -0.39997038] 
[-1.50088559 -1.18196557 -0.99178351 -0.11357461 -0.19134584 -0.41627487
  0.07684871 -0.39975693] 
[-1.50132236 -1.18181712 -0.99213276 -0.11335407 -0.1915135  -0.41581129
  0.07675855 -0.39953558] 
[-1.50165847 -1.18176754 -0.99235446 -0.11319683 -0.19162021 -0.4154588
  0.07673701 -0.39932297] 
[-1.50199323 -1.18171513 -0.99256818 -0.11304368 -0.1917202  -0.41510159
  0.07672049 -0.39911796] 
[-1.5023173  -1.18166191 -0.99277246 -0.11289155 -0.19181392 -0.41475188
  0.07670494 -0.39891333] 
[-1.5026221  -1.18160675 -0.99296952 -0.11273876 -0.19188971 -0.41440862
  0.07670136 -0.39872348] 
[-1.50291179 -1.18153308 -0.99317842 -0.11256777 -0.19197821 -0.41408016
  0.07668607 -0.39854773] 
[-1.50318723 -1.18146403 -0.99337209 -0.11241485 -0.19204515 -0.41376704
  0.07666388 -0.39838794] 
[-1.50346326 -1.18139532 -0.9935642  -0.11226157 -0.19211142 -0.41345425
  0.07664159 -0.3982278 ] 
[-1.50373891 -1.18132713 -0.99375519 -0.11210826 -0.19217675 -0.41314129
  0.07661996 -0.39806808] 
[-1.50400224 -1.18126325 -0.99393045 -0.11196375 -0.19223365 -0.4128376
  0.07659971 -0.39791283] 
[-1.50428379 -1.18120134 -0.99411107 -0.11182267 -0.19230705 -0.41253725
  0.07656851 -0.39774698] 
[-1.5045624  -1.18114082 -0.99429165 -0.11168281 -0.19238014 -0.41223416
  0.07653676 -0.39758309] 
[-1.50483967 -1.18108094 -0.99447119 -0.11154231 -0.19245129 -0.41193084
  0.07650652 -0.39742008] 
[-1.50512011 -1.18102188 -0.99464786 -0.11140173 -0.19252409 -0.41162821
  0.07647665 -0.39725569] 
[-1.50539216 -1.18096834 -0.99482595 -0.1112583  -0.19259139 -0.41133167
  0.07645463 -0.39709367] 
[-1.50567044 -1.18091367 -0.99499519 -0.1111114  -0.19266422 -0.41104115
  0.07643995 -0.39693819] 
[-1.50594303 -1.18086237 -0.99516696 -0.11096236 -0.19273215 -0.41075369
  0.0764252  -0.39678114] 
[-1.50621354 -1.18081448 -0.99533359 -0.11081688 -0.19279622 -0.41046675
  0.07640823 -0.39662267] 
[-1.50649152 -1.1807714  -0.99549425 -0.11067646 -0.19286716 -0.41018428
  0.07638632 -0.39646019] 
[-1.50673435 -1.18072341 -0.99559922 -0.110559   -0.19293248 -0.40993133
  0.07640322 -0.39634438] 
[-1.5069813  -1.18067724 -0.99569766 -0.11044574 -0.19299587 -0.40968325
  0.07642121 -0.39622627] 
[-1.50722791 -1.1806316  -0.99579522 -0.11033241 -0.19305831 -0.40943504
  0.07643972 -0.39610854] 
[-1.50747266 -1.18058633 -0.99589322 -0.11021894 -0.19311812 -0.40918587
  0.07645917 -0.39599094] 
[-1.50771919 -1.18054067 -0.99599164 -0.11010576 -0.19317904 -0.40893706
  0.07647942 -0.3958737 ] 
[-1.50795527 -1.18049361 -0.99608914 -0.10999639 -0.19322873 -0.4086826
  0.07649755 -0.3957618 ] 
[-1.50819095 -1.18044543 -0.99618964 -0.10988559 -0.19328037 -0.40842924
  0.07651315 -0.3956471 ] 
[-1.5084264  -1.18039696 -0.99629009 -0.10977486 -0.19333074 -0.40817593
  0.07652851 -0.39553265] 
[-1.50866083 -1.18034834 -0.99639062 -0.10966359 -0.19337928 -0.40792164
  0.07654475 -0.39541896] 
[-1.50889444 -1.18030023 -0.99649034 -0.10955184 -0.19342653 -0.40766682
  0.07656123 -0.39530527] 
[-1.50912938 -1.18025139 -0.99659052 -0.10943924 -0.193474   -0.40741156
  0.0765769  -0.39519092] 
[-1.50936413 -1.18020284 -0.99669018 -0.1093264  -0.19352077 -0.40715602
  0.076593   -0.3950767 ] 
[-1.50959498 -1.18015716 -0.99678402 -0.10921062 -0.1935661  -0.40689913
  0.07661443 -0.39496687] 
[-1.50982459 -1.18011241 -0.99687621 -0.10909477 -0.1936102  -0.40664148
  0.07663634 -0.39485738] 
[-1.51004695 -1.18006815 -0.99696373 -0.10897826 -0.19364627 -0.40638077
  0.07665859 -0.39475236] 
[-1.51026896 -1.18002416 -0.9970512  -0.10886164 -0.19368146 -0.40611968
  0.07668092 -0.39464723] 
[-1.51049141 -1.17998112 -0.99713888 -0.10874438 -0.19371593 -0.40585923
  0.07670352 -0.39454248] 
[-1.51071595 -1.17993769 -0.99722587 -0.10862834 -0.19375189 -0.40559925
  0.07672455 -0.39443676] 
[-1.51094117 -1.17989277 -0.99731367 -0.10851043 -0.1937881  -0.40533884
  0.07674556 -0.39433111] 
[-1.511167   -1.17984629 -0.99740225 -0.1083906  -0.1938245  -0.40507796
  0.07676663 -0.39422553] 
[-1.51139275 -1.17979991 -0.99749023 -0.10827082 -0.19386071 -0.40481667
  0.07678767 -0.39411983] 
[-1.51161255 -1.17975505 -0.99757791 -0.10815029 -0.19389239 -0.40455898
  0.07680764 -0.39401732] 
[-1.51183281 -1.17971005 -0.99766593 -0.10803012 -0.1939237  -0.40430123
  0.07682707 -0.39391421] 
[-1.51205489 -1.17966912 -0.99775607 -0.10791149 -0.19395283 -0.40404721
  0.07684929 -0.39380876] 
[-1.51227649 -1.17962782 -0.99784634 -0.10779299 -0.19398158 -0.40379237
  0.07687228 -0.39370386] 
[-1.51248774 -1.17960298 -0.9979272  -0.10767596 -0.19401808 -0.40355577
  0.0768873  -0.39360567] 
[-1.51269841 -1.17957842 -0.99800813 -0.10755877 -0.19405355 -0.40331871
  0.07690279 -0.39350745] 
[-1.51290861 -1.17955393 -0.99808848 -0.10744116 -0.19408808 -0.40308129
  0.07691857 -0.39340958] 
[-1.51311887 -1.17952809 -0.99817139 -0.10732516 -0.19412285 -0.40284153
  0.07693268 -0.3933105 ] 
[-1.51332927 -1.17950293 -0.99825442 -0.10720842 -0.1941567  -0.40260212
  0.07694695 -0.39321179] 
[-1.51353916 -1.1794765  -0.99834402 -0.10709057 -0.19418779 -0.4023573
  0.07696613 -0.39311487] 
[-1.5137496  -1.17945164 -0.99843491 -0.10697095 -0.19421714 -0.40211385
  0.07698506 -0.39301884] 
[-1.51395975 -1.17942836 -0.99852334 -0.10685311 -0.19424747 -0.4018698
  0.07700221 -0.39292134] 
[-1.51417272 -1.17940721 -0.99860603 -0.10673524 -0.19427828 -0.40162879
  0.07701832 -0.39282581] 
[-1.51438863 -1.17938748 -0.99868656 -0.10661724 -0.19431204 -0.40138864
  0.07703282 -0.39272808] 
[-1.51460724 -1.17937164 -0.99876337 -0.10649776 -0.19434597 -0.40115122
  0.07704566 -0.3926273 ] 
[-1.51482449 -1.17935494 -0.99884161 -0.10637607 -0.19438024 -0.40091491
  0.07705997 -0.39252583] 
[-1.51504023 -1.17933809 -0.99891836 -0.10625553 -0.1944147  -0.40067829
  0.07707633 -0.39242563] 
[-1.51525331 -1.17931902 -0.99899674 -0.10613844 -0.19444898 -0.40044381
  0.07708998 -0.39232223] 
[-1.51546429 -1.17929948 -0.99907507 -0.10602062 -0.19448077 -0.40020976
  0.07710479 -0.39221985] 
[-1.51567135 -1.17927449 -0.99915276 -0.10591144 -0.1945185  -0.39998188
  0.07711602 -0.3921162 ] 
[-1.51587998 -1.17924937 -0.99922787 -0.10580073 -0.19455734 -0.39975508
  0.07712963 -0.3920141 ] 
[-1.51609242 -1.17922383 -0.99930582 -0.10568822 -0.19459966 -0.39952591
  0.07714239 -0.39191081] 
[-1.51630164 -1.17919634 -0.99938976 -0.10556978 -0.19464407 -0.39930037
  0.07715989 -0.39180439] 
[-1.51651695 -1.17916879 -0.99946901 -0.10545431 -0.19469435 -0.39907728
  0.07717785 -0.39169503] 
[-1.51673067 -1.17913811 -0.99955451 -0.10533557 -0.19474723 -0.39885577
  0.07719265 -0.39158192] 
[-1.51695734 -1.17910611 -0.99964902 -0.10521125 -0.19481275 -0.39863341
  0.07720608 -0.39146314] 
[-1.51718354 -1.1790742  -0.99974222 -0.10508709 -0.19487737 -0.3984114
  0.07722048 -0.39134504] 
[-1.51740794 -1.17904298 -0.99983437 -0.10496307 -0.19493978 -0.3981894
  0.07723601 -0.39122829] 
[-1.5176369  -1.17901102 -0.99992708 -0.10483951 -0.19500437 -0.39796398
  0.07725038 -0.39111028] 
[-1.5178587  -1.17898396 -1.00001139 -0.10470938 -0.19506493 -0.39774497
  0.07727291 -0.39099245] 
[-1.51807692 -1.17895415 -1.0000927  -0.10458259 -0.19512274 -0.39752304
  0.07729193 -0.39087441] 
[-1.51829462 -1.17892451 -1.00017374 -0.10445557 -0.19517974 -0.3973011
  0.07731151 -0.39075675] 
[-1.51851223 -1.17889505 -1.00025428 -0.10432865 -0.19523601 -0.39707937
  0.07733187 -0.39063975] 
[-1.51872814 -1.17886824 -1.00033633 -0.10419864 -0.19529306 -0.39686003
  0.0773551  -0.39052165] 
[-1.51894895 -1.17884037 -1.00041433 -0.10406729 -0.19535509 -0.39664247
  0.07737627 -0.39040416] 
[-1.51916821 -1.17881503 -1.0004906  -0.10393498 -0.19541943 -0.39642858
  0.07740011 -0.39028433] 
[-1.5193815  -1.17879163 -1.00056548 -0.10380645 -0.19547982 -0.3962192
  0.07742741 -0.39016317] 
[-1.51959402 -1.17876627 -1.00063499 -0.10367588 -0.1955354  -0.3960124
  0.07745538 -0.39004677] 
[-1.51979923 -1.17873826 -1.00070957 -0.1035418  -0.19558237 -0.39580654
  0.07748788 -0.38993191] 
[-1.52000434 -1.17871049 -1.00078363 -0.10340761 -0.19562856 -0.39560081
  0.07752077 -0.38981732] 
[-1.52020896 -1.17868273 -1.00085702 -0.10327327 -0.19567394 -0.39539486
  0.07755401 -0.38970323] 
[-1.52041425 -1.17865541 -1.00093039 -0.10313907 -0.19571972 -0.39518914
  0.0775873  -0.38958864] 
[-1.52061935 -1.17862827 -1.00100332 -0.10300486 -0.19576497 -0.39498323
  0.0776209  -0.38947424] 
[-1.52082242 -1.1785985  -1.0010788  -0.10287499 -0.19581092 -0.39477909
  0.07764881 -0.38935679] 
[-1.5210249  -1.17856905 -1.00115359 -0.10274516 -0.19585595 -0.39457479
  0.07767711 -0.38923959] 
[-1.52121836 -1.17853742 -1.00122022 -0.10260994 -0.19589391 -0.39437373
  0.07771101 -0.38913183] 
[-1.52140903 -1.17850358 -1.0012898  -0.10247639 -0.19592866 -0.39417031
  0.07774239 -0.3890225 ] 
[-1.521601   -1.17847327 -1.00135555 -0.10234517 -0.19596449 -0.39397008
  0.0777758  -0.38891576] 
[-1.52179214 -1.17843879 -1.00142331 -0.1022098  -0.19599965 -0.39376774
  0.07780958 -0.38880995] 
[-1.52198139 -1.17840688 -1.00148486 -0.10207455 -0.19603716 -0.39356901
  0.07784403 -0.38870497] 
[-1.52217347 -1.1783743  -1.00154416 -0.10193842 -0.19607757 -0.39337127
  0.0778774  -0.38860031] 
[-1.52236573 -1.17834248 -1.0016041  -0.10180166 -0.19611701 -0.39317418
  0.07791055 -0.38849615] 
[-1.52255765 -1.1783108  -1.00166369 -0.10166484 -0.19615585 -0.39297701
  0.07794396 -0.38839226] 
[-1.52274988 -1.17827955 -1.00172338 -0.10152809 -0.1961946  -0.39277978
  0.07797703 -0.38828811] 
[-1.52294206 -1.17824848 -1.00178272 -0.10139107 -0.19623288 -0.39258226
  0.07801054 -0.38818418] 
[-1.52313886 -1.17821745 -1.00184266 -0.10125501 -0.19627611 -0.39238337
  0.07804149 -0.3880764 ] 
[-1.52333452 -1.1781865  -1.00190319 -0.10111963 -0.19631812 -0.39218382
  0.07807176 -0.38796835] 
[-1.52353139 -1.17815631 -1.00196398 -0.10098489 -0.19636123 -0.3919846
  0.07810192 -0.38785959] 
[-1.52373344 -1.17812544 -1.0020219  -0.1008524  -0.19640957 -0.39178695
  0.07813239 -0.38774862] 
[-1.52393213 -1.17809299 -1.00207974 -0.10072235 -0.19645547 -0.39159069
  0.07816289 -0.38763868] 
[-1.52413258 -1.17806262 -1.00213331 -0.10059411 -0.19650364 -0.3913966
  0.07819621 -0.38753147] 
[-1.52433115 -1.17803301 -1.00218562 -0.10046513 -0.19654948 -0.39120214
  0.07823115 -0.38742587] 
[-1.52453019 -1.17800293 -1.00223687 -0.10033723 -0.1965942  -0.3910083
  0.07826659 -0.38732017] 
[-1.52472754 -1.17798001 -1.0022813  -0.10020695 -0.19664252 -0.3908196
  0.07830358 -0.38721127] 
[-1.52492484 -1.17795739 -1.00232508 -0.1000765  -0.19669044 -0.39063088
  0.07834112 -0.38710284] 
[-1.52511822 -1.17793443 -1.0023694  -0.09994194 -0.19673197 -0.39043904
  0.07838106 -0.38699602] 
[-1.52531987 -1.1779077  -1.00241905 -0.09981016 -0.19678227 -0.39024343
  0.07841693 -0.38688686] 
[-1.52552118 -1.17788113 -1.00246819 -0.09967847 -0.19683203 -0.39004771
  0.07845303 -0.38677803] 
[-1.52572061 -1.17785563 -1.00251557 -0.09954674 -0.19687991 -0.38985203
  0.07849016 -0.38667078] 
[-1.5259175  -1.17782971 -1.00256145 -0.09941642 -0.19692496 -0.38965521
  0.07852601 -0.38656338] 
[-1.52611463 -1.17780386 -1.00260681 -0.09928645 -0.19697008 -0.38945847
  0.07856151 -0.3864557 ] 
[-1.52632061 -1.17777444 -1.00265185 -0.09915261 -0.19702445 -0.38926157
  0.07859694 -0.38634538] 
[-1.52652525 -1.17774455 -1.0026976  -0.09901949 -0.19707727 -0.38906405
  0.0786315  -0.38623449] 
[-1.52673217 -1.17771564 -1.00274403 -0.09888529 -0.19713241 -0.38886749
  0.07866542 -0.38612371] 
[-1.52693867 -1.17768691 -1.00279015 -0.0987511  -0.19718684 -0.38867088
  0.07869953 -0.38601314] 
[-1.52714584 -1.17765928 -1.0028379  -0.09861856 -0.19723982 -0.388473
  0.07873254 -0.3859031 ] 
[-1.52735242 -1.17763225 -1.00288471 -0.09848638 -0.19729249 -0.38827488
  0.07876587 -0.38579297] 
[-1.52755867 -1.17760526 -1.00293141 -0.09835423 -0.19734441 -0.38807654
  0.0787996  -0.38568318] 
[-1.52776278 -1.17757928 -1.0029786  -0.09822364 -0.19739599 -0.38787736
  0.07883538 -0.38557588] 
[-1.52796733 -1.17755384 -1.00302627 -0.09809326 -0.19744814 -0.38767767
  0.07887096 -0.3854684 ] 
[-1.5281719  -1.17753001 -1.00307447 -0.09796141 -0.19749842 -0.38747904
  0.07890892 -0.38536272] 
[-1.52837571 -1.17750661 -1.00312224 -0.09782975 -0.19754751 -0.38728037
  0.07894747 -0.38525767] 
[-1.52857979 -1.17748367 -1.00317003 -0.09769848 -0.19759674 -0.38708196
  0.07898556 -0.38515212] 
[-1.52878337 -1.17746081 -1.00321777 -0.09756723 -0.19764517 -0.38688335
  0.07902355 -0.38504652] 
[-1.52898976 -1.1774393  -1.00326663 -0.09743756 -0.19769657 -0.38668597
  0.07905897 -0.38493816] 
[-1.52919311 -1.17742013 -1.00331276 -0.09731019 -0.19774535 -0.38648854
  0.07909306 -0.38482861] 
[-1.52939679 -1.17740132 -1.00335536 -0.09718093 -0.1977916  -0.38629312
  0.07912649 -0.3847214 ] 
[-1.52959931 -1.17738202 -1.00339653 -0.09705053 -0.19783706 -0.38609674
  0.07916183 -0.38461603] 
[-1.52980139 -1.17736282 -1.00343741 -0.09692025 -0.19788194 -0.38590025
  0.07919719 -0.38451075] 
[-1.53000226 -1.17734631 -1.00347841 -0.09679208 -0.19792338 -0.38570596
  0.07923427 -0.38440719] 
[-1.53020356 -1.17733245 -1.00351974 -0.09666168 -0.19796488 -0.38551233
  0.0792705  -0.38430094] 
[-1.53040423 -1.17731855 -1.00356047 -0.09653107 -0.19800655 -0.38531926
  0.07930622 -0.38419431] 
[-1.53059943 -1.17730624 -1.00359586 -0.09640396 -0.19804454 -0.3851292
  0.07934394 -0.38409277] 
[-1.53078009 -1.17728294 -1.00364309 -0.09628837 -0.19807395 -0.38494513
  0.07937174 -0.38399814] 
[-1.53096097 -1.17726079 -1.00369089 -0.09617375 -0.19810334 -0.38476147
  0.07940027 -0.3839045 ] 
[-1.53114159 -1.17723873 -1.00373839 -0.09605916 -0.19813223 -0.38457769
  0.07942892 -0.38381101] 
[-1.53132161 -1.17721794 -1.00378389 -0.09594503 -0.19815912 -0.3843952
  0.07945896 -0.38371726] 
[-1.53149786 -1.17719844 -1.0038273  -0.09582915 -0.19818182 -0.38421169
  0.0794921  -0.38362669] 
[-1.53167375 -1.17717902 -1.00387056 -0.09571335 -0.19820391 -0.38402806
  0.0795254  -0.38353632] 
[-1.53184361 -1.17716039 -1.00391678 -0.09560065 -0.1982195  -0.38384649
  0.07955523 -0.38344491] 
[-1.53201024 -1.17713988 -1.00396037 -0.09549031 -0.19823251 -0.3836639
  0.07958293 -0.38335414] 
[-1.53217658 -1.17711952 -1.00400377 -0.09537992 -0.19824505 -0.3834812
  0.07961074 -0.38326351] 
[-1.53234371 -1.1770993  -1.00404711 -0.09526945 -0.19825779 -0.38329852
  0.07963905 -0.38317239] 
[-1.53250238 -1.17707387 -1.00409589 -0.09515706 -0.19826372 -0.38311788
  0.07966487 -0.38308547] 
[-1.53266249 -1.17704741 -1.00414635 -0.09504632 -0.19826935 -0.38293805
  0.07968832 -0.3829962 ] 
[-1.5328227  -1.17702069 -1.00419636 -0.09493576 -0.19827487 -0.38275725
  0.07971211 -0.3829073 ] 
[-1.53298783 -1.17699803 -1.00424881 -0.0948295  -0.19828386 -0.38258033
  0.07973254 -0.38281851] 
[-1.53315241 -1.17697679 -1.00430297 -0.09472224 -0.19829471 -0.38240518
  0.07975137 -0.38272768] 
[-1.53331626 -1.17695533 -1.00435666 -0.09461541 -0.19830471 -0.38222966
  0.07976975 -0.38263661] 
[-1.53347976 -1.17693331 -1.00441076 -0.09450786 -0.19831392 -0.38205395
  0.07978925 -0.3825465 ] 
[-1.53364365 -1.17690983 -1.00446239 -0.09439928 -0.1983211  -0.38187933
  0.07980878 -0.38245857] 
[-1.53380739 -1.17688789 -1.00451257 -0.0942913  -0.19832724 -0.38170571
  0.07982855 -0.38237006] 
[-1.53397145 -1.17686651 -1.0045622  -0.09418247 -0.19833462 -0.38153199
  0.07984742 -0.38228025] 
[-1.53413484 -1.17684472 -1.00461231 -0.09407347 -0.1983408  -0.38135844
  0.07986643 -0.38219055] 
[-1.53429925 -1.17682339 -1.00466046 -0.09396587 -0.19834712 -0.38118597
  0.07988738 -0.38210268] 
[-1.53446122 -1.17680092 -1.00470884 -0.09385866 -0.19835052 -0.38101249
  0.07990806 -0.38201617] 
[-1.53462107 -1.17677921 -1.00475797 -0.09375213 -0.19835097 -0.38083792
  0.07993009 -0.38192982] 
[-1.53478004 -1.1767581  -1.00480689 -0.09364528 -0.19835186 -0.38066432
  0.0799523  -0.38184439] 
[-1.53493812 -1.17673654 -1.00485548 -0.0935385  -0.19835206 -0.38049045
  0.07997427 -0.38175954] 
[-1.53509609 -1.1767151  -1.00490386 -0.0934317  -0.19835202 -0.38031654
  0.07999638 -0.38167476] 
[-1.5352536  -1.17669617 -1.00495142 -0.09332477 -0.19835402 -0.38014484
  0.08001716 -0.38158772] 
[-1.53541289 -1.17667753 -1.00499606 -0.09321886 -0.19835943 -0.37997507
  0.08003592 -0.38150129] 
[-1.53557532 -1.1766585  -1.00503996 -0.09311182 -0.19836851 -0.3798062
  0.08005273 -0.38141231] 
[-1.53573892 -1.17663873 -1.00508472 -0.09300383 -0.19837704 -0.37963768
  0.08007108 -0.38132438] 
[-1.53590214 -1.17661963 -1.00512963 -0.09289636 -0.19838464 -0.37946953
  0.08008953 -0.38123662] 
[-1.53606596 -1.1766004  -1.00517442 -0.09278974 -0.19839315 -0.37930151
  0.08010735 -0.38114909] 
[-1.53623445 -1.17658165 -1.00522158 -0.0926847  -0.19840643 -0.37913195
  0.08012351 -0.38106098] 
[-1.53640042 -1.17656334 -1.00526723 -0.09257846 -0.19841704 -0.37896321
  0.08013995 -0.3809726 ] 
[-1.53656839 -1.17654463 -1.0053117  -0.09247354 -0.19842992 -0.37879547
  0.08015449 -0.38088239] 
[-1.53673774 -1.17652614 -1.00535636 -0.09236911 -0.19844419 -0.37862719
  0.08016818 -0.3807919 ] 
[-1.5369108  -1.17650764 -1.00539908 -0.09226293 -0.19846265 -0.3784596
  0.08018177 -0.38070049] 
[-1.53708051 -1.17648908 -1.00544189 -0.09215426 -0.19847976 -0.3782937
  0.0801941  -0.38061094] 
[-1.53725105 -1.17647088 -1.00548394 -0.09204604 -0.19849763 -0.37812738
  0.08020707 -0.38052208] 
[-1.5374204  -1.1764524  -1.0055261  -0.09193738 -0.19851394 -0.37796046
  0.08022096 -0.38043407] 
[-1.537589   -1.17643676 -1.00556943 -0.09182625 -0.19853292 -0.37779623
  0.08023165 -0.38034313] 
[-1.53775471 -1.176425   -1.00560751 -0.09171885 -0.19855307 -0.37763216
  0.08024376 -0.38025429] 
[-1.53792252 -1.17641268 -1.00564571 -0.09161325 -0.19857432 -0.37746669
  0.08025546 -0.3801653 ] 
[-1.53808913 -1.17640145 -1.00568223 -0.09150659 -0.19859575 -0.37730065
  0.08026649 -0.38007709] 
[-1.53825544 -1.17639017 -1.00571874 -0.09139966 -0.19861647 -0.37713462
  0.08027745 -0.37998907] 
[-1.5384223  -1.1763787  -1.00575474 -0.09129312 -0.19863769 -0.37696892
  0.08028867 -0.37990078] 
[-1.53858917 -1.17636714 -1.0057908  -0.09118657 -0.19865868 -0.3768032
  0.08029972 -0.37981229] 
[-1.53875383 -1.17635674 -1.00582786 -0.09108137 -0.19867772 -0.37663723
  0.08030968 -0.37972388] 
[-1.5389203  -1.17634426 -1.00586701 -0.09097723 -0.19869885 -0.3764727
  0.08031766 -0.37963594] 
[-1.53908674 -1.17633116 -1.00590481 -0.09087238 -0.19871886 -0.3763087
  0.08032523 -0.37954893] 
[-1.53925257 -1.17631831 -1.00594219 -0.09076753 -0.19873819 -0.37614451
  0.08033304 -0.37946223] 
[-1.53941927 -1.17630596 -1.00598003 -0.09066223 -0.19875822 -0.37598077
  0.08034155 -0.37937585] 
[-1.53958501 -1.17629414 -1.00601698 -0.09055635 -0.19877775 -0.3758166
  0.08035116 -0.37929063] 
[-1.53975244 -1.17628384 -1.00605283 -0.09044899 -0.19879737 -0.37565379
  0.08035898 -0.37920303] 
[-1.53991956 -1.17627361 -1.00608842 -0.09034166 -0.19881654 -0.37549088
  0.08036704 -0.37911563] 
[-1.54008603 -1.17626295 -1.00612336 -0.09023395 -0.19883552 -0.37532747
  0.08037496 -0.37902876] 
[-1.54025205 -1.1762531  -1.00615917 -0.09012685 -0.19885468 -0.3751637
  0.08038329 -0.37894119] 
[-1.54041774 -1.17624341 -1.00619484 -0.09001974 -0.19887348 -0.37499998
  0.08039166 -0.37885363] 
[-1.54058083 -1.17623334 -1.00622711 -0.08991505 -0.19889206 -0.37483428
  0.08040373 -0.37877052] 
[-1.54074364 -1.17622334 -1.00625907 -0.08981039 -0.19891024 -0.37466846
  0.08041593 -0.37868757] 
[-1.54090424 -1.17621032 -1.00629289 -0.08970937 -0.19893022 -0.37450021
  0.08042505 -0.37860651] 
[-1.54106367 -1.17619786 -1.00632706 -0.08960929 -0.19895002 -0.37433149
  0.08043542 -0.37852692] 
[-1.54122473 -1.17618493 -1.00636036 -0.08951029 -0.19897164 -0.37416353
  0.08044454 -0.37844607] 
[-1.54138484 -1.17616926 -1.00639448 -0.08941486 -0.19899685 -0.3739983
  0.0804514  -0.37836309] 
[-1.54154467 -1.1761537  -1.0064284  -0.08931944 -0.19902157 -0.37383305
  0.08045848 -0.3782803 ] 
[-1.54170515 -1.17613867 -1.00646258 -0.08922317 -0.19904701 -0.37366829
  0.08046535 -0.37819756] 
[-1.54186596 -1.17612379 -1.00649638 -0.08912714 -0.19907286 -0.37350324
  0.08047182 -0.37811478] 
[-1.5420284  -1.17610952 -1.00653043 -0.08903028 -0.19910058 -0.37333914
  0.08047788 -0.37803178] 
[-1.54219066 -1.17609643 -1.00656525 -0.08893231 -0.19912669 -0.37317586
  0.08048595 -0.37795032] 
[-1.54235259 -1.17608353 -1.0065992  -0.08883371 -0.19915267 -0.37301207
  0.0804933  -0.37786859] 
[-1.54251382 -1.17607161 -1.00663332 -0.08873753 -0.19918078 -0.37285054
  0.08049773 -0.37778486] 
[-1.54267188 -1.17606034 -1.00666452 -0.08864337 -0.19920642 -0.37269061
  0.08050328 -0.37770399] 
[-1.54282969 -1.17604929 -1.00669567 -0.0885491  -0.19923153 -0.37253076
  0.08050919 -0.37762341] 
[-1.54298709 -1.17603839 -1.00672671 -0.08845493 -0.1992561  -0.37237083
  0.08051527 -0.37754294] 
[-1.54314618 -1.17602742 -1.00675745 -0.08836106 -0.19928172 -0.37221087
  0.08051988 -0.37746176] 
[-1.54330493 -1.1760162  -1.00678817 -0.08826746 -0.19930691 -0.37205061
  0.0805249  -0.37738079] 
[-1.54346339 -1.17600507 -1.00681872 -0.08817389 -0.19933169 -0.37189034
  0.08053006 -0.37729995] 
[-1.54362155 -1.17599421 -1.006849   -0.08808045 -0.19935629 -0.37173006
  0.08053515 -0.377219  ] 
[-1.54378011 -1.17598364 -1.00687929 -0.08798726 -0.1993812  -0.3715701
  0.08053996 -0.37713759] 
[-1.5439384  -1.17597191 -1.00691046 -0.08789464 -0.19940672 -0.3714091
  0.08054519 -0.37705575] 
[-1.54409645 -1.17596023 -1.00694146 -0.08780205 -0.19943188 -0.37124808
  0.08055054 -0.37697401] 
[-1.54425421 -1.17594863 -1.0069723  -0.08770948 -0.19945664 -0.37108705
  0.08055604 -0.37689242] 
[-1.54441109 -1.17593623 -1.00700166 -0.08761548 -0.19948232 -0.37092717
  0.08056202 -0.37681068] 
[-1.54456762 -1.17592418 -1.00703109 -0.08752126 -0.19950817 -0.37076775
  0.08056772 -0.37672844] 
[-1.54472685 -1.17591227 -1.00705767 -0.08742953 -0.19953582 -0.37061017
  0.08057168 -0.37664696] 
[-1.54488698 -1.1758995  -1.0070854  -0.08733907 -0.19956301 -0.37045324
  0.08057402 -0.37656379] 
[-1.54504839 -1.17588677 -1.00711291 -0.0872487  -0.19959143 -0.37029582
  0.08057708 -0.37648061] 
[-1.54520964 -1.17587633 -1.00713753 -0.08715696 -0.19961744 -0.37014033
  0.08057929 -0.37639919] 
[-1.54537062 -1.17586599 -1.00716202 -0.08706526 -0.1996431  -0.36998485
  0.08058165 -0.37631789] 
[-1.54553119 -1.17585453 -1.00718615 -0.08697244 -0.19966891 -0.36982836
  0.0805842  -0.37623598] 
[-1.54569151 -1.17584332 -1.00721026 -0.0868795  -0.19969421 -0.36967199
  0.08058682 -0.3761543 ] 
[-1.54584428 -1.17583231 -1.00723038 -0.08678607 -0.19971164 -0.36951751
  0.08058857 -0.37607677] 
[-1.54600175 -1.17582235 -1.00724829 -0.08669466 -0.19973298 -0.36936105
  0.08058848 -0.37599944] 
[-1.54615877 -1.17581241 -1.00726562 -0.0866032  -0.1997544  -0.36920469
  0.08058799 -0.37592198] 
[-1.54631202 -1.17580276 -1.00728074 -0.08651396 -0.19977174 -0.36904967
  0.08058586 -0.37584443] 
[-1.54646489 -1.17579324 -1.00729567 -0.08642484 -0.19978859 -0.3688946
  0.08058381 -0.37576695] 
[-1.54661803 -1.17578336 -1.00731055 -0.08633578 -0.19980539 -0.36873942
  0.08058189 -0.37568955] 
[-1.54677087 -1.17577348 -1.0073253  -0.08624682 -0.19982179 -0.3685842
  0.08058004 -0.37561224] 
[-1.54692355 -1.17576382 -1.00733981 -0.08615798 -0.19983778 -0.36842887
  0.0805785  -0.3755352 ] 
[-1.54707455 -1.17575432 -1.00735289 -0.0860705  -0.1998526  -0.36827454
  0.0805758  -0.37545785] 
[-1.54722527 -1.17574481 -1.00736579 -0.08598315 -0.199867   -0.36812018
  0.08057312 -0.37538052] 
[-1.54737748 -1.1757346  -1.00737885 -0.08589569 -0.19988301 -0.36796599
  0.08056985 -0.37530207] 
[-1.54752938 -1.1757242  -1.00739199 -0.08580847 -0.19989878 -0.36781157
  0.0805669  -0.37522369] 
[-1.54768471 -1.17571235 -1.00740327 -0.08571941 -0.19991836 -0.36765851
  0.08056253 -0.37514562] 
[-1.54783991 -1.17570078 -1.00741443 -0.08563039 -0.19993752 -0.36750561
  0.08055817 -0.37506758] 
[-1.54799593 -1.17569007 -1.00742467 -0.08554068 -0.19995755 -0.36735353
  0.08055488 -0.3749903 ] 
[-1.54815281 -1.17567904 -1.00743569 -0.08545138 -0.19997882 -0.36720216
  0.08055092 -0.37491319] 
[-1.54830865 -1.1756688  -1.00744672 -0.08536223 -0.19999985 -0.36705073
  0.08054826 -0.37483731] 
[-1.54846411 -1.17565859 -1.00745769 -0.08527306 -0.20002043 -0.36689926
  0.08054582 -0.37476165] 
[-1.54861909 -1.17564853 -1.00746864 -0.08518381 -0.20004043 -0.36674771
  0.08054371 -0.3746863 ] 
[-1.54877414 -1.17563881 -1.00747978 -0.0850945  -0.20006024 -0.36659634
  0.08054172 -0.37461074] 
[-1.5489284  -1.17562923 -1.00748997 -0.08500538 -0.20007848 -0.36644417
  0.08053992 -0.37453574] 
[-1.54908005 -1.17561788 -1.0075007  -0.0849155  -0.20009594 -0.36629313
  0.08053701 -0.37446235] 
[-1.54923102 -1.17560622 -1.00751116 -0.08482507 -0.20011324 -0.36614248
  0.08053396 -0.37438881] 
[-1.54937766 -1.17559769 -1.0075192  -0.08473247 -0.20012607 -0.3659941
  0.08053338 -0.37431525] 
[-1.54952355 -1.17558907 -1.00752755 -0.08463974 -0.2001381  -0.36584588
  0.08053257 -0.37424157] 
[-1.54966884 -1.17558029 -1.00753608 -0.08454725 -0.20014943 -0.36569744
  0.08053206 -0.37416796] 
[-1.54981466 -1.17557197 -1.00754375 -0.08445547 -0.20016151 -0.36554969
  0.08053155 -0.37409473] 
[-1.54995869 -1.1755648  -1.00755235 -0.08436339 -0.20017172 -0.36540281
  0.08053144 -0.37402109] 
[-1.55010276 -1.17555749 -1.00756078 -0.08427145 -0.20018185 -0.36525577
  0.08053156 -0.37394765] 
[-1.55024629 -1.17555031 -1.00756892 -0.08417978 -0.20019134 -0.36510854
  0.08053165 -0.37387427] 
[-1.55039095 -1.17554232 -1.00757583 -0.08408932 -0.20020254 -0.36496227
  0.0805306  -0.37380046] 
[-1.55053487 -1.17553407 -1.00758232 -0.08399897 -0.20021304 -0.36481584
  0.08053017 -0.37372736] 
[-1.55068002 -1.17552591 -1.00758897 -0.0839088  -0.20022479 -0.36466905
  0.08052921 -0.37365322] 
[-1.55082502 -1.17551763 -1.00759572 -0.08381844 -0.20023609 -0.36452234
  0.08052822 -0.3735793 ] 
[-1.55097121 -1.17550895 -1.00760223 -0.08372851 -0.20024765 -0.36437473
  0.08052646 -0.37350411] 
[-1.55111562 -1.1754991  -1.00760708 -0.08364053 -0.20025851 -0.36422846
  0.08052431 -0.3734276 ] 
[-1.55126013 -1.17549036 -1.00761196 -0.08355151 -0.20026946 -0.36408254
  0.08052196 -0.37335008] 
[-1.55140501 -1.17548134 -1.00761711 -0.08346215 -0.20028082 -0.36393684
  0.08051947 -0.37327265] 
[-1.55154749 -1.17547055 -1.00762451 -0.08337498 -0.20029132 -0.36379266
  0.08051927 -0.37319573] 
[-1.55169101 -1.17546002 -1.00763201 -0.08328712 -0.20030297 -0.36364888
  0.0805197  -0.37311859] 
[-1.55183422 -1.17544912 -1.00763912 -0.08319971 -0.20031472 -0.36350473
  0.08051963 -0.37304104] 
[-1.55197747 -1.17543919 -1.0076468  -0.08311147 -0.20032543 -0.36336138
  0.080521   -0.37296476] 
[-1.55212072 -1.17543003 -1.00765489 -0.08302344 -0.20033615 -0.36321874
  0.08052348 -0.37288934] 
[-1.55226369 -1.17542067 -1.00766272 -0.08293572 -0.20034685 -0.36307588
  0.08052568 -0.37281371] 
[-1.55240742 -1.17541239 -1.00767116 -0.08284909 -0.20035664 -0.36293182
  0.0805273  -0.37273859] 
[-1.5525509  -1.17540417 -1.0076794  -0.08276253 -0.20036605 -0.36278765
  0.08052893 -0.37266361] 
[-1.5526937  -1.1753954  -1.00768773 -0.08267614 -0.20037539 -0.36264324
  0.08053106 -0.37258939] 
[-1.5528365  -1.17538663 -1.00769596 -0.08258962 -0.20038461 -0.3624987
  0.08053331 -0.37251529] 
[-1.55297775 -1.17537586 -1.00770622 -0.08250089 -0.20039428 -0.36235211
  0.08053449 -0.37244232] 
[-1.55311869 -1.1753652  -1.00771639 -0.08241227 -0.2004036  -0.36220552
  0.08053585 -0.37236952] 
[-1.55325886 -1.17535444 -1.00772685 -0.08232411 -0.20041229 -0.36205851
  0.08053741 -0.3722973 ] 
[-1.5533986  -1.17534412 -1.00773671 -0.08223639 -0.20042113 -0.36191137
  0.0805394  -0.37222488] 
[-1.55353591 -1.17533369 -1.00774295 -0.08214746 -0.20043198 -0.36176714
  0.08053941 -0.37215479] 
[-1.55367159 -1.17532259 -1.00774811 -0.0820583  -0.20044153 -0.36162348
  0.08053985 -0.37208607] 
[-1.553807   -1.17531157 -1.00775321 -0.08196916 -0.20045076 -0.3614798
  0.08054045 -0.37201751] 
[-1.55394245 -1.17530045 -1.00775816 -0.08188015 -0.20045991 -0.36133601
  0.08054124 -0.37194912] 
[-1.55407777 -1.1752894  -1.00776309 -0.08179092 -0.20046894 -0.36119224
  0.08054175 -0.37188044] 
[-1.5542142  -1.17527901 -1.00776861 -0.08170181 -0.20047917 -0.36104866
  0.08054218 -0.37181145] 
[-1.55435011 -1.17526927 -1.00777473 -0.08161347 -0.2004897  -0.36090471
  0.0805431  -0.37174203] 
[-1.55448585 -1.17525949 -1.00778077 -0.08152516 -0.2005     -0.36076071
  0.08054417 -0.37167267] 
[-1.55462142 -1.17524986 -1.00778668 -0.08143696 -0.20051003 -0.36061682
  0.08054528 -0.3716033 ] 
[-1.55475793 -1.17524007 -1.00779351 -0.08134894 -0.20052036 -0.36047286
  0.08054631 -0.37153378] 
[-1.55489407 -1.17523031 -1.00779993 -0.08126088 -0.20053066 -0.36032902
  0.08054777 -0.37146444] 
[-1.55503003 -1.17522064 -1.00780624 -0.08117285 -0.20054071 -0.36018522
  0.08054936 -0.37139524] 
[-1.55516667 -1.17521053 -1.00781301 -0.08108429 -0.20055157 -0.36004177
  0.08055069 -0.37132609] 
[-1.55530247 -1.17519988 -1.00781985 -0.08099664 -0.20056204 -0.35989895
  0.0805519  -0.37125631] 
[-1.5554381  -1.17518926 -1.00782656 -0.08090907 -0.20057228 -0.35975618
  0.08055316 -0.37118658] 
[-1.55557328 -1.17517858 -1.00783329 -0.08082158 -0.20058201 -0.35961337
  0.08055472 -0.37111717] 
[-1.55570766 -1.17516849 -1.00783908 -0.08073342 -0.2005916  -0.35947004
  0.08055728 -0.37104889] 
[-1.55583833 -1.17515715 -1.00784283 -0.08064344 -0.2005972  -0.35932762
  0.08056278 -0.37098409] 
[-1.55596788 -1.17514777 -1.00784833 -0.08055321 -0.20060431 -0.35918716
  0.08056646 -0.37091839] 
[-1.55609727 -1.17513843 -1.00785373 -0.08046303 -0.20061121 -0.35904674
  0.0805702  -0.37085276] 
[-1.55622659 -1.17512937 -1.00785884 -0.08037275 -0.20061779 -0.3589065
  0.08057393 -0.37078733] 
[-1.55635663 -1.17511963 -1.00786461 -0.08028336 -0.20062462 -0.35876686
  0.080578   -0.37072247] 
[-1.55648609 -1.17510972 -1.00787051 -0.08019386 -0.20063085 -0.35862739
  0.08058183 -0.37065749] 
[-1.55661546 -1.17509973 -1.00787613 -0.08010424 -0.20063676 -0.35848804
  0.08058564 -0.37059271] 
[-1.55674494 -1.17509005 -1.00788145 -0.08001485 -0.20064275 -0.35834899
  0.08058957 -0.37052777] 
[-1.55687327 -1.17508045 -1.00788737 -0.07992467 -0.20064804 -0.3582105
  0.08059464 -0.37046392] 
[-1.55700132 -1.17507095 -1.00789326 -0.07983448 -0.200653   -0.35807197
  0.08059987 -0.37040024] 
[-1.55712834 -1.17506323 -1.00790075 -0.07974407 -0.20065937 -0.35793522
  0.08060344 -0.37033576] 
[-1.55725464 -1.17505525 -1.00790785 -0.07965412 -0.20066491 -0.35779812
  0.08060675 -0.37027119] 
[-1.55738061 -1.17504717 -1.00791472 -0.07956408 -0.20067007 -0.35766091
  0.08061009 -0.37020681] 
[-1.5575065  -1.17503925 -1.00792142 -0.07947425 -0.20067499 -0.35752385
  0.08061339 -0.37014239] 
[-1.55763246 -1.17503157 -1.00792805 -0.07938453 -0.20067981 -0.35738682
  0.08061658 -0.37007796] 
[-1.55775895 -1.17502428 -1.00793497 -0.07929532 -0.20068522 -0.35725028
  0.08062008 -0.37001316] 
[-1.55788548 -1.17501685 -1.00794188 -0.07920597 -0.2006905  -0.35711382
  0.08062383 -0.36994841] 
[-1.55801184 -1.17500953 -1.00794877 -0.07911676 -0.20069565 -0.35697736
  0.08062768 -0.36988368] 
[-1.55813645 -1.17500389 -1.00795722 -0.07902957 -0.20070131 -0.35684027
  0.08063331 -0.36982115] 
[-1.55826301 -1.17499819 -1.00796591 -0.07894098 -0.20070907 -0.35670226
  0.08063868 -0.36975844] 
[-1.55838944 -1.1749926  -1.00797455 -0.07885252 -0.20071661 -0.35656436
  0.08064406 -0.36969572] 
[-1.55851665 -1.17498712 -1.00798301 -0.07876423 -0.20072449 -0.35642648
  0.0806496  -0.36963304] 
[-1.55864103 -1.17498337 -1.00799098 -0.07867767 -0.2007292  -0.35628983
  0.08065597 -0.36957226] 
[-1.55876528 -1.17497966 -1.00799896 -0.07859115 -0.20073374 -0.35615322
  0.0806624  -0.36951153] 
[-1.55888955 -1.17497591 -1.00800689 -0.07850482 -0.2007382  -0.35601674
  0.08066874 -0.36945066] 
[-1.55901342 -1.17497247 -1.00801443 -0.07841815 -0.20074257 -0.35588004
  0.08067551 -0.36939034] 
[-1.55913702 -1.17496898 -1.00802197 -0.07833136 -0.20074662 -0.3557433
  0.08068255 -0.36933023] 
[-1.55926072 -1.17496514 -1.008029   -0.0782442  -0.20075022 -0.35560686
  0.08069027 -0.36927077] 
[-1.55938431 -1.17496135 -1.00803594 -0.07815712 -0.20075364 -0.35547045
  0.08069806 -0.36921137] 
[-1.55950752 -1.17495773 -1.00804294 -0.07807016 -0.20075672 -0.35533405
  0.08070602 -0.3691522 ] 
[-1.55962989 -1.17495595 -1.00804785 -0.07798385 -0.20075772 -0.35519896
  0.08071313 -0.3690943 ] 
[-1.5597528  -1.17495412 -1.00805275 -0.07789761 -0.20075923 -0.35506365
  0.08072063 -0.36903644] 
[-1.55987602 -1.17495262 -1.00805736 -0.07781175 -0.20076106 -0.3549287
  0.08072829 -0.36897833] 
[-1.55999751 -1.17495161 -1.00806257 -0.07772516 -0.20076094 -0.35479272
  0.08073557 -0.36892101] 
[-1.56011874 -1.17495079 -1.0080679  -0.07763846 -0.20076106 -0.35465713
  0.08074243 -0.36886321] 
[-1.56023978 -1.17494996 -1.0080732  -0.07755187 -0.20076099 -0.35452155
  0.0807493  -0.36880539] 
[-1.5603609  -1.17494927 -1.00807847 -0.07746415 -0.20076099 -0.35438616
  0.08075597 -0.36874656] 
[-1.56048178 -1.17494841 -1.00808384 -0.07737669 -0.20076094 -0.35425065
  0.08076244 -0.36868755] 
[-1.56060285 -1.17494768 -1.00808931 -0.07728949 -0.20076111 -0.35411538
  0.08076874 -0.36862834] 
[-1.56072407 -1.17494682 -1.00809453 -0.07720217 -0.20076147 -0.35398028
  0.08077498 -0.36856923] 
[-1.56084516 -1.17494602 -1.00809969 -0.07711491 -0.2007617  -0.3538452
  0.08078129 -0.36851013] 
[-1.56096674 -1.17494426 -1.00810584 -0.07702657 -0.20076129 -0.35371068
  0.0807871  -0.36845162] 
[-1.56108797 -1.1749421  -1.00811241 -0.07693868 -0.20076101 -0.35357588
  0.08079321 -0.36839287] 
[-1.56120886 -1.17493961 -1.00811869 -0.07685046 -0.20076067 -0.35344082
  0.0807998  -0.36833466] 
[-1.56133124 -1.17493652 -1.00812628 -0.07676388 -0.2007625  -0.35330715
  0.0808053  -0.3682769 ] 
[-1.56145399 -1.17493317 -1.0081335  -0.07667698 -0.20076473 -0.3531738
  0.08081128 -0.36821952] 
[-1.56157668 -1.17493006 -1.00813952 -0.07659054 -0.20076646 -0.35303953
  0.08081708 -0.36816251] 

 Time 
760.5784051418304 
