Energy 
 
-7.0006462659114765 
-11.005106068171902 
-11.625111293703283 
-11.565400024523075 
-8.605732905116621 
-9.501656680569727 
-10.00214375084267 
-10.471743928033439 
-10.46674349851602 
-10.422444506792488 
-10.346984980693412 
-10.362377020315233 
-10.366511671473123 
-10.3708558501869 
-10.372481464751278 
-10.384056703875887 
-10.395687132573514 
-10.398456088776484 
-10.400584991385843 
-10.420172927832834 
-10.416770279061733 
-10.418144341602249 
-10.419611770695422 
-10.421939570750848 
-10.426467609535697 
-10.431213493806135 
-10.43604637758822 
-10.440987747274736 
-10.456509878431994 
-10.47337097324883 
-10.481425582504922 
-10.487715543981015 
-10.493897758322978 
-10.492356145663152 
-10.494061734964923 
-10.493267883384217 
-10.505374788801142 
-10.527870762068941 
-10.53773034689547 
-10.535623779806704 
-10.538266048304227 
-10.540673605867735 
-10.543250025528451 
-10.55916305650146 
-10.579656591116409 
-10.6103412391779 
-10.632068056343973 
-10.663019356351672 
-10.682719690840935 
-10.703750204816306 
-10.704866727612156 
-10.704891435434956 
-10.711200171679103 
-10.717210271169897 
-10.737428362294738 
-10.74675885612961 
-10.748946211441435 
-10.751415269980223 
-10.756463736495988 
-10.762190176479436 
-10.76559696461259 
-10.772125127883935 
-10.781157232847137 
-10.81505602533055 
-10.81995501068462 
-10.824807808099496 
-10.849701592737134 
-10.819970600642916 
-10.82031300823455 
-10.821079208398249 
-10.821277320008452 
-10.82068694209654 
-10.820216030403348 
-10.826016888857403 
-10.83802716996359 
-10.851158881440881 
-10.860381533936735 
-10.86991024358749 
-10.879527059837773 
-10.888660866649454 
-10.891106117199246 
-10.894819976321179 
-10.902039797859091 
-10.906541710310258 
-10.911025773611811 
-10.915504717600164 
-10.919374708624954 
-10.92299462761924 
-10.941255416074142 
-10.961698303077693 
-10.972663511249788 
-10.983895823270279 
-10.986500157311081 
-10.989528842890444 
-10.992587164411626 
-10.995746340533193 
-10.999246797100472 
-11.00271649588075 
-11.006201890315108 
-11.00982634300684 
-11.012415748910854 
-11.015012934457232 
-11.017760115018739 
-11.020770817555144 
-11.02410963395369 
-11.02728847348591 
-11.030185517183686 
-11.03749781406281 
-11.04366015809414 
-11.049754420438102 
-11.055893392123021 
-11.06121523853612 
-11.065556403218563 
-11.069494935755852 
-11.073179650931902 
-11.076762253406987 
-11.08122577275715 
-11.11490892419751 
-11.126432420260521 
-11.139450808176255 
-11.16585535682084 
-11.252764040066005 
-11.275129779954437 
-11.314505398182124 
-11.32774644770025 
-11.366538543032798 
-11.37703291138636 
-11.382408810470004 
-11.388581733127985 
-11.39145674867235 
-11.39536272896735 
-11.398109739577897 
-11.400724894749885 
-11.404141566225825 
-11.407606702507213 
-11.405335686401306 
-11.403967148178246 
-11.40238101497712 
-11.400324759806029 
-11.399746867739323 
-11.40035915709862 
-11.401720792686707 
-11.404177901557123 
-11.4067527161715 
-11.409432803380493 
-11.412235902673906 
-11.41496772947018 
-11.417594587491458 
-11.420312590190473 
-11.422772933101491 
-11.425261884570329 
-11.427711835561817 
-11.429892537629375 
-11.432062852925245 
-11.434005158912763 
-11.43678433869269 
-11.440822631630603 
-11.441433656989918 
-11.441257088844168 
-11.441148416682985 
-11.440798459998849 
-11.440998248465103 
-11.441556408990401 
-11.442262546028328 
-11.444452857392292 
-11.453586547225136 
-11.459589399760477 
-11.457825040961216 
-11.455741591160532 
-11.454622053773107 
-11.460015749188617 
-11.465335457605288 
-11.470355046726656 
-11.47463725166726 
-11.475611494237182 
-11.476135989642918 
-11.476297635533074 
-11.476472432254848 
-11.4785149921956 
-11.480219586331426 
-11.48197531097783 
-11.483746242904857 
-11.486042730020477 
-11.488210962018318 
-11.489009061485225 
-11.49043939782229 
-11.49395906566086 
-11.49742977712815 
-11.501002846928566 
-11.503136988841522 
-11.505472862269007 
-11.507801755259077 
-11.509473942074717 
-11.510671786723812 
-11.5119213060198 
-11.513039605903938 
-11.514012154494612 
-11.51488143742022 
-11.515545354418098 
-11.516248568131633 
-11.516702911479456 
-11.519652202760192 
-11.523236725215824 
-11.526690685482174 
-11.530178794909569 
-11.533517030444097 
-11.536858242337434 
-11.54069819282943 
-11.544361566128956 
-11.548019952069588 
-11.551556303813012 
-11.554132430658786 
-11.556674750216974 
-11.559346839846523 
-11.563640256447123 
-11.567696130655253 
-11.57159865139776 
-11.575470447234984 
-11.579668412043333 
-11.579972558511095 
-11.580140967954375 
-11.579585522212303 
-11.579064938596556 
-11.57844855965223 
-11.578101293785254 
-11.577695200162665 
-11.576888085362128 
-11.576537970422606 
-11.576455055481336 
-11.575627206372353 
-11.57456754084258 
-11.573536872288658 
-11.572485431890522 
-11.571466381246513 
-11.57049043180432 
-11.56873882845241 
-11.567055678015553 
-11.566893872978849 
-11.566137944223215 
-11.565788751738637 
-11.565028402584009 
-11.564234329994335 
-11.563647238870185 
-11.563453771334931 
-11.562359860264555 
-11.561291397335108 
-11.561801929415324 
-11.562321468467161 
-11.562749085551932 
-11.563419794585485 
-11.5640620923118 
-11.564755353279146 
-11.56557049754058 
-11.567294558180034 
-11.56904794893093 
-11.570561557164197 
-11.571655546317388 
-11.572740813320031 
-11.57378505383615 
-11.574007275745478 
-11.57440431258038 
-11.574816062237044 
-11.575520996023219 
-11.576248903659092 
-11.578656015350466 
-11.580782136532576 
-11.58291721219845 
-11.582692228621951 
-11.582417431206434 
-11.588067216382406 
-11.599756807928923 
-11.59077185784341 
-11.581306195213536 
-11.576999131263142 
-11.575360617337356 
-11.574450646910364 
-11.57364713469479 
-11.57343346607662 
-11.574087902001798 
-11.57476466784502 
-11.57465224655168 
-11.573623494599396 
-11.572602658202733 
-11.57163757943223 
-11.570696150049265 
-11.569611735411463 
-11.568555033958297 
-11.567884260205826 
-11.56723947718924 
-11.566549906057485 
-11.565863633000248 
-11.565618641733142 
-11.56541902612025 
-11.565178207620558 
-11.565131766282665 
-11.565061980199065 
-11.56591996501152 
-11.568427506599383 
-11.57147321560856 
-11.57454335612654 
-11.577548315188094 
-11.580558917795246 
-11.583836982740738 
-11.586880557438018 
-11.589047370879351 
-11.591263161586909 
-11.592343867869708 
-11.593573482771106 
-11.594983709433492 
-11.596209851181982 
-11.597459562023678 
-11.598549105044938 
-11.598814182411143 
-11.598843548508446 
-11.600064976000631 
-11.601153776852314 
-11.599792925625746 
-11.601120013461166 
-11.60213854492246 
-11.604045485199265 
-11.603491579797545 
-11.605506749215234 
-11.606732843601883 
-11.60878742501788 
-11.612702567498092 
-11.616021456262073 
-11.619478120306635 
-11.623239351575908 
-11.62812603481828 
-11.632956532646945 
-11.637619879700555 
-11.642284230816369 
-11.646981748410433 
-11.651100361120399 
-11.655453299539339 
-11.660008708345995 
-11.664614754148108 
-11.669172197395682 
-11.67334732376133 
-11.67738135156944 
-11.681332257096589 
-11.68527139118969 
-11.689238227970518 
-11.693258467707711 
-11.697250366158567 
-11.70106135496662 
-11.704628251244632 
-11.707635741792085 
-11.7108148795541 
-11.714046890008024 
-11.717292838199628 
-11.720527653866412 
-11.723092320647892 
-11.72570727994254 
-11.728378082094714 
-11.73110223409925 
-11.73374944714492 
-11.736548749251149 
-11.739348863500648 
-11.742271104148603 
-11.745218851229403 
-11.748166766303509 
-11.751175171719433 
-11.75418050030419 
-11.757194631101079 
-11.76019480346616 
-11.763362573167239 
-11.766434501901157 
-11.769214131579403 
-11.771946304207157 
-11.774949571899421 
-11.778226676598496 
-11.78172468009561 
-11.785252880496095 
-11.788612222362097 
-11.79197044889433 
-11.795458822661473 
-11.799018600921428 
-11.8026396527332 
-11.80649104201371 
-11.810336088156337 
-11.814178581750344 
-11.818050484106525 
-11.821414353913356 
-11.824728593424377 
-11.828029308108341 
-11.831311891055755 
-11.834555384016044 
-11.838315249692828 
-11.842129538613847 
-11.845931659661815 
-11.85028901145009 
-11.855480106485583 
-11.860615209858343 
-11.86588551889118 
-11.870985674458451 
-11.875920561365621 
-11.880810821892737 
-11.885666080594222 
-11.890527657326412 
-11.895004530108682 
-11.899465700204829 
-11.903829555047277 
-11.908566690488387 
-11.913340212063414 
-11.918107389993757 
-11.9227677334802 
-11.927450934549752 
-11.93237918600372 
-11.937270890707293 
-11.941858782444498 
-11.946445757595722 
-11.951064305112219 
-11.955243275075965 
-11.959350432782053 
-11.963591124607333 
-11.967983864026595 
-11.97250822589736 
-11.978058631368356 
-11.983454164030984 
-11.989090720280712 
-11.994375176659616 
-11.99984242706682 
-12.005254933550404 
-12.009573757163118 
-12.013991930717044 
-12.018878217835379 
-12.023736596350377 
-12.028134778794552 
-12.032529799542846 
-12.036231915873454 
-12.039968066664109 
-12.043700380561804 
-12.04756763117092 
-12.051437380593645 
-12.055323249095073 
-12.05936973708478 
-12.063437402198678 
-12.067475248941184 
-12.07167646826015 
-12.075761389644992 
-12.079855927923486 
-12.083868291773378 
-12.087841436678362 
-12.091809355870609 
-12.095669546930427 
-12.09957782594416 
-12.103575459425034 
-12.107280426065529 
-12.110919662499363 
-12.114471495064187 
-12.118010702672578 
-12.121540702724428 
-12.12505758352426 
-12.128456331026479 
-12.131688823682993 
-12.134928166658455 
-12.137919677601484 
-12.140885933818044 
-12.143842138469196 
-12.1467690188136 
-12.149688672969438 
-12.152594552244764 
-12.15547453334666 
-12.158199627285683 
-12.160909260001251 
-12.16363301255068 
-12.166313694760955 
-12.168988154918715 
-12.1716643946116 
-12.174341381403488 
-12.177013254913692 
-12.179661096518927 
-12.18226190235114 
-12.18486973101108 
-12.187521447687633 
-12.190175390229266 
-12.192846400124264 
-12.195505464879702 
-12.198157616121948 
-12.200665743937028 
-12.203084746097375 
-12.205509042095102 
-12.207928121294255 
-12.210342141289665 
-12.212710051072701 
-12.215088123488599 
-12.21745210788045 
-12.219738280856362 
-12.222118692255592 
-12.224488990908831 
-12.226864275237652 
-12.229212065896348 
-12.23152361852243 
-12.233834816431894 
-12.23614070360335 
-12.238443838310015 
-12.240742932135792 
-12.243029096232986 
-12.245308604870546 

 Time 
182437.03778600693 
