Energy 
 
-1.297903060621635 
-5.527211940910303 
-7.057528627400853 
-7.744310980653882 
-8.093923721380204 
-8.22971097621495 
-8.256179195478238 
-8.285942330947933 
-8.29210737918987 
-8.296913946965233 
-8.301112575954766 
-8.305569605028307 
-8.310144708233501 
-8.314372174774793 
-8.31869844361266 
-8.322136940948457 
-8.325707889499716 
-8.329034280615629 
-8.333129656399937 
-8.336843310371176 
-8.338913019272798 
-8.341015580134021 
-8.343117273588605 
-8.345257927097625 
-8.348676431547931 
-8.351327477832285 
-8.354038668829359 
-8.36272940522218 
-8.371260248690902 
-8.377761247169309 
-8.387761119967646 
-8.389417262739684 
-8.391114586881624 
-8.392831096821183 
-8.394632730554367 
-8.397042627449554 
-8.39949351419214 
-8.402260645261595 
-8.404856889489965 
-8.407160253394725 
-8.40923374858138 
-8.411745801325132 
-8.413719801970787 
-8.415586694853534 
-8.416511370093453 
-8.417453122838992 
-8.41842045062879 
-8.41943709247815 
-8.420469061322244 
-8.421486042446302 
-8.422554438782324 
-8.42364039658042 
-8.424738983175583 
-8.425828089252583 
-8.426933518422299 
-8.428015093187664 
-8.429145127055099 
-8.430338997950106 
-8.43153156662542 
-8.432704601150299 
-8.4338557369637 
-8.435277690231988 
-8.437183401594844 
-8.438612431280065 
-8.43987440150606 
-8.442823713158248 
-8.443803850601656 
-8.444830400650549 
-8.445783827532658 
-8.446755671458178 
-8.447748892077033 
-8.44875206710473 
-8.449785332152858 
-8.450827857964523 
-8.451879498336911 
-8.452939124641725 
-8.45403036308744 
-8.455132661699269 
-8.456202616499551 
-8.457275027107212 
-8.45836167430056 
-8.459441293461149 
-8.460521363000911 
-8.46161744095453 
-8.462726830495487 
-8.463840177173335 
-8.464950474241816 
-8.466170230887691 
-8.467390238336382 
-8.468610867345557 
-8.469781285392123 
-8.470966928022882 
-8.47220159425917 
-8.473471023375138 
-8.474645456909604 
-8.475826602215374 
-8.47704603190941 
-8.478274793047035 
-8.479510708390428 
-8.48075638601372 
-8.482004876857802 
-8.483271859189891 
-8.484537282473307 
-8.485791511749103 
-8.48701710095854 
-8.488221637164424 
-8.489434564604222 
-8.49064402044279 
-8.491863807659886 
-8.493173306180749 
-8.494502962930158 
-8.495841835098162 
-8.497187802322886 
-8.498540466261078 
-8.499851220681158 
-8.501174878942468 
-8.50249791513181 
-8.503826966952083 
-8.5051619991972 
-8.506463816757574 
-8.5078737564756 
-8.509286443074858 
-8.510703904621035 
-8.512161699163153 
-8.513612680334226 
-8.515075485049339 
-8.516430814576344 
-8.517787780770679 
-8.519152575004444 
-8.520510435635732 
-8.5218724783593 
-8.523224809654538 
-8.524579259436786 
-8.52593544626761 
-8.527295149940977 
-8.528651502398127 
-8.530010295212367 
-8.531356121249372 
-8.532678085798718 
-8.534021118984555 
-8.535333656768302 
-8.536655571604015 
-8.537978978440632 
-8.539321844685395 
-8.540667665899985 
-8.54201833070111 
-8.543378023429657 
-8.5447390860881 
-8.54609723284844 
-8.547455874989831 
-8.548830671781289 
-8.55020421209417 
-8.551584215527441 
-8.552941524808737 
-8.554301360768948 
-8.55566256686254 
-8.557019497038294 
-8.55837516729773 
-8.55973743133087 
-8.561099195941722 
-8.562445831690745 
-8.563793560663228 
-8.565107983670298 
-8.566372073577508 
-8.5676271366059 
-8.568886609610786 
-8.570148707676884 
-8.571412700937323 
-8.572673503753794 
-8.573938297051843 
-8.575205517786511 
-8.576473955771656 
-8.577757360754662 
-8.579033779764474 
-8.580308124734017 
-8.58157427714772 
-8.582845587031118 
-8.584119071161224 
-8.58539514945882 
-8.586687580874868 
-8.587982849146197 
-8.589283487570674 
-8.590579912385842 
-8.591859304273667 
-8.593119634786238 
-8.59438431786512 
-8.595651418194072 
-8.596925975980264 
-8.598203057719017 
-8.599482223427485 
-8.600760284521112 
-8.60204207432697 
-8.603326775077104 
-8.604612050376348 
-8.605899276982225 
-8.607164376604311 
-8.608429203932468 
-8.609698568604207 
-8.61096886557047 
-8.612255443753428 
-8.613543279943677 
-8.614847687451777 
-8.61615405593772 
-8.617461937621911 
-8.618772036195422 
-8.62008412975366 
-8.621401063753805 
-8.622728559133172 
-8.624055932482145 
-8.625384131643624 
-8.626713615297485 
-8.628041461117219 
-8.629373569741222 
-8.630712301950114 
-8.632061389538627 
-8.633414984647679 
-8.634755804059942 
-8.636081960445908 
-8.637416303341643 
-8.638752062954527 
-8.640089554674256 
-8.64142297139918 
-8.642755563141051 
-8.644053201324947 
-8.645349211168337 
-8.646644363450882 
-8.647940168091102 
-8.649238723971148 
-8.65043375667724 
-8.65161780442653 
-8.652804885672523 
-8.653992694944652 
-8.655183317303377 
-8.65637429954159 
-8.657565604889554 
-8.658744817027792 
-8.659924721329228 
-8.661087045902516 
-8.662248209207988 
-8.663411317702064 
-8.664559527140746 
-8.665710888068174 
-8.666862549194896 
-8.66800587317287 
-8.669149758696708 
-8.670226211329593 
-8.671290221526128 
-8.67235799300769 
-8.673430696080832 
-8.674506800495127 
-8.675583481966141 
-8.676665821289491 
-8.677748869432985 
-8.678831879067262 
-8.679890024576027 
-8.680946766849893 
-8.681992028672042 
-8.683035747223718 
-8.684078844754861 
-8.685123225574056 
-8.686167355102949 
-8.687213000334376 
-8.688258976950276 
-8.689291781500406 
-8.690324125129429 
-8.691358025087215 
-8.6923932245421 
-8.693431735096159 
-8.694470355210548 
-8.695508665880658 
-8.696547072930356 
-8.697585854628326 
-8.698627433023978 
-8.699668234070884 
-8.700707205766722 
-8.7017472372963 
-8.702791881714575 
-8.703835510163978 
-8.704879539800759 
-8.705925171607031 
-8.706970327346957 
-8.708019253415436 
-8.709067949267844 
-8.710105193198636 
-8.711141794110024 
-8.712180944968992 
-8.713219829636989 
-8.71425847532232 
-8.715295570661524 
-8.716318685779273 
-8.717337259060589 
-8.718357372402274 
-8.719377013825108 
-8.720387199043682 
-8.721397497473879 
-8.722408738244715 
-8.723420226258744 
-8.724430913721509 
-8.725441787655418 
-8.72646083603657 
-8.727479866137566 
-8.728498996006902 
-8.729525107357954 
-8.73055220515547 
-8.731581099047173 
-8.73260870881304 
-8.733625904892437 
-8.734642971136848 
-8.735660631901 
-8.736678137843594 
-8.73769716362045 
-8.738718741508247 
-8.739740878449378 
-8.740762416117086 
-8.74178366405559 
-8.742803721952669 
-8.743822737835353 
-8.74484099824218 
-8.745857167766449 
-8.746856529011108 
-8.74785685450185 
-8.74885778894621 
-8.749856227637416 
-8.750854579342779 
-8.751853248955685 
-8.752846926740185 
-8.753831162070338 
-8.754815547958659 
-8.755800265502135 
-8.756784953427573 
-8.757769094361265 
-8.758741702789042 
-8.759714923503234 
-8.760687529887374 
-8.761658383149337 
-8.762621555064516 
-8.76358510852802 
-8.764543552598571 
-8.765499664604318 
-8.766456371439304 
-8.767412506388709 
-8.768368377971775 
-8.769324593169475 
-8.770280538878868 
-8.771236648122585 
-8.772192333805163 
-8.773147992409166 
-8.77410340396121 
-8.775051574800825 
-8.775999419760506 
-8.776946996034168 
-8.777901022021945 
-8.778852993656235 
-8.779803352406354 
-8.780740440487845 
-8.781677075888256 
-8.78261364521818 
-8.783551112275147 
-8.784488925256662 
-8.785430745189004 
-8.786371486625216 
-8.787309329755589 
-8.788247712446413 
-8.789177840307467 
-8.790102114002316 
-8.791026544390514 
-8.791950695754197 
-8.792870465074046 
-8.79378755964586 
-8.794704340783722 
-8.795599916823743 
-8.796494913360373 
-8.79738658941753 
-8.798277872622407 
-8.799165157372915 
-8.800052261264401 
-8.800939695485221 
-8.801826892309265 
-8.802713827819286 
-8.803599014842973 
-8.804481930661957 
-8.805368538199748 
-8.806254876983814 
-8.807140733321669 
-8.808026528502706 
-8.808911891093272 
-8.809796798494835 
-8.810681226265068 
-8.811562627770043 
-8.812445354203879 
-8.813328098128867 
-8.814210600021198 
-8.815092245837967 
-8.815973402884257 
-8.816853804943529 
-8.817734546240587 
-8.818613768943404 
-8.8194854227505 
-8.820356084469582 
-8.821226557900843 
-8.822095868102434 
-8.822965393278384 
-8.823831294974637 
-8.824699174907618 
-8.825566486745743 
-8.826432912114795 
-8.82729630187795 
-8.828160945247847 
-8.829020055243603 
-8.829875189252292 
-8.830729764777166 
-8.831583584695913 
-8.832438136235442 
-8.833297108191523 
-8.834155441804416 
-8.835016795337694 
-8.835877576389528 
-8.836737935844093 
-8.8375976320367 
-8.83843450183218 
-8.8392677025697 
-8.840099990297077 
-8.840929359654263 
-8.84175808163692 
-8.842587872291663 
-8.843417896964837 
-8.84424846528557 
-8.845078862541492 
-8.845908738285901 
-8.84673795993612 
-8.847565885258193 
-8.848394172597954 
-8.849221153438622 
-8.85005137027332 
-8.850880888492597 
-8.85170828835614 
-8.852532311331267 
-8.853350837184506 
-8.854170308548419 
-8.854988888215216 
-8.855809162660773 
-8.856631519027035 
-8.857455517282197 
-8.8582784097097 
-8.859100471788395 
-8.859921021931461 
-8.860739619409292 
-8.861557950696437 
-8.86237643707379 
-8.863189296285663 
-8.86400085558751 
-8.864809798471704 
-8.865618572954162 
-8.866428931922345 
-8.867238192326493 
-8.868048167553674 
-8.868855358141964 
-8.869645667676387 
-8.870431749526105 
-8.871217393357382 
-8.871997729268259 
-8.87277664953368 
-8.873555263930037 
-8.874333161823516 
-8.875112026564373 
-8.875885519746634 
-8.876658408037894 
-8.877430687444669 
-8.87820237112232 
-8.878974029097229 
-8.879745796129782 
-8.880509300048104 
-8.881269905842988 
-8.882031001575918 
-8.882791408402763 
-8.883550209095304 
-8.88430708834474 
-8.885062387759834 
-8.885816720111785 
-8.886568627218992 
-8.887319902387258 
-8.888066628937862 
-8.888809473148127 
-8.889551838088272 
-8.89029459825684 
-8.891036294200351 
-8.891777332133916 
-8.892521781743733 
-8.893265347170754 
-8.894007000728248 
-8.894746515318213 
-8.89548517534206 
-8.896223357294177 
-8.896961039995482 
-8.897695228807379 
-8.89842874105343 
-8.899165437148891 
-8.899901413495215 
-8.900636830350997 
-8.901370519211952 

 Time 
1439.0465145111084 
