Energy 
 
-3.9359959197678958 
-6.669253448864915 
-9.217662636038956 
-11.530050599716361 
-13.556740813648958 
-15.265101462575885 
-16.652038663484845 
-17.751371729969037 
-18.61991731321653 
-19.312423983424882 
-19.869117790365415 
-20.317736416068886 
-20.67877560873193 
-20.96851620163057 
-21.200321647263053 
-21.38530907225989 
-21.532771895905295 
-21.650450958743367 
-21.744722404166794 
-21.820757856190475 
-21.8826844156279 
-21.933747547904566 
-21.976468464243425 
-22.012786842643262 
-22.044183649497302 
-22.07178290765295 
-22.096433826714794 
-22.118775845997 
-22.139289410805016 
-22.15833515931102 
-22.176183884199357 
-22.193039267421234 
-22.20905502537091 
-22.224347774516193 
-22.2390066465318 
-22.253100449806393 
-22.266682987689197 
-22.279796997034488 
-22.29247705693638 
-22.304751730490633 
-22.316645136429063 
-22.32817809768824 
-22.339368976682852 
-22.35023427914318 
-22.360789087559493 
-22.371047369736345 
-22.381022196381007 
-22.390725892982083 
-22.400170144755872 
-22.409366068569717 
-22.418324262107966 
-22.427054837780517 
-22.435567446809575 
-22.443871297369284 
-22.451975169468774 
-22.459887428405835 
-22.467616037952947 
-22.475168573975708 
-22.48255223882183 
-22.489773876593954 
-22.496839989243917 
-22.503756753326993 
-22.51053003720027 
-22.517165418410045 
-22.52366820102734 
-22.530043432686483 
-22.536295921124324 
-22.542430250036727 
-22.54845079410314 
-22.55436173307988 
-22.56016706487737 
-22.565870617579748 
-22.57147606039486 
-22.576986913542612 
-22.582406557108385 
-22.587738238914095 
-22.592985081471042 
-22.598150088071844 
-22.60323614811456 
-22.608246041729778 
-22.613182443795715 
-22.61804792742347 
-22.6228449669902 
-22.627575940793385 
-22.632243133397743 
-22.63684873774068 
-22.64139485704814 
-22.645883506617967 
-22.65031661551439 
-22.6546960282085 
-22.659023506205017 
-22.663300729671246 
-22.66752929910099 
-22.671710737020888 
-22.67584648975691 
-22.67993792926329 
-22.68398635502536 
-22.687992996032257 
-22.691959012818746 
-22.69588549957728 
-22.699773486329967 
-22.703623941159094 
-22.707437772483964 
-22.711215831379686 
-22.714958913929994 
-22.71866776360048 
-22.722343073627695 
-22.725985489416797 
-22.72959561093036 
-22.733173995072928 
-22.736721158051854 
-22.740237577712733 
-22.74372369584273 
-22.74717992043219 
-22.750606627891173 
-22.754004165214525 
-22.75737285209017 
-22.76071298294656 
-22.764024828937217 
-22.76730863985556 
-22.770564645979572 
-22.773793059843783 
-22.776994077936653 
-22.780167882319024 
-22.783314642167973 
-22.78643451523957 
-22.789527649255827 
-22.792594183207328 
-22.795634248584307 
-22.798647970523405 
-22.801635468881063 
-22.80459685922748 
-22.807532253771 
-22.810441762201094 
-22.813325492468827 
-22.816183551489523 
-22.819016045785563 
-22.82182308205693 
-22.82460476769431 
-22.82736121122984 
-22.830092522729842 
-22.832798814133668 
-22.835480199540093 
-22.838136795445465 
-22.840768720934367 
-22.843376097828013 
-22.845959050790157 
-22.848517707400276 
-22.85105219818636 
-22.853562656630373 
-22.856049219141973 
-22.85851202501089 
-22.860951216328694 
-22.863366937896725 
-22.86575933711245 
-22.86812856383931 
-22.8704747702677 
-22.872798110757245 
-22.87509874167845 
-22.87737682124069 
-22.879632509319407 
-22.881865967276184 
-22.88407735777976 
-22.886266844625283 
-22.888434592554876 
-22.89058076708136 
-22.892705534313098 
-22.89480906078603 
-22.896891513297092 
-22.898953058750134 
-22.90099386400021 
-22.903014095710503 
-22.90501392021828 
-22.906993503402298 
-22.908953010565757 
-22.91089260632317 
-22.91281245449806 
-22.914712718028497 
-22.916593558880532 
-22.91845513797327 
-22.920297615109753 
-22.922121148915636 
-22.923925896789786 
-22.925712014857815 
-22.927479657938324 
-22.9292289795107 
-22.930960131696974 
-22.932673265242457 
-22.934368529509484 
-22.93604607247184 
-22.93770604071895 
-22.93934857946209 
-22.940973832545588 
-22.942581942464187 
-22.944173050382876 
-22.945747296159716 
-22.94730481837474 
-22.948845754356082 
-22.950370240215122 
-22.951878410878766 
-22.953370400124715 
-22.954846340620282 
-22.956306363959307 
-22.95775060070057 
-22.95917918040928 
-22.960592231694317 
-22.9619898822499 
-22.963372258894182 
-22.964739487608597 
-22.966091693576185 
-22.9674290012195 
-22.968751534236713 
-22.97005941563865 
-22.97135276778152 
-22.972631712400407 
-22.973896370641153 
-22.975146863091492 
-22.976383309806124 
-22.977605830337456 
-22.97881454375774 
-22.980009568684117 
-22.98119102329798 
-22.98235902536754 
-22.98351369226367 
-22.984655140976262 
-22.98578348812911 
-22.98689884999169 
-22.98800134249036 
-22.989091081217857 
-22.990168181440097 
-22.99123275810217 
-22.992284925833 
-22.99332479894637 
-22.994352491444356 
-22.9953681170167 
-22.996371789038946 
-22.99736362056734 
-22.99834372434123 
-22.999312212771265 
-23.000269197936575 
-23.00121479157868 
-23.00214910509022 
-23.003072249509678 
-23.00398433550851 
-23.00488547338432 
-23.00577577304706 
-23.00665534400854 
-23.007524295370963 
-23.008382735815385 
-23.009230773585333 
-23.010068516478597 
-23.010896071830253 
-23.01171354650114 
-23.012521046863835 
-23.01331867878892 
-23.014106547630796 
-23.01488475821517 
-23.015653414824477 
-23.016412621185214 
-23.017162480454438 
-23.01790309520463 
-23.018634567414686 
-23.019356998453777 
-23.020070489071358 
-23.020775139382835 
-23.02147104885958 
-23.022158316318027 
-23.02283703990552 
-23.023507317094364 
-23.024169244667338 
-23.024822918710022 
-23.02546843460255 
-23.02610588700714 
-23.026735369863328 
-23.027356976378716 
-23.027970799020487 
-23.028576929509313 
-23.029175458812873 
-23.02976647713954 
-23.030350073931594 
-23.030926337862468 
-23.031495356830355 
-23.032057217953163 
-23.032612007567117 
-23.033159811220692 
-23.033700713673475 
-23.03423479889321 
-23.03476215005343 
-23.035282849531786 
-23.035796978908557 
-23.036304618966213 
-23.036805849688875 
-23.037300750261323 
-23.037789399069837 
-23.03827187370281 
-23.038748250951222 
-23.039218606809726 
-23.039683016478698 
-23.04014155436547 
-23.040594294085675 
-23.041041308468657 
-23.041482669555464 
-23.041918448605514 
-23.042348716097532 
-23.042773541733723 
-23.043192994443373 
-23.043607142385994 
-23.04401605295587 
-23.044419792785554 
-23.044818427751153 
-23.045212022974866 
-23.045600642831747 
-23.045984350953542 
-23.046363210233395 
-23.046737282830925 
-23.04710663017793 
-23.04747131298235 
-23.04783139123541 
-23.04818692421567 
-23.048537970494387 
-23.048884587943423 
-23.049226833738047 
-23.04956476436389 
-23.04989843562333 
-23.050227902640522 
-23.05055321986807 
-23.050874441092006 
-23.0511916194394 
-23.051504807382756 
-23.051814056746554 
-23.05211941871352 
-23.052420943831518 
-23.052718682018828 
-23.05301268256961 
-23.05330299416172 
-23.053589664861498 
-23.05387274213092 
-23.054152272833708 
-23.054428303240023 
-23.054700879034158 
-23.05497004532046 
-23.055235846629486 
-23.05549832692332 
-23.055757529601983 
-23.056013497510573 
-23.05626627294398 
-23.056515897654034 
-23.056762412853516 
-23.05700585922492 
-23.05724627692473 
-23.05748370558883 
-23.05771818434023 
-23.057949751792886 
-23.058178446058864 
-23.058404304755022 
-23.058627365004856 
-23.05884766344913 
-23.05906523624852 
-23.059280119089582 
-23.059492347190897 
-23.05970195530945 
-23.059908977743795 
-23.060113448341205 
-23.060315400503725 
-23.060514867191326 
-23.060711880929457 
-23.060906473811997 
-23.06109867751023 
-23.061288523274065 
-23.06147604193869 
-23.06166126393047 
-23.06184421927155 
-23.062024937584113 
-23.062203448096117 
-23.062379779646683 
-23.062553960689275 
-23.062726019298296 
-23.062895983172773 
-23.063063879642208 
-23.06322973567003 
-23.063393577858303 
-23.06355543245405 
-23.063715325351414 
-23.063873282098427 
-23.06402932789857 
-23.0641834876191 
-23.06433578579224 
-23.064486246620216 
-23.064634893980426 
-23.06478175142926 
-23.06492684220601 
-23.065070189236778 
-23.06521181513875 
-23.065351742225296 
-23.06548999250862 
-23.065626587704795 
-23.065761549235713 
-23.065894898235435 
-23.06602665555279 
-23.06615684175537 
-23.066285477132112 
-23.066412581699886 
-23.066538175204293 
-23.066662277123676 
-23.066784906674368 
-23.06690608281266 
-23.06702582423944 
-23.067144149401752 
-23.067261076498458 
-23.06737662348235 
-23.06749080806329 
-23.067603647712332 
-23.067715159664097 
-23.06782536092132 
-23.06793426825533 
-23.068041898212474 
-23.0681482671148 
-23.068253391064335 
-23.06835728594597 
-23.06845996742892 
-23.068561450972332 
-23.068661751825168 
-23.06876088503222 
-23.068858865434066 
-23.068955707671897 
-23.06905142618959 
-23.06914603523424 
-23.06923954886375 
-23.069331980945115 
-23.0694233451584 
-23.0695136550001 
-23.0696029237845 
-23.069691164646763 
-23.069778390545437 
-23.069864614264855 
-23.069949848417032 
-23.070034105445174 
-23.070117397624955 
-23.070199737066993 
-23.07028113571984 
-23.070361605371083 
-23.07044115765057 
-23.070519804032273 
-23.070597555836798 
-23.07067442423253 
-23.070750420238433 
-23.070825554726213 
-23.07089983842192 
-23.07097328190883 
-23.07104589562864 
-23.071117689882794 
-23.07118867483644 
-23.071258860518 
-23.071328256823293 
-23.071396873516164 
-23.071464720229617 
-23.07153180646932 
-23.071598141614118 
-23.07166373491864 
-23.0717285955135 
-23.07179273240981 
-23.07185615449763 
-23.071918870549894 
-23.071980889223497 
-23.07204221906022 
-23.07210286848931 
-23.072162845827876 
-23.072222159283587 
-23.072280816956056 
-23.07233882683788 
-23.072396196815582 
-23.072452934672512 
-23.07250904808932 
-23.072564544645996 
-23.072619431822176 
-23.072673716999862 
-23.072727407463415 
-23.07278051040284 
-23.072833032912868 
-23.07288498199514 
-23.072936364561023 
-23.07298718743038 
-23.07303745733381 
-23.07308718091555 
-23.073136364731013 
-23.07318501525176 
-23.073233138864417 
-23.07328074187275 
-23.073327830498645 
-23.07337441088256 
-23.07342048908576 
-23.073466071091232 
-23.073511162803648 
-23.07355577005125 
-23.073599898587666 
-23.07364355409129 
-23.073686742167826 
-23.073729468350294 
-23.07377173810031 
-23.07381355680942 

 Time 
258000.37413978577 
