Energy 
 
-0.5876987239232458 
-4.0379563033327335 
-4.808176799002443 
-5.0997175060331745 
-5.229578796264509 
-5.30473689035318 
-5.325536838298896 
-5.33768493815547 
-5.348147202079103 
-5.351208978287229 
-5.354589702687027 
-5.358302451296728 
-5.361873602699183 
-5.365681162667395 
-5.370242733211134 
-5.374230688947188 
-5.378554486421561 
-5.3825785408509645 
-5.38681538086483 
-5.391777797390924 
-5.396179097463026 
-5.400515984578725 
-5.407361079861712 
-5.410507155732589 
-5.4136712118811285 
-5.416929817514326 
-5.420292627612881 
-5.425797942070739 
-5.429918897945548 
-5.43410616616305 
-5.437353686309617 
-5.441852504234709 
-5.445705781468574 
-5.449658290824481 
-5.453692243911899 
-5.4633158532901795 
-5.468543814698115 
-5.474029765200244 
-5.479467377348515 
-5.487017421797676 
-5.494845731510553 
-5.511070119447753 
-5.52691231708765 
-5.554207606539261 
-5.597107095142476 
-5.6310675067975176 
-5.640028017694417 
-5.648571218801527 
-5.657032022501268 
-5.665991355522422 
-5.67266073550018 
-5.678927148874003 
-5.684398048879414 
-5.690025732510044 
-5.69664888880726 
-5.7040867527015156 
-5.711295712079779 
-5.729892508042571 
-5.741288954629218 
-5.753336217079799 
-5.766626996882177 
-5.7749475280500695 
-5.782643564286532 
-5.790322890180251 
-5.797694150995303 
-5.8081035107322965 
-5.818098864364879 
-5.827906485138879 
-5.840136793158866 
-5.848465863828519 
-5.856684227533332 
-5.864498771894404 
-5.872481561268585 
-5.880318431517347 
-5.888065040844419 
-5.895719143608167 
-5.907642059665458 
-5.918975755629778 
-5.931157590774909 
-5.9430344177877465 
-5.954731592362618 
-5.9635597319654075 
-5.969767157625943 
-5.97565569490815 
-5.981952714092645 
-5.989142571683046 
-5.997069643570943 
-6.003633259604423 
-6.00959432695109 
-6.015462715572477 
-6.021404049418304 
-6.027578684491701 
-6.03317692083336 
-6.038590162783955 
-6.0437271232850875 
-6.048608319678371 
-6.053547272590595 
-6.058227286830814 
-6.062837840879079 
-6.067201747116737 
-6.071564000626316 
-6.0759262588250955 
-6.080328250539019 
-6.084792229964073 
-6.089662287299987 
-6.094517748391134 
-6.099337119562653 
-6.103550152421059 
-6.107794223902822 
-6.110931897796353 
-6.1140090032267596 
-6.117099704762917 
-6.120056590076109 
-6.123027523991134 
-6.126103984850984 
-6.12916781962998 
-6.132212036319489 
-6.13537802026377 
-6.138578930290441 
-6.141640612309967 
-6.144754336759894 
-6.147742117119728 
-6.150699431080435 
-6.153540500952984 
-6.156425054791739 
-6.159276122325856 
-6.16233138429125 
-6.165220477643224 
-6.168105619759077 
-6.1709872111138075 
-6.173853390885991 
-6.176676879565712 
-6.179501280224766 
-6.182366906618599 
-6.185231057975316 
-6.188093140386565 
-6.190936704300604 
-6.193780176708916 
-6.196634704367819 
-6.19950963638899 
-6.202377773767805 
-6.205047281294151 
-6.207716437946754 
-6.210361578556291 
-6.213001478216627 
-6.215640213179965 
-6.218231761121626 
-6.220930830834363 
-6.223668456538537 
-6.226413492328685 
-6.229154909864905 
-6.2318552251489745 
-6.234378913032044 
-6.23685620031617 
-6.239332659623789 
-6.241792723903143 
-6.244305459727114 
-6.246785664398393 
-6.249257641558486 
-6.251656135928645 
-6.25405871310193 
-6.25645645143415 
-6.2588637797208095 
-6.261266089597385 
-6.263687316326185 
-6.266096437981449 
-6.268522104284161 
-6.270945779006473 
-6.273348557227015 
-6.275742838807719 
-6.27814749756862 
-6.280549099951996 
-6.282927202366342 
-6.285324960838331 
-6.28774648273397 
-6.290242935842647 
-6.29273347028291 
-6.29524493874184 
-6.297751568619843 
-6.300257835918041 
-6.302778989043066 
-6.30523625798503 
-6.3076915886584555 
-6.310205495128738 
-6.312696363021485 
-6.315182395023605 
-6.317663945545858 
-6.320137082453648 
-6.322553313046843 
-6.324932070514384 
-6.327269901511068 
-6.329604032715642 
-6.332015737862243 
-6.334352612191666 
-6.336681685285695 
-6.3390231970402535 
-6.341363020751399 
-6.343730644571815 
-6.346088375416455 
-6.348480223820543 
-6.3508209772538535 
-6.353156916508704 
-6.355463004334576 
-6.35778625420215 
-6.360103101208878 
-6.3623494755274095 
-6.364609695069106 
-6.366892198712312 
-6.369169133291777 
-6.371436112051565 
-6.373680189365388 
-6.375911411236143 
-6.378196984990937 
-6.380460272515782 
-6.382725775271961 
-6.3849711366129664 
-6.3871226116614235 
-6.3892519938153125 
-6.3913775461314195 
-6.393461559128166 
-6.395540752742084 
-6.397640887336454 
-6.399698241137871 
-6.401754786295356 
-6.4038355503315 
-6.405900220031892 
-6.407939531316201 
-6.409967565123035 
-6.411989482320277 
-6.414007112856338 
-6.416020001487123 
-6.418032543269534 
-6.420034689346051 
-6.422032240321634 
-6.424035305087308 
-6.426023776775551 
-6.4280162338247955 
-6.429976245162367 
-6.431934645820077 
-6.433894581747678 
-6.435862643420505 
-6.437810921882622 
-6.439756640322846 
-6.441713623107022 
-6.443662357878716 
-6.4456089550379705 
-6.4475515963799435 
-6.44948774096638 
-6.451386610316626 
-6.453278306079033 
-6.455158114111807 
-6.457039737869326 
-6.458944596858802 
-6.4608458962140976 
-6.462770121454463 
-6.464620488830487 
-6.466494250109941 
-6.468364817069968 
-6.470235973350196 
-6.472109657466775 
-6.473981492513754 
-6.475814646047655 
-6.477632904914975 
-6.4794465842817495 
-6.4812556247544535 
-6.483060997032698 
-6.484870318373035 
-6.486639625221036 
-6.488402583886485 
-6.4901613077439375 
-6.491922159012411 
-6.493691758198335 
-6.495457606836972 
-6.497219019603781 
-6.498965962075506 
-6.500707265946329 
-6.502421366175804 
-6.504086308601865 
-6.505731725667506 
-6.507375100650172 
-6.5090126369470145 
-6.510610996209334 
-6.512135630901525 
-6.513640555223986 
-6.5151394561336 
-6.516636340002316 
-6.518111091228491 
-6.519494360267377 
-6.520855721270975 
-6.522206113052318 
-6.523508181709651 
-6.5248096321642794 
-6.526111481246938 
-6.527412438943264 
-6.528712804271278 
-6.530008811749058 
-6.531300178836416 
-6.532573012440247 
-6.5338378244409805 
-6.5351045550227465 
-6.536364646940209 
-6.537615837139258 
-6.5388710999833615 
-6.540125899163506 
-6.541384116321396 
-6.542642719652806 
-6.543892445038514 
-6.545142595075104 
-6.546403130630849 
-6.547659761884878 
-6.548909619822849 
-6.550159862093615 
-6.55140903581564 
-6.55265775383241 
-6.553902350234595 
-6.555146779128494 
-6.556384158814153 
-6.557619649643122 
-6.558854525976278 
-6.560088268049144 
-6.561321499448535 
-6.562554709292151 
-6.563781924545535 
-6.56500574713195 
-6.5662303320963105 
-6.567427570605814 
-6.56862387281628 
-6.569819675317209 
-6.571015659552998 
-6.572210501702393 
-6.573403416952438 
-6.574593051228053 
-6.575781330674436 
-6.576960129062375 
-6.578138344712606 
-6.579316633596817 
-6.580494512971454 
-6.581667309473646 
-6.582839540268488 
-6.584009214802903 
-6.585178645736516 
-6.5863470480240025 
-6.5875148458888635 
-6.588662209548061 
-6.589809300720335 
-6.590954834516461 
-6.59209984386502 
-6.5932439359412385 
-6.594388905099418 
-6.595501120853266 
-6.596613308246532 
-6.597724949803371 
-6.5988334279735295 
-6.599939685191307 
-6.60104610646478 
-6.602152899738083 
-6.603258446675147 
-6.604365391633238 
-6.605433710673646 
-6.606498020944727 
-6.607559966786702 
-6.608620098020274 
-6.6096669826419205 
-6.610712910231698 
-6.611758377035073 
-6.612803225305359 
-6.613845262886793 
-6.614886943605184 
-6.615929734045305 
-6.616973069959597 
-6.6180159774569365 
-6.619058285566544 
-6.620100285082344 
-6.621138924048934 
-6.622160163717113 
-6.623179814716936 
-6.62420024497529 
-6.625219812872537 
-6.626243997073066 
-6.627258643076624 
-6.628275949240306 
-6.629290911472365 
-6.630305201837993 
-6.63131889046196 
-6.632331163175019 
-6.633349679053921 
-6.634367524889029 
-6.635383581784905 
-6.636401137396127 
-6.63741678304053 
-6.6384300376591945 
-6.63944305947949 
-6.640455732843235 
-6.641460055236191 
-6.642463490986927 
-6.643463992995299 
-6.644464119907333 
-6.645460977979274 
-6.646457141925547 
-6.647449977865344 
-6.648440402283496 
-6.6494290672779925 
-6.650417036384489 
-6.651398687380286 
-6.652377273150691 
-6.653354999949495 
-6.654327196900105 
-6.655297305602998 
-6.656267231334548 
-6.657235662318863 
-6.65820373864325 
-6.659170112931919 
-6.660132653008969 
-6.661094100935506 
-6.662054448026953 
-6.6630150868257205 
-6.6639761642549225 
-6.664936762826194 
-6.665898270568974 
-6.66685879181077 
-6.667818620853322 
-6.668777645969996 
-6.669736064377583 
-6.670691612021912 
-6.6716479861593765 
-6.672603721982377 
-6.673558636835426 
-6.674514193229912 
-6.675469135610022 
-6.676423711882296 
-6.677374400755116 
-6.678322606632953 
-6.679266091446165 
-6.680210200242811 
-6.681153636726755 
-6.682096281335532 
-6.68303819583603 
-6.683978971678881 
-6.684919142276074 
-6.68585893070925 
-6.6867955399324135 
-6.687731477065766 
-6.688666418441475 
-6.689600702859886 
-6.690534509676991 
-6.691462073812666 
-6.692388788816196 
-6.693314645433918 
-6.694241117560383 
-6.695164429615561 
-6.6960870714577325 
-6.697009376384645 
-6.697930757502569 
-6.6988484876291245 
-6.699765517556539 
-6.700681419655805 
-6.7015965983882815 
-6.702511275831698 
-6.703426292650254 
-6.704333340866121 
-6.705240204338802 
-6.706144464133408 
-6.707046592250621 
-6.707942860275555 
-6.708838524902561 
-6.709733350146285 
-6.710627577703972 
-6.711521224221947 
-6.7124142078519675 
-6.713307368401184 
-6.714194690262874 
-6.715081359463262 
-6.715966957819747 
-6.716852181417682 
-6.717736740932099 
-6.718618187131651 
-6.719498402934894 
-6.720377437305376 
-6.721255709892423 
-6.722117000953115 
-6.722977775420926 
-6.723838755200107 
-6.724700038899982 
-6.725558795500806 
-6.726418587686408 
-6.727279178985155 
-6.728139036856155 
-6.728998143042032 
-6.729856365393018 
-6.730714054424552 
-6.731568340175044 
-6.732414759684809 
-6.733260685877218 
-6.734104867437923 
-6.734927851164742 
-6.735750191437041 
-6.736571837929503 
-6.7373932762919235 
-6.738215174308403 
-6.739034283703142 

 Time 
14510.611686229706 
