Energy 
 
-6.447666291553563 
-6.466919628605271 
-8.40803907199104 
-8.413071043824617 
-8.062627435023753 
-6.935334797280018 
-6.662795509002265 
-7.062515707302315 
-6.280040527057104 
-6.274408009035442 
-5.765933262367573 
-6.925426212026213 
-6.899785289044001 
-6.722318351318019 
-6.399302836799281 
-6.177378861348117 
-6.299703676951434 
-6.571167449674274 
-8.384535424210775 
-7.265698941738364 
-6.404703740541834 
-6.342548325674706 
-6.694300124751783 
-7.14959167874371 
-7.602602570046867 
-7.477055808266321 
-7.024566496966977 
-7.16153526528824 
-7.450448828934318 
-7.483928672340314 
-10.81164159326267 
-10.708428906875355 
-12.358192037855488 
-9.318976860820914 
-9.716126162100995 
-12.258379687824341 
-10.578472805226316 
-9.92076686896461 
-11.981301681714864 
-11.827603435567903 
-11.889267406979094 
-11.905219879810616 
-11.717562146865863 
-11.785175958606256 
-12.326876316262558 
-12.2287393579229 
-11.968826635678303 
-11.967223191459304 
-11.768395227162081 
-11.768103762798114 
-11.719180321947391 
-11.777641131302772 
-12.381662649425113 
-12.629606520264666 
-13.408878939069147 
-13.507093178144515 
-13.34344020195412 
-12.632555901907756 
-12.624728403194645 
-12.69972764469645 
-12.690843156737529 
-12.97470725039807 
-12.985932584383079 
-12.938747755596685 
-13.38772924886955 
-13.587725204424245 
-13.5569369028855 
-13.838923503599874 
-13.97447484752185 
-14.187347522834184 
-13.785316577550047 
-13.569606382031491 
-14.650320841661317 
-14.364339677417767 
-14.627918599029597 
-14.540274585245623 
-14.009180555215334 
-14.057509925916644 
-14.091182231700301 
-14.09516993283632 
-14.184070740809595 
-14.125555555535605 
-14.091640521139421 
-14.100974773348733 
-14.089371427276 
-14.34637265933182 
-14.299787911173546 
-14.30323089213018 
-14.230848608668639 
-14.164111090959048 
-14.103142101141247 
-15.444211822817067 
-15.293863534378746 
-15.048779784803438 
-15.093947269542033 
-14.333404992942668 
-14.627088489401002 
-15.299348659892566 
-15.369293054207413 
-15.36190811402566 
-15.252035962296574 
-15.180560559140584 
-15.389453153823649 
-15.56693240864651 
-15.574543656071423 
-15.59681421310479 
-15.59709121068824 
-15.73584171026808 
-15.66024436807486 
-15.671140091299637 
-15.666656451190711 
-15.682168412734638 
-15.723437711385925 
-15.715848047912068 
-15.771086160090011 
-15.881486986157366 
-15.822806921305567 
-15.822163652687045 
-16.012858573936626 
-15.890832307628497 
-15.758624329044725 
-15.956454563879513 
-16.311088252011768 
-16.492005487593726 
-16.443902062289652 
-16.657820082268554 
-16.534194155213804 
-16.421228134220957 
-16.375759437463387 
-16.32882831132167 
-16.175472157260604 
-16.459204529153965 
-16.600974212528513 
-16.536841402700198 
-16.55093645220194 
-16.764022510332566 
-16.888990061447064 
-16.80918823480954 
-16.709210967401287 
-16.797951577262882 
-16.739928975975957 
-16.63756489586605 
-16.633527538847716 
-16.58618721301808 
-16.64253692127668 
-16.655983967462348 
-16.696787874360407 
-16.700968639059344 
-16.703890247199038 
-16.870049278233584 
-16.817351155630575 
-16.801308782006487 
-16.821521248480344 
-16.81344676501603 
-16.785464819250834 
-16.929342910260868 
-16.92990664816439 
-16.948690871974417 
-16.974764815269218 
-16.92072216957289 
-16.96582905498743 
-16.955578166574607 
-17.02061053072192 
-17.009243673272564 
-17.01134147874496 
-16.971640671890064 
-16.991378584794738 
-17.02057318657299 
-17.01822939895368 
-17.03089997575901 
-16.99908082873432 
-17.009532865537683 
-17.009929095189037 
-17.000904748154827 
-16.985631134750044 
-17.007324134642076 
-17.01494013331913 
-17.00238320323633 
-16.991646715721963 
-16.991064251810116 
-16.98732502454808 
-16.983682719344607 
-16.9804354936823 
-17.03856126270732 
-17.0979402083724 
-17.069784727261883 
-17.075494945573244 
-17.072911120309474 
-17.07094435976383 
-17.06812661641505 
-17.077754949491204 
-17.130464484815434 
-17.129744658069754 
-17.13445988251906 
-17.141604981125496 
-17.18090616717135 
-17.179401062287766 
-17.16247790602184 
-17.160155738733977 
-17.139052145988142 
-17.15445321777357 
-17.19041756303394 
-17.164682693260975 
-17.13464071868234 
-17.200486947135115 
-17.187776246804216 
-17.157424191355783 
-17.115441321728934 
-17.099918385155497 
-17.10091281677618 
-17.07675014359252 
-17.074247994857302 
-17.124232303048807 
-17.12682112118033 
-17.08812215407033 
-17.061546415554012 
-17.068428869485466 
-17.5410419059609 
-17.239060201888528 
-17.34360689901196 
-17.373317031688835 
-17.113919586442172 
-17.28962854122812 
-17.322359604121573 
-17.186538845532485 
-17.296686837564508 
-17.192659722968013 
-17.214622866714116 
-17.115479766857984 
-17.252060569237155 
-17.518952024041713 
-17.473962221078263 
-17.707864979537092 
-17.703396952659944 
-17.856303476111563 
-17.877062814253105 
-17.787744252585505 
-17.781503661481334 
-17.725657007498633 
-17.990818253338965 
-17.98400764289667 
-17.812160077270022 
-18.036602486297948 
-18.057988910768078 
-18.06115996317055 
-17.959200659341796 
-18.033160403722036 
-18.12535573482384 
-18.1284865309348 
-18.02426254207463 
-17.9115927087646 
-17.903562589325055 
-17.947983110118866 
-17.822213020312926 
-17.86566502542702 
-17.918672126074814 
-17.922945081568 
-17.91694024272534 
-17.868932797879395 
-17.910061143837424 
-17.909853404799108 
-18.069399803586336 
-18.10361876040634 
-17.921532339810074 
-17.90833683648001 
-17.893807965238747 
-17.754408861199536 
-17.859813606489027 
-17.77438222377085 
-17.790207539932943 
-17.79142028064164 
-17.810854963103196 
-17.823199876621995 
-18.14765252161476 
-18.193943168961884 
-18.19110423979731 
-18.100492040118414 
-18.027005660997695 
-18.10777017868063 
-18.09600657890507 
-18.092116300275727 
-18.05254240946646 
-18.07771774549362 
-18.13481132086089 
-18.179680573933233 
-18.128541101149388 
-18.132213401753916 
-18.117624256709874 
-18.112846717678035 
-18.20191320996789 
-18.143943297276728 
-18.1474711990115 
-18.114219629172972 
-18.148294982309263 
-18.266858651111537 
-18.25268486480608 
-18.3442627346517 
-18.4451597954749 
-18.518745625238676 
-18.41307226383408 
-18.419744180048106 
-18.4003107420897 
-18.404866893317987 
-18.49921999191897 
-18.570809124006708 
-18.474678522545496 
-18.50405991643819 
-18.43619396423707 
-18.549473974205224 
-18.536629186777358 
-18.46531266454494 
-18.520852377796064 
-18.70945663887311 
-18.71660263194192 
-18.628243332659085 
-18.627259275962075 
-18.738147599566965 
-18.705838431303118 
-18.796447287196806 
-18.839873798735166 
-19.02170078091914 
-18.855807522224538 
-18.853855640270666 
-18.80361667587588 
-18.684200324044888 
-18.70378011141593 
-18.60403260497802 
-18.561422272770223 
-18.750966447560074 
-18.61577622401847 
-18.745832487545293 
-18.73451922935509 
-18.743248172657218 
-18.75801328880259 
-18.756216844092734 
-18.913686001194883 
-19.02131802856758 
-19.100583135208755 
-19.09163583915205 
-19.077681393635157 
-19.057633354780826 
-19.043586704180065 
-19.22004491340127 
-19.29738086205938 
-19.1682179186306 
-19.229647039424503 
-19.19025048212894 
-19.192271992430626 
-19.190667085928162 
-19.203474122690203 
-19.19205571041462 
-19.406717378364515 
-19.534579425596874 
-19.533317655695495 
-19.935403894418787 
-19.843825929863318 
-19.831877303926362 
-19.64183617469656 
-20.035987339699606 
-20.01071084885573 
-19.990649289583054 
-19.88491629012294 
-20.02179768226791 
-20.19595693732415 
-20.198820978323404 
-20.215951836796087 
-19.979829064758114 
-19.929268590159197 
-19.925066850694684 
-20.08442448969139 
-20.399325335909992 
-20.47485942387895 
-20.480084588324527 
-20.447989166479513 
-20.447027497538667 
-20.42008118749303 
-20.451483442999994 
-20.43044526386613 
-20.444810451352467 
-20.441096369358227 
-20.470301082138967 
-20.47404107930741 
-20.596039499752322 
-20.535922403688026 
-20.497855830148097 
-20.499842834776953 
-20.56047514943878 
-20.578079692975756 
-20.637497850468 
-20.695732650458094 
-20.701648814753646 
-20.585448149872544 
-20.581645394136267 
-20.585775128960822 
-20.702418237936676 
-20.700108610923586 
-20.668022117217937 
-20.664953964531428 
-20.702571716207984 
-20.67306113810631 
-20.685327814539484 
-20.710241687968825 
-20.709396775038968 
-20.711040896926857 
-20.87188460860427 
-20.86421429850273 
-20.832812743514282 
-20.78704856185281 
-20.758161351792864 
-20.85560682389248 
-20.794159925993 
-20.851110265849112 
-20.82160242764794 
-20.75351645660523 
-20.841179608455743 
-20.94656115846442 
-20.957284368327727 
-20.978319912092733 
-20.93332941118928 
-20.931642907039198 
-20.96327259631123 
-20.96471525687205 
-21.061090056030014 
-21.037192126714963 
-21.065370031297597 
-21.075202568885587 
-21.120569473183984 
-21.088513629320005 
-21.048052288664472 
-21.117061008837883 
-21.06834505678686 
-21.110498542861173 
-21.108303058078537 
-21.164607834182146 
-21.236956741101398 
-21.21510801052768 
-21.22390456067048 
-21.218466088250434 
-21.19236225473884 
-21.19801100629738 
-21.270563928247437 
-21.32697414495147 
-21.28949314796306 
-21.266460594205082 
-21.246209742928002 
-21.249813646789967 
-21.209606667346755 
-21.25199105003746 
-21.236678678607387 
-21.2499074547661 
-21.23886067205933 
-21.302776272892494 
-21.30546344272268 
-21.402212717353787 
-21.381267465418453 
-21.381452047565148 
-21.38978662531825 
-21.434362183599706 
-21.43323311282053 
-21.41918721603104 
-21.416738394720255 
-21.398561898898162 
-21.501700864259874 
-21.48871973056536 
-21.48441063519206 
-21.47849553027629 
-21.501237798528678 
-21.551672398151872 
-21.549281884401935 
-21.54500947554832 
-21.53509981692607 
-21.512957434659793 
-21.513300742054923 
-21.51068530584211 
-21.619916092881308 
-21.635451218501167 
-21.6360127034032 
-21.611743119741973 
-21.594929041669097 
-21.605352808727247 
-21.60800833201152 
-21.59918937549711 
-21.622287132015796 
-21.636930333279885 
-21.679496676223934 
-21.667216049604733 
-21.651993171851963 
-21.729395909050968 
-21.729907183715536 
-21.739688134867798 
-21.74909885370635 
-21.75829382868259 
-21.80622729622913 
-21.807166000255393 
-21.81626458120161 
-21.8104407189507 
-21.795785117830324 
-21.90456353637175 
-21.921656519740637 
-21.90002999541864 

 Time 
408738.9342558384 
