Energy 
 
-6.447666291553563 
-8.98669493005056 
-7.118911906031518 
-5.153874064524991 
-3.430900183608107 
-1.0503630606927836 
-0.012947519574695754 
2.6578806198802987 
0.6689531988346087 
-1.1964914320172158 
-2.238400571756944 
-4.989968543414195 
-2.0278178560874367 
-1.566380757585182 
-0.544989680808781 
-2.7773458497710193 
-0.4796281576830079 
-7.217565742720589 
-8.056944788462914 
-7.2818676139221665 
-7.832033890599577 
-6.351408161257718 
-5.187141194929904 
-6.108508797504929 
-6.107850448184573 
-6.331781014932345 
-8.844462886572565 
-8.922975198032924 
-8.93722813452702 
-8.985378160493578 
-9.864737859563334 
-10.243566611278682 
-9.90785418047019 
-9.810168249489195 
-9.056626811640381 
-8.46210670604252 
-10.204796078088656 
-9.34114308132092 
-10.160472699305412 
-10.262166490337744 
-10.231317677152724 
-9.644684897300772 
-9.077445092803403 
-9.232225295515718 
-8.874608564753224 
-8.397155934420098 
-7.903684996179602 
-9.186420236794394 
-9.19800844534503 
-9.624497666805532 
-9.281640336201555 
-8.92376542598561 
-9.593737251822972 
-9.914927081257702 
-9.836019330016782 
-10.041807960454713 
-9.594437176401751 
-13.585117176111854 
-13.549368317361612 
-11.978406785346053 
-11.126815472110415 
-10.105707375083648 
-9.352847217026154 
-11.570775801315563 
-10.57272416840059 
-10.639795777771283 
-10.69364846099241 
-9.334942424915825 
-9.273341910715029 
-8.775033319467992 
-8.197446874323472 
-7.541227557596644 
-7.845394780494581 
-8.710959052441696 
-8.695004713352034 
-8.731286460903782 
-9.562862717711404 
-9.92701528416493 
-11.05673178173188 
-10.866869065214978 
-11.142088921226811 
-11.070701528824019 
-10.981905667674718 
-13.918442249229445 
-13.629007812685149 
-13.427041882098317 
-13.916263988452997 
-13.876250858936261 
-13.871301193613089 
-13.731297130706547 
-13.890014437830956 
-14.648283411431569 
-14.680944337209553 
-14.516019573908045 
-14.389806397322195 
-14.089510974898966 
-14.808949988238975 
-14.96070499497342 
-14.721579731155291 
-14.79094258958837 
-14.40993125984663 
-14.899242977657243 
-14.898291070414297 
-14.663347451186466 
-15.022919689328795 
-14.885768929167115 
-15.523185453713598 
-15.227388371708983 
-14.695442693997396 
-14.723388352217425 
-14.907950529062127 
-14.509527141557612 
-14.601195653665291 
-14.591812167134186 
-14.487179559139115 
-14.481775176445945 
-14.448284365743302 
-14.897415078178732 
-14.89740473192676 
-15.021375709762818 
-14.929503077683226 
-15.180395158627046 
-15.099922610582109 
-15.025400672011282 
-14.934248149403366 
-14.898900946167858 
-15.349461361836296 
-15.949499346683046 
-15.26489903782602 
-15.228358607844356 
-15.118405511822168 
-17.053269032052107 
-16.22990448106627 
-16.3939047620733 
-16.731700225667012 
-15.887422395545324 
-15.930186838458965 
-16.50800348298865 
-16.123892684004407 
-15.881098907595602 
-16.047354026879848 
-16.455397244763724 
-16.722083901884528 
-16.130289301305254 
-16.082524178114035 
-15.567301268423003 
-14.89956721831383 
-14.391642818970736 
-14.80809135126728 
-13.762395249567078 
-13.406347501032332 
-15.540432138307942 
-14.968279765065441 
-15.867535774654803 
-16.100639977135337 
-15.320278155977144 
-15.2130145604922 
-14.538687123503077 
-14.631802192705209 
-15.688050230621798 
-15.147818239405947 
-15.215508297168782 
-15.088063097046021 
-15.097109359634244 
-15.633512344153742 
-15.710020785076068 
-16.098104473251404 
-15.367150789884771 
-15.276287396953272 
-15.283089825196585 
-15.237778247932177 
-14.659653556425692 
-16.022524137396367 
-16.438288350253472 
-16.07931770966227 
-16.689205348821357 
-16.912338075918452 
-16.925642379588812 
-16.72177064070847 
-17.102496516065482 
-17.04382397520025 
-17.098616404484336 
-16.969628302479872 
-17.08778987715393 
-17.08877217075577 
-17.3381996168393 
-17.396228703661777 
-17.342827365518016 
-17.27372329400024 
-17.588973172540157 
-17.94216838665682 
-18.034632710902844 
-18.345400232927037 
-18.240403408657812 
-18.197772807146535 
-18.14569363358506 
-18.043825797101814 
-18.59310319176795 
-18.866397870546006 
-18.796704042339453 
-18.978448980116664 
-18.426974540247727 
-18.420831379985003 
-18.286639847518337 
-18.91255075574449 
-18.818616553715405 
-18.772679116585188 
-18.87191270237583 
-18.751736172568894 
-18.88061339542313 
-18.860775330517797 
-18.803686724795718 
-18.71377164508631 
-18.709827301204427 
-18.648292200215426 
-18.60313011872199 
-18.588136896527665 
-19.187104726480083 
-19.142797499026074 
-19.160977726852707 
-19.889082523647883 
-19.89989207142697 
-19.74503580532652 
-19.524430188749538 
-19.06128054754789 
-19.07707513134236 
-18.850372349139075 
-18.86810665276472 
-19.045994462806775 
-18.968640096508736 
-19.31667386429778 
-19.130527272261745 
-19.573378449686302 
-19.372650016810226 
-19.389726814108418 
-19.461232103367788 
-19.553351420969697 
-19.805317585935924 
-19.81369026942456 
-19.806415072934254 
-19.606009941423817 
-19.747631781156414 
-19.739774782810898 
-19.654491262704024 
-19.721271036683977 
-19.65621451791638 
-19.61271886791202 
-19.64633825513453 
-19.646027408907937 
-19.62779136099887 
-19.614819139777758 
-19.7096977210204 
-19.670004310480646 
-19.733631258649915 
-19.785304995509353 
-19.77462164128733 
-19.733495754975273 
-19.75490851540351 
-19.96419675867981 
-20.070288056748193 
-20.30188294267888 
-20.347867264670676 
-19.960437279600555 
-20.011815792422766 
-20.06834655899043 
-20.0648487362728 
-20.223346317856954 
-20.178230605176118 
-20.07916535834332 
-20.206026981763607 
-20.190427466767886 
-20.144204781928238 
-20.35050186511714 
-20.28123408059405 
-20.355540806310255 
-20.530216499454323 
-20.546823035429966 
-20.398766663254754 
-20.506599113578442 
-20.425616078211846 
-20.59344082360162 
-20.575935890530634 
-20.56936032144741 
-20.599059161671818 
-20.591417695879418 
-20.587361665681556 
-20.728888507674835 
-20.74833937140783 
-20.71719588367876 
-20.627633542341147 
-20.620069840994706 
-20.580348960677888 
-20.592129672256355 
-20.727323973943836 
-20.75671272283521 
-20.774843940006228 
-20.791002199289963 
-20.688837362247952 
-20.698118857000214 
-20.6413610652869 
-20.778393727790537 
-20.77474464202078 
-20.81433154874138 
-20.820530796465892 
-20.8185164529099 
-20.817802965639522 
-20.836550722053254 
-20.839388036212114 
-20.821211439489705 
-20.859870946911876 
-20.838862438570942 
-20.84357025268972 
-20.91835160161493 
-20.892993397967622 
-20.918731071986585 
-20.960178447081095 
-21.03654201445596 
-20.99834671793019 
-20.912622187454378 
-20.955235558272676 
-20.967596329187195 
-20.89765251216595 
-20.896564190503284 
-20.955812976476693 
-21.27801559632499 
-21.274021633211316 
-21.26455869233321 
-21.375102837593936 
-21.36521150415501 
-21.322480833212982 
-21.604422161070612 
-21.610250636379153 
-21.603552668419237 
-21.610101647536496 
-21.613195702937237 
-21.626026672234545 
-21.62764079826852 
-21.64006054917101 
-21.637638111284936 
-21.741752333722616 
-21.734865890954495 
-21.711854134295304 
-21.621125092037353 
-21.685342295571147 
-21.699483214238583 
-21.65336877130998 
-21.624012919279174 
-21.630969589867377 
-21.697307717838715 
-21.728555136609234 
-21.67633255117449 
-21.759736039318025 
-21.741354080117443 
-21.794820520128873 
-21.737829099419105 
-21.67322092391712 
-21.623887663005625 
-21.655657383958065 
-21.5659395366619 
-21.571800208712336 
-21.504486768844185 
-21.504539722194316 
-21.52183445435487 
-21.520392708904033 
-21.47627030919963 
-21.648159283238392 
-21.675392170552527 
-21.674581983493777 
-21.82098767466309 
-21.8086631754129 
-21.68435656716852 
-21.592125973555152 
-21.626760614552268 
-21.59234314441055 
-21.510223672370763 
-21.563850735556063 
-21.54329637311872 
-21.50353423954469 
-21.634850054079898 
-21.632249195118696 
-21.717570204887355 
-21.860303230245425 
-21.865178553468986 
-21.815940879152983 
-21.822139401656166 
-21.815362834249598 
-21.78259473291137 
-21.79396650730055 
-21.838850689566637 
-21.826739086120323 
-21.79060471198637 
-21.782840480118267 
-21.759373893828677 
-21.847871197006654 
-21.864941668515183 
-21.884955654509742 
-21.876322160911265 
-21.900054929342993 
-21.896621366365203 
-21.887082314811806 
-21.881835614082647 
-21.86984128136633 
-21.886273538932155 
-21.887163470590856 
-21.89572504434675 
-21.937002278353777 
-21.951931580002523 
-21.97927550822926 
-21.9801993925549 
-21.978597642749154 
-21.976136510457657 
-21.98887710145567 
-21.98625660880306 
-21.985174268166432 
-21.99854879395074 
-22.000417261430805 
-22.015112238384592 
-22.019482715204674 
-22.00744678678145 
-22.01535133163854 
-22.01186752423645 
-22.00805033484283 
-22.03371094376601 
-22.02938568340876 
-22.027462514656175 
-22.024362478970072 
-22.01743361242453 
-22.08198870546301 
-22.081401640581966 
-22.10405492933109 
-22.161806435246326 
-22.161169141738668 
-22.16049055897468 
-22.178266607133356 
-22.178761811688208 
-22.17826904212521 
-22.181787017868523 
-22.183469613548965 
-22.191617107683072 
-22.191533896995452 
-22.211675814666627 
-22.21628111698163 
-22.217944802355184 
-22.217338140377382 
-22.210944157632994 
-22.210407667570284 
-22.208888732105994 
-22.21770004693536 
-22.22489165575264 
-22.22237366555867 
-22.23649781955952 
-22.236486488206882 
-22.238675119370136 
-22.23488527615048 
-22.233033402716096 
-22.23322280903291 
-22.238298537104114 
-22.270602198483846 
-22.277787251226204 
-22.27555077882387 
-22.271627325264504 
-22.27016000002044 
-22.276614389288852 
-22.293481260184457 
-22.29310821223365 
-22.2960984860782 
-22.296403617111753 
-22.29784514583396 
-22.295358601853202 
-22.295821528395315 
-22.298258686708458 
-22.297559794404997 
-22.30394628465085 
-22.299769644287117 
-22.297874774551016 
-22.298872563146183 
-22.301926642377865 
-22.31433820561501 
-22.328279179163605 
-22.328659131183525 
-22.328710219960122 
-22.325848514484054 
-22.325683022111072 
-22.330128176484195 
-22.330629700223867 
-22.333121584565617 
-22.333667296782366 
-22.34875939080024 
-22.348690133635635 
-22.34754321971206 
-22.338864116742897 
-22.350483333387604 
-22.349609255839347 
-22.349546021648838 
-22.349963968464223 
-22.351528287225086 
-22.351828513645277 
-22.35227782623725 
-22.352365260839225 
-22.354169243537076 

 Time 
210280.97183823586 
