Energy 
 
-5.5082757847241295 
-12.752439748951465 
-14.535914545567637 
-15.326625951135433 
-15.79503014875303 
-16.078346087388383 
-16.218053671764363 
-16.322512923586487 
-16.375452811551224 
-16.410203151665865 
-16.438217571687893 
-16.451246818644556 
-16.45814505027398 
-16.464523782647838 
-16.47084919278572 
-16.477423718321916 
-16.48430900649157 
-16.487967281001346 
-16.491840204553057 
-16.49592341338702 
-16.499675131461597 
-16.504792319789104 
-16.509532479758057 
-16.51589727040894 
-16.520842929957546 
-16.52727827014487 
-16.533680620934614 
-16.54027010542009 
-16.546090525446367 
-16.552068495701807 
-16.564148184038366 
-16.571312676623045 
-16.580809381522208 
-16.58955473894466 
-16.596470195531747 
-16.606433807123825 
-16.617401785237952 
-16.627373074447874 
-16.638065387301403 
-16.653665766357065 
-16.66211256183795 
-16.670663716177355 
-16.68052394707873 
-16.689274580652754 
-16.69833820870072 
-16.707510733274027 
-16.715998505525995 
-16.726069561610522 
-16.734161664536806 
-16.74198237773912 
-16.749813284547923 
-16.758080114936174 
-16.77593913824357 
-16.78478630301066 
-16.793204603430585 
-16.821549342008172 
-16.833803378986996 
-16.84302954948448 
-16.852248496707745 
-16.90932117423659 
-16.937584821421765 
-16.958956407361654 
-16.977957444229204 
-16.99572898428034 
-17.011613406315767 
-17.01902151411109 
-17.026628052927467 
-17.0461443225819 
-17.0580813780493 
-17.06968552381545 
-17.078099108405098 
-17.086358396394665 
-17.096606512696038 
-17.106335073462468 
-17.11802074702206 
-17.129081434522302 
-17.13999300377605 
-17.159805376846514 
-17.175636115114482 
-17.183554943271158 
-17.191372689414248 
-17.198986701632318 
-17.20678741185291 
-17.2139223465515 
-17.225322577923077 
-17.235028964568677 
-17.24464497525677 
-17.254256857336774 
-17.264427422601372 
-17.271618759765925 
-17.278881760217658 
-17.33689946628479 
-17.35312767010616 
-17.36045634240603 
-17.367927206104692 
-17.375145398262756 
-17.38017916619137 
-17.385153294781155 
-17.390131659323806 
-17.394972220049446 
-17.415755413064858 
-17.429996960550163 
-17.438071422254282 
-17.446100375237346 
-17.452030753946627 
-17.457439928839385 
-17.46284421709347 
-17.46841296105772 
-17.474028700105016 
-17.479395397578696 
-17.48463519444671 
-17.489739338727027 
-17.495198490137767 
-17.50042485148953 
-17.505347708042425 
-17.511241899047334 
-17.517060397831056 
-17.522810801789586 
-17.528368515956167 
-17.5338254379188 
-17.539178516133543 
-17.544634045108793 
-17.54965924310357 
-17.567067597338998 
-17.573946710340337 
-17.581424092252583 
-17.58725026054067 
-17.593119782412188 
-17.59708889646013 
-17.601428012730764 
-17.605786356891908 
-17.61018795228717 
-17.614589796631996 
-17.62284339683602 
-17.62895697026765 
-17.63594753445365 
-17.64620592770451 
-17.656255292562516 
-17.679972263991015 
-17.697138592794076 
-17.707684637863974 
-17.716876317118253 
-17.72731624167 
-17.735243633150212 
-17.74275759032996 
-17.74867533445742 
-17.75564503205619 
-17.762315814479297 
-17.772070661276025 
-17.79288626528713 
-17.80170230638113 
-17.80943174977968 
-17.81805401317746 
-17.822935023490718 
-17.82794330340876 
-17.83269745937485 
-17.837220689305436 
-17.841626431818167 
-17.845899733194962 
-17.85004020573538 
-17.854265897924716 
-17.858578327352948 
-17.862725822074296 
-17.866840800923523 
-17.870580719819213 
-17.874306537203452 
-17.878082166472183 
-17.881638991787348 
-17.88541514527896 
-17.889245389647222 
-17.893025212075035 
-17.896785757236888 
-17.90055066523542 
-17.90444823859252 
-17.908586523650538 
-17.91294711057694 
-17.91728133707741 
-17.921551594810722 
-17.925575139602984 
-17.92954495389975 
-17.933920782464554 
-17.938243467829405 
-17.942489261818874 
-17.946587068703746 
-17.950631596676665 
-17.9546331738724 
-17.958417942185783 
-17.962198372740684 
-17.965974310447763 
-17.96971263726345 
-17.973472575736896 
-17.97752547445696 
-17.98142848407526 
-17.984928469213934 
-17.988575425256112 
-17.992197980052914 
-17.99577779929328 
-17.999314059104922 
-18.00375262465614 
-18.006819601346763 
-18.009885183430345 
-18.01294181149177 
-18.016012655955915 
-18.01977853125457 
-18.023827817770837 
-18.02772184947107 
-18.031407042178667 
-18.034966158582122 
-18.038947779343072 
-18.04213788442903 
-18.045343306476745 
-18.04845283711119 
-18.053402208152075 
-18.059542840247744 
-18.063945063057215 
-18.067800342060508 
-18.071390485822835 
-18.074836635103814 
-18.078164959493332 
-18.081235461278506 
-18.084399539778836 
-18.087524451408566 
-18.090587306922593 
-18.093516029533628 
-18.09642697776566 
-18.099169527744042 
-18.101901319598397 
-18.104616544193412 
-18.107929318438767 
-18.11101859877806 
-18.11409203931893 
-18.11710715058613 
-18.120107591152973 
-18.123090034342486 
-18.12603426664837 
-18.12896173629313 
-18.13187802700132 
-18.134773674674815 
-18.13765372033447 
-18.14052874644204 
-18.14346830420665 
-18.14641489857197 
-18.14927886948481 
-18.15214180968899 
-18.155366435429823 
-18.158538476044477 
-18.161913212047857 
-18.16529851462044 
-18.168623622011125 
-18.17203857988218 
-18.17553395982271 
-18.178986418349183 
-18.182366914933368 
-18.185688395194507 
-18.188937824893078 
-18.19212843536139 
-18.195282480337074 
-18.198433416949307 
-18.201529777254372 
-18.204583924218966 
-18.20766492929743 
-18.21065912562438 
-18.213582703951715 
-18.216673767614655 
-18.21970522690903 
-18.222910513620256 
-18.226112407364518 
-18.23031241158288 
-18.234395077463745 
-18.2383996957283 
-18.242274522806518 
-18.24585154768419 
-18.249276970291028 
-18.25251536160888 
-18.255687517923697 
-18.25894773932175 
-18.26222350763913 
-18.265245910528424 
-18.2681785197709 
-18.270820832776103 
-18.273388797002717 
-18.275888434522372 
-18.27838295505485 
-18.280940866864498 
-18.283434692268266 
-18.285957077691926 
-18.288440118057625 
-18.290906104009895 
-18.293353702924144 
-18.29578322454708 
-18.298189981656535 
-18.30069562229607 
-18.30318911818915 
-18.305663507637355 
-18.308125751256107 
-18.310600520687245 
-18.313047846872337 
-18.31548029080645 
-18.317890217147117 
-18.320299381507606 
-18.3226219191199 
-18.324939277810916 
-18.327248683701143 
-18.329551740580918 
-18.33183297506023 
-18.33410957616038 
-18.336380507117227 
-18.33863415163163 
-18.340882898384255 
-18.343131556463057 
-18.34538307593232 
-18.347642726241602 
-18.349894004729414 
-18.35214088195682 
-18.354369676274157 
-18.356591201220585 
-18.358827505707758 
-18.36103622326152 
-18.363239738265104 
-18.365407391915085 
-18.36757210934475 
-18.369728054163815 
-18.37187987385951 
-18.37402999736124 
-18.376170199775487 
-18.37830817352284 
-18.38045537918297 
-18.382568493915322 
-18.384635558579568 
-18.386708652158564 
-18.38877876633734 
-18.390899454135916 
-18.393027015396584 
-18.39518749210362 
-18.39735569089531 
-18.39952153035041 
-18.40162969606347 
-18.403666608305215 
-18.40570148580201 
-18.40773825087983 
-18.409768251644685 
-18.411792198368502 
-18.413814023151147 
-18.415843064980542 
-18.417869218997794 
-18.41982944944459 
-18.4217879524139 
-18.423748260893856 
-18.42571784097359 
-18.42777908211974 
-18.429821190111653 
-18.431852851360805 
-18.433897082004254 
-18.435943061265988 
-18.437989819196194 
-18.440027089652954 
-18.442061722058646 
-18.44409186942339 
-18.446115453134055 
-18.44814966189935 
-18.450176957749605 
-18.452200583316156 
-18.454217333778416 
-18.456231694595928 
-18.45825574745373 
-18.46027577504601 
-18.462270494298423 
-18.464266811079682 
-18.466261433374246 
-18.46825792187162 
-18.47025600381573 
-18.472251402443657 
-18.474246525004702 
-18.476231107326512 
-18.47822697612265 
-18.48021944598019 
-18.48218926653283 
-18.484169500812882 
-18.48614758010278 
-18.488126085692294 
-18.49010054197727 
-18.492062330837992 
-18.4940064523777 
-18.49594617050576 
-18.497888141810126 
-18.499825315147675 
-18.50175954307716 
-18.503688486615175 
-18.505614490627188 
-18.507537276398345 
-18.50945733409886 
-18.5113733594892 
-18.513270865886064 
-18.51516347783187 
-18.517056246044138 
-18.51896256378822 
-18.52086453454455 
-18.522763959045747 
-18.52466148417109 
-18.52655928342443 
-18.52843468478095 
-18.530302152293668 
-18.53216264206639 
-18.533981033417607 
-18.535794133467547 
-18.537620063642155 
-18.539447117112832 
-18.541271294845565 
-18.54309355393224 
-18.54491401682348 
-18.546719101941612 
-18.54852454413154 
-18.550312456787832 
-18.552099754421963 
-18.553878856938585 
-18.55565914534398 
-18.557437777211653 
-18.559213714611573 
-18.560991093983844 
-18.562753631238323 
-18.564515203323186 
-18.566252146509612 
-18.567984411854543 
-18.569715180964856 
-18.571460189368246 
-18.573190065163175 
-18.574926489442284 
-18.5766577959526 
-18.578390164111905 
-18.580122895185646 
-18.58183893628373 
-18.583542216677415 
-18.58524115141061 
-18.586938577982504 
-18.588636485678748 
-18.59033951082066 
-18.592043193615485 
-18.59374380065472 
-18.595442702435207 
-18.597145957519125 
-18.598815076983254 
-18.6004741888535 
-18.602131749884997 
-18.603795790701025 
-18.60544956295986 
-18.607101776784734 
-18.60874160677974 
-18.610378159870898 
-18.612003266807896 
-18.613629604036394 
-18.615255311789277 
-18.616879326259745 
-18.61848672474635 
-18.62004701894236 
-18.621604429308285 
-18.623158185387773 
-18.62470565031285 
-18.626235557626767 
-18.627749577723137 
-18.629263936509677 
-18.63077009423274 
-18.63227745421328 
-18.63378418534364 
-18.635292539547812 
-18.636786800523844 
-18.638273986933264 
-18.639760520754777 
-18.641249585066596 
-18.642737197154187 
-18.644223769307576 
-18.645703307034704 
-18.6471818252889 
-18.64865884453051 
-18.650132336888902 
-18.6516244497547 
-18.653106561770375 
-18.654592283021838 
-18.656076750815075 
-18.657562920388813 
-18.659047831792435 
-18.66053022522722 
-18.662007246538053 
-18.66348316230556 
-18.664957868927623 
-18.66643156895914 
-18.667908187372394 
-18.669383648976414 
-18.670856645811966 
-18.672330703693166 
-18.673803492437585 
-18.675272188867464 
-18.67674001795663 
-18.678206625739282 
-18.679683746352183 
-18.681159209896414 
-18.682633457144455 
-18.68410138199092 
-18.685543699687997 
-18.686986897945612 
-18.688427860505872 

 Time 
46631.90648341179 
