Energy 
 
-6.631992949672864 
-6.675738699860874 
-6.719344063244182 
-6.762808871223838 
-6.806132968695021 
-6.849316213881131 
-6.892358478166161 
-6.935259645928799 
-6.978019614373761 
-7.020638293363156 
-7.063115605248505 
-7.10545148470035 
-7.147645878539482 
-7.189698745566479 
-7.231610056392524 
-7.273379793268436 
-7.315007949915289 
-7.356494531354047 
-7.397839553735664 
-7.439043044171847 
-7.480105040564724 
-7.5210255914384625 
-7.561804755770134 
-7.602442602821347 
-7.6429392119704325 
-7.683294672545515 
-7.72350908365669 
-7.763582554031013 
-7.8035152018464125 
-7.843307154567585 
-7.882958548781122 
-7.922469530033914 
-7.961840252668939 
-8.001070879665926 
-8.040161582479756 
-8.079112540881594 
-8.117923942799939 
-8.156595984164568 
-8.195128868749126 
-8.233522808016103 
-8.271778020963742 
-8.309894733972598 
-8.347873180653712 
-8.385713601699361 
-8.42341624473311 
-8.460981364161965 
-8.498409221030432 
-8.53570008287533 
-8.572854223581258 
-8.6098719232389 
-8.646753468003723 
-8.683499149956125 
-8.720109266963597 
-8.75658412254318 
-8.792924025726837 
-8.829129290926968 
-8.865200237804173 
-8.901137191136142 
-8.936940480688092 
-8.972610441084656 
-9.008147411683732 
-9.04355173645071 
-9.078823763835778 
-9.113963846651046 
-9.148972341950353 
-9.18384961091085 
-9.218596018714186 
-9.253211934432182 
-9.287697730910912 
-9.322053784658538 
-9.356280475733671 
-9.390378187635832 
-9.424347307196626 
-9.458188224473183 
-9.491901332642563 
-9.52548702789822 
-9.558945709347533 
-9.592277778910832 
-9.625483641222244 
-9.658563703531831 
-9.691518375609313 
-9.72434806964868 
-9.757053200175163 
-9.789634183953833 
-9.822091439897523 
-9.85442538897927 
-9.886636454144188 
-9.918725060222636 
-9.95069163384635 
-9.982536603364645 
-10.014260398762005 
-10.045863451578436 
-10.077346194829019 
-10.108709062927394 
-10.139952491607943 
-10.171076917851575 
-10.202082779811159 
-10.23297051673959 
-10.26374056891837 
-10.294393377587129 
-10.324929384876103 
-10.355349033738193 
-10.38565276788186 
-10.415841031708277 
-10.445914270245853 
-10.475872929089146 
-10.505717454336567 
-10.535448292531118 
-10.565065890601467 
-10.594570695803837 
-10.623963155665997 
-10.653243717931511 
-10.682412830505813 
-10.711470941402665 
-10.740418498692753 
-10.769255950452283 
-10.797983744712528 
-10.826602329413033 
-10.855112152351309 
-10.883513661137883 
-10.911807303149885 
-10.93999352548664 
-10.968072774925455 
-10.996045497879592 
-11.023912140356137 
-11.051673147915057 
-11.079328965629614 
-11.106880038047422 
-11.13432680915195 
-11.161669722326177 
-11.188909220315706 
-11.216045745193815 
-11.243079738326484 
-11.270011640339455 
-11.296841891084952 
-11.323570929609403 
-11.350199194122997 
-11.376727121968873 
-11.403155149593381 
-11.429483712517527 
-11.455713245309337 
-11.481844181555545 
-11.507876953835574 
-11.533811993696371 
-11.559649731625708 
-11.585390597029228 
-11.611035018206193 
-11.636583422325764 
-11.662036235406188 
-11.687393882291598 
-11.712656786631175 
-11.737825370859657 
-11.762900056176496 
-11.787881262527101 
-11.812769408584074 
-11.837564911729494 
-11.862268188036978 
-11.88687965225544 
-11.911399717792 
-11.93582879669734 
-11.960167299649314 
-11.98441563593929 
-12.008574213456923 
-12.032643438677594 
-12.056623716648772 
-12.080515450977222 
-12.104319043816936 
-12.128034895857752 
-12.15166340631401 
-12.175204972913084 
-12.19865999188583 
-12.22202885795689 
-12.245311964334746 
-12.268509702702167 
-12.291622463209166 
-12.314650634463053 
-12.337594603522104 
-12.360454755886629 
-12.383231475493346 
-12.405925144707973 
-12.42853614431882 
-12.451064853531154 
-12.47351164996152 
-12.495876909632567 
-12.518161006967876 
-12.54036431478757 
-12.562487204303846 
-12.584530045117226 
-12.60649320521324 
-12.62837705095794 
-12.650181947096193 
-12.671908256747903 
-12.693556341406278 
-12.715126560935204 
-12.736619273566989 
-12.75803483590174 
-12.779373602904656 
-12.800635927905969 
-12.821822162599405 
-12.842932657041562 
-12.863967759651658 
-12.884927817211167 
-12.905813174863804 
-12.926624176116047 
-12.947361162837232 
-12.968024475260117 
-12.988614451982077 
-13.009131429966159 
-13.029575744541688 
-13.049947729406693 
-13.070247716628673 
-13.090476036646827 
-13.11063301827392 
-13.130718988697993 
-13.150734273485533 
-13.170679196583002 
-13.190554080320265 
-13.210359245412626 
-13.230095010964547 
-13.249761694471637 
-13.269359611824925 
-13.288889077313442 
-13.30835040362813 
-13.327743901865396 
-13.347069881530006 
-13.366328650540495 
-13.385520515232097 
-13.404645780360287 
-13.42370474910667 
-13.44269772308117 
-13.461625002328711 
-13.480486885331224 
-13.499283669014883 
-13.518015648752144 
-13.536683118368813 
-13.555286370147735 
-13.57382569483326 
-13.592301381638034 
-13.61071371824632 
-13.629062990820337 
-13.64734948400493 
-13.66557348093328 
-13.683735263232142 
-13.70183511102702 
-13.719873302948727 
-13.737850116137933 
-13.755765826251162 
-13.773620707466776 
-13.791415032490546 
-13.809149072561581 
-13.826823097458007 
-13.844437375503258 
-13.861992173571707 
-13.879487757094875 
-13.896924390067698 
-13.914302335054439 
-13.93162185319432 
-13.94888320420895 
-13.966086646407462 
-13.983232436693154 
-14.000320830569862 
-14.017352082148271 
-14.034326444152015 
-14.051244167924445 
-14.068105503434607 
-14.084910699283963 
-14.101660002712887 
-14.11835365960698 
-14.134991914503424 
-14.151575010597803 
-14.168103189750461 
-14.184576692492953 
-14.200995758034914 
-14.217360624270254 
-14.23367152778385 
-14.249928703858515 
-14.266132386480576 
-14.282282808347711 
-14.298380200874842 
-14.314424794200871 
-14.330416817195372 
-14.346356497465115 
-14.362244061360439 
-14.378079733982629 
-14.393863739190024 
-14.409596299604438 
-14.425277636617967 
-14.440907970400104 
-14.456487519903629 
-14.472016502871462 
-14.487495135843158 
-14.502923634162165 
-14.518302211981357 
-14.533631082270688 
-14.548910456822561 
-14.56414054625948 
-14.57932156004034 
-14.594453706466489 
-14.609537192688665 
-14.624572224713404 
-14.639559007409499 
-14.65449774451492 
-14.66938863864264 
-14.684231891287226 
-14.699027702831888 
-14.713776272554062 
-14.72847779863263 
-14.743132478153441 
-14.757740507116793 
-14.772302080442497 
-14.78681739197731 
-14.801286634501068 
-14.815709999732114 
-14.830087678335019 
-14.844419859925267 
-14.858706733077202 
-14.872948485328788 
-14.887145303188255 
-14.901297372140975 
-14.91540487665473 
-14.929468000186354 
-14.943486925187468 
-14.957461833110957 
-14.971392904416703 
-14.98528031857812 
-14.999124254087409 
-15.012924888462226 
-15.026682398251818 
-15.040396959042077 
-15.054068745461878 
-15.06769793118967 
-15.081284688958172 
-15.09482919056116 
-15.108331606858686 
-15.121792107783339 
-15.13521086234576 
-15.148588038640401 
-15.16192380385095 
-15.175218324256885 
-15.188471765238354 
-15.201684291282003 
-15.21485606598635 
-15.2279872520683 
-15.241078011367478 
-15.254128504852915 
-15.267138892627212 
-15.280109333933094 
-15.29303998715912 
-15.305931009843338 
-15.318782558680901 
-15.331594789527717 
-15.344367857406839 
-15.357101916513205 
-15.369797120218951 
-15.38245362107865 
-15.395071570835313 
-15.407651120424452 
-15.42019241997972 
-15.43269561883821 
-15.445160865545468 
-15.457588307860012 
-15.469978092759796 
-15.482330366445474 
-15.49464527434673 
-15.50692296112651 
-15.519163570686054 
-15.531367246170582 
-15.543534129972912 
-15.555664363739414 
-15.567758088373765 
-15.579815444043081 
-15.591836570181442 
-15.60382160549516 
-15.615770687967895 
-15.627683954864102 
-15.63956154273559 
-15.651403587423857 
-15.66321022406716 
-15.674981587102485 
-15.686717810272345 
-15.698419026628155 
-15.710085368534596 
-15.721716967674912 
-15.733313955054044 
-15.744876461004853 
-15.756404615190759 
-15.767898546610997 
-15.779358383604595 
-15.790784253854989 
-15.802176284393994 
-15.813534601606186 
-15.824859331233204 
-15.836150598377621 
-15.84740852750705 
-15.858633242459323 
-15.869824866444816 
-15.880983522052343 
-15.89210933125187 
-15.903202415399265 
-15.914262895239784 
-15.925290890912269 
-15.936286521953987 
-15.947249907302659 
-15.958181165301989 
-15.969080413704393 
-15.979947769676357 
-15.990783349800513 
-16.001587270080428 
-16.01235964594424 
-16.023100592247935 
-16.03381022328007 
-16.044488652764304 
-16.055135993863484 
-16.065752359184103 
-16.076337860778544 
-16.086892610149544 
-16.09741671825328 
-16.107910295503974 
-16.118373451775465 
-16.1288062964066 
-16.139208938203783 
-16.149581485444713 
-16.159924045881382 
-16.17023672674365 
-16.180519634743586 
-16.190772876076583 
-16.200996556427533 
-16.211190780971503 
-16.221355654378968 
-16.231491280817902 
-16.241597763957284 
-16.251675206970774 
-16.261723712538842 
-16.271743382853643 
-16.281734319620824 
-16.29169662406213 
-16.30163039692034 
-16.311535738461025 
-16.321412748476124 
-16.331261526286227 
-16.34108217074453 
-16.350874780239927 
-16.36063945269857 
-16.37037628558835 
-16.380085375920828 
-16.3897668202548 
-16.399420714699502 
-16.40904715491515 
-16.418646236119706 
-16.42821805308779 
-16.437762700156178 
-16.447280271225324 
-16.456770859762145 
-16.466234558803613 
-16.475671460958758 
-16.48508165841084 
-16.49446524292158 
-16.503822305832628 
-16.51315293806866 
-16.52245723013945 
-16.53173527214347 
-16.540987153769652 
-16.550212964300293 
-16.55941279261332 
-16.568586727185277 
-16.57773485609344 
-16.586857267018516 
-16.595954047247613 
-16.60502528367485 
-16.614071062806655 
-16.623091470761228 
-16.63208659327346 
-16.64105651569595 
-16.65000132300081 
-16.658921099784173 
-16.66781593026618 
-16.676685898294796 
-16.685531087347417 
-16.694351580533436 
-16.703147460596682 
-16.711918809917048 
-16.720665710513558 
-16.729388244045097 
-16.73808649181516 
-16.746760534771738 
-16.755410453509842 
-16.76403632827489 
-16.772638238963836 
-16.781216265126872 
-16.789770485971204 
-16.798300980360832 
-16.80680782682117 
-16.81529110353901 
-16.82375088836565 
-16.832187258818106 
-16.840600292082584 
-16.84899006501494 
-16.857356654143366 
-16.86570013567027 
-16.87402058547453 

 Time 
54348.283443689346 
