Energy 
 
-2.0597577698762626 
-6.918299393393804 
-8.320525120509625 
-8.57244236416982 
-8.719852443119354 
-8.752507926852587 
-8.777123593413705 
-8.794807040678776 
-8.80131232456189 
-8.804464229764095 
-8.808041074850514 
-8.811728241515073 
-8.815771661220356 
-8.819763445011187 
-8.824611175765334 
-8.82973706788201 
-8.838378953473157 
-8.843785270341659 
-8.850949363106874 
-8.85779074483101 
-8.863396646088614 
-8.868845143855035 
-8.874252063673676 
-8.884950142994747 
-8.89346014888244 
-8.900878449904713 
-8.908304319032535 
-8.916495758600828 
-8.924143977465398 
-8.932330958276108 
-8.940050187208378 
-8.948225092117209 
-8.959247454019575 
-8.971016706603635 
-8.99154118648249 
-9.008954568943732 
-9.027455357698408 
-9.106791514498251 
-9.16381447931369 
-9.194325806638894 
-9.324495048046419 
-9.364615615337307 
-9.383789072062527 
-9.399167458213956 
-9.41510175470919 
-9.432872666481746 
-9.495024955624428 
-9.600761974981058 
-9.655564494309278 
-9.690515365736669 
-9.711256802562616 
-9.726812764146322 
-9.749681474518301 
-9.765576503324617 
-9.78247780779457 
-9.805125997303483 
-9.837771045020041 
-9.85415060082751 
-9.869943470530924 
-9.885955112243225 
-9.895387234253757 
-9.914219451198223 
-9.92241426219255 
-9.945182697684315 
-9.966080174038334 
-9.975994646750447 
-9.985216561510487 
-9.991618468665541 
-10.003341343509788 
-10.012902659658055 
-10.021433873636052 
-10.029209978911275 
-10.036162522187258 
-10.041939109165488 
-10.047621811492062 
-10.052412080046636 
-10.057110416686182 
-10.061870624589734 
-10.066745456943917 
-10.071628779530279 
-10.077266991018092 
-10.086643420721995 
-10.130577580116727 
-10.14719812893058 
-10.153107611319712 
-10.158393730095042 
-10.163283412872003 
-10.167940681699662 
-10.172311003814563 
-10.17662081687256 
-10.180867748982026 
-10.184858843494359 
-10.188830203228612 
-10.19294706428407 
-10.197087608728532 
-10.200969939917048 
-10.204920250630277 
-10.208821988667163 
-10.212718306730771 
-10.216706029254258 
-10.22068767748897 
-10.22466705909088 
-10.228625789868445 
-10.232581519533472 
-10.236708568051187 
-10.24081060393486 
-10.244895347539998 
-10.24896394434832 
-10.253207664472185 
-10.257069478347354 
-10.261020873051804 
-10.264965758461049 
-10.268721492465417 
-10.272436260238237 
-10.276029806624027 
-10.279585944221159 
-10.283451474953214 
-10.287375903358967 
-10.291429147082212 
-10.295479143910839 
-10.300097188943099 
-10.304759701597593 
-10.31049286060845 
-10.316117201831837 
-10.321279091589517 
-10.326349234611047 
-10.331385086142047 
-10.335478283164257 
-10.33957778100222 
-10.343644257667785 
-10.34769161216151 
-10.351170794782135 
-10.354644774946415 
-10.358109205694735 
-10.361601261331614 
-10.365093987427217 
-10.368858023427158 
-10.37265122404401 
-10.376444389686709 
-10.3802464897425 
-10.384049160074664 
-10.388015205986777 
-10.392058922447644 
-10.395586899479113 
-10.399141763076381 
-10.402615161151214 
-10.406117856390448 
-10.40955327718109 
-10.412915283523708 
-10.41636160198173 
-10.419803140554098 
-10.423212359690751 
-10.426604148366575 
-10.430084249190307 
-10.433539394197618 
-10.436995135250651 
-10.44043833168209 
-10.444082357829977 
-10.447774575818036 
-10.45148571622301 
-10.45512101623898 
-10.458730629144975 
-10.462327852862039 
-10.465786260541613 
-10.469228222269209 
-10.4727101907249 
-10.476172199356832 
-10.479362752341354 
-10.482540133466966 
-10.485706462278657 
-10.488860076161508 
-10.491989225757425 
-10.495108867321164 
-10.498265448831242 
-10.501411603236757 
-10.504538594321948 
-10.507726859941059 
-10.510877876221507 
-10.513972496114931 
-10.517145913622702 
-10.5206985155444 
-10.52417245409726 
-10.527630207389254 
-10.531053336052695 
-10.534451564223096 
-10.537779493425365 
-10.541070843227473 
-10.544421975748433 
-10.547762447865908 
-10.55098766169477 
-10.553995399165748 
-10.55688547326401 
-10.55977355931205 
-10.56257616515981 
-10.565366229612033 
-10.568145443954092 
-10.57091623365549 
-10.573722206968744 
-10.576212546664008 
-10.578692173203484 
-10.581175543024013 
-10.583652941152407 
-10.58609069446977 
-10.588528413550666 
-10.590955892221922 
-10.593386407687193 
-10.595812291102494 
-10.598201920458806 
-10.600639977282341 
-10.603070805269562 
-10.605498721365066 
-10.607914217109549 
-10.610329171957794 
-10.612738570409755 
-10.615195107185544 
-10.617636073924258 
-10.620071812756658 
-10.62249968991603 
-10.624919187828532 
-10.627331983897253 
-10.629758978904913 
-10.632134908437152 
-10.634489614982748 
-10.636838678885118 
-10.639198371408852 
-10.641523792473654 
-10.643843400116447 
-10.646091810856726 
-10.648322265499068 
-10.650439680687327 
-10.652558157190562 
-10.654674096364083 
-10.65670117159276 
-10.658668200776994 
-10.660572741908904 
-10.662476032876166 
-10.664362052119126 
-10.666214694124013 
-10.668017277067957 
-10.669687967418827 
-10.671361746324532 
-10.673035918215264 
-10.674729377647791 
-10.676420905673382 
-10.678107138856191 
-10.679801269255652 
-10.681492820563303 
-10.683158403117876 
-10.684832306247579 
-10.686499981967469 
-10.688102388790218 
-10.6896940884395 
-10.69128511173022 
-10.692890804356589 
-10.694496844560687 
-10.696102341987858 
-10.697708478404188 
-10.699290296849055 
-10.700842975115679 
-10.702391329291101 
-10.703938403802617 
-10.705484821576082 
-10.70702755485349 
-10.708570017086284 
-10.710101733256867 
-10.711666465617007 
-10.713233360038842 
-10.714799064415972 
-10.716360689023325 
-10.717917228631055 
-10.719466464997286 
-10.721015526414192 
-10.722567230634057 
-10.724118116411372 
-10.725664838908177 
-10.727188333670679 
-10.728711278509705 
-10.730123479098781 
-10.731534353138638 
-10.732948779466536 
-10.734362226613177 
-10.735774792450009 
-10.737164420705415 
-10.73854539091 
-10.73991892648753 
-10.7412849160192 
-10.742623028398771 
-10.743947583028511 
-10.7452662445922 
-10.746584816415929 
-10.747899158244376 
-10.749212363189145 
-10.750520719958853 
-10.751826115446462 
-10.753163333127524 
-10.754502152842 
-10.755840255249863 
-10.757177756125198 
-10.758506464487219 
-10.759838835605617 
-10.761172757412233 
-10.762510081609781 
-10.76384894062354 
-10.765184897585016 
-10.76652035336925 
-10.767855119148233 
-10.76918260929492 
-10.77051897549475 
-10.771854483174671 
-10.7731894745635 
-10.774521185260042 
-10.775852382919327 
-10.777186048083506 
-10.77851642785056 
-10.779845258899194 
-10.781173224788649 
-10.78249776839707 
-10.783824735173477 
-10.785156955019245 
-10.786499110961635 
-10.787840358668284 
-10.78917880837421 
-10.79051623348225 
-10.791849544767135 
-10.793185557175022 
-10.794520431777103 
-10.795853967397901 
-10.797186060157404 
-10.798516690638115 
-10.799817523565471 
-10.801126232113365 
-10.802433863269956 
-10.803737367252316 
-10.805052263995805 
-10.806334809540886 
-10.807615923343915 
-10.808894623155549 
-10.810174689757048 
-10.811456520747415 
-10.812738792530403 
-10.814019975184706 
-10.81529829497761 
-10.816581803870106 
-10.817836492821565 
-10.819059279498882 
-10.820271752887296 
-10.821482853962868 
-10.822692993394313 
-10.823903018090334 
-10.825112051233827 
-10.826324280946364 
-10.82753569557175 
-10.828742546477686 
-10.829945386230929 
-10.831146537234499 
-10.832345292107602 
-10.83354768543646 
-10.834747360610018 
-10.835946128741206 
-10.837137617740566 
-10.838333805952825 
-10.839541868814429 
-10.840749658428857 
-10.841959057353948 
-10.843166260022521 
-10.844372357017146 
-10.845579229003322 
-10.846776798721573 
-10.847975896085368 
-10.849170637806777 
-10.85036146136101 
-10.85153877856707 
-10.852713624076143 
-10.853884204944128 
-10.855054057812254 
-10.856215953817165 
-10.857376073049583 
-10.85853157262736 
-10.859682613846465 
-10.860832755311131 
-10.861981360603693 
-10.863112856898942 
-10.864246753655213 
-10.865379628307087 
-10.866511788846251 
-10.86764169824863 
-10.868770534070068 
-10.869898741795875 
-10.871026097896273 
-10.872142748286898 
-10.873258128321073 
-10.87437290199472 
-10.875481941630133 
-10.876598255920996 
-10.877714513190561 
-10.878831529013791 
-10.879948039692856 
-10.881047046177653 
-10.882130138606703 
-10.883189646716621 
-10.884251164925907 
-10.885315447183368 
-10.886377519326286 
-10.887431753801987 
-10.888485303698392 
-10.889522921643302 
-10.890559635075558 
-10.891593805187243 
-10.892630315821593 
-10.893663305296606 
-10.894698977764223 
-10.895733499668896 
-10.896763875644044 
-10.897782347769798 
-10.898799993080866 
-10.899814478990864 
-10.90082766614577 
-10.901840258422878 
-10.902849427093171 
-10.903864821377697 
-10.904876864654087 
-10.905887942593077 
-10.906897978430134 
-10.9079251107105 
-10.908951683719353 
-10.909976308856036 
-10.910999955418355 
-10.912023173604574 
-10.913044458192111 
-10.914067581643181 
-10.915089932748735 
-10.916107025785323 
-10.917118988930117 
-10.91812855236236 
-10.91914068234003 
-10.920151370620395 
-10.921161043576026 
-10.922169947154783 
-10.923177701585514 
-10.924185078587756 
-10.925196302565263 
-10.926206891609747 
-10.927216369712443 
-10.928224792663974 
-10.929231926436604 
-10.93023830385944 
-10.93124362984644 
-10.932247991624308 
-10.933251427744707 
-10.934248481818774 
-10.935243662951772 
-10.936237941924384 
-10.937229794561393 
-10.93821692164817 
-10.939203078202075 
-10.940188340699814 
-10.941169249235942 
-10.94214922286988 
-10.9431270855824 
-10.944102640666792 
-10.945076675475448 
-10.946046405065903 
-10.94700549806192 
-10.947961876899537 
-10.948918831761278 
-10.9498749128482 
-10.95084216594632 
-10.951808096441688 
-10.952773827545403 
-10.953738846008935 
-10.954703982800197 
-10.955667920495664 
-10.956630868745274 
-10.957592747905382 
-10.958553625718231 
-10.95951291901323 
-10.9604712318213 
-10.961428781490804 
-10.96238437211661 
-10.963343521909016 
-10.96429790907539 
-10.965252428217592 
-10.966210002320542 
-10.967166787505533 
-10.968122480044322 
-10.96907652091841 
-10.970028745485498 
-10.970979818672031 
-10.971927753368938 
-10.972874985881223 
-10.973821096501151 
-10.974766196770945 
-10.97571704717792 
-10.976666890336128 
-10.977615743549702 
-10.978571081087804 
-10.979525080891463 
-10.980478181573053 
-10.981430791967837 
-10.982385234581304 

 Time 
16033.593225240707 
