Energy 
 
-3.7139007149001446 
-9.7141398694785 
-11.542408627842427 
-12.081583085551959 
-12.424329838245708 
-12.599790094013702 
-12.69743890139315 
-12.775633121302354 
-12.820973534692381 
-12.862787653109772 
-12.891092196084747 
-12.914692546543485 
-12.936749562528709 
-12.957040699909317 
-12.970273670178976 
-12.977412561297445 
-12.984097164319824 
-12.991268868237231 
-12.99834064423055 
-13.005736201133235 
-13.01354297940063 
-13.021678920531919 
-13.028667355922003 
-13.03499932121105 
-13.041487372753183 
-13.04711518863558 
-13.053067407144196 
-13.059182890002933 
-13.065617007445189 
-13.071804148172802 
-13.079685639748535 
-13.090792557165567 
-13.09917797386863 
-13.108138254966239 
-13.121082759424006 
-13.128791585522713 
-13.136628764759163 
-13.151641722479223 
-13.159931473821583 
-13.166794446863769 
-13.179261899666596 
-13.193539399512932 
-13.205835827172072 
-13.212813499338965 
-13.222665756306833 
-13.230188642356731 
-13.243074782508756 
-13.25583943815987 
-13.274200899843535 
-13.289040140786824 
-13.303672040634128 
-13.315173420367316 
-13.327020812225378 
-13.338423544724664 
-13.352290548701435 
-13.359596676533549 
-13.366711492729218 
-13.374156242558032 
-13.382322389819393 
-13.39065856237281 
-13.398164163653192 
-13.406064791482217 
-13.416970239331512 
-13.481017079127568 
-13.508180134186123 
-13.513196275349966 
-13.521465097365656 
-13.533657122733104 
-13.539215819005648 
-13.546404771690817 
-13.554115286530026 
-13.562712193722618 
-13.570713559652628 
-13.578476296736351 
-13.586708452362295 
-13.594570196724808 
-13.601317908011477 
-13.607230161883242 
-13.613101912877337 
-13.618688686066758 
-13.624417302563867 
-13.629970485205863 
-13.636688136641634 
-13.643443634903274 
-13.649837523698116 
-13.655707713897648 
-13.661741339964426 
-13.667702863715203 
-13.673638468467159 
-13.67947964056081 
-13.685287478153366 
-13.69106968479121 
-13.696274059770385 
-13.701400575066923 
-13.708073736840259 
-13.714828030251056 
-13.721283766688426 
-13.727633585920053 
-13.733459166499822 
-13.739731801153525 
-13.745876883739445 
-13.75183480345388 
-13.758670062054279 
-13.766078688486944 
-13.77257777332126 
-13.77900045144103 
-13.787791457658267 
-13.800308771131089 
-13.812145401073131 
-13.823521633775478 
-13.83463995696371 
-13.84572001491469 
-13.856217033527662 
-13.866379018570276 
-13.876148700692543 
-13.884521534132304 
-13.893461942211935 
-13.902082266514523 
-13.910161416580772 
-13.91802655395325 
-13.925728742390753 
-13.931480118633264 
-13.937276495900843 
-13.942952670092541 
-13.94858953385155 
-13.954941393278924 
-13.962859212593212 
-13.970422184257519 
-13.9775884006328 
-13.984929260263902 
-13.992010645409572 
-13.998662760639064 
-14.005464554458174 
-14.012018713913285 
-14.0184075279341 
-14.023898748010312 
-14.03089954739133 
-14.03734589539791 
-14.043019397694604 
-14.05154972812186 
-14.061483005924744 
-14.07249667052701 
-14.081483112020875 
-14.090006812860624 
-14.098385582234545 
-14.105837983720324 
-14.114353047879904 
-14.121966636940218 
-14.130928460399552 
-14.13813622750915 
-14.145580824763906 
-14.155304079776702 
-14.16873916550514 
-14.178532077859494 
-14.18999917158108 
-14.195436137967006 
-14.200675504404401 
-14.205749220213928 
-14.21189984695614 
-14.218088353600477 
-14.225651038969922 
-14.2322274280735 
-14.237224321656452 
-14.242278394268702 
-14.247096210733016 
-14.251653876616361 
-14.256132694252859 
-14.26042570325524 
-14.264813718913704 
-14.269132041775482 
-14.27379289102645 
-14.278444118893184 
-14.282926101088883 
-14.28735131799074 
-14.291652698496698 
-14.295606704561298 
-14.299710784243036 
-14.30381696749648 
-14.307543372203817 
-14.311248136037925 
-14.31493396534556 
-14.318654559741748 
-14.322193042290692 
-14.325558279091965 
-14.328730462828911 
-14.331894610519427 
-14.335047810088899 
-14.338183539801115 
-14.341292485170527 
-14.344203986814946 
-14.347110922400038 
-14.350000297127057 
-14.352878711971522 
-14.355762743227563 
-14.358629339955323 
-14.361658082097868 
-14.364554155534389 
-14.367416209268562 
-14.3702463844747 
-14.373064349599069 
-14.376027298603912 
-14.378961380715722 
-14.38190367509863 
-14.384838854220831 
-14.387819082204574 
-14.390765989342585 
-14.393672307304378 
-14.396566164161731 
-14.399465406698896 
-14.40234725925869 
-14.404923843738924 
-14.407486723161702 
-14.410083295065817 
-14.412672769293602 
-14.415262194577812 
-14.417874545317666 
-14.420478235124069 
-14.423073089403854 
-14.425626808910046 
-14.428175171927851 
-14.430719141214208 
-14.433251671706234 
-14.435768435346997 
-14.438254166182563 
-14.440795085376955 
-14.44333456446963 
-14.445905536240303 
-14.44849320818691 
-14.451065277646613 
-14.45363583262349 
-14.45620420910066 
-14.458668562148052 
-14.46111814175313 
-14.463520632607423 
-14.465915002350595 
-14.468307422023395 
-14.470692500320338 
-14.473088316520409 
-14.475467430455168 
-14.477876439237244 
-14.480296063992958 
-14.482711893464808 
-14.48512038693343 
-14.487551498639519 
-14.489962242546781 
-14.492361903603971 
-14.494826086142243 
-14.497283653026656 
-14.499715150739144 
-14.502095735092727 
-14.504470085592747 
-14.506574778155288 
-14.508778435344718 
-14.510944907631643 
-14.513120490965818 
-14.515296378969387 
-14.517478106107149 
-14.51966441349956 
-14.521717066021184 
-14.52375490006116 
-14.525787228626253 
-14.527825560741963 
-14.529868064224463 
-14.531782422135247 
-14.533695121522019 
-14.535563429867357 
-14.53742318716145 
-14.539286506597511 
-14.541149071359998 
-14.543010312763183 
-14.544857421960561 
-14.54670215025025 
-14.548545879107412 
-14.550388640804695 
-14.55222940235971 
-14.554062722059918 
-14.555888679017176 
-14.557712484183188 
-14.559540740355018 
-14.561368460528012 
-14.563183363315765 
-14.565000462598235 
-14.566797140641134 
-14.568592552789276 
-14.570423389464128 
-14.5722363062917 
-14.574053762877895 
-14.575861204286362 
-14.577664495817022 
-14.579465811639142 
-14.581263469530217 
-14.583064063220519 
-14.584863249206553 
-14.58666757686328 
-14.588470797160415 
-14.59027287623547 
-14.592096366381666 
-14.593915631857385 
-14.595722005097954 
-14.597526086634755 
-14.599328081349245 
-14.601111682525943 
-14.60284737316217 
-14.604579697349672 
-14.606308165120508 
-14.608029796986052 
-14.609723472338978 
-14.611413443943547 
-14.613107323056273 
-14.614793814827797 
-14.616472885625097 
-14.618149137846725 
-14.619823049895437 
-14.621498821954173 
-14.623129112192228 
-14.624766236734246 
-14.626395988956215 
-14.628026702532257 
-14.62965658768351 
-14.631285675992759 
-14.632913965118124 
-14.634541679066457 
-14.636172662145583 
-14.637810536968733 
-14.639439165953096 
-14.641059055826442 
-14.642673795972357 
-14.644276793246956 
-14.645904679956974 
-14.647522859208834 
-14.649136964862912 
-14.650751173815468 
-14.652358982445234 
-14.653973431981434 
-14.655574516098252 
-14.657171849187511 
-14.658767679875226 
-14.660342345843429 
-14.661918112608017 
-14.663494118264794 
-14.665070732187173 
-14.666632955035283 
-14.668196943462862 
-14.669761549217851 
-14.671324843077791 
-14.67288185146828 
-14.674406300236367 
-14.67593562094294 
-14.677465660754876 
-14.678995179482989 
-14.68052378701324 
-14.682056924251151 
-14.683593090872183 
-14.68514109937383 
-14.6866881519558 
-14.688233001639698 
-14.68977298343499 
-14.691311693186547 
-14.69284943124153 
-14.694395291880927 
-14.695940926127939 
-14.69748801286977 
-14.699034698527086 
-14.700571663611154 
-14.70210661578718 
-14.703639346629288 
-14.705202553709022 
-14.706766605514456 
-14.708328327706337 
-14.709886595457363 
-14.711439807706611 
-14.712988629631026 
-14.714564070955646 
-14.71613428389215 
-14.71770298562042 
-14.719270075874784 
-14.720824403903102 
-14.722355647894297 
-14.723883061368936 
-14.725409306456848 
-14.726929204258388 
-14.728447299084575 
-14.729964435876017 
-14.731480319172274 
-14.732994169117243 
-14.734507200000309 
-14.736027098326772 
-14.73754079186336 
-14.739051350403901 
-14.74054687291591 
-14.742041819437269 
-14.743535123480772 
-14.745005397621469 
-14.746474538961925 
-14.747942335006808 
-14.74934173928273 
-14.750741895245746 
-14.752142046305183 
-14.753553831082467 
-14.7549591754283 
-14.756354333633778 
-14.75772851217846 
-14.759104027508126 
-14.760478000959711 
-14.761850528773454 
-14.763219202181283 
-14.764586014480868 
-14.765944391840945 
-14.767306407864403 
-14.768667258370254 
-14.77003177369344 
-14.77139630364346 
-14.772763783564105 
-14.774130748104007 
-14.775486791108854 
-14.776842002162056 
-14.778196902809444 
-14.779555334394624 
-14.780915417297834 
-14.782273060155974 
-14.783627593541532 
-14.784981663916447 
-14.786334731548017 
-14.787687721866853 
-14.789039033617698 
-14.790389219128532 
-14.791735829927141 
-14.79308054153622 
-14.794419838301017 
-14.795755607885354 
-14.79709056306175 
-14.79842386973918 
-14.79977074751642 
-14.801115456046752 
-14.802460455608966 
-14.803799221130763 
-14.805141425541805 
-14.806482979369257 
-14.807822991832536 
-14.809189004484551 
-14.810554800320645 
-14.81191890571943 
-14.813278821863728 
-14.814626490472037 
-14.815972865268593 
-14.817318796374844 
-14.818662403024705 
-14.82000836178388 
-14.821360444261444 
-14.822709950526892 
-14.824049789934758 
-14.82538804143804 
-14.826724350242113 
-14.828056533658074 
-14.829388044112488 
-14.830719071111911 
-14.832046544619367 
-14.833374165796043 
-14.834699608421166 
-14.836023422938052 
-14.837345327881735 
-14.838667150123824 
-14.839986331349538 
-14.841303637157708 
-14.842620312526421 
-14.843825308905618 
-14.845034206742554 
-14.846238766673814 
-14.847440791762306 
-14.848658805324757 
-14.84986927443278 
-14.851078415462569 
-14.85228512274789 
-14.85349883678432 
-14.85471082289384 
-14.855919921304768 
-14.857127274844501 
-14.858331376848062 
-14.85953348735361 
-14.860733309248976 
-14.861927852161763 
-14.863118989728811 
-14.86430879688843 
-14.865497464574652 
-14.86668557603391 
-14.867868531106817 
-14.869042452005985 
-14.870213825896423 
-14.87138387098786 
-14.872553096337395 
-14.873718771408743 
-14.874862128125645 
-14.876004448867798 
-14.87714082223943 
-14.878276347335472 
-14.879411924165385 
-14.880546480081055 
-14.881684270770208 
-14.882820869424673 
-14.88395186370487 

 Time 
3472.555603981018 
