Parameters 
 
[-0.5 -0.5 -0.5 -0.5 -0.5 -0.5 -0.5 -0.5 -0.5 -0.5 -0.5 -0.5 -0.5 -0.5
 -0.5 -0.5] 
[-0.65087217 -0.33217612 -0.49311304 -0.50477624 -0.36736488 -0.35304102
 -0.52335123 -0.63545949 -0.80934119 -0.73936902 -0.56065261 -0.7156017
 -0.66183169 -0.51530146 -0.44514068 -0.13481682] 
[-0.6948242  -0.24865691 -0.58578478 -0.47111922 -0.37092804 -0.26645914
 -0.56721868 -0.68828237 -0.95043544 -0.82393247 -0.61011134 -0.7503048
 -0.7371577  -0.54708467 -0.34815081 -0.02648904] 
[-0.70626793 -0.1954328  -0.63460717 -0.47729326 -0.36513554 -0.23876356
 -0.60553507 -0.69312645 -1.00620141 -0.85167737 -0.65908981 -0.78437514
 -0.76187834 -0.54245442 -0.28336134  0.01451902] 
[-0.70440082 -0.17833068 -0.65629532 -0.47033963 -0.37237615 -0.22446245
 -0.63212551 -0.68841194 -1.05339534 -0.89494371 -0.70237021 -0.79516154
 -0.77141169 -0.55378762 -0.24187498  0.03954508] 
[-0.69474192 -0.15869044 -0.67206542 -0.46096693 -0.37333371 -0.21274721
 -0.64642955 -0.68507028 -1.09541777 -0.93010753 -0.72874814 -0.80340661
 -0.78678939 -0.56104793 -0.2093434   0.05689878] 
[-0.69690366 -0.15792207 -0.68918843 -0.44323813 -0.37350395 -0.21254875
 -0.64253245 -0.68013073 -1.0939159  -0.94768324 -0.73222263 -0.81959775
 -0.79060191 -0.56128595 -0.2077796   0.06278142] 
[-0.69441744 -0.16191922 -0.69790143 -0.43681675 -0.36393558 -0.21740646
 -0.63954423 -0.6754114  -1.09108322 -0.95437024 -0.73675261 -0.8272521
 -0.79317035 -0.56393206 -0.20003093  0.06497538] 
[-0.69165611 -0.16561789 -0.70581029 -0.43137917 -0.35575573 -0.22190133
 -0.63676367 -0.67143092 -1.08890442 -0.96032707 -0.74110621 -0.83354334
 -0.79498891 -0.56483613 -0.19305582  0.06805466] 
[-0.68938713 -0.16913653 -0.71003626 -0.4319152  -0.35279385 -0.22298458
 -0.6315501  -0.66722778 -1.08687906 -0.96577805 -0.74257825 -0.83681385
 -0.79768918 -0.56455061 -0.18611782  0.0699755 ] 
[-0.68707741 -0.17065632 -0.71245648 -0.43074583 -0.35053116 -0.22298453
 -0.63072925 -0.66643952 -1.08710132 -0.96831573 -0.74427043 -0.83963841
 -0.79780667 -0.56337604 -0.18332654  0.07066849] 
[-0.68629526 -0.17141162 -0.71378352 -0.42967252 -0.34802374 -0.22307971
 -0.62897751 -0.66631474 -1.08798955 -0.97054691 -0.74543117 -0.84191803
 -0.79824937 -0.56437099 -0.18120184  0.07169208] 
[-0.68551958 -0.17260438 -0.7145371  -0.42883786 -0.34558614 -0.22269508
 -0.62785778 -0.66610315 -1.08909841 -0.97240526 -0.74677176 -0.84394645
 -0.7986773  -0.56445445 -0.1794486   0.07270504] 
[-0.68452657 -0.17381209 -0.71339442 -0.42873777 -0.3439165  -0.22273796
 -0.62693623 -0.66591602 -1.09079253 -0.97416305 -0.74763134 -0.84558251
 -0.7987619  -0.56411301 -0.17770267  0.07460836] 
[-0.68368407 -0.17491552 -0.71161229 -0.42929045 -0.34268253 -0.22253819
 -0.62626583 -0.66612402 -1.09317628 -0.97615525 -0.74837133 -0.84703696
 -0.7987567  -0.5637689  -0.17577461  0.07656407] 
[-0.68380027 -0.17464883 -0.70991948 -0.42972968 -0.34192416 -0.22242539
 -0.62553878 -0.66666652 -1.09541337 -0.97755785 -0.74891005 -0.847648
 -0.798873   -0.56459391 -0.1742515   0.07833907] 
[-0.68382684 -0.17499325 -0.70922628 -0.43012286 -0.34056428 -0.22242209
 -0.62464576 -0.66770557 -1.09707833 -0.97848094 -0.7496041  -0.84826848
 -0.79945668 -0.56567792 -0.17376773  0.0791915 ] 
[-0.68444406 -0.17540896 -0.70891832 -0.43058286 -0.33911894 -0.22196845
 -0.62301762 -0.66918817 -1.09882096 -0.97893467 -0.75037856 -0.8481819
 -0.80048506 -0.56653269 -0.17331753  0.08094594] 
[-0.68506471 -0.17600776 -0.70858822 -0.43109771 -0.33753799 -0.22166753
 -0.62153307 -0.67051014 -1.10060934 -0.97947599 -0.75131074 -0.84805232
 -0.80151404 -0.5673458  -0.17286484  0.08263826] 
[-0.68533047 -0.17654028 -0.70817026 -0.43166719 -0.33621391 -0.22151201
 -0.62007127 -0.67170183 -1.10228723 -0.98043272 -0.75202074 -0.84848341
 -0.8022797  -0.56861871 -0.17180685  0.08381333] 
[-0.68567093 -0.17704197 -0.70780427 -0.43226539 -0.33485322 -0.22128166
 -0.61853695 -0.67304478 -1.10405989 -0.98144461 -0.752748   -0.84892892
 -0.80304938 -0.56989795 -0.1708177   0.08503266] 
[-0.68596422 -0.17711149 -0.7076594  -0.43268968 -0.33416211 -0.22068163
 -0.61768529 -0.67435719 -1.10504706 -0.98235514 -0.75309758 -0.8499369
 -0.8035058  -0.57091878 -0.16989932  0.08530483] 
[-0.68613343 -0.17745932 -0.70749071 -0.43306965 -0.33354546 -0.22001939
 -0.61659084 -0.67582022 -1.10618995 -0.98364665 -0.75347411 -0.85095692
 -0.8039043  -0.57188286 -0.16920152  0.08532417] 
[-0.68627259 -0.17790981 -0.70726416 -0.43346093 -0.33284616 -0.219386
 -0.61544559 -0.67731098 -1.10739573 -0.985003   -0.75388127 -0.85199245
 -0.80431532 -0.57282333 -0.16854129  0.08533327] 
[-0.68646485 -0.17803709 -0.70666233 -0.43374661 -0.33227591 -0.21886058
 -0.61465363 -0.67835079 -1.10835105 -0.98594261 -0.75442282 -0.8527321
 -0.80503713 -0.57354511 -0.16791051  0.08595395] 
[-0.68644059 -0.17849297 -0.70611409 -0.43391858 -0.33136282 -0.21868395
 -0.61401527 -0.6792959  -1.10941108 -0.98734294 -0.75522889 -0.85314321
 -0.80583942 -0.57417057 -0.1675906   0.08647308] 
[-0.69868061 -0.19498915 -0.70109864 -0.40805421 -0.29998581 -0.23216746
 -0.61631639 -0.68310093 -1.13869239 -1.02272574 -0.75704672 -0.8664513
 -0.8075649  -0.59963939 -0.1880112   0.07600565] 
[-0.70270441 -0.19992107 -0.69864325 -0.40092125 -0.28961928 -0.23538406
 -0.61676293 -0.68505753 -1.14806697 -1.03426382 -0.75810686 -0.87133391
 -0.80834046 -0.60750629 -0.19430289  0.07289279] 
[-0.70763135 -0.20671863 -0.69580345 -0.3909523  -0.27613379 -0.23944477
 -0.6169452  -0.6876454  -1.16015755 -1.04953094 -0.75898622 -0.87745312
 -0.80904402 -0.61782151 -0.20309509  0.06797596] 
[-0.70889657 -0.20727504 -0.69462622 -0.39049806 -0.27445456 -0.23954175
 -0.6166606  -0.68863876 -1.16180924 -1.05189986 -0.75972037 -0.8783126
 -0.81016812 -0.61931241 -0.20370007  0.06876185] 
[-0.70911467 -0.20786345 -0.69358414 -0.39064263 -0.27392101 -0.23923913
 -0.61602525 -0.68927769 -1.162863   -1.05354917 -0.76060893 -0.87882041
 -0.81094289 -0.62006777 -0.2031716   0.06964166] 
[-0.70895779 -0.20862071 -0.69236586 -0.39032823 -0.27306388 -0.23922504
 -0.6156223  -0.68995934 -1.16410674 -1.05515482 -0.76149104 -0.87956329
 -0.81144644 -0.62079542 -0.20282082  0.07022792] 
[-0.70920872 -0.20869003 -0.6910159  -0.39085555 -0.27181999 -0.23950439
 -0.61669853 -0.69066771 -1.16527045 -1.05573227 -0.76187756 -0.88136346
 -0.81208676 -0.62149601 -0.20193278  0.07094799] 
[-0.70959893 -0.20829209 -0.6902936  -0.39203174 -0.27112837 -0.2390634
 -0.6167519  -0.69198722 -1.16625508 -1.05592785 -0.76257459 -0.88201399
 -0.81298368 -0.62137144 -0.20166487  0.0728152 ] 
[-0.71002577 -0.2077136  -0.68939782 -0.39362083 -0.27095331 -0.23846955
 -0.61678727 -0.6931603  -1.16699019 -1.05627066 -0.7638326  -0.88229248
 -0.81390271 -0.62119718 -0.20105948  0.07470706] 
[-0.71044686 -0.20713818 -0.688477   -0.39521238 -0.27079506 -0.23786613
 -0.61681236 -0.69432457 -1.16771742 -1.0566341  -0.76510564 -0.88258522
 -0.81483518 -0.6210292  -0.20042765  0.07658506] 
[-0.71099879 -0.2065869  -0.687581   -0.3968251  -0.27054139 -0.23724735
 -0.61677222 -0.69561285 -1.16858255 -1.05702569 -0.76634913 -0.88291882
 -0.81575754 -0.62076742 -0.19997279  0.07865047] 
[-0.71123909 -0.20622209 -0.68670255 -0.39834858 -0.27055867 -0.23663193
 -0.61655255 -0.69676868 -1.16937294 -1.05763933 -0.76772206 -0.88305313
 -0.8166022  -0.62059533 -0.19922676  0.08045537] 
[-0.71160554 -0.20619976 -0.68619034 -0.39908363 -0.27040086 -0.23645543
 -0.61676351 -0.69755602 -1.17003366 -1.05783907 -0.76837486 -0.88350123
 -0.81694988 -0.62017189 -0.19883016  0.08148296] 
[-0.71199286 -0.20619313 -0.68563919 -0.39979333 -0.27025803 -0.23626455
 -0.61697645 -0.69831135 -1.17070185 -1.05804162 -0.76902394 -0.88397963
 -0.81732205 -0.61975387 -0.19843351  0.08250979] 
[-0.71238458 -0.20606747 -0.68459189 -0.40045896 -0.26999303 -0.23554587
 -0.61781323 -0.69896814 -1.1713695  -1.05800199 -0.76942463 -0.8842948
 -0.81801151 -0.61995556 -0.19719849  0.08331631] 
[-0.7140787  -0.20796867 -0.68376092 -0.40286896 -0.26259648 -0.23076324
 -0.6209163  -0.70624753 -1.1780969  -1.05581725 -0.76886787 -0.88082679
 -0.81801668 -0.62343703 -0.19494629  0.09111003] 
[-0.71455457 -0.20879645 -0.6815721  -0.40384461 -0.25928894 -0.22793113
 -0.62331382 -0.71006615 -1.1808578  -1.05491955 -0.76801328 -0.88024589
 -0.81884483 -0.62552992 -0.192404    0.09393173] 
[-0.71511242 -0.20866972 -0.68004452 -0.40493358 -0.25863594 -0.22667407
 -0.62466935 -0.71182956 -1.18149365 -1.05473703 -0.76782976 -0.88094783
 -0.81950404 -0.62592859 -0.19146972  0.09459238] 
[-0.71586271 -0.20854019 -0.67856576 -0.40613768 -0.25767823 -0.22529734
 -0.62629796 -0.71379788 -1.18243077 -1.054479   -0.76758314 -0.8816924
 -0.8201331  -0.62646772 -0.19049224  0.09554832] 
[-0.71571326 -0.20841413 -0.67777326 -0.40682692 -0.25528902 -0.22408465
 -0.62739435 -0.7169099  -1.18462257 -1.05375389 -0.76801131 -0.88125103
 -0.82121461 -0.6265184  -0.18978373  0.09885223] 
[-0.71547267 -0.20863047 -0.67714966 -0.40761574 -0.25442045 -0.22343216
 -0.62780314 -0.71839703 -1.18593569 -1.05368517 -0.76833726 -0.8816536
 -0.82168134 -0.62604016 -0.18911178  0.10068586] 
[-0.71569038 -0.20889404 -0.67618582 -0.40865421 -0.25414884 -0.22253653
 -0.62858763 -0.71945752 -1.18674472 -1.05372612 -0.76829744 -0.88241271
 -0.82181983 -0.62589604 -0.18806689  0.10140968] 
[-0.71576802 -0.20909657 -0.6754777  -0.40958133 -0.25415289 -0.22198394
 -0.6293532  -0.72012065 -1.18782979 -1.05387912 -0.76863901 -0.8831189
 -0.82190259 -0.62549691 -0.18708445  0.10236881] 
[-0.715903   -0.20925812 -0.67482275 -0.41052339 -0.25428166 -0.22151937
 -0.63010071 -0.72062383 -1.18889639 -1.05411246 -0.76903924 -0.88388765
 -0.82197505 -0.6250519  -0.18613548  0.10330957] 
[-0.71560035 -0.20940956 -0.67350704 -0.41090225 -0.25412943 -0.22058556
 -0.63057676 -0.72169748 -1.18925493 -1.05405764 -0.76913818 -0.88422876
 -0.82245692 -0.62481834 -0.18497743  0.1038423 ] 
[-0.71532516 -0.20955281 -0.67208456 -0.41122961 -0.25393747 -0.2195209
 -0.63113602 -0.72273404 -1.18965    -1.05393303 -0.76926382 -0.8845487
 -0.82297863 -0.62466184 -0.18372915  0.10443468] 
[-0.71524811 -0.2097597  -0.67070099 -0.41138805 -0.25354354 -0.21846037
 -0.63177925 -0.72357838 -1.19009212 -1.05372265 -0.76916746 -0.88469904
 -0.82350168 -0.62458467 -0.18232565  0.10523977] 
[-0.71513048 -0.20996834 -0.66878753 -0.41141488 -0.25284969 -0.21698125
 -0.63272063 -0.72490055 -1.19042235 -1.05325086 -0.76872286 -0.88458329
 -0.82420682 -0.62471183 -0.18063868  0.10606611] 
[-0.71503903 -0.21019544 -0.66723342 -0.41159276 -0.25221547 -0.2157685
 -0.63366646 -0.72608394 -1.19105778 -1.0529607  -0.7684189  -0.884593
 -0.82479622 -0.62476013 -0.17915407  0.10707608] 
[-0.71460035 -0.21054632 -0.66532659 -0.41148029 -0.25102533 -0.21418984
 -0.63541572 -0.7278462  -1.19231298 -1.05226641 -0.76769173 -0.88457265
 -0.82543118 -0.62491144 -0.17711572  0.10853562] 
[-0.7140961  -0.21088532 -0.66339191 -0.41132893 -0.25004032 -0.21274032
 -0.63701338 -0.72940273 -1.19342547 -1.05165325 -0.76704478 -0.8846088
 -0.82609732 -0.62497581 -0.17504633  0.10989512] 
[-0.71359934 -0.21102987 -0.66143737 -0.41108815 -0.24959675 -0.21177874
 -0.63832061 -0.7303068  -1.1942673  -1.0513538  -0.76666134 -0.88487741
 -0.82703088 -0.62477238 -0.17320956  0.11117656] 
[-0.7118626  -0.21094589 -0.65740922 -0.40806446 -0.24754228 -0.20901061
 -0.63998523 -0.73216315 -1.19418568 -1.04986062 -0.76512419 -0.8849397
 -0.82987446 -0.62515315 -0.17000768  0.11232019] 
[-0.7102755  -0.21090051 -0.65363475 -0.40532479 -0.24576413 -0.20647417
 -0.64142128 -0.73388868 -1.19402782 -1.04855884 -0.76377499 -0.88499536
 -0.83248921 -0.62547308 -0.16703079  0.11327133] 
[-0.70971621 -0.2108829  -0.6521002  -0.40503907 -0.24572265 -0.20570338
 -0.6418479  -0.73443708 -1.19437467 -1.0485934  -0.76405923 -0.88549043
 -0.83343041 -0.62504061 -0.16544454  0.11399943] 
[-0.70916589 -0.21086618 -0.65056423 -0.40475816 -0.24568442 -0.20492615
 -0.64226594 -0.73498689 -1.1947184  -1.04863114 -0.76435376 -0.8859879
 -0.83437637 -0.62460699 -0.16385681  0.11472483] 
[-0.70774027 -0.21011288 -0.64696095 -0.40329818 -0.24687303 -0.20443853
 -0.64293438 -0.73375053 -1.19498435 -1.04890074 -0.76533461 -0.88606117
 -0.83692712 -0.62380712 -0.16006911  0.11569062] 
[-0.70679378 -0.20978886 -0.64445126 -0.40274261 -0.2475     -0.20435715
 -0.64319462 -0.73336934 -1.19532854 -1.0494591  -0.76589607 -0.88608339
 -0.83834331 -0.62283516 -0.15786443  0.11632741] 
[-0.70530203 -0.20927737 -0.64092741 -0.4017345  -0.24842624 -0.20442392
 -0.64356493 -0.73298817 -1.19571174 -1.05009113 -0.76633789 -0.88590049
 -0.84030323 -0.62155643 -0.15521075  0.11685821] 
[-0.70399826 -0.20889164 -0.63789843 -0.40107975 -0.2493603  -0.20438484
 -0.64403741 -0.73257038 -1.19625225 -1.05062925 -0.76697673 -0.88586408
 -0.84200774 -0.62041278 -0.15264331  0.11749449] 
[-0.70314682 -0.2085408  -0.63552104 -0.40071125 -0.24976274 -0.20424355
 -0.64452577 -0.73264007 -1.19694778 -1.05109567 -0.76750793 -0.88593271
 -0.84331983 -0.61950971 -0.15062607  0.11828783] 
[-0.70239521 -0.20834894 -0.63347042 -0.40063446 -0.25002846 -0.20392597
 -0.64502    -0.73288857 -1.19774124 -1.05146614 -0.76810844 -0.88611691
 -0.84439919 -0.61866697 -0.14867371  0.11912132] 
[-0.70168606 -0.20819332 -0.63158252 -0.40058774 -0.25024619 -0.20356392
 -0.64547762 -0.73319988 -1.1986179  -1.05184163 -0.7687647  -0.88633808
 -0.8454824  -0.6178532  -0.14684671  0.12001411] 
[-0.7010277  -0.20805427 -0.62977821 -0.40058604 -0.25041769 -0.20317005
 -0.64594956 -0.73355915 -1.19955355 -1.05220141 -0.76945508 -0.88659919
 -0.84657049 -0.61705385 -0.14511433  0.12094005] 
[-0.70055737 -0.20788879 -0.62822236 -0.400561   -0.25053202 -0.2028081
 -0.64631567 -0.73386891 -1.20044498 -1.0525656  -0.77020933 -0.88699552
 -0.84770048 -0.6163277  -0.1437661   0.12186268] 
[-0.70045294 -0.20787606 -0.62779775 -0.40236785 -0.25110435 -0.20234429
 -0.64753724 -0.73487555 -1.20233887 -1.05278168 -0.77188385 -0.88803177
 -0.84903347 -0.61542004 -0.14306971  0.12377291] 
[-0.70015839 -0.20781442 -0.62702609 -0.40380615 -0.25152256 -0.20193394
 -0.64863775 -0.73593403 -1.20404278 -1.05306102 -0.77322866 -0.88885118
 -0.85032489 -0.61450807 -0.14212295  0.12554319] 
[-0.69995492 -0.20782434 -0.62608914 -0.40508611 -0.25161354 -0.20135384
 -0.64956624 -0.73745125 -1.20568146 -1.05330244 -0.77426024 -0.88953869
 -0.85168319 -0.61366387 -0.14149162  0.12711075] 
[-0.69976634 -0.2078569  -0.62524308 -0.4064309  -0.25171727 -0.20076928
 -0.65053881 -0.73890406 -1.20735869 -1.05353737 -0.77533984 -0.89024277
 -0.85300153 -0.612824   -0.14079125  0.12873836] 
[-0.69939842 -0.2078441  -0.62424046 -0.40811341 -0.25235636 -0.20043544
 -0.65193579 -0.74008534 -1.20921951 -1.05381682 -0.77688966 -0.89103768
 -0.85421395 -0.61173672 -0.1397181   0.13044686] 
[-0.69813936 -0.20803563 -0.62315007 -0.41329621 -0.25387628 -0.19968694
 -0.65484562 -0.74176771 -1.21232836 -1.05482705 -0.77926758 -0.89202869
 -0.85527571 -0.60940351 -0.13482979  0.13555985] 
[-0.69689526 -0.20807788 -0.62189332 -0.41840717 -0.25553599 -0.1990407
 -0.6576817  -0.74336929 -1.2151395  -1.05590872 -0.78146704 -0.89284966
 -0.85628284 -0.6070773  -0.12967159  0.14057887] 
[-0.69596239 -0.2080125  -0.62012793 -0.42276764 -0.2566656  -0.19827935
 -0.65993397 -0.74562669 -1.21769867 -1.05701437 -0.78317606 -0.89367621
 -0.85770648 -0.60490299 -0.12581151  0.14486666] 
[-0.69587964 -0.20770083 -0.61849026 -0.42333502 -0.25626953 -0.19776269
 -0.66002225 -0.74724974 -1.21828281 -1.05775798 -0.78339559 -0.8940085
 -0.85922243 -0.60411678 -0.12503636  0.14625362] 
[-0.69586292 -0.20738642 -0.61705638 -0.4238322  -0.25599632 -0.19733917
 -0.65996267 -0.74850335 -1.2186006  -1.05840286 -0.78360453 -0.89430327
 -0.86061067 -0.60344009 -0.12420799  0.14740209] 
[-0.69481036 -0.20386472 -0.61269269 -0.41984474 -0.25666653 -0.19876384
 -0.65976012 -0.7439335  -1.22109101 -1.0591211  -0.78756122 -0.89819154
 -0.86723784 -0.60094878 -0.12620203  0.15040992] 
[-0.69393441 -0.2009191  -0.608808   -0.41662454 -0.25715381 -0.19984257
 -0.65956678 -0.74042913 -1.22316752 -1.05982932 -0.79081953 -0.90141725
 -0.87291499 -0.59878681 -0.12767171  0.15303825] 
[-0.69229463 -0.19724008 -0.60569808 -0.41245304 -0.25784883 -0.20238897
 -0.65888408 -0.73257303 -1.22770384 -1.06101624 -0.79611717 -0.90714472
 -0.8797745  -0.59502525 -0.12932749  0.15911502] 
[-0.69108688 -0.19438818 -0.60280324 -0.40945197 -0.25830535 -0.20411534
 -0.6583576  -0.72736411 -1.23094299 -1.06206488 -0.79996262 -0.91129231
 -0.88520869 -0.59211549 -0.13034253  0.16363097] 
[-0.68897669 -0.19206094 -0.60173815 -0.40471225 -0.25870505 -0.2066707
 -0.65687489 -0.71836498 -1.23515729 -1.06286647 -0.80447907 -0.91611791
 -0.88956556 -0.58854605 -0.13028729  0.16899819] 
[-0.68842242 -0.19164235 -0.60041853 -0.40472578 -0.25859242 -0.20678829
 -0.65667786 -0.7185625  -1.23577239 -1.06359448 -0.80469334 -0.91653869
 -0.8906888  -0.58753517 -0.12900966  0.17037592] 
[-0.68785319 -0.19128563 -0.59910173 -0.40470585 -0.25839811 -0.20686693
 -0.65643617 -0.7186829  -1.23656921 -1.06432481 -0.80493252 -0.91701177
 -0.89186295 -0.58648943 -0.12777881  0.17192864] 
[-0.68728438 -0.19080491 -0.5980778  -0.40379072 -0.25850195 -0.2073269
 -0.65586599 -0.71759092 -1.23724051 -1.06495553 -0.80585379 -0.91800922
 -0.89293783 -0.58550258 -0.12724806  0.17291172] 
[-0.68692454 -0.19084297 -0.59724675 -0.40405305 -0.25882295 -0.20738302
 -0.65594625 -0.71779187 -1.23773802 -1.06536433 -0.80666305 -0.91878811
 -0.89368785 -0.58494845 -0.12677018  0.17329093] 
[-0.68656467 -0.19091881 -0.59645613 -0.40430448 -0.25912047 -0.20743749
 -0.6560035  -0.71799115 -1.23827769 -1.06577153 -0.80745799 -0.91960281
 -0.89445038 -0.58439635 -0.12628752  0.17371697] 
[-0.6847414  -0.19141198 -0.59583092 -0.40534339 -0.25865341 -0.20833338
 -0.65518932 -0.71439228 -1.23919368 -1.06760951 -0.80802617 -0.92207195
 -0.89506037 -0.58245532 -0.12165504  0.1795109 ] 
[-0.68316874 -0.19194931 -0.59519371 -0.40648964 -0.25834626 -0.20902392
 -0.65461095 -0.71162643 -1.23998778 -1.06920334 -0.80858109 -0.92422873
 -0.89561272 -0.58080641 -0.11761673  0.18435858] 
[-0.68169725 -0.19249628 -0.5946117  -0.40759498 -0.25804159 -0.2096073
 -0.65405384 -0.70902263 -1.2407136  -1.0707046  -0.80913776 -0.92627002
 -0.89610972 -0.57926137 -0.11371357  0.18889902] 
[-0.68102835 -0.19289781 -0.59351921 -0.40849179 -0.25835074 -0.20944549
 -0.65439823 -0.70926679 -1.24118193 -1.07121616 -0.81000471 -0.92708592
 -0.89667619 -0.57863868 -0.11244262  0.18970524] 
[-0.68026412 -0.19314594 -0.59227213 -0.40898594 -0.25856639 -0.20930169
 -0.65454799 -0.70924228 -1.24148362 -1.0717576  -0.81089991 -0.92780422
 -0.89729069 -0.57791794 -0.1110422   0.19046751] 
[-0.67949438 -0.19381772 -0.59127204 -0.4100248  -0.25871346 -0.20889044
 -0.65486478 -0.71010749 -1.24181557 -1.07238173 -0.8114842  -0.92861739
 -0.89764083 -0.57734121 -0.10968734  0.19117747] 
[-0.67828188 -0.19446575 -0.58967127 -0.41094934 -0.25888003 -0.20841008
 -0.65508719 -0.70985582 -1.24230955 -1.07297612 -0.8126935  -0.929952
 -0.89807977 -0.57633929 -0.10767804  0.19278242] 
[-0.67710997 -0.1950209  -0.58818356 -0.41176361 -0.25900987 -0.20798833
 -0.65518046 -0.70979869 -1.24258915 -1.07367595 -0.81366243 -0.93107861
 -0.89848119 -0.57542199 -0.10564672  0.19423776] 
[-0.67597145 -0.19559803 -0.58673698 -0.41254813 -0.25907913 -0.20751899
 -0.65523822 -0.70982747 -1.24281247 -1.07439403 -0.81456289 -0.93216958
 -0.89882628 -0.57453576 -0.10358065  0.19565007] 
[-0.67364853 -0.19616471 -0.58432499 -0.41593046 -0.26046723 -0.20726365
 -0.65608996 -0.70913516 -1.24299131 -1.07545818 -0.81662462 -0.93426763
 -0.89930126 -0.57272178 -0.09963456  0.19916335] 
[-0.6713013  -0.19770282 -0.58161077 -0.41993843 -0.26149435 -0.2062682
 -0.65736333 -0.70848888 -1.24356113 -1.0767197  -0.81863784 -0.93657622
 -0.89941981 -0.57101666 -0.09488469  0.20310053] 
[-0.66908243 -0.19914381 -0.57907588 -0.42357003 -0.26238368 -0.20528023
 -0.65847887 -0.70793645 -1.24405557 -1.07790827 -0.82049277 -0.93874229
 -0.89954274 -0.5694402  -0.09039836  0.20674937] 
[-0.66715274 -0.20030478 -0.57681184 -0.42640094 -0.26310206 -0.20445445
 -0.65942775 -0.70757557 -1.24452878 -1.07896398 -0.82215386 -0.94052707
 -0.89976134 -0.56801792 -0.08667879  0.20969333] 
[-0.66533829 -0.20143719 -0.57462059 -0.42888247 -0.26366337 -0.20363743
 -0.66024066 -0.70713713 -1.24501285 -1.07996159 -0.82373794 -0.94225097
 -0.90000931 -0.56665378 -0.08318151  0.21248521] 
[-0.66374625 -0.20257653 -0.57265689 -0.43103665 -0.2640688  -0.20279877
 -0.66097866 -0.70675817 -1.24559293 -1.08087513 -0.82520473 -0.94386143
 -0.90026574 -0.56543501 -0.08004156  0.2150307 ] 
[-0.6621896  -0.20368382 -0.57066761 -0.43258066 -0.26436145 -0.20201723
 -0.66153011 -0.70623524 -1.24614254 -1.08167339 -0.82650591 -0.94532923
 -0.90060066 -0.56434292 -0.07711012  0.2172026 ] 
[-0.66154955 -0.20468403 -0.56964326 -0.43319565 -0.26415715 -0.20127046
 -0.66156683 -0.70596859 -1.24678199 -1.08206687 -0.8274031  -0.94619865
 -0.90067896 -0.56363761 -0.07556229  0.2182819 ] 
[-0.66099679 -0.20542336 -0.56847491 -0.4329521  -0.26381311 -0.20043951
 -0.66158902 -0.70561509 -1.24724716 -1.08237938 -0.82808429 -0.94671591
 -0.90072731 -0.56317259 -0.07415543  0.21882043] 
[-0.66016355 -0.20589067 -0.56725918 -0.43261995 -0.26357075 -0.19993778
 -0.66119185 -0.70429824 -1.24726302 -1.08281965 -0.8290251  -0.94718617
 -0.90069519 -0.56246362 -0.07189871  0.22006462] 
[-0.65936318 -0.20632055 -0.56607165 -0.43233674 -0.26338722 -0.19948227
 -0.66083193 -0.70289246 -1.24731586 -1.08326572 -0.83003044 -0.94767448
 -0.90068837 -0.56172705 -0.06966525  0.22137471] 
[-0.65861838 -0.20668502 -0.56498619 -0.43217482 -0.2632687  -0.19911307
 -0.66047268 -0.70144024 -1.24736163 -1.08374849 -0.831075   -0.94813521
 -0.90068348 -0.56097422 -0.06739065  0.22279801] 
[-0.65767288 -0.20690018 -0.56387304 -0.43190091 -0.26317941 -0.19892941
 -0.65981674 -0.69925016 -1.24722304 -1.08425057 -0.83231417 -0.94865057
 -0.90066435 -0.56004671 -0.06455376  0.22468402] 
[-0.6570998  -0.20699301 -0.56303726 -0.43161027 -0.26327107 -0.19874564
 -0.65951034 -0.697688   -1.24722135 -1.08460634 -0.83349338 -0.949045
 -0.90083428 -0.55932049 -0.06263727  0.22587097] 
[-0.65577908 -0.20723636 -0.56137456 -0.42923265 -0.26238278 -0.19798989
 -0.65837699 -0.69360287 -1.24750963 -1.08449623 -0.83515315 -0.94974878
 -0.90141243 -0.55861281 -0.05980556  0.2281959 ] 
[-0.65548759 -0.20785219 -0.56049236 -0.42916861 -0.26226167 -0.19712707
 -0.65852546 -0.69402167 -1.24769047 -1.08480522 -0.83571471 -0.95009519
 -0.90146387 -0.55833632 -0.05890952  0.22815062] 
[-0.65518055 -0.20845346 -0.55963964 -0.42915139 -0.26218977 -0.19630736
 -0.65867215 -0.69435291 -1.24788245 -1.08512742 -0.8363356  -0.95043367
 -0.90152784 -0.55801597 -0.05794898  0.22817012] 
[-0.65434858 -0.20977684 -0.55791517 -0.42604032 -0.26057234 -0.19412946
 -0.65776208 -0.69425463 -1.24804308 -1.08481452 -0.83663809 -0.95072071
 -0.90176852 -0.55840727 -0.0569656   0.2271127 ] 
[-0.6538526  -0.21065165 -0.55677649 -0.42481341 -0.25985357 -0.1927406
 -0.65751667 -0.69451867 -1.24822907 -1.08485948 -0.83705812 -0.95098537
 -0.90188877 -0.55842945 -0.05608216  0.22666626] 
[-0.6533777  -0.2114822  -0.55567201 -0.4237285  -0.25921037 -0.19141899
 -0.65729913 -0.69478909 -1.24839381 -1.08494183 -0.83749822 -0.95124898
 -0.90200044 -0.55841171 -0.05518318  0.22628607] 
[-0.65298401 -0.21221246 -0.55470393 -0.42321267 -0.25883104 -0.19026446
 -0.65716024 -0.69521555 -1.24842627 -1.08519201 -0.83795677 -0.9514738
 -0.90205793 -0.55825513 -0.05419652  0.22610496] 
[-0.65229452 -0.21216742 -0.55345303 -0.42308852 -0.25828653 -0.1893131
 -0.65653876 -0.69682397 -1.24660005 -1.08604995 -0.83779201 -0.95115365
 -0.901656   -0.55803709 -0.0521207   0.22568554] 
[-0.65129901 -0.20955395 -0.55225246 -0.42575593 -0.25828886 -0.18981952
 -0.6540729  -0.70018937 -1.2393446  -1.08896793 -0.83661526 -0.94951295
 -0.89978586 -0.55715921 -0.04658701  0.22657291] 
[-0.65005169 -0.20923698 -0.5503796  -0.42660808 -0.25850992 -0.18928705
 -0.65393928 -0.70010786 -1.23756884 -1.08985478 -0.83753354 -0.94948244
 -0.89947727 -0.55633869 -0.04332136  0.22783863] 
[-0.64618867 -0.21164576 -0.54483177 -0.42716    -0.2611276  -0.18742566
 -0.65838113 -0.6887765  -1.24281106 -1.08831957 -0.84563888 -0.9518811
 -0.90243863 -0.55321687 -0.03886926  0.2345034 ] 
[-0.64311726 -0.21514948 -0.54010766 -0.42627939 -0.26348006 -0.18521339
 -0.66313727 -0.67728287 -1.25045071 -1.08611178 -0.85385625 -0.95457157
 -0.90588245 -0.5503926  -0.03676556  0.23988351] 
[-0.64200944 -0.21547623 -0.53854527 -0.42698241 -0.26389794 -0.18444451
 -0.66338371 -0.67613112 -1.25002529 -1.08663724 -0.85559082 -0.95482893
 -0.90602777 -0.54930975 -0.0341377   0.24132927] 
[-0.640953   -0.21581812 -0.53705792 -0.42768448 -0.26430834 -0.18367564
 -0.66363078 -0.6751011  -1.24964478 -1.08715436 -0.85727496 -0.95508151
 -0.90616954 -0.54825986 -0.03161979  0.2426852 ] 
[-0.6399676  -0.21612053 -0.53566451 -0.42830307 -0.26463456 -0.18294135
 -0.66380145 -0.67432137 -1.24920237 -1.087675   -0.85876424 -0.95530805
 -0.90627875 -0.54731964 -0.02924241  0.24386226] 
[-0.63903141 -0.21639672 -0.5342953  -0.42873362 -0.26485886 -0.18222568
 -0.66389384 -0.67368264 -1.24874014 -1.08818227 -0.86009245 -0.95553671
 -0.90639111 -0.54646595 -0.02701424  0.24486499] 
[-0.63806795 -0.21669172 -0.53277472 -0.42889943 -0.26495756 -0.18144205
 -0.66399395 -0.67309688 -1.24825598 -1.08864775 -0.86135105 -0.95577297
 -0.9065423  -0.54572146 -0.02484118  0.24572774] 
[-0.6370644  -0.21697759 -0.53108332 -0.42877804 -0.26493191 -0.18063793
 -0.66407373 -0.67231132 -1.24777397 -1.08908648 -0.8626042  -0.95601901
 -0.90674146 -0.54500435 -0.02264345  0.24658796] 
[-0.63619739 -0.21721311 -0.52987007 -0.42937526 -0.26516279 -0.1799631
 -0.6641611  -0.67215909 -1.24711599 -1.08967815 -0.86376293 -0.95613964
 -0.90677376 -0.54421424 -0.02040978  0.24742605] 
[-0.63476763 -0.21727987 -0.52781948 -0.42991253 -0.26503506 -0.17906665
 -0.66412933 -0.67143015 -1.24526356 -1.09061313 -0.86495626 -0.95600377
 -0.90668546 -0.5433018  -0.01662327  0.24884473] 
[-0.63185751 -0.21710662 -0.5243367  -0.42916385 -0.26286177 -0.1775163
 -0.66334737 -0.67088652 -1.24120427 -1.09242157 -0.86476543 -0.95559844
 -0.90585635 -0.54267503 -0.00989877  0.25053278] 
[-0.62898664 -0.21664162 -0.52085661 -0.42797623 -0.26039837 -0.17625919
 -0.66229635 -0.67001833 -1.23686367 -1.09418712 -0.86431085 -0.95531306
 -0.90493171 -0.54223713 -0.0031725   0.2522915 ] 
[-0.62640014 -0.21642713 -0.51764042 -0.42652856 -0.25796037 -0.17495028
 -0.66143138 -0.66935237 -1.23316184 -1.0957908  -0.86382615 -0.95512028
 -0.9041634  -0.54188329  0.00272318  0.25360139] 
[-0.62441552 -0.21641667 -0.51522658 -0.42571209 -0.25623713 -0.17375018
 -0.66085792 -0.66908407 -1.23050738 -1.09707165 -0.86376732 -0.95502077
 -0.90360698 -0.54145552  0.00729211  0.25461585] 
[-0.62126705 -0.21629312 -0.51134507 -0.42530785 -0.25393967 -0.17172531
 -0.65985735 -0.66870929 -1.22573327 -1.09868726 -0.8636346  -0.95467193
 -0.90231332 -0.54096202  0.01438123  0.25671117] 
[-0.61831318 -0.21619158 -0.5076987  -0.4248901  -0.25157776 -0.16968983
 -0.65888452 -0.66862074 -1.22120201 -1.10025079 -0.86336239 -0.95428378
 -0.90105856 -0.54063243  0.02104498  0.25858892] 
[-0.61684292 -0.21625992 -0.50582161 -0.4245421  -0.25025077 -0.16833091
 -0.65848201 -0.66873841 -1.21908862 -1.10107988 -0.86351739 -0.95419399
 -0.90049079 -0.54035935  0.0246699   0.25957971] 
[-0.61555714 -0.21643703 -0.50409357 -0.42401782 -0.24891679 -0.16697445
 -0.65810451 -0.66890605 -1.21719898 -1.10180703 -0.86357962 -0.95409915
 -0.90003265 -0.54021563  0.02792949  0.26041649] 
[-0.61423572 -0.21653064 -0.50222361 -0.42346714 -0.24764429 -0.16566072
 -0.65784333 -0.66890422 -1.21531144 -1.10259134 -0.86371521 -0.95395962
 -0.8996493  -0.54005056  0.03121006  0.26130224] 
[-0.61284991 -0.21645945 -0.50006993 -0.42303401 -0.24647426 -0.16436408
 -0.65769304 -0.66846471 -1.21345503 -1.10335058 -0.86406413 -0.95392992
 -0.899358   -0.5398802   0.03451452  0.2625068 ] 
[-0.61154762 -0.21640829 -0.49808404 -0.42268801 -0.2454045  -0.16313317
 -0.65759318 -0.66811014 -1.21178849 -1.10407539 -0.86445417 -0.95392427
 -0.89910811 -0.53969121  0.0376265   0.26364799] 
[-0.61072003 -0.21651877 -0.49686327 -0.42217986 -0.24455812 -0.16209734
 -0.6575437  -0.66842994 -1.21072021 -1.10450159 -0.86461498 -0.95406707
 -0.89902879 -0.5397265   0.03960932  0.26396711] 
[-0.6099288  -0.21663988 -0.49569203 -0.42169761 -0.24375235 -0.16108735
 -0.65750453 -0.66875923 -1.20971885 -1.10492314 -0.86479579 -0.95421612
 -0.89896215 -0.5397441   0.04152042  0.26426994] 
[-0.60918391 -0.21679276 -0.49458614 -0.42124354 -0.24297902 -0.16009073
 -0.6574817  -0.66911063 -1.20880206 -1.10534537 -0.86499306 -0.95437079
 -0.89890899 -0.53974115  0.04334989  0.26454527] 
[-0.60852814 -0.21696782 -0.49362748 -0.42087471 -0.24227496 -0.15912118
 -0.65746675 -0.66954741 -1.20800555 -1.10575912 -0.86520999 -0.95451558
 -0.89886205 -0.53972265  0.04502062  0.26476076] 
[-0.60843959 -0.21723361 -0.49341572 -0.4209963  -0.2423107  -0.15859014
 -0.65772714 -0.67001696 -1.20824888 -1.10601515 -0.86579827 -0.95466794
 -0.89896513 -0.53941533  0.04551918  0.26471826] 
[-0.60829592 -0.21750993 -0.49320528 -0.42114702 -0.24233751 -0.15802509
 -0.65805801 -0.67059606 -1.20851083 -1.10626961 -0.86639105 -0.95480529
 -0.89907281 -0.53911073  0.04604284  0.26464078] 
[-0.60814487 -0.21777284 -0.493037   -0.42133778 -0.24242504 -0.15749403
 -0.65847726 -0.67130832 -1.20884589 -1.10657729 -0.86704277 -0.95495933
 -0.89926881 -0.53878267  0.04646504  0.26449066] 
[-0.60797876 -0.21800279 -0.49283628 -0.42152753 -0.2425202  -0.15697929
 -0.65892402 -0.67194867 -1.20919255 -1.10687164 -0.86771179 -0.95512576
 -0.89945778 -0.53844768  0.04688735  0.26438973] 
[-0.6078197  -0.21823357 -0.49263678 -0.42171872 -0.2426191  -0.15646821
 -0.6593697  -0.67257729 -1.20954655 -1.10717214 -0.86838401 -0.95529899
 -0.89965266 -0.53811002  0.04730335  0.26429467] 
[-0.6076766  -0.21857164 -0.49248333 -0.42200834 -0.24275743 -0.15584557
 -0.65988832 -0.6732971  -1.21006637 -1.10755251 -0.86917969 -0.95556389
 -0.89980875 -0.53771138  0.04766779  0.26421295] 
[-0.60743233 -0.21893774 -0.49230692 -0.42236089 -0.24297862 -0.15518994
 -0.66058466 -0.67400735 -1.21070105 -1.10797413 -0.8701376  -0.95578284
 -0.9000632  -0.53721645  0.04809373  0.26412552] 
[-0.60714466 -0.21925449 -0.49208444 -0.42265083 -0.24316702 -0.15454306
 -0.66127833 -0.67461796 -1.21127552 -1.10836206 -0.87106892 -0.95598926
 -0.90032438 -0.53673555  0.0485859   0.26406569] 
[-0.60686851 -0.2195682  -0.49185597 -0.42293191 -0.24335707 -0.15390178
 -0.66195712 -0.67520781 -1.21184226 -1.1087521  -0.87200039 -0.95620312
 -0.90058142 -0.5362534   0.04907307  0.26401213] 
[-0.60658876 -0.21987992 -0.4916259  -0.42320796 -0.24354088 -0.15326708
 -0.66261557 -0.67580598 -1.21240407 -1.10913835 -0.87292097 -0.95641742
 -0.90082086 -0.53576495  0.04957713  0.26396155] 
[-0.60631603 -0.22020241 -0.49140303 -0.42350009 -0.24373741 -0.15263261
 -0.6632528  -0.67639    -1.21296286 -1.10951463 -0.87385391 -0.95664077
 -0.9010554  -0.53526902  0.05008659  0.26392155] 
[-0.60600518 -0.22057631 -0.49104245 -0.42380066 -0.24387577 -0.15186457
 -0.6640276  -0.67697569 -1.21348646 -1.10990135 -0.87479844 -0.95683957
 -0.90125926 -0.53482432  0.05068551  0.26394313] 
[-0.60566827 -0.22104563 -0.49063075 -0.42417596 -0.24406304 -0.15100532
 -0.66476498 -0.67744465 -1.21400278 -1.11024695 -0.87578385 -0.95703066
 -0.90139615 -0.5343059   0.05141013  0.26401708] 
[-0.60534943 -0.22156486 -0.49029417 -0.42456846 -0.24424328 -0.1501364
 -0.66551571 -0.67801536 -1.21459841 -1.11059957 -0.87675512 -0.95723091
 -0.90154196 -0.53379302  0.05207385  0.26405273] 
[-0.60507806 -0.22216721 -0.49006691 -0.4249952  -0.24444575 -0.14926498
 -0.6663115  -0.67872538 -1.21538508 -1.11098795 -0.87773309 -0.95749405
 -0.90175937 -0.53327275  0.05260783  0.26402722] 
[-0.60481204 -0.2227616  -0.48983343 -0.42540809 -0.2446397  -0.14840006
 -0.66709879 -0.67942768 -1.21615813 -1.11137169 -0.87870119 -0.9577556
 -0.90197317 -0.53275956  0.05313988  0.26400154] 
[-0.60456204 -0.22334217 -0.48959606 -0.4258116  -0.24482734 -0.14754842
 -0.66786729 -0.68011139 -1.21691641 -1.11175601 -0.87965836 -0.95801469
 -0.902189   -0.53225249  0.05366079  0.26398255] 
[-0.60437893 -0.22392681 -0.48956103 -0.42621798 -0.24503542 -0.14680978
 -0.66851212 -0.68097211 -1.21776169 -1.11210952 -0.88052348 -0.95833573
 -0.90240446 -0.53179031  0.05401908  0.26385332] 
[-0.60414671 -0.2245178  -0.48944168 -0.42663309 -0.24525537 -0.14602643
 -0.66912769 -0.68171442 -1.21853342 -1.11242824 -0.88140164 -0.95867171
 -0.90256698 -0.53132643  0.05449842  0.26379302] 
[-0.60389936 -0.22500519 -0.4892789  -0.42707276 -0.24549546 -0.14527773
 -0.66969635 -0.68247623 -1.21918314 -1.11269678 -0.88221525 -0.95902796
 -0.90273321 -0.53092482  0.05498493  0.26376498] 
[-0.60368612 -0.22560916 -0.48923005 -0.42754526 -0.24572001 -0.14448967
 -0.67035545 -0.68347261 -1.22002964 -1.1129739  -0.88301013 -0.95940739
 -0.90294233 -0.53055125  0.05535341  0.26364313] 
[-0.60348666 -0.22622706 -0.48918837 -0.4280013  -0.2459241  -0.14369218
 -0.67100884 -0.68445694 -1.22088577 -1.1132542  -0.8837931  -0.95979826
 -0.90313838 -0.53018935  0.05571995  0.26353075] 
[-0.60328675 -0.22682814 -0.48913756 -0.42844669 -0.24613265 -0.14290865
 -0.67164241 -0.68540219 -1.22171809 -1.11353517 -0.88458016 -0.96018123
 -0.90332828 -0.52982114  0.05609233  0.26342736] 
[-0.60311896 -0.22746816 -0.48913181 -0.42889319 -0.24634315 -0.14211141
 -0.67228277 -0.68640632 -1.22258458 -1.11381398 -0.8853512  -0.96055951
 -0.90350719 -0.52944583  0.05642243  0.26332028] 
[-0.60308438 -0.22832297 -0.4893643  -0.42941383 -0.24658922 -0.14124149
 -0.67307287 -0.68784222 -1.22390881 -1.1141775  -0.88617258 -0.96101157
 -0.90382947 -0.52910441  0.0564375   0.2630626 ] 
[-0.60317106 -0.22929991 -0.48978596 -0.42990481 -0.2468405  -0.14042109
 -0.67396014 -0.68952035 -1.22556527 -1.11463438 -0.88695127 -0.96149443
 -0.90428393 -0.52880934  0.05616355  0.26265645] 
[-0.60314313 -0.22991371 -0.48975337 -0.43019581 -0.24696891 -0.13963696
 -0.67468208 -0.6906038  -1.2265033  -1.11491302 -0.88765609 -0.9618256
 -0.90452555 -0.52861049  0.05633066  0.26252135] 
[-0.60308107 -0.23048386 -0.48964618 -0.43051344 -0.24712041 -0.13884467
 -0.6753863  -0.69159867 -1.22732505 -1.11516857 -0.88838877 -0.96215168
 -0.90473482 -0.5283891   0.05659445  0.26243776] 
[-0.60297443 -0.23095237 -0.4894625  -0.43079636 -0.24726156 -0.13810226
 -0.67601619 -0.69242503 -1.22797078 -1.11540046 -0.88909806 -0.96244607
 -0.90492039 -0.52814965  0.0569589   0.26240173] 
[-0.60286739 -0.23137429 -0.48922476 -0.43101167 -0.24738677 -0.13739639
 -0.67657727 -0.69312282 -1.22855728 -1.11562975 -0.88976661 -0.96272423
 -0.90508607 -0.52791505  0.05733361  0.26241263] 
[-0.60282551 -0.23179434 -0.48902103 -0.43125635 -0.24751054 -0.13669149
 -0.67708352 -0.69375668 -1.22915369 -1.11589699 -0.89046794 -0.96305085
 -0.9052083  -0.52763387  0.05767218  0.26249157] 
[-0.6028602  -0.23232261 -0.48897323 -0.43149924 -0.2476138  -0.13596663
 -0.67774372 -0.69469721 -1.23005902 -1.11621146 -0.89117576 -0.96337713
 -0.9054357  -0.52739401  0.05777696  0.2624249 ] 
[-0.60279901 -0.23315495 -0.48900543 -0.43182749 -0.24760768 -0.13490559
 -0.67900261 -0.69612064 -1.23159713 -1.11662235 -0.89204531 -0.96359606
 -0.90578239 -0.52706749  0.05772374  0.26218401] 
[-0.60268372 -0.23429297 -0.48901679 -0.43231262 -0.24764613 -0.13352786
 -0.68072212 -0.69789607 -1.23350926 -1.11707047 -0.89308794 -0.96375219
 -0.90634561 -0.5267523   0.05747063  0.26171198] 
[-0.60263303 -0.23523795 -0.48900779 -0.43271171 -0.247711   -0.13230008
 -0.68216998 -0.69937092 -1.23508266 -1.11745103 -0.89407115 -0.96389301
 -0.90683337 -0.52647056  0.05730232  0.26131548] 
[-0.60258931 -0.23595851 -0.48888266 -0.43294151 -0.24771675 -0.1312569
 -0.6832894  -0.70045115 -1.23633581 -1.11775527 -0.89493487 -0.96406538
 -0.90721236 -0.52619535  0.05726147  0.2610954 ] 
[-0.60253116 -0.2366048  -0.48878842 -0.43318752 -0.24773476 -0.13028392
 -0.68423301 -0.70146629 -1.23741937 -1.11800691 -0.89573702 -0.96425847
 -0.90755809 -0.52590855  0.05732749  0.26089776] 
[-0.60242502 -0.23732132 -0.48867175 -0.43343505 -0.24769671 -0.12920294
 -0.68529701 -0.70255209 -1.23858288 -1.11822752 -0.8965516  -0.96446895
 -0.90791349 -0.5256596   0.05739989  0.26066172] 
[-0.60237348 -0.23795089 -0.48853504 -0.43364369 -0.24764742 -0.12823616
 -0.68615538 -0.70336956 -1.23950864 -1.11845684 -0.89735357 -0.96473171
 -0.90814626 -0.525362    0.0575925   0.26058551] 
[-0.60233863 -0.23858559 -0.48841481 -0.43385477 -0.24760752 -0.12728499
 -0.68700947 -0.70420643 -1.24045611 -1.11869735 -0.8981523  -0.96499997
 -0.90839227 -0.52506181  0.05775159  0.26049231] 
[-0.60230669 -0.23919962 -0.48828722 -0.43406091 -0.24756625 -0.12635094
 -0.68784692 -0.70502676 -1.24137977 -1.11893377 -0.89893996 -0.96526555
 -0.90863434 -0.52476756  0.05792473  0.26041174] 
[-0.60228415 -0.23978527 -0.48813835 -0.43426464 -0.24753649 -0.12543034
 -0.68866616 -0.70582614 -1.2422664  -1.11917281 -0.89972219 -0.96554309
 -0.9088635  -0.52447344  0.05811328  0.2603543 ] 
[-0.60223843 -0.24027649 -0.48797399 -0.43441527 -0.24748561 -0.12458741
 -0.68944547 -0.70653258 -1.24306408 -1.1194223  -0.90047443 -0.96578188
 -0.90910076 -0.52417909  0.05834678  0.26032618] 
[-0.60220011 -0.24076633 -0.4878109  -0.43455871 -0.24743128 -0.12374978
 -0.69019863 -0.70721915 -1.2438488  -1.11966676 -0.90121868 -0.96603
 -0.90932996 -0.52388665  0.05858898  0.26030536] 
[-0.60213005 -0.24110575 -0.48762852 -0.43461948 -0.24744174 -0.12312426
 -0.69052974 -0.70752436 -1.24421135 -1.11980959 -0.90191676 -0.96635047
 -0.90944468 -0.52362456  0.05908907  0.26041195] 
[-0.60206224 -0.24143649 -0.48744528 -0.43467997 -0.24745386 -0.12250528
 -0.69084774 -0.70781916 -1.24456071 -1.119953   -0.9026141  -0.96667155
 -0.90955531 -0.52336106  0.05959668  0.26052652] 
[-0.6020135  -0.24175411 -0.48725423 -0.43474473 -0.2474714  -0.1219078
 -0.69112833 -0.70807835 -1.24487588 -1.12010475 -0.90331717 -0.96700429
 -0.90966234 -0.52308678  0.06010154  0.26065611] 
[-0.60196667 -0.24206788 -0.48706317 -0.43480725 -0.24748937 -0.12131465
 -0.69140562 -0.70833814 -1.24519005 -1.12025829 -0.90401991 -0.96733607
 -0.90977008 -0.52281183  0.06060608  0.26078592] 
[-0.60195974 -0.24235595 -0.4868418  -0.43483562 -0.24752627 -0.12074303
 -0.69161639 -0.70852858 -1.24545834 -1.12040846 -0.90468335 -0.96765772
 -0.90989025 -0.52256873  0.06111361  0.26095151] 
[-0.60194469 -0.24263423 -0.48663713 -0.43487013 -0.24758271 -0.12019656
 -0.69185169 -0.70876556 -1.24573874 -1.12055083 -0.90535895 -0.96796883
 -0.91001395 -0.52232134  0.06158818  0.26109373] 
[-0.60192962 -0.24290644 -0.48643492 -0.43490282 -0.24763863 -0.11965449
 -0.69207927 -0.70899751 -1.24601342 -1.12069482 -0.90603288 -0.96828133
 -0.91013644 -0.52207328  0.06206815  0.26123818] 
[-0.60191105 -0.24313364 -0.48622488 -0.43492439 -0.24769087 -0.11914736
 -0.6922992  -0.70922747 -1.24624869 -1.1208273  -0.90667835 -0.96857445
 -0.91026061 -0.52184687  0.06255563  0.26137263] 
[-0.60180949 -0.24338905 -0.48600594 -0.43493835 -0.24774951 -0.1185799
 -0.69243716 -0.70936319 -1.24638461 -1.12094828 -0.90732989 -0.96889037
 -0.91034499 -0.52157958  0.06321665  0.26155974] 
[-0.60168277 -0.24357994 -0.48575351 -0.43497388 -0.24783288 -0.11803567
 -0.69251538 -0.70943135 -1.24641267 -1.12104512 -0.90799281 -0.96921828
 -0.91039891 -0.52130594  0.06398249  0.26181556] 
[-0.60155737 -0.24378513 -0.48550622 -0.43500635 -0.24791846 -0.11749021
 -0.69261313 -0.70952503 -1.2464674  -1.12114747 -0.90865067 -0.96953764
 -0.91047205 -0.52103318  0.06472281  0.26204453] 
[-0.60142826 -0.24397615 -0.4852579  -0.435037   -0.24800427 -0.11695459
 -0.69269741 -0.70961003 -1.24650608 -1.12124692 -0.90930454 -0.96985401
 -0.91053807 -0.52075691  0.06547757  0.26228462] 
[-0.60130387 -0.24418188 -0.4850097  -0.43505352 -0.24807919 -0.11641304
 -0.69278685 -0.70970344 -1.24656532 -1.12134512 -0.90995311 -0.97017469
 -0.91060822 -0.52048446  0.06620906  0.262504  ] 
[-0.60118046 -0.24438383 -0.48476691 -0.43507147 -0.24815503 -0.11587591
 -0.69287134 -0.70980179 -1.24662439 -1.12144426 -0.91060199 -0.9704953
 -0.91067878 -0.5202141   0.06693963  0.26272206] 
[-0.60105038 -0.24459649 -0.48449648 -0.43506446 -0.24820632 -0.11531733
 -0.69293788 -0.70987518 -1.2466427  -1.12152099 -0.91123549 -0.97080524
 -0.91074874 -0.51996532  0.06770618  0.26293207] 
[-0.60090617 -0.24482484 -0.484149   -0.43501366 -0.24822656 -0.11473895
 -0.69303029 -0.70987172 -1.24663372 -1.12159896 -0.9119153  -0.97115789
 -0.91083081 -0.51967913  0.06848995  0.26316527] 
[-0.60078498 -0.24505878 -0.48380157 -0.43496276 -0.24825239 -0.1141553
 -0.69315784 -0.70990943 -1.24667064 -1.12167966 -0.91258131 -0.97152109
 -0.91094159 -0.51941666  0.0692108   0.26336747] 
[-0.60066912 -0.2452929  -0.4834566  -0.43491223 -0.24827837 -0.11357613
 -0.69328297 -0.7099505  -1.24671288 -1.12176473 -0.91324794 -0.97188263
 -0.91105352 -0.51915665  0.06992506  0.26356608] 
[-0.60055246 -0.24551469 -0.483114   -0.43486188 -0.24830157 -0.11300747
 -0.69340119 -0.70998149 -1.24673736 -1.12184471 -0.91390722 -0.97224428
 -0.91116359 -0.51890007  0.07065675  0.26377929] 
[-0.60044121 -0.24572732 -0.48279107 -0.43484167 -0.24835145 -0.11243722
 -0.6935033  -0.71002265 -1.2467726  -1.12191383 -0.91456241 -0.97262264
 -0.91127821 -0.51865778  0.07141102  0.26401463] 
[-0.60033377 -0.24594811 -0.48247918 -0.43481795 -0.24840288 -0.11186448
 -0.69360086 -0.71006351 -1.24682034 -1.1219894  -0.91522139 -0.97299974
 -0.91139118 -0.51841611  0.07215573  0.26424961] 
[-0.6002295  -0.24616787 -0.48217033 -0.43479453 -0.24845283 -0.11129393
 -0.69369527 -0.71010475 -1.24686699 -1.12206708 -0.91587815 -0.97337588
 -0.91150242 -0.5181756   0.07289912  0.2644851 ] 
[-0.60014445 -0.24638888 -0.48184754 -0.43475268 -0.24848305 -0.11072087
 -0.69377108 -0.71012191 -1.24689114 -1.122152   -0.91652335 -0.9737732
 -0.91159438 -0.51794969  0.07363493  0.26473482] 
[-0.60001948 -0.24656802 -0.48145907 -0.43465969 -0.24851732 -0.11017367
 -0.69386771 -0.71011444 -1.2469092  -1.1222023  -0.91712659 -0.97420009
 -0.91166958 -0.51775707  0.07441723  0.26497261] 
[-0.59987992 -0.24670305 -0.48108305 -0.43459499 -0.24857042 -0.10964927
 -0.69394129 -0.71007947 -1.24687126 -1.12226222 -0.91773952 -0.97460735
 -0.91172333 -0.51756151  0.07524847  0.26524027] 
[-0.59973388 -0.24683647 -0.48071444 -0.43453174 -0.24862601 -0.1091279
 -0.69401958 -0.71005354 -1.2468417  -1.12232184 -0.91835715 -0.97500647
 -0.91177576 -0.51735793  0.07608513  0.26550837] 
[-0.599589   -0.24696709 -0.48034771 -0.43446501 -0.24867917 -0.10860887
 -0.69409651 -0.7100292  -1.24681229 -1.12238208 -0.91897282 -0.97540594
 -0.91182978 -0.51715538  0.07691958  0.26577351] 
[-0.59944798 -0.24709873 -0.47998483 -0.43439593 -0.24873166 -0.10809432
 -0.69417548 -0.71001183 -1.246791   -1.12244468 -0.91958618 -0.97580411
 -0.91188754 -0.51695365  0.07774327  0.26603157] 
[-0.59931552 -0.24725121 -0.47962716 -0.43431496 -0.24879123 -0.10758564
 -0.69426556 -0.71001802 -1.24681124 -1.12251444 -0.92020298 -0.97620647
 -0.91196329 -0.5167465   0.07852818  0.26626063] 
[-0.59917492 -0.24740682 -0.47928695 -0.43424445 -0.24884289 -0.10708199
 -0.69436413 -0.7100394  -1.2468314  -1.1225895  -0.9208105  -0.9765879
 -0.91204475 -0.51653221  0.07931323  0.26647906] 
[-0.59903031 -0.2475529  -0.47895311 -0.43418024 -0.24889787 -0.10658222
 -0.69445793 -0.71006221 -1.24684443 -1.12266716 -0.92141799 -0.97696523
 -0.91212153 -0.51631259  0.08010987  0.26670693] 
[-0.59888723 -0.24768309 -0.47860986 -0.43410865 -0.24895789 -0.1060942
 -0.69454936 -0.71008887 -1.24685686 -1.12274349 -0.92202359 -0.97734798
 -0.91220356 -0.51610091  0.08089964  0.26693717] 
[-0.59877169 -0.24783208 -0.47831669 -0.43404715 -0.2490021  -0.10561637
 -0.69464071 -0.71015974 -1.24692526 -1.12282013 -0.92260327 -0.97773071
 -0.91229667 -0.51590413  0.08162609  0.2671362 ] 
[-0.59865976 -0.2479776  -0.47802537 -0.43398393 -0.24904503 -0.10514457
 -0.69473148 -0.71023123 -1.24699507 -1.12289998 -0.92317968 -0.97811151
 -0.91239173 -0.51570787  0.08234614  0.26733372] 
[-0.59854826 -0.24810842 -0.47773337 -0.43391998 -0.24908774 -0.10467281
 -0.69480989 -0.71030939 -1.24705486 -1.12298791 -0.92375225 -0.97850342
 -0.91248035 -0.5155176   0.08307025  0.26753452] 
[-0.59844095 -0.24825335 -0.4774376  -0.4338557  -0.24913333 -0.10419903
 -0.69490943 -0.71040943 -1.24713845 -1.12308069 -0.92431904 -0.97889548
 -0.91258624 -0.51533536  0.08377852  0.26771294] 
[-0.59832604 -0.24840349 -0.4771095  -0.43377918 -0.24918067 -0.10370177
 -0.69502712 -0.71049548 -1.24721537 -1.12317837 -0.92488324 -0.97929884
 -0.91271126 -0.51517005  0.08448623  0.26789064] 
[-0.59828517 -0.24847577 -0.47670769 -0.43372548 -0.24924228 -0.10328048
 -0.69519847 -0.71058976 -1.24723277 -1.12325468 -0.92538343 -0.97965335
 -0.91290493 -0.51508138  0.08509782  0.26807514] 
[-0.5982455  -0.24849404 -0.47630901 -0.43370074 -0.24934801 -0.10289891
 -0.69533684 -0.7106727  -1.24723141 -1.12334465 -0.92588089 -0.97999923
 -0.91309235 -0.51497192  0.08574785  0.26831248] 
[-0.5982066  -0.24850887 -0.47591022 -0.43367376 -0.24945363 -0.102521
 -0.69547517 -0.71075582 -1.24722866 -1.12343611 -0.92637677 -0.98034379
 -0.91328108 -0.51486155  0.08639761  0.26854836] 
[-0.59817047 -0.24850612 -0.47551847 -0.43364884 -0.24956047 -0.10215892
 -0.69557969 -0.71080247 -1.2471906  -1.12351975 -0.9268854  -0.98068329
 -0.91345773 -0.51473482  0.08708352  0.26882189] 
[-0.5981705  -0.2485035  -0.47511337 -0.43357325 -0.2496291  -0.10180212
 -0.69568197 -0.71084273 -1.2471819  -1.12359473 -0.92736421 -0.9810476
 -0.91361901 -0.51461503  0.08769993  0.26905209] 
[-0.59817465 -0.24849829 -0.47471409 -0.43349772 -0.24969352 -0.10144933
 -0.6957802  -0.71088289 -1.24717104 -1.12367417 -0.92784148 -0.98141561
 -0.91377441 -0.51449516  0.08831198  0.26928534] 
[-0.59817932 -0.24849148 -0.47431905 -0.43342185 -0.24975878 -0.10109902
 -0.69587708 -0.71093056 -1.24716317 -1.12375692 -0.92831698 -0.98178278
 -0.91392951 -0.51437813  0.08891936  0.269513  ] 
[-0.59819257 -0.24848313 -0.47392101 -0.43333732 -0.24981755 -0.10075721
 -0.69596636 -0.71097136 -1.2471503  -1.12384477 -0.92878807 -0.98215705
 -0.91408222 -0.51426072  0.08951826  0.26974179] 
[-0.59821046 -0.24844586 -0.47351251 -0.43323317 -0.24986835 -0.1004446
 -0.69602823 -0.7109859  -1.24712697 -1.12394772 -0.92926748 -0.98254795
 -0.91421592 -0.51412876  0.09010709  0.26997746] 
[-0.59822924 -0.24841086 -0.47310685 -0.43312852 -0.24991699 -0.10013335
 -0.69609585 -0.71100888 -1.24711073 -1.1240528  -0.92974463 -0.9829353
 -0.91435349 -0.51399717  0.09069051  0.27020529] 
[-0.5982605  -0.24834052 -0.47271607 -0.43302686 -0.24998272 -0.09984423
 -0.69613238 -0.71100483 -1.24707237 -1.12417012 -0.93021732 -0.98331553
 -0.91448899 -0.5138602   0.09127918  0.27045625] 
[-0.59829572 -0.24826255 -0.47233079 -0.43293918 -0.25004996 -0.09956646
 -0.69613199 -0.71097203 -1.2470015  -1.12428066 -0.9307029  -0.9837055
 -0.91459853 -0.51370851  0.09189839  0.27073511] 
[-0.59833293 -0.24818873 -0.47194775 -0.4328499  -0.2501141  -0.09928663
 -0.696139   -0.71094862 -1.24693821 -1.12439326 -0.93118756 -0.98409263
 -0.91471341 -0.51355995  0.09250832  0.27100338] 
[-0.59838543 -0.24812024 -0.4715954  -0.43275959 -0.25016544 -0.0990216
 -0.69616136 -0.71095789 -1.24690487 -1.12451633 -0.93166657 -0.98446197
 -0.91483016 -0.51341409  0.09307637  0.27123824] 
[-0.59844544 -0.24803678 -0.47121876 -0.43266032 -0.25022089 -0.09874989
 -0.69619538 -0.71096558 -1.24686975 -1.12464239 -0.93215821 -0.98484896
 -0.9149545  -0.5132776   0.09363449  0.27146102] 
[-0.59850342 -0.24798296 -0.4708476  -0.43256356 -0.25026689 -0.09847159
 -0.6962556  -0.71100472 -1.24686904 -1.1247669  -0.93264949 -0.9852335
 -0.91508749 -0.51313849  0.09416643  0.27165247] 
[-0.59856187 -0.24792966 -0.47047746 -0.43246553 -0.25031231 -0.09819343
 -0.69631615 -0.71104713 -1.2468707  -1.12489177 -0.93313944 -0.98561791
 -0.91522122 -0.51300052  0.09469632  0.27184164] 
[-0.59861141 -0.24787316 -0.47008615 -0.43237979 -0.25036563 -0.09787182
 -0.69640492 -0.71103888 -1.2468586  -1.12503167 -0.93367492 -0.98601289
 -0.91536301 -0.51285241  0.0952737   0.27205946] 
[-0.59866341 -0.24782942 -0.46970844 -0.43229952 -0.25041888 -0.09755109
 -0.69649023 -0.7110324  -1.24685649 -1.12516913 -0.93420989 -0.98639942
 -0.91551061 -0.51270111  0.09583961  0.27226918] 
[-0.59871538 -0.24779707 -0.46933546 -0.43221258 -0.25046636 -0.09722694
 -0.69657371 -0.71103906 -1.24686101 -1.12530612 -0.93473649 -0.98677956
 -0.91565621 -0.51255267  0.09639952  0.27246827] 
[-0.59877071 -0.24777269 -0.46896008 -0.43212723 -0.25051574 -0.09690327
 -0.69666778 -0.71105939 -1.24687432 -1.12544853 -0.93526405 -0.98716184
 -0.91580484 -0.51240062  0.09694698  0.27265456] 
[-0.59882423 -0.24774704 -0.46858367 -0.43203932 -0.25056315 -0.09657903
 -0.6967599  -0.71108197 -1.24688673 -1.12559213 -0.93578847 -0.98754348
 -0.91595278 -0.5122516   0.09749707  0.27284046] 
[-0.59887212 -0.24769968 -0.46822999 -0.43195266 -0.25059362 -0.09627023
 -0.69680675 -0.71108745 -1.24686159 -1.12572223 -0.9362918  -0.9879234
 -0.91607972 -0.51210412  0.09805304  0.27305353] 
[-0.59891799 -0.24765289 -0.46788557 -0.43185443 -0.25062463 -0.09596387
 -0.69685054 -0.71109533 -1.2468441  -1.12584669 -0.93678047 -0.98830242
 -0.91621013 -0.51196897  0.09859505  0.27325518] 
[-0.59896338 -0.24760596 -0.46754245 -0.43175567 -0.2506557  -0.09565833
 -0.69689564 -0.71110628 -1.24682877 -1.12597195 -0.93726783 -0.98868111
 -0.91634138 -0.51183338  0.09913639  0.27345487] 
[-0.59898744 -0.24750001 -0.46716379 -0.43164346 -0.25070777 -0.09537373
 -0.69694017 -0.71111819 -1.24676398 -1.12610904 -0.93774555 -0.9890503
 -0.91647877 -0.51171091  0.09971849  0.27367656] 
[-0.59901182 -0.24739993 -0.46678635 -0.43153395 -0.25076223 -0.09509074
 -0.69699054 -0.7111371  -1.24670851 -1.12624494 -0.93822104 -0.98941621
 -0.91662001 -0.51158505  0.10029849  0.27389557] 
[-0.59903599 -0.24731481 -0.46640546 -0.43142888 -0.25081169 -0.09478718
 -0.69706135 -0.71112009 -1.24667658 -1.12637299 -0.93870348 -0.9898094
 -0.91676387 -0.51144706  0.10090871  0.27415189] 
[-0.59906009 -0.24723176 -0.46602459 -0.43131918 -0.25086026 -0.09448311
 -0.69713458 -0.71111342 -1.24665129 -1.12650339 -0.93918118 -0.99020269
 -0.91691279 -0.5113139   0.10151005  0.27439746] 
[-0.59908521 -0.24714947 -0.46564577 -0.43120855 -0.25090804 -0.09418018
 -0.69720803 -0.71111044 -1.24662842 -1.12663484 -0.93965761 -0.99059481
 -0.91706237 -0.51118152  0.10210837  0.27464   ] 
[-0.59911574 -0.24704866 -0.46525668 -0.43109021 -0.25097261 -0.09387913
 -0.69726174 -0.71103657 -1.2465844  -1.12675073 -0.94018252 -0.99101964
 -0.91718087 -0.5110409   0.10279504  0.27497908] 
[-0.59914618 -0.24694855 -0.46486813 -0.43097391 -0.25103675 -0.09357635
 -0.69731447 -0.71096245 -1.24653858 -1.12686522 -0.94070821 -0.99144591
 -0.91729721 -0.51089838  0.10348448  0.27531898] 
[-0.59916564 -0.24686125 -0.46447677 -0.43085056 -0.25107842 -0.09325188
 -0.69738583 -0.71088979 -1.24651824 -1.12697198 -0.94125417 -0.99186907
 -0.91744314 -0.51078018  0.10419511  0.27564699] 
[-0.5991968  -0.24675503 -0.46407295 -0.43074071 -0.2511393  -0.09292411
 -0.69743597 -0.71080008 -1.24649745 -1.12709529 -0.94178199 -0.99230821
 -0.91757303 -0.51067522  0.10488649  0.27598656] 
[-0.59923804 -0.24666682 -0.46368972 -0.4306246  -0.25119603 -0.09259437
 -0.69751295 -0.71073311 -1.24651893 -1.12721743 -0.94231471 -0.99272524
 -0.91772637 -0.51056263  0.10553402  0.27629335] 
[-0.59928032 -0.24658066 -0.4633095  -0.43050724 -0.25125126 -0.09226489
 -0.69758905 -0.71067097 -1.2465437  -1.12734022 -0.94284568 -0.9931421
 -0.91787951 -0.51045146  0.10617774  0.27659594] 
[-0.59931359 -0.24647261 -0.46288328 -0.43039374 -0.2513114  -0.09190464
 -0.69768338 -0.7105617  -1.24652799 -1.12746741 -0.94339676 -0.99359053
 -0.91803184 -0.51033727  0.10688119  0.27695698] 
[-0.59934433 -0.24637149 -0.46245209 -0.43027475 -0.25137129 -0.09154443
 -0.69777681 -0.71045184 -1.24651599 -1.12759747 -0.94394405 -0.99404162
 -0.91818907 -0.51022854  0.10758703  0.27731201] 
[-0.59937445 -0.24627383 -0.46202511 -0.43015713 -0.25143117 -0.09118463
 -0.69787275 -0.7103502  -1.24651055 -1.12772929 -0.94448978 -0.99448993
 -0.9183492  -0.51012     0.10828601  0.2776598 ] 
[-0.59940369 -0.24618433 -0.46160008 -0.43003382 -0.25148441 -0.09082226
 -0.69797205 -0.71026248 -1.24651389 -1.12786364 -0.94503118 -0.99493371
 -0.9185147  -0.5100183   0.10897268  0.27798985] 
[-0.5994337  -0.24609525 -0.46117483 -0.4299096  -0.25153716 -0.09046008
 -0.69807028 -0.71017619 -1.24651912 -1.12799769 -0.94557114 -0.99537861
 -0.91868213 -0.50991882  0.10965863  0.27831717] 
[-0.59947365 -0.24599372 -0.46074734 -0.42978827 -0.25159486 -0.09010556
 -0.69814211 -0.7100572  -1.24650535 -1.1281288  -0.94611233 -0.99583975
 -0.9188288  -0.5098121   0.11037242  0.27868526] 
[-0.59951115 -0.24588133 -0.46032341 -0.42966117 -0.25164644 -0.08975847
 -0.69821215 -0.70994519 -1.24648564 -1.12825664 -0.94664606 -0.99630357
 -0.91896904 -0.50971227  0.11109183  0.27905616] 
[-0.59954843 -0.24577027 -0.45990192 -0.42953424 -0.25169653 -0.08941216
 -0.69828256 -0.70983646 -1.24646881 -1.1283851  -0.94717774 -0.99676657
 -0.91910984 -0.50961283  0.11180901  0.27942406] 
[-0.59959419 -0.24569974 -0.45949159 -0.42938118 -0.25173407 -0.08906513
 -0.69837645 -0.70980992 -1.24649545 -1.12850896 -0.94767033 -0.99719818
 -0.91928594 -0.50955091  0.1124466   0.27969001] 
[-0.5996369  -0.24563237 -0.45908289 -0.42922411 -0.25176896 -0.08871549
 -0.69847358 -0.70978716 -1.24652535 -1.12863594 -0.94815897 -0.99762452
 -0.91946749 -0.50949081  0.11307963  0.27994567] 
[-0.5996742  -0.24556295 -0.45867177 -0.42906958 -0.25181203 -0.08835899
 -0.69856832 -0.70974759 -1.24654342 -1.12876629 -0.94865855 -0.99804971
 -0.91964678 -0.50942408  0.11373139  0.28021613] 
[-0.59972268 -0.24546581 -0.4583277  -0.42893406 -0.25186583 -0.08805792
 -0.69862895 -0.70971931 -1.24657049 -1.12892654 -0.94915284 -0.99843048
 -0.91983716 -0.50936872  0.1143269   0.28044681] 
[-0.59976319 -0.24537227 -0.45796766 -0.42879406 -0.25191616 -0.08774064
 -0.69871113 -0.70970893 -1.24659554 -1.12908596 -0.94964694 -0.99880945
 -0.92004313 -0.50932144  0.11492419  0.28065477] 
[-0.59981091 -0.24529972 -0.4576193  -0.4286652  -0.25197191 -0.08741392
 -0.69879061 -0.70969712 -1.24663954 -1.12924288 -0.95014912 -0.9991938
 -0.9202581  -0.5092657   0.1155039   0.28085091] 
[-0.59986077 -0.24522036 -0.45727204 -0.4285391  -0.25203279 -0.0870982
 -0.69886342 -0.70969286 -1.24667845 -1.12939791 -0.9506452  -0.99957116
 -0.92047383 -0.50920582  0.11608292  0.28104311] 
[-0.59991009 -0.24514243 -0.45692796 -0.42840835 -0.25208626 -0.08677717
 -0.69894327 -0.70969055 -1.24671765 -1.12955316 -0.9511415  -0.99994424
 -0.92069389 -0.50914487  0.11665197  0.28122327] 
[-0.59994797 -0.24507857 -0.45659935 -0.42829122 -0.25214738 -0.08644618
 -0.69902804 -0.70972766 -1.2467912  -1.12970078 -0.95162024 -1.0003178
 -0.92093175 -0.50908991  0.11719244  0.28137865] 
[-0.59998046 -0.24500003 -0.45627424 -0.42818872 -0.25220823 -0.08609525
 -0.69913494 -0.70978572 -1.24686651 -1.1298541  -0.95211775 -1.00069344
 -0.9211907  -0.509043    0.1177279   0.28152708] 
[-0.60000785 -0.2449116  -0.45593291 -0.42808144 -0.25228081 -0.085742
 -0.69923898 -0.70983118 -1.24692481 -1.12999986 -0.9526265  -1.00106875
 -0.92145633 -0.50898898  0.11828145  0.2816837 ] 
[-0.60003592 -0.2448235  -0.45559309 -0.42797374 -0.25235241 -0.08538996
 -0.6993424  -0.70987871 -1.24698398 -1.13014614 -0.95313406 -1.00144337
 -0.9217215  -0.50893508  0.11883344  0.28183862] 
[-0.60006642 -0.24473227 -0.45525426 -0.42786509 -0.25242448 -0.08504175
 -0.69944472 -0.70992981 -1.24704242 -1.13029202 -0.95364115 -1.00181676
 -0.92198478 -0.50888156  0.11938211  0.28199242] 
[-0.60009407 -0.24463867 -0.45491691 -0.42775678 -0.25249892 -0.08469342
 -0.6995374  -0.70998514 -1.2470983  -1.13043762 -0.95414754 -1.00219043
 -0.92225143 -0.50883699  0.11994581  0.28215585] 
[-0.60011362 -0.2445604  -0.45458364 -0.42765135 -0.25256436 -0.08433941
 -0.6996442  -0.71005852 -1.24716318 -1.1305787  -0.95464378 -1.00255267
 -0.92252182 -0.50880093  0.12050212  0.28229516] 
[-0.60013389 -0.24448604 -0.45424327 -0.42755435 -0.25264073 -0.08398815
 -0.69975246 -0.71013051 -1.24723684 -1.13071864 -0.95514084 -1.00292404
 -0.92279857 -0.50875477  0.12106039  0.28244022] 
[-0.60015234 -0.24440228 -0.45391086 -0.4274623  -0.25272198 -0.08364063
 -0.69983836 -0.71019285 -1.24730051 -1.13085445 -0.95563636 -1.00330065
 -0.9230567  -0.508708    0.12164384  0.2826132 ] 
[-0.60018144 -0.24432992 -0.45360484 -0.42737081 -0.25278905 -0.08329938
 -0.69988849 -0.71025183 -1.24735218 -1.13099988 -0.95611402 -1.00368194
 -0.92328101 -0.50865242  0.12222637  0.28280613] 
[-0.60021321 -0.24426522 -0.45329773 -0.42727372 -0.25285159 -0.08295372
 -0.69994866 -0.71031696 -1.24741402 -1.13114841 -0.95658713 -1.00405958
 -0.92351342 -0.50860138  0.12279466  0.28298498] 
[-0.60024921 -0.24419051 -0.45299421 -0.42717013 -0.25291642 -0.08261738
 -0.70000265 -0.71039112 -1.24747162 -1.13130094 -0.95705433 -1.00443996
 -0.92374832 -0.50855113  0.12336019  0.28315745] 
[-0.60028799 -0.24411668 -0.45269349 -0.42706426 -0.25297805 -0.08228186
 -0.70005558 -0.71047045 -1.24753065 -1.13145349 -0.95751909 -1.00481994
 -0.92398443 -0.50850385  0.12391923  0.28332313] 
[-0.6003318  -0.24402855 -0.45240395 -0.42695876 -0.25303896 -0.08196354
 -0.70011795 -0.71057376 -1.2475865  -1.13160886 -0.95796998 -1.00518874
 -0.92422245 -0.50845167  0.12446257  0.28346748] 
[-0.60038119 -0.24396172 -0.45211078 -0.42684655 -0.25309617 -0.08163124
 -0.70019107 -0.71068257 -1.24766193 -1.13177336 -0.95842732 -1.00556852
 -0.92446479 -0.50839785  0.12498934  0.28359679] 
[-0.60042692 -0.24386852 -0.45182002 -0.42675366 -0.25316545 -0.08129743
 -0.70024921 -0.71075317 -1.24771042 -1.13192924 -0.95890446 -1.00595416
 -0.92470938 -0.50832678  0.12553931  0.28376766] 
[-0.60046958 -0.2437758  -0.45154414 -0.42666148 -0.25322474 -0.08098952
 -0.70031429 -0.71085801 -1.24778708 -1.13209116 -0.95935438 -1.00633329
 -0.92494384 -0.50825522  0.12604696  0.28390046] 
[-0.60051405 -0.24370231 -0.45126515 -0.42655414 -0.25326618 -0.08067181
 -0.70038119 -0.7109662  -1.24787433 -1.13224813 -0.95979201 -1.00670719
 -0.92518204 -0.50819687  0.12653866  0.2840175 ] 
[-0.60055555 -0.24364364 -0.45097769 -0.42644024 -0.25331645 -0.08034404
 -0.70043378 -0.71105509 -1.24796659 -1.13239403 -0.96024164 -1.00707607
 -0.92541057 -0.50814072  0.12703345  0.28415001] 
[-0.60060032 -0.24356512 -0.45068377 -0.42633187 -0.25337879 -0.08002724
 -0.70046792 -0.7111223  -1.24804518 -1.1325316  -0.96069009 -1.00745373
 -0.92562862 -0.50808508  0.12755186  0.28431336] 
[-0.60064498 -0.24348397 -0.45039069 -0.42622347 -0.25344222 -0.07971278
 -0.70050003 -0.71119101 -1.24812241 -1.13266897 -0.96113707 -1.00782937
 -0.92584684 -0.50802964  0.12807101  0.28447751] 
[-0.60068995 -0.24340465 -0.45009923 -0.42611506 -0.25350439 -0.07940053
 -0.70053254 -0.7112622  -1.24820175 -1.13280741 -0.96158154 -1.00820381
 -0.92606558 -0.50797423  0.1285857   0.28463705] 
[-0.60073614 -0.24332952 -0.4498103  -0.42600695 -0.25356271 -0.07908685
 -0.70056624 -0.71133793 -1.24828347 -1.13294577 -0.96202469 -1.0085761
 -0.92628296 -0.50792062  0.12909573  0.28479196] 
[-0.60078051 -0.24325252 -0.44952472 -0.42590351 -0.25362458 -0.07877303
 -0.70060194 -0.71140993 -1.24836711 -1.13308335 -0.96247156 -1.00894492
 -0.92650245 -0.50786182  0.12960684  0.28495124] 
[-0.60082537 -0.24317631 -0.44924078 -0.42580019 -0.25368561 -0.0784597
 -0.70063741 -0.71148244 -1.24845132 -1.13322126 -0.96291792 -1.00931303
 -0.92672103 -0.50780292  0.13011793  0.28511031] 
[-0.60087117 -0.24310055 -0.44895842 -0.42569647 -0.25374543 -0.07814696
 -0.70067276 -0.71155654 -1.24853676 -1.13335975 -0.96336349 -1.00968047
 -0.92693917 -0.50774388  0.13062725  0.28526774] 
[-0.60091086 -0.24301433 -0.4486733  -0.42558874 -0.25380727 -0.07783065
 -0.70071241 -0.71162954 -1.24861563 -1.1334923  -0.96380594 -1.01004392
 -0.92715868 -0.5076842   0.13114912  0.28543073] 
[-0.60094922 -0.24292878 -0.44838631 -0.42547983 -0.25387049 -0.07751463
 -0.70074941 -0.71169929 -1.24869205 -1.1336228  -0.96424638 -1.01040493
 -0.92737966 -0.50762171  0.1316702   0.28559444] 
[-0.60098641 -0.24286021 -0.44811181 -0.42537775 -0.25392361 -0.07719295
 -0.70079788 -0.71177578 -1.24879087 -1.13375243 -0.96467829 -1.0107726
 -0.92760696 -0.50756131  0.1321731   0.28574898] 
[-0.60102593 -0.24278605 -0.44784014 -0.42527693 -0.25397884 -0.07687596
 -0.70084025 -0.71185287 -1.24888476 -1.13388264 -0.96510783 -1.01114096
 -0.92782926 -0.50750202  0.13267908  0.28590843] 
[-0.60106644 -0.24271103 -0.44756709 -0.42517386 -0.25403561 -0.07656261
 -0.70087783 -0.7119301  -1.24897476 -1.13401047 -0.96553458 -1.01150793
 -0.92805058 -0.5074446   0.13318885  0.28607014] 
[-0.60110821 -0.24263605 -0.44729601 -0.42507173 -0.25409286 -0.07625054
 -0.70091381 -0.71200726 -1.24906489 -1.13413832 -0.9659612  -1.01187425
 -0.92827204 -0.50738613  0.13369765  0.28623143] 
[-0.60114551 -0.24254879 -0.44702353 -0.42495585 -0.25413395 -0.07596022
 -0.70095424 -0.7121169  -1.24915654 -1.13426284 -0.96636454 -1.01223709
 -0.92847966 -0.50732142  0.13417712  0.28636735] 
[-0.6011908  -0.24245893 -0.44676804 -0.42484694 -0.25416681 -0.07568254
 -0.70100037 -0.71224217 -1.24926371 -1.13438659 -0.96675692 -1.01260362
 -0.92867691 -0.50725334  0.13465018  0.28649504] 
[-0.60123265 -0.24237641 -0.44652143 -0.42474098 -0.25419311 -0.07540224
 -0.70103953 -0.71237514 -1.24936845 -1.13450658 -0.96714952 -1.01296454
 -0.92886723 -0.50719019  0.13512865  0.28661623] 
[-0.60127535 -0.24229394 -0.44627592 -0.42463464 -0.25421914 -0.07512263
 -0.70107823 -0.71250894 -1.24947394 -1.13462736 -0.96754203 -1.01332474
 -0.92905766 -0.50712668  0.13560574  0.28673664] 
[-0.60131719 -0.2422087  -0.44602968 -0.42452839 -0.25424644 -0.07484462
 -0.70111598 -0.71264132 -1.24957702 -1.13474759 -0.96793529 -1.01368368
 -0.92924743 -0.50706231  0.13608547  0.28685925] 
[-0.60136094 -0.24212614 -0.44578559 -0.42441996 -0.25427215 -0.07456793
 -0.70115263 -0.7127775  -1.24968375 -1.13486834 -0.96832778 -1.01404121
 -0.92943868 -0.50699737  0.13656155  0.28697647] 
[-0.60139854 -0.24205598 -0.44552976 -0.42431885 -0.25430426 -0.07427954
 -0.70120732 -0.71291571 -1.24978648 -1.1349848  -0.96872637 -1.01438871
 -0.92964789 -0.50693392  0.1370243   0.2870723 ] 
[-0.60144138 -0.24197976 -0.44527566 -0.42421839 -0.25434267 -0.07400433
 -0.70124799 -0.71304971 -1.24988086 -1.13509667 -0.96912466 -1.01472874
 -0.92985001 -0.50686981  0.13747935  0.2871638 ] 
[-0.60149522 -0.24193249 -0.445014   -0.42409725 -0.25435443 -0.07374707
 -0.7012657  -0.71319123 -1.24997804 -1.13520655 -0.96949202 -1.01507443
 -0.93003613 -0.50682577  0.13789923  0.28721807] 
[-0.60155056 -0.24188533 -0.44475503 -0.42397582 -0.25436521 -0.07349156
 -0.70128231 -0.71333497 -1.25007657 -1.13531766 -0.96985921 -1.01541858
 -0.93022136 -0.50678133  0.13831688  0.28727127] 
[-0.60160791 -0.241848   -0.44449862 -0.42385865 -0.25437707 -0.07323013
 -0.70130551 -0.7134826  -1.25018453 -1.13543431 -0.97022631 -1.01576654
 -0.93040795 -0.50673888  0.13873133  0.28732231] 
[-0.60166474 -0.24180865 -0.4442415  -0.42374026 -0.25438953 -0.07297052
 -0.70132789 -0.71363072 -1.25029093 -1.13555092 -0.97059237 -1.01611356
 -0.93059527 -0.50669634  0.13914606  0.28737217] 
[-0.60172193 -0.24176937 -0.44398541 -0.42362181 -0.25440155 -0.0727117
 -0.70134956 -0.71377967 -1.25039749 -1.13566782 -0.97095798 -1.01646005
 -0.93078243 -0.50665371  0.13956053  0.28742151] 
[-0.60176416 -0.24172165 -0.4437244  -0.42349294 -0.25441542 -0.07244207
 -0.70135503 -0.71391742 -1.25049151 -1.1357687  -0.97133464 -1.01681052
 -0.93096382 -0.50661434  0.14000731  0.28748087] 
[-0.60180611 -0.24166802 -0.44346252 -0.42336412 -0.25443028 -0.07217327
 -0.70135661 -0.71405643 -1.25057803 -1.13586889 -0.97171024 -1.01715894
 -0.93114137 -0.50657671  0.1404594   0.28753933] 
[-0.60184726 -0.24161818 -0.44320173 -0.42323515 -0.25444677 -0.07190457
 -0.70135531 -0.7141964  -1.25066483 -1.13596753 -0.97208264 -1.01751044
 -0.93131475 -0.50653692  0.1409094   0.2876    ] 
[-0.60188839 -0.24157724 -0.44293856 -0.42310041 -0.25445663 -0.07163119
 -0.7013616  -0.7143474  -1.25076044 -1.13606505 -0.97245021 -1.01786412
 -0.93148924 -0.5065008   0.14135017  0.28764827] 
[-0.6019304  -0.2415334  -0.44267442 -0.42296513 -0.25446813 -0.07136009
 -0.70136772 -0.71449638 -1.2508543  -1.13616183 -0.97281846 -1.018216
 -0.9316644  -0.50646293  0.14179037  0.28769801] 
[-0.60197974 -0.24149075 -0.44241619 -0.42282431 -0.25446993 -0.07108468
 -0.70138286 -0.71465708 -1.25096144 -1.13625725 -0.97317966 -1.01857131
 -0.93183533 -0.50642152  0.14221487  0.28774514] 
[-0.60202952 -0.24144413 -0.4421571  -0.4226813  -0.25447182 -0.07081167
 -0.70139907 -0.71481852 -1.25106755 -1.13635111 -0.97354012 -1.01892772
 -0.93200833 -0.50638126  0.14263943  0.28779204] 
[-0.60210068 -0.24142079 -0.44191447 -0.42254659 -0.2544786  -0.07055371
 -0.70142485 -0.71499316 -1.25119875 -1.13646256 -0.97388714 -1.01928837
 -0.93217448 -0.50634657  0.14302956  0.28784017] 
[-0.60217486 -0.2414056  -0.44167609 -0.4224075  -0.25448756 -0.07030007
 -0.701447   -0.71517814 -1.25133669 -1.13657779 -0.97422849 -1.0196431
 -0.93234487 -0.50630724  0.14340676  0.28787908] 
[-0.60225154 -0.2413889  -0.44142862 -0.42226337 -0.25449676 -0.07004445
 -0.70147596 -0.71536088 -1.25147559 -1.13669353 -0.97456989 -1.02000478
 -0.93251771 -0.50626781  0.14377783  0.28792146] 
[-0.60233624 -0.24137604 -0.44117042 -0.42211388 -0.25450174 -0.06979161
 -0.70151267 -0.71553386 -1.25161335 -1.13681489 -0.97490632 -1.02037572
 -0.9326978  -0.50622427  0.14413644  0.28796849] 
[-0.60242504 -0.24136538 -0.44091605 -0.42196864 -0.25450858 -0.06954121
 -0.70155142 -0.71571042 -1.25175207 -1.1369369  -0.97524514 -1.02074848
 -0.93288064 -0.5061821   0.14448936  0.28801569] 
[-0.60251677 -0.24136408 -0.44066663 -0.42182967 -0.25451315 -0.06929585
 -0.70159199 -0.71588194 -1.25190203 -1.13705831 -0.97557886 -1.02112307
 -0.93306665 -0.50614219  0.14483439  0.28806744] 
[-0.60259919 -0.24135877 -0.44041655 -0.4216822  -0.25451289 -0.06904205
 -0.70163737 -0.71605221 -1.25204625 -1.13717847 -0.97591329 -1.02149186
 -0.93325569 -0.50610771  0.14519111  0.28811239] 
[-0.6026785  -0.2413567  -0.44016637 -0.42153103 -0.25450973 -0.06879056
 -0.70168167 -0.7162275  -1.25219396 -1.13729661 -0.97624415 -1.02185682
 -0.93344596 -0.50607212  0.14554967  0.28815115] 
[-0.60276281 -0.24136044 -0.43991771 -0.42137622 -0.25450393 -0.06854218
 -0.70172412 -0.71640239 -1.25234954 -1.13741891 -0.97657713 -1.02221965
 -0.93364007 -0.50603387  0.14589914  0.28818434] 
[-0.60284753 -0.24136375 -0.43966989 -0.4212213  -0.25449793 -0.06829474
 -0.70176607 -0.71657819 -1.25250499 -1.13754128 -0.97690984 -1.02258158
 -0.93383366 -0.50599524  0.14624841  0.28821679] 
[-0.60293427 -0.24137452 -0.43942061 -0.4210658  -0.25448395 -0.06803678
 -0.70182509 -0.71676649 -1.25266908 -1.13766651 -0.977243   -1.02294398
 -0.93403863 -0.50596056  0.1465824   0.28823781] 
[-0.60301648 -0.24138159 -0.43916401 -0.42090103 -0.25447253 -0.06777542
 -0.70188771 -0.71695271 -1.25283805 -1.13779436 -0.97757096 -1.02330002
 -0.93425213 -0.50592251  0.14690809  0.28824964] 
[-0.60309903 -0.24138788 -0.43890799 -0.42073655 -0.25446109 -0.06751495
 -0.70194951 -0.7171389  -1.25300633 -1.13792225 -0.97789885 -1.02365543
 -0.93446528 -0.50588409  0.14723398  0.28826151] 
[-0.60318177 -0.24139358 -0.43865287 -0.4205723  -0.25444965 -0.06725533
 -0.70201028 -0.71732521 -1.25317406 -1.13805031 -0.97822653 -1.02401001
 -0.93467787 -0.50584536  0.14756032  0.28827348] 
[-0.60325618 -0.24139956 -0.43839105 -0.42041099 -0.25444586 -0.06699658
 -0.70207155 -0.71749868 -1.25334374 -1.13817173 -0.9785544  -1.02437058
 -0.93489211 -0.50580136  0.14790199  0.28829551] 
[-0.60332754 -0.24140759 -0.43812805 -0.42024694 -0.25444298 -0.06673996
 -0.7021314  -0.71767603 -1.25351525 -1.13829121 -0.97887973 -1.02472836
 -0.93510813 -0.50575911  0.1482465   0.28831336] 
[-0.60339132 -0.24139459 -0.43787896 -0.42009296 -0.25445281 -0.06650285
 -0.7021914  -0.71785945 -1.25368009 -1.13841676 -0.97919738 -1.02506663
 -0.93532209 -0.50570934  0.14860028  0.2883429 ] 
[-0.60346029 -0.24138861 -0.43762815 -0.41994194 -0.25445953 -0.06626616
 -0.70225739 -0.71804311 -1.25385172 -1.13854154 -0.97951751 -1.02540846
 -0.93553608 -0.50565655  0.14894503  0.28836743] 
[-0.60353062 -0.24140224 -0.43736516 -0.41978943 -0.25447183 -0.06601549
 -0.7023289  -0.71821877 -1.2540308  -1.13866321 -0.97985535 -1.0257755
 -0.93577156 -0.50560046  0.14928194  0.2883933 ] 
[-0.60360127 -0.24141628 -0.43710387 -0.4196367  -0.25448345 -0.06576534
 -0.70239916 -0.71839558 -1.25421007 -1.13878563 -0.98019255 -1.02614192
 -0.93600605 -0.50554401  0.14961815  0.28841824] 
[-0.60366939 -0.24142995 -0.43684571 -0.41948351 -0.25449516 -0.06551772
 -0.70246822 -0.71857245 -1.25438919 -1.13891005 -0.98053065 -1.02650549
 -0.93624064 -0.50548514  0.14995778  0.28844405] 
[-0.60373768 -0.24144237 -0.43658754 -0.41933116 -0.25450734 -0.06527043
 -0.70253712 -0.71874874 -1.25456721 -1.13903492 -0.98086851 -1.02686895
 -0.93647538 -0.5054255   0.15029727  0.28847046] 
[-0.60381354 -0.24146552 -0.43634016 -0.41917557 -0.2545164  -0.06502297
 -0.70261255 -0.71893084 -1.25476031 -1.13916949 -0.98120207 -1.02722703
 -0.93671359 -0.50536696  0.15062081  0.28849504] 
[-0.6038891  -0.2414804  -0.4360978  -0.41902221 -0.25452792 -0.06478129
 -0.70268017 -0.71911655 -1.25494681 -1.13930167 -0.98153837 -1.02758377
 -0.93695041 -0.50530912  0.15094163  0.28852054] 
[-0.60396557 -0.24149367 -0.43585581 -0.41886947 -0.25453982 -0.06454132
 -0.702746   -0.71930222 -1.25513172 -1.13943383 -0.98187417 -1.0279401
 -0.9371869  -0.50525159  0.15126225  0.28854678] 
[-0.60404217 -0.24150616 -0.43561483 -0.41871706 -0.25455145 -0.06430234
 -0.7028108  -0.71948793 -1.25531598 -1.13956612 -0.98220965 -1.02829554
 -0.93742289 -0.50519399  0.15158323  0.28857303] 
[-0.60412122 -0.24151364 -0.4353795  -0.41856967 -0.25456692 -0.06406436
 -0.70286643 -0.71966555 -1.25549869 -1.13970181 -0.98254344 -1.02865395
 -0.93765276 -0.50513791  0.15191299  0.28861097] 
[-0.60420306 -0.2415237  -0.43515664 -0.41841892 -0.25457618 -0.06383489
 -0.70290855 -0.71984628 -1.25568397 -1.13984188 -0.98287017 -1.02900387
 -0.9378711  -0.50508472  0.15224791  0.2886537 ] 
[-0.60429581 -0.24152084 -0.43495528 -0.41828925 -0.25459917 -0.06360712
 -0.70292596 -0.72003567 -1.25584797 -1.13997613 -0.98320476 -1.02933286
 -0.93806642 -0.50501929  0.15257337  0.28870354] 
[-0.60438324 -0.24153651 -0.43475087 -0.41816017 -0.25462246 -0.06335701
 -0.70295185 -0.72022312 -1.25601692 -1.14009751 -0.98355192 -1.02966244
 -0.93827436 -0.50495324  0.15291624  0.28875224] 
[-0.6044715  -0.24154785 -0.43454512 -0.41803265 -0.25464719 -0.06310778
 -0.70297306 -0.72041005 -1.25617973 -1.14021653 -0.98389704 -1.02998953
 -0.93847725 -0.50488499  0.15326394  0.28880413] 
[-0.60455879 -0.24155896 -0.43433881 -0.41790602 -0.25467287 -0.0628595
 -0.70299435 -0.72059576 -1.25634249 -1.14033497 -0.98424268 -1.03031545
 -0.93868063 -0.50481651  0.15361388  0.2888574 ] 
[-0.6046477  -0.24157276 -0.43413444 -0.41777891 -0.25469651 -0.06260924
 -0.70301749 -0.72078116 -1.25650808 -1.14045323 -0.98458956 -1.03064041
 -0.9388854  -0.50474689  0.1539611   0.2889101 ] 
[-0.60473449 -0.24159062 -0.43393244 -0.4176612  -0.25472992 -0.06237
 -0.70303323 -0.72097176 -1.25668177 -1.14058066 -0.98494165 -1.03095802
 -0.93908338 -0.50466619  0.15430279  0.28896899] 
[-0.60482003 -0.24160913 -0.43373005 -0.41753945 -0.25475927 -0.0621295
 -0.70304976 -0.72116636 -1.25685497 -1.14070528 -0.9852916  -1.03127511
 -0.93928098 -0.5045896   0.15464722  0.28902492] 
[-0.60490685 -0.24163223 -0.43353207 -0.41741557 -0.25478429 -0.06188712
 -0.70306395 -0.72136415 -1.257031   -1.14082963 -0.98563954 -1.03158941
 -0.93947582 -0.50451542  0.1549915   0.28907746] 
[-0.60499234 -0.24165604 -0.43333685 -0.41729387 -0.25481124 -0.06164717
 -0.70307478 -0.72155926 -1.25720793 -1.14095574 -0.98598636 -1.03190434
 -0.93967093 -0.50444113  0.15533911  0.28913313] 
[-0.60507205 -0.2416805  -0.43313512 -0.41716383 -0.25483061 -0.0614008
 -0.70308832 -0.72176421 -1.25738841 -1.14107399 -0.98632798 -1.03221559
 -0.93986839 -0.50437359  0.15569441  0.28918089] 
[-0.60514842 -0.24169935 -0.4329351  -0.41703912 -0.25485477 -0.06115979
 -0.70309634 -0.72196236 -1.2575644  -1.14119153 -0.98667254 -1.03252598
 -0.94006438 -0.50430092  0.15605864  0.28923706] 
[-0.6052263  -0.24172358 -0.43273977 -0.41691504 -0.25487811 -0.06091861
 -0.70310399 -0.72216218 -1.25774609 -1.14131126 -0.98701965 -1.03283897
 -0.94026112 -0.50422499  0.15641683  0.28929136] 
[-0.60530683 -0.24174993 -0.43254404 -0.41679413 -0.25490411 -0.06067962
 -0.70311288 -0.72236097 -1.25793096 -1.1414315  -0.98736866 -1.03315044
 -0.94046117 -0.50414554  0.15677026  0.28934577] 
[-0.60539124 -0.24177609 -0.43234867 -0.41667049 -0.25492882 -0.06044089
 -0.70312236 -0.72256162 -1.25811653 -1.14155408 -0.98771702 -1.03346281
 -0.94066396 -0.50406928  0.15711755  0.2893977 ] 
[-0.60547553 -0.24180147 -0.43215311 -0.41654748 -0.25495446 -0.06020191
 -0.70313143 -0.72276232 -1.25830061 -1.14167663 -0.98806622 -1.03377476
 -0.94086606 -0.50399175  0.15746568  0.28945067] 
[-0.6055666  -0.24182985 -0.43195705 -0.41641476 -0.25497434 -0.05996139
 -0.70314313 -0.72297531 -1.25848602 -1.14179442 -0.988417   -1.03408891
 -0.94106941 -0.50392446  0.15780625  0.28949025] 
[-0.60565752 -0.24185713 -0.43176173 -0.41628428 -0.25499628 -0.05972245
 -0.70315223 -0.72318916 -1.2586702  -1.14191246 -0.9887691  -1.03440255
 -0.94127189 -0.50385628  0.1581481   0.28953061] 
[-0.60574721 -0.24188535 -0.43156465 -0.41615323 -0.25501737 -0.05948419
 -0.70316383 -0.72340004 -1.25885338 -1.14203239 -0.98912199 -1.03471371
 -0.94147565 -0.50378602  0.15848803  0.28957184] 
[-0.60583704 -0.24191422 -0.43136866 -0.41602152 -0.2550375  -0.05924659
 -0.70317569 -0.72361231 -1.25903737 -1.14215308 -0.98947392 -1.03502476
 -0.94167984 -0.50371564  0.15882638  0.28961125] 
[-0.60592672 -0.24194231 -0.43117307 -0.4158904  -0.25505762 -0.05900963
 -0.70318719 -0.72382415 -1.25922045 -1.14227364 -0.98982524 -1.03533507
 -0.94188325 -0.50364465  0.1591655   0.28965099] 
[-0.60600718 -0.24197813 -0.43097721 -0.41576527 -0.25507571 -0.05876616
 -0.70319745 -0.72404381 -1.25940065 -1.14239758 -0.99017209 -1.03563836
 -0.9420867  -0.50356671  0.15951498  0.28968137] 
[-0.6060894  -0.24201405 -0.43078235 -0.4156401  -0.2550924  -0.05852243
 -0.70320713 -0.72426424 -1.25958011 -1.14252127 -0.99051788 -1.03594198
 -0.94229064 -0.50349019  0.15986241  0.28971102] 
[-0.6061725  -0.24204891 -0.43058878 -0.41551341 -0.25510772 -0.05828075
 -0.70321495 -0.72448362 -1.2597601  -1.14264435 -0.99086227 -1.0362461
 -0.94249478 -0.50341287  0.16021009  0.28973983] 
[-0.60625368 -0.24208003 -0.43039683 -0.41538577 -0.25512127 -0.05804172
 -0.70321699 -0.72469885 -1.25993436 -1.14276772 -0.99120314 -1.03654505
 -0.94269242 -0.50333208  0.16056362  0.28977383] 
[-0.60633682 -0.2421092  -0.43020493 -0.41525877 -0.2551344  -0.05780456
 -0.70321747 -0.72491263 -1.26010805 -1.1428921  -0.99154442 -1.03684476
 -0.94288924 -0.50325178  0.16091579  0.28980964] 
[-0.60641779 -0.24213601 -0.43001714 -0.41513158 -0.25514949 -0.05756548
 -0.70322096 -0.72512978 -1.26028614 -1.1430212  -0.99188863 -1.0371412
 -0.94308412 -0.50316656  0.1612657   0.28984811] 
[-0.60650221 -0.24217384 -0.4298412  -0.41500747 -0.25515811 -0.05732567
 -0.70321948 -0.72535335 -1.26047218 -1.14315722 -0.99222795 -1.03743633
 -0.94327451 -0.50307888  0.16160459  0.28987918] 
[-0.60658969 -0.24222461 -0.42966865 -0.41488189 -0.255166   -0.0570809
 -0.70321412 -0.7255882  -1.26066237 -1.14329089 -0.99257412 -1.03772943
 -0.94345546 -0.50299206  0.16195239  0.28990506] 
[-0.60667903 -0.2422816  -0.42949312 -0.41474847 -0.2551673  -0.0568359
 -0.70321405 -0.72582675 -1.26085829 -1.14342077 -0.99292025 -1.03802748
 -0.94363665 -0.50291063  0.16229052  0.2899219 ] 
[-0.6067591  -0.24234049 -0.42932437 -0.41461866 -0.25516227 -0.05658491
 -0.70321085 -0.72607771 -1.26105886 -1.14354526 -0.99325939 -1.03832619
 -0.94381138 -0.50283346  0.1626406   0.28992989] 
[-0.60683969 -0.24239846 -0.42915606 -0.41448906 -0.25515705 -0.05633483
 -0.70320711 -0.72632844 -1.26125877 -1.14366986 -0.9935983  -1.03862446
 -0.94398581 -0.50275627  0.16299043  0.2899381 ] 
[-0.6069227  -0.24245968 -0.4289874  -0.41435932 -0.25515199 -0.05608304
 -0.70320263 -0.72658342 -1.26146049 -1.14379406 -0.99393598 -1.03892454
 -0.94416024 -0.50268066  0.16333598  0.28994192] 
[-0.60700581 -0.24252338 -0.42881726 -0.41422658 -0.25514631 -0.05582729
 -0.70319881 -0.72684273 -1.26166401 -1.14391554 -0.99427659 -1.03922801
 -0.9443348  -0.50260287  0.16368007  0.28994283] 
[-0.60708166 -0.24258665 -0.42864568 -0.41410115 -0.25514406 -0.05556828
 -0.7031924  -0.72709677 -1.26186605 -1.14403353 -0.99461622 -1.03953087
 -0.9445017  -0.50251633  0.16403872  0.28994762] 
[-0.60715831 -0.24264871 -0.42847379 -0.41397311 -0.25514463 -0.05530989
 -0.70318344 -0.72734531 -1.26206601 -1.14415442 -0.99495518 -1.03983683
 -0.94466887 -0.50243306  0.16440182  0.2899565 ] 
[-0.60724472 -0.24270528 -0.42830285 -0.41384013 -0.25514428 -0.05505402
 -0.70317303 -0.72758601 -1.26226098 -1.14427305 -0.99529823 -1.04014506
 -0.94484158 -0.50235695  0.16475503  0.28997119] 
[-0.60733063 -0.2427619  -0.42813251 -0.41370664 -0.25514327 -0.05479825
 -0.70316292 -0.72782755 -1.26245584 -1.14439206 -0.9956402  -1.04045218
 -0.94501387 -0.50228115  0.16510882  0.28998493] 
[-0.60741547 -0.24281942 -0.42796241 -0.4135703  -0.25514214 -0.05454295
 -0.70315278 -0.72806712 -1.26265265 -1.14451316 -0.99598119 -1.04075891
 -0.94518664 -0.50220555  0.1654655   0.28999699] 
[-0.60750092 -0.24287709 -0.42779214 -0.41343292 -0.25513982 -0.05428723
 -0.70314192 -0.7283083  -1.26284839 -1.14463514 -0.99632117 -1.04106625
 -0.94535975 -0.50213098  0.16582064  0.29000728] 
[-0.60758478 -0.24293542 -0.4276284  -0.41329847 -0.25513449 -0.05403006
 -0.70312911 -0.72855539 -1.26304761 -1.14476101 -0.99665776 -1.041375
 -0.94553005 -0.50205251  0.16617072  0.2900124 ] 
[-0.60767378 -0.24299106 -0.42746528 -0.4131579  -0.25513252 -0.05377348
 -0.7031093  -0.7287919  -1.26324353 -1.14489458 -0.99699292 -1.041687
 -0.94569872 -0.50197756  0.16653319  0.29003281] 
[-0.607762   -0.24304376 -0.42730136 -0.41301802 -0.25512985 -0.05351905
 -0.70308981 -0.72902977 -1.26343659 -1.14502899 -0.99732568 -1.04199883
 -0.9458659  -0.501904    0.16689678  0.29005173] 
[-0.60784953 -0.24309309 -0.42713935 -0.41287927 -0.25512743 -0.05326551
 -0.70307294 -0.72926701 -1.26362888 -1.1451648  -0.99765613 -1.04231032
 -0.9460358  -0.50183009  0.16725677  0.29007058] 
[-0.60794043 -0.24314462 -0.4269729  -0.41274258 -0.25512059 -0.05301347
 -0.70305954 -0.72950092 -1.26381714 -1.1452952  -0.99798273 -1.04262346
 -0.94620888 -0.50176156  0.16761774  0.29008491] 
[-0.60802662 -0.24319354 -0.42680383 -0.41260329 -0.25511376 -0.05275894
 -0.70304828 -0.72973556 -1.26400418 -1.14542143 -0.99830769 -1.04293351
 -0.9463803  -0.50169251  0.16798614  0.29009868] 
[-0.60811129 -0.24324251 -0.42663506 -0.41246692 -0.25510921 -0.05250675
 -0.7030365  -0.72997019 -1.26418956 -1.14554825 -0.9986331  -1.04324218
 -0.94655146 -0.50162087  0.16835517  0.29011398] 
[-0.60819691 -0.24329179 -0.42646759 -0.41233027 -0.25510495 -0.05225589
 -0.7030237  -0.73020609 -1.26437554 -1.14567617 -0.99895847 -1.04355021
 -0.94672324 -0.50154868  0.1687222   0.29012764] 
[-0.60826632 -0.24336401 -0.42629647 -0.41221743 -0.25511713 -0.05199449
 -0.70299643 -0.73041329 -1.2645631  -1.14581103 -0.99927482 -1.04384251
 -0.94687373 -0.50145247  0.1690943   0.29016072] 
[-0.60833617 -0.24343659 -0.42612612 -0.41210475 -0.255129   -0.05173332
 -0.70296825 -0.73061991 -1.26475023 -1.14594599 -0.99959097 -1.04413375
 -0.9470234  -0.50135582  0.16946558  0.29019349] 
[-0.60840622 -0.24350874 -0.42595612 -0.41199203 -0.25514082 -0.05147263
 -0.70293998 -0.73082637 -1.26493674 -1.14608119 -0.99990691 -1.04442461
 -0.94717289 -0.50125894  0.16983638  0.29022582] 
[-0.60845596 -0.24360483 -0.42579791 -0.41186693 -0.25515435 -0.05119966
 -0.70290656 -0.73103159 -1.26513906 -1.14620391 -1.00021178 -1.04469988
 -0.94733215 -0.5011709   0.17023487  0.29024182] 
[-0.60850545 -0.24370242 -0.42563569 -0.41173829 -0.25517129 -0.05093014
 -0.70287497 -0.73123397 -1.26533758 -1.14633034 -1.00051873 -1.04497846
 -0.94748921 -0.5010792   0.1706268   0.29025433] 
[-0.60855526 -0.24379904 -0.42547375 -0.41160983 -0.25518807 -0.05066154
 -0.70284307 -0.73143632 -1.26553526 -1.14645678 -1.00082534 -1.04525654
 -0.94764598 -0.50098743  0.17101849  0.2902667 ] 
[-0.60860559 -0.24389446 -0.42531218 -0.41148131 -0.25520464 -0.05039406
 -0.70281055 -0.73163822 -1.26573222 -1.14658345 -1.00113164 -1.04553395
 -0.94780231 -0.50089576  0.17141002  0.29027948] 
[-0.6086532  -0.24400204 -0.42515917 -0.41134356 -0.25521965 -0.05012014
 -0.70277792 -0.73186162 -1.26592835 -1.14671485 -1.00142866 -1.04580343
 -0.94796397 -0.50081107  0.17178575  0.29026631] 
[-0.60870313 -0.24410256 -0.42500081 -0.41120555 -0.25523699 -0.04984583
 -0.70274611 -0.73207938 -1.26611804 -1.14684363 -1.00172367 -1.04607573
 -0.94812483 -0.50072665  0.17215939  0.29025864] 
[-0.60875031 -0.2442057  -0.42484533 -0.41107039 -0.2552554  -0.04957253
 -0.70271491 -0.73229909 -1.26630977 -1.14697101 -1.00201973 -1.04634509
 -0.94828425 -0.50063904  0.17253625  0.29024894] 
[-0.60879963 -0.24429983 -0.42468358 -0.41093349 -0.25527889 -0.04930292
 -0.70268553 -0.73251244 -1.26649928 -1.14709581 -1.00231736 -1.0466119
 -0.94844689 -0.50055434  0.17291947  0.29024795] 
[-0.60885073 -0.24439223 -0.42452328 -0.41079547 -0.25530096 -0.04903328
 -0.70265572 -0.73272558 -1.26668832 -1.14722219 -1.00261448 -1.04687831
 -0.94860919 -0.50046894  0.17330113  0.29024689] 
[-0.60890618 -0.24448636 -0.42436408 -0.41065449 -0.25531956 -0.04875998
 -0.70262728 -0.73294157 -1.26687687 -1.1473475  -1.00291319 -1.04714779
 -0.94876957 -0.50038731  0.17367773  0.29024501] 
[-0.60896314 -0.2445821  -0.42420776 -0.41051284 -0.25533662 -0.04848805
 -0.70259705 -0.73315739 -1.26706692 -1.1474746  -1.00321241 -1.0474156
 -0.94892896 -0.50030603  0.17405384  0.2902422 ] 
[-0.60901732 -0.24467511 -0.42404846 -0.41036997 -0.25535771 -0.04821799
 -0.70256725 -0.73337595 -1.26725841 -1.14760404 -1.00351213 -1.04768129
 -0.94908497 -0.50022583  0.17443719  0.29024249] 
[-0.60907145 -0.2447669  -0.42388887 -0.41022694 -0.25537845 -0.04794902
 -0.70253702 -0.73359475 -1.26744876 -1.14773299 -1.00381154 -1.04794618
 -0.94924088 -0.50014594  0.17482083  0.29024248] 
[-0.60912598 -0.24485781 -0.42372954 -0.41008406 -0.25539905 -0.04768091
 -0.70250647 -0.73381333 -1.26763838 -1.14786205 -1.00411057 -1.04821057
 -0.94939662 -0.50006601  0.17520412  0.29024252] 
[-0.60918145 -0.24494627 -0.42357043 -0.40993969 -0.255418   -0.04741467
 -0.70247712 -0.73403073 -1.26782814 -1.14798974 -1.00440768 -1.04847496
 -0.94955347 -0.49998825  0.17558788  0.29024203] 
[-0.60923746 -0.24503359 -0.42341104 -0.40979475 -0.25543697 -0.04714896
 -0.70244744 -0.73424876 -1.26801698 -1.14811779 -1.00470398 -1.04873949
 -0.94971078 -0.49991118  0.17597056  0.29024081] 
[-0.60929053 -0.2451211  -0.42325348 -0.4096532  -0.25545756 -0.04688627
 -0.70241462 -0.73446534 -1.26820396 -1.14824409 -1.0050009  -1.0490008
 -0.94986446 -0.49983049  0.1763588   0.29024288] 
[-0.60933795 -0.24521222 -0.42309093 -0.40951381 -0.25547266 -0.04661795
 -0.7023872  -0.73468669 -1.26838564 -1.14836454 -1.00529291 -1.04925732
 -0.9500152  -0.49975435  0.17675424  0.29023908] 
[-0.6093836  -0.24530059 -0.42292699 -0.40937316 -0.25548635 -0.04635008
 -0.70235825 -0.73490964 -1.26856458 -1.14848553 -1.00558321 -1.04951192
 -0.95016408 -0.49967803  0.17715269  0.2902344 ] 
[-0.60943137 -0.24538479 -0.42276077 -0.40923306 -0.25549815 -0.04608351
 -0.70232994 -0.73513382 -1.2687396  -1.14860638 -1.00587229 -1.04976625
 -0.95031565 -0.49960518  0.17754592  0.2902264 ] 
[-0.60948456 -0.2454649  -0.42258883 -0.40909162 -0.25551193 -0.04581374
 -0.70230336 -0.73535097 -1.26891161 -1.14872871 -1.00616528 -1.05002598
 -0.95046923 -0.49953418  0.17793622  0.2902255 ] 
[-0.60953689 -0.24554563 -0.42242142 -0.40895287 -0.25552671 -0.04554298
 -0.7022763  -0.73557207 -1.26908641 -1.1488532  -1.00646093 -1.05028278
 -0.95062568 -0.49946005  0.17832334  0.29022109] 
[-0.60958931 -0.24562646 -0.42225587 -0.40881448 -0.25554043 -0.04527062
 -0.70225106 -0.73579613 -1.26926002 -1.1489791  -1.00675589 -1.05053874
 -0.95078207 -0.49938631  0.17870937  0.29021315] 
[-0.60965102 -0.24569475 -0.42208678 -0.40867244 -0.25554782 -0.04500975
 -0.70222467 -0.73602807 -1.26943647 -1.14911379 -1.00704018 -1.05079827
 -0.9509336  -0.49932417  0.17907893  0.29021141] 
[-0.60971238 -0.24576206 -0.42191933 -0.40853087 -0.25555429 -0.04475011
 -0.70219837 -0.73626112 -1.2696131  -1.1492494  -1.00732298 -1.05105771
 -0.95108436 -0.49926286  0.1794487   0.29020868] 
[-0.60977004 -0.24583019 -0.42176583 -0.40839322 -0.25555449 -0.04449072
 -0.70216915 -0.73650635 -1.2697983  -1.14939319 -1.00759961 -1.05130884
 -0.95124119 -0.49919679  0.179806    0.29019151] 
[-0.60982727 -0.24589814 -0.42161539 -0.40825591 -0.25555437 -0.04423371
 -0.70213712 -0.73675185 -1.26998294 -1.14953773 -1.00787431 -1.0515592
 -0.95139585 -0.49912995  0.18016125  0.29017383] 
[-0.60988603 -0.24596547 -0.42146551 -0.4081164  -0.25555357 -0.04397768
 -0.7021042  -0.73699967 -1.27016851 -1.14968325 -1.00815007 -1.05181188
 -0.95155291 -0.49906544  0.18051219  0.29015508] 
[-0.60995242 -0.24603402 -0.42131694 -0.40797735 -0.2555545  -0.04372156
 -0.70206953 -0.7372394  -1.27036    -1.14983601 -1.00843202 -1.05207306
 -0.95171211 -0.49899982  0.18085735  0.29014148] 
[-0.6100387  -0.24611546 -0.42118359 -0.40781334 -0.25553456 -0.04347888
 -0.7020461  -0.7374771  -1.27056275 -1.14997638 -1.00869192 -1.05234366
 -0.95186417 -0.49895501  0.18116055  0.29009811] 
[-0.6101241  -0.24619572 -0.4210501  -0.40765028 -0.2555153  -0.04323719
 -0.70202281 -0.73771512 -1.2707646  -1.15011608 -1.00895191 -1.0526127
 -0.95201549 -0.49890953  0.18146513  0.29005451] 
[-0.61020941 -0.24627378 -0.42091582 -0.40748693 -0.25549573 -0.04299716
 -0.70199964 -0.73795178 -1.27096559 -1.15025604 -1.00921178 -1.05288097
 -0.95216759 -0.49886421  0.18176892  0.2900123 ] 
[-0.61028111 -0.24633891 -0.42078864 -0.40733738 -0.25548369 -0.04276831
 -0.70197954 -0.73817387 -1.27116025 -1.15039304 -1.0094727  -1.05313334
 -0.9523087  -0.49880587  0.18209313  0.28998344] 
[-0.61035625 -0.24640487 -0.42065454 -0.4071968  -0.2554798  -0.04254459
 -0.70195384 -0.73838695 -1.27134163 -1.1505212  -1.00973992 -1.05337637
 -0.95243959 -0.49874181  0.18242471  0.28995289] 
[-0.61043156 -0.24647418 -0.42052315 -0.40705564 -0.2554749  -0.04232058
 -0.70192391 -0.73859439 -1.27152763 -1.15064936 -1.01001142 -1.05362218
 -0.95256888 -0.49867212  0.18275456  0.28992635] 
[-0.6105047  -0.24654956 -0.42039585 -0.40691179 -0.25546599 -0.04209902
 -0.70189659 -0.73879821 -1.27171863 -1.15078033 -1.01027961 -1.05387134
 -0.9527011  -0.49859763  0.18308003  0.28989676] 
[-0.61057755 -0.24662448 -0.42026843 -0.40676818 -0.25545678 -0.0418771
 -0.70187001 -0.73900154 -1.2719089  -1.1509111  -1.01054738 -1.05411928
 -0.95283316 -0.49852304  0.18340648  0.28986683] 
[-0.61064962 -0.24669539 -0.42013682 -0.40662234 -0.25544947 -0.04165391
 -0.70184203 -0.73919959 -1.27209834 -1.15104015 -1.01081811 -1.05437109
 -0.9529637  -0.49844923  0.18373323  0.28984226] 
[-0.61071551 -0.24676418 -0.42000657 -0.4064814  -0.25544656 -0.04142526
 -0.70181979 -0.73939058 -1.2722925  -1.15117212 -1.01108779 -1.05462535
 -0.95309924 -0.49837733  0.18407042  0.28982766] 
[-0.61078228 -0.2468329  -0.41987555 -0.40633921 -0.25544293 -0.0411952
 -0.70179956 -0.73958055 -1.27248684 -1.15130321 -1.01135635 -1.05488091
 -0.95323665 -0.49830699  0.18440541  0.28981279] 
[-0.61084998 -0.24690174 -0.41974671 -0.40619912 -0.25543874 -0.04096473
 -0.70177892 -0.73976864 -1.27267987 -1.15143606 -1.01162535 -1.05513474
 -0.953375   -0.4982348   0.18473888  0.28979776] 
[-0.61091781 -0.24696992 -0.41961811 -0.40605924 -0.2554344  -0.040735
 -0.70175804 -0.73995664 -1.27287206 -1.15156898 -1.01189395 -1.05538817
 -0.95351311 -0.49816251  0.18507232  0.28978281] 
[-0.61098592 -0.24703447 -0.41949027 -0.40591925 -0.25543069 -0.04050821
 -0.70173727 -0.74014203 -1.27306229 -1.15170035 -1.0121604  -1.0556397
 -0.95364906 -0.49809047  0.18540753  0.28977031] 
[-0.61105431 -0.24709721 -0.41936161 -0.40577998 -0.25542776 -0.0402827
 -0.70171636 -0.74032633 -1.27325064 -1.15183091 -1.012427   -1.05589118
 -0.95378417 -0.49801765  0.18574362  0.28975831] 
[-0.61112218 -0.24715918 -0.41923361 -0.40564125 -0.25542536 -0.04005856
 -0.70169462 -0.74051096 -1.27343855 -1.15196097 -1.01269288 -1.0561422
 -0.95391873 -0.49794416  0.18608053  0.28974619] 
[-0.61119076 -0.24722383 -0.41911222 -0.40551097 -0.25541855 -0.03985007
 -0.70165871 -0.74069571 -1.27362834 -1.15210045 -1.01295103 -1.0563842
 -0.95404296 -0.4978586   0.18640719  0.28974239] 
[-0.61125748 -0.24728794 -0.41898924 -0.40538044 -0.25541057 -0.03964022
 -0.70162355 -0.74088176 -1.27381605 -1.15223871 -1.01320838 -1.0566253
 -0.95416634 -0.49777243  0.18673642  0.28973778] 
[-0.6113245  -0.24735429 -0.41886493 -0.40525234 -0.25540162 -0.0394315
 -0.70159085 -0.74106327 -1.27400709 -1.1523795  -1.01346845 -1.05686979
 -0.95428951 -0.49768727  0.18706186  0.28973747] 
[-0.61139181 -0.24741982 -0.41874094 -0.405124   -0.25539244 -0.03922294
 -0.70155805 -0.74124493 -1.27419745 -1.15252023 -1.0137285  -1.05711383
 -0.95441261 -0.4976022   0.18738701  0.28973664] 
[-0.6114593  -0.24748472 -0.41861685 -0.40499578 -0.25538334 -0.03901503
 -0.70152524 -0.74142629 -1.2743873  -1.15266103 -1.01398829 -1.05735742
 -0.95453569 -0.49751714  0.1877124   0.28973616] 
[-0.61152793 -0.2475493  -0.41849197 -0.40486828 -0.25537457 -0.03880669
 -0.70149315 -0.74160647 -1.27457623 -1.15280134 -1.0142486  -1.05760172
 -0.95465947 -0.49743254  0.18803669  0.28973658] 
[-0.6115971  -0.24761153 -0.41836643 -0.40473881 -0.25536377 -0.03859708
 -0.70146115 -0.74178665 -1.27476346 -1.15294126 -1.01450825 -1.05784528
 -0.95478127 -0.4973484   0.18836114  0.2897371 ] 
[-0.61166934 -0.24767447 -0.41824032 -0.40460953 -0.25535086 -0.03838695
 -0.70142793 -0.74196562 -1.27494877 -1.15308305 -1.0147663  -1.05809111
 -0.95490496 -0.49726636  0.18868126  0.28973562] 
[-0.61174116 -0.24773834 -0.418117   -0.40448111 -0.25533737 -0.03817674
 -0.70139642 -0.74214714 -1.27513159 -1.15322682 -1.01502136 -1.05833294
 -0.95502556 -0.49718481  0.18900242  0.28973482] 
[-0.61181179 -0.24780361 -0.41799307 -0.40435527 -0.2553228  -0.03796467
 -0.70136428 -0.74232481 -1.27531271 -1.15337247 -1.01527905 -1.05857321
 -0.95514741 -0.49710058  0.18932192  0.2897369 ] 
[-0.61188227 -0.24786782 -0.41786941 -0.40422926 -0.25530789 -0.03775311
 -0.70133176 -0.74250186 -1.2754927  -1.15351826 -1.01553601 -1.05881253
 -0.95526927 -0.49701662  0.18964198  0.28973938] 
[-0.61195123 -0.24793361 -0.41774201 -0.40409968 -0.25529326 -0.03754007
 -0.70129711 -0.74268514 -1.27566888 -1.15366081 -1.01578924 -1.05905383
 -0.95538842 -0.49693662  0.18995945  0.28973512] 
[-0.61201792 -0.24799612 -0.41761406 -0.40396913 -0.25527767 -0.03732599
 -0.70126385 -0.74286522 -1.27584209 -1.15380134 -1.01604299 -1.05929234
 -0.95550789 -0.49685498  0.19028104  0.2897338 ] 
[-0.61208491 -0.24805786 -0.41748613 -0.40383878 -0.25526216 -0.03711256
 -0.70123048 -0.74304511 -1.27601465 -1.15394188 -1.01629654 -1.05953029
 -0.9556272  -0.49677341  0.19060265  0.28973246] 
[-0.61215146 -0.2481195  -0.41735631 -0.40370815 -0.25524642 -0.03689672
 -0.70119758 -0.74322702 -1.27618695 -1.15408347 -1.01655133 -1.05976994
 -0.95574616 -0.49669402  0.19092664  0.28973115] 
[-0.61221836 -0.24818062 -0.41722668 -0.40357758 -0.25523052 -0.03668138
 -0.70116443 -0.7434088  -1.27635859 -1.15422495 -1.01680591 -1.06000926
 -0.95586498 -0.49661455  0.19125035  0.28972971] 
[-0.61228366 -0.24824533 -0.41709514 -0.4034437  -0.25521041 -0.03646116
 -0.7011363  -0.7435952  -1.27653344 -1.15436805 -1.0170576  -1.06024571
 -0.95598254 -0.49653876  0.19157215  0.28972693] 
[-0.61234841 -0.24830954 -0.41696623 -0.40331288 -0.25518707 -0.0362362
 -0.70111278 -0.74378548 -1.27671182 -1.15450889 -1.01731228 -1.06048474
 -0.95609876 -0.49646522  0.1918902   0.28972518] 
[-0.61241334 -0.24837287 -0.41683721 -0.40318208 -0.25516385 -0.03601224
 -0.70108898 -0.74397556 -1.27688906 -1.15464965 -1.01756638 -1.06072307
 -0.95621463 -0.49639157  0.19220809  0.28972364] 
[-0.61247677 -0.24843796 -0.41670799 -0.40305054 -0.25514142 -0.03578515
 -0.7010676  -0.74416234 -1.27706588 -1.15479259 -1.01781938 -1.06096337
 -0.95633155 -0.49632008  0.19252993  0.28972473] 
[-0.61254184 -0.24850257 -0.41657807 -0.40291934 -0.2551165  -0.03555489
 -0.70104991 -0.744354   -1.27724461 -1.1549342  -1.01807278 -1.06120223
 -0.95645086 -0.49625145  0.19284805  0.28972091] 
[-0.61260644 -0.24856519 -0.41644607 -0.40278847 -0.25509058 -0.0353239
 -0.7010342  -0.7445465  -1.27742092 -1.15507415 -1.01832448 -1.06144167
 -0.95657094 -0.49618449  0.19316505  0.28971697] 
[-0.61267001 -0.24862582 -0.41631358 -0.40265667 -0.25506423 -0.03509524
 -0.70101621 -0.74473709 -1.27759418 -1.15521271 -1.01857544 -1.06167999
 -0.95668914 -0.49611731  0.19348468  0.28971426] 
[-0.61273593 -0.24868857 -0.41617813 -0.40252281 -0.25503528 -0.03486361
 -0.70099517 -0.74492906 -1.277761   -1.1553546  -1.01882149 -1.06191451
 -0.9568027  -0.49605546  0.19380042  0.28970889] 
[-0.61280652 -0.2487425  -0.41604031 -0.40238494 -0.25500091 -0.03463077
 -0.70097227 -0.74511443 -1.27791746 -1.15549966 -1.01906259 -1.06214394
 -0.9569105  -0.49598983  0.19411031  0.2897025 ] 
[-0.61288094 -0.24879525 -0.41590044 -0.40224402 -0.25496381 -0.03439623
 -0.70094804 -0.74529806 -1.27807433 -1.15564313 -1.019302   -1.06237646
 -0.95701694 -0.49592228  0.19441602  0.28969445] 
[-0.61295749 -0.24884566 -0.4157633  -0.40210499 -0.25492938 -0.03416624
 -0.70092038 -0.74547953 -1.27823126 -1.15578892 -1.01953977 -1.06261014
 -0.95712511 -0.49585616  0.19472233  0.28968643] 
[-0.61303502 -0.24889504 -0.41562603 -0.40196502 -0.25489401 -0.03393755
 -0.70089306 -0.74566033 -1.27838761 -1.15593377 -1.01977741 -1.0628446
 -0.95723238 -0.49579012  0.195027    0.28967958] 
[-0.61311403 -0.2489449  -0.4154902  -0.40182636 -0.25485935 -0.03371019
 -0.70086616 -0.74584289 -1.27854351 -1.15607977 -1.02001547 -1.06307985
 -0.95734081 -0.49572502  0.19532882  0.28967072] 
[-0.61318906 -0.24899348 -0.41535111 -0.40168343 -0.25482649 -0.0334787
 -0.70084455 -0.74601957 -1.27869835 -1.15622354 -1.02025844 -1.06331534
 -0.95744883 -0.49566116  0.19564201  0.28967215] 
[-0.61326519 -0.24904609 -0.41521104 -0.40153931 -0.25478983 -0.03323438
 -0.70083463 -0.74620736 -1.27885948 -1.15636874 -1.02050726 -1.06355804
 -0.95756565 -0.49560573  0.19594895  0.28966649] 
[-0.61334132 -0.24909822 -0.4150712  -0.401395   -0.254753   -0.03299067
 -0.70082481 -0.74639567 -1.27901976 -1.15651409 -1.02075597 -1.0638
 -0.95768252 -0.49555073  0.19625588  0.2896603 ] 
[-0.61342456 -0.24915104 -0.41492583 -0.40125556 -0.25471652 -0.03274611
 -0.70081858 -0.74657412 -1.2791748  -1.1566554  -1.02100593 -1.06404897
 -0.95779496 -0.4954939   0.19655669  0.28966279] 
[-0.61350789 -0.24918934 -0.41477948 -0.40112494 -0.25468126 -0.03251274
 -0.70082057 -0.74673879 -1.27933222 -1.15678848 -1.0212572  -1.0642867
 -0.95790838 -0.4954423   0.19685157  0.28968155] 
[-0.61359133 -0.24922715 -0.41463332 -0.40099446 -0.25464605 -0.03228004
 -0.70082228 -0.74690347 -1.27948905 -1.15692146 -1.02150815 -1.06452396
 -0.95802176 -0.49539061  0.1971464   0.28970013] 
[-0.61367442 -0.24926458 -0.4144869  -0.40086363 -0.25461143 -0.03204875
 -0.70082292 -0.74706845 -1.27964493 -1.15705398 -1.02175841 -1.06476093
 -0.95813529 -0.49533912  0.19744212  0.28971889] 
[-0.61376136 -0.24931391 -0.41434414 -0.40072727 -0.25457042 -0.03181414
 -0.70082553 -0.74723505 -1.27981173 -1.15719335 -1.02201397 -1.0650052
 -0.95825007 -0.49528999  0.19773253  0.28972956] 
[-0.61384811 -0.24936289 -0.4142015  -0.4005915  -0.2545293  -0.03157958
 -0.70082854 -0.74740128 -1.27997839 -1.15733227 -1.02226927 -1.06524908
 -0.95836491 -0.49524052  0.19802263  0.28974025] 
[-0.61393385 -0.24941135 -0.41405832 -0.40045548 -0.25448886 -0.03134641
 -0.70083157 -0.74756815 -1.28014358 -1.15747117 -1.02252338 -1.06549138
 -0.95847894 -0.49519051  0.19831387  0.28975003] 
[-0.61401907 -0.24945404 -0.41391221 -0.40031654 -0.25445227 -0.03111458
 -0.70083286 -0.74773152 -1.28030574 -1.15760918 -1.02278058 -1.06573492
 -0.95859541 -0.49513882  0.19860461  0.2897633 ] 
[-0.6141061  -0.24949951 -0.41376542 -0.40017593 -0.25441354 -0.03088313
 -0.70083683 -0.74789848 -1.28047035 -1.15774829 -1.02303598 -1.06597721
 -0.95871463 -0.49508628  0.19889055  0.28977123] 
[-0.61419344 -0.24954392 -0.41361836 -0.40003505 -0.25437552 -0.0306529
 -0.70083974 -0.74806436 -1.280634   -1.15788746 -1.02329154 -1.06621928
 -0.95883373 -0.49503336  0.19917659  0.28978013] 
[-0.61428932 -0.24959054 -0.41347078 -0.39988777 -0.25433899 -0.03042483
 -0.70083898 -0.74823072 -1.28080117 -1.15803393 -1.02354661 -1.06647029
 -0.95895567 -0.49498345  0.19945501  0.28978971] 

 Time 
21314.20794248581 
