Energy 
 
-2.0597577698762626 
-7.0211167533809355 
-8.678920418842573 
-9.408827307742138 
-9.75571322750413 
-9.906928448672904 
-10.0044485147096 
-10.052124051690857 
-10.092303985792725 
-10.115921589027492 
-10.129931864343252 
-10.133670494717192 
-10.13685642538254 
-10.14313757973285 
-10.150259348941804 
-10.157321389453177 
-10.164587615102313 
-10.172526371922158 
-10.187987156841306 
-10.195998803871284 
-10.202530139102082 
-10.208571960572637 
-10.219421633059369 
-10.227446407737851 
-10.236514722747238 
-10.242728573341848 
-10.247273771540854 
-10.251894123093969 
-10.256076322447797 
-10.260340957516767 
-10.267845943605643 
-10.273856484864893 
-10.288306836659604 
-10.296855999397613 
-10.304550495294968 
-10.311783655950425 
-10.326988534631154 
-10.341956808124664 
-10.355961187796513 
-10.361532101930269 
-10.366335521195625 
-10.387511115559404 
-10.411868712815842 
-10.421503971462801 
-10.433461101040084 
-10.445963544651757 
-10.45531385213728 
-10.46322029692981 
-10.471952152806029 
-10.478195870982123 
-10.484325521040972 
-10.496955353109778 
-10.512607764746967 
-10.52171982077372 
-10.527988880715334 
-10.533565058680677 
-10.539063342257634 
-10.544930934176994 
-10.552606816142989 
-10.55918755883103 
-10.564997170004247 
-10.570789768321305 
-10.576182084487217 
-10.586649573975322 
-10.59601927477741 
-10.604479972280274 
-10.614076325245804 
-10.624964197797453 
-10.635174829427019 
-10.643108032798143 
-10.648660473602868 
-10.656453328051258 
-10.666151016049264 
-10.675724971835294 
-10.683649032422643 
-10.692672032462998 
-10.701580919325083 
-10.710186053293773 
-10.71861383241408 
-10.725291028288323 
-10.73232852330075 
-10.738993642558672 
-10.745428129576009 
-10.751824245323109 
-10.7575185342013 
-10.763003132931473 
-10.769440742544553 
-10.775467942827127 
-10.780143202090915 
-10.78487234643428 
-10.789568783337863 
-10.794229114738656 
-10.798506711037614 
-10.802645051455418 
-10.806768698481337 
-10.81078467687723 
-10.814921243223827 
-10.818736781182391 
-10.822405021872058 
-10.826053099626959 
-10.830199635038328 
-10.834242221542267 
-10.838460440359 
-10.842606014600708 
-10.846556685876376 
-10.850639756109382 
-10.854607600356726 
-10.858558818277864 
-10.862491717454287 
-10.866785928591485 
-10.871335259156734 
-10.875053775599934 
-10.878416927522487 
-10.88169361692814 
-10.884905456313957 
-10.88815822082973 
-10.891324130345122 
-10.894450169837796 
-10.897899067179846 
-10.901112229562392 
-10.904036121395313 
-10.906894432480037 
-10.909757111626842 
-10.912592955007156 
-10.915422612865882 
-10.91821020638219 
-10.920946058182363 
-10.923697553578467 
-10.926415705084652 
-10.928943425737117 
-10.931477739985958 
-10.93397711739085 
-10.936450659150704 
-10.938858898799431 
-10.94128464526399 
-10.943647782273832 
-10.945960784536837 
-10.948275953597882 
-10.95058349878366 
-10.95283808719124 
-10.955204160337292 
-10.957466244703367 
-10.960649737846357 
-10.96280507091193 
-10.964937436284377 
-10.967040525573887 
-10.968964433665677 
-10.970873894203947 
-10.972687154802767 
-10.97442913384408 
-10.976169967593734 
-10.977911400063888 
-10.97963499292532 
-10.981355362927586 
-10.983089792831612 
-10.98482469868804 
-10.986618032828542 
-10.988388637498042 
-10.990139870692557 
-10.991872905950926 
-10.993560130112868 
-10.995213111032893 
-10.997016013537403 
-10.998810179173788 
-11.000567838594597 
-11.00220169934582 
-11.003830421847514 
-11.005489939144438 
-11.007151707696039 
-11.008810723292248 
-11.010489043106862 
-11.012235904750519 
-11.013985965199254 
-11.01572166871577 
-11.017533232792461 
-11.01934452247637 
-11.021083223564563 
-11.022787715627965 
-11.024489589187212 
-11.026177248073076 
-11.027906371599428 
-11.029505849741748 
-11.031121816155284 
-11.0327354831961 
-11.034344688837145 
-11.035953825483794 
-11.037587683215321 
-11.039192917388707 
-11.040794163228519 
-11.042421697766205 
-11.044043195347996 
-11.045640398002373 
-11.047223934892527 
-11.048796328131354 
-11.050395454130971 
-11.052087351330066 
-11.053800224259438 
-11.055519904571732 
-11.057177810774576 
-11.05882281578599 
-11.060675295490963 
-11.062468824781515 
-11.064246729534133 
-11.06618816331085 
-11.068057924565444 
-11.069993932433228 
-11.071897939427725 
-11.073563478436805 
-11.075223541726505 
-11.07678630637557 
-11.078347715097326 
-11.079906835711213 
-11.081460330175869 
-11.082996030050968 
-11.084461417678584 
-11.085928194418226 
-11.087391245709169 
-11.08884516179039 
-11.090293661508547 
-11.091738265377536 
-11.09319109960937 
-11.094630514328221 
-11.096056908365654 
-11.097475019399788 
-11.098887556951468 
-11.100286404359027 
-11.10168154404203 
-11.103054958514042 
-11.104444778996882 
-11.105833124388916 
-11.107224443703668 
-11.108601280181716 
-11.109973340263723 
-11.111348562474209 
-11.112719728984242 
-11.114086882461137 
-11.115450365187158 
-11.116796312480776 
-11.118150575782597 
-11.119485745020773 
-11.12082749249125 
-11.122165158409555 
-11.123497418942273 
-11.124793854887017 
-11.126077562908108 
-11.127358721983512 
-11.128636851909693 
-11.12991099381131 
-11.131168127241985 
-11.132418752612079 
-11.13366516143665 
-11.13490905573014 
-11.136142329174495 
-11.137321343307729 
-11.138506118433268 
-11.13969142899362 
-11.140876222505764 
-11.14207345647523 
-11.143268039098206 
-11.144464685828506 
-11.145656877022995 
-11.146744052089423 
-11.14782968839878 
-11.148879185661608 
-11.149926060560555 
-11.150970403444498 
-11.152012592097226 
-11.153054801874834 
-11.154094309604206 
-11.15513491672087 
-11.156175052116604 
-11.157216993173794 
-11.158218200869808 
-11.159221597060164 
-11.160222013699533 
-11.161211567314682 
-11.16219450877313 
-11.163178787060309 
-11.164153014404024 
-11.165127997722555 
-11.166101308749662 
-11.167073430632698 
-11.168048382686429 
-11.169021136532908 
-11.17000521771701 
-11.170976983055123 
-11.171933774830922 
-11.172891091866735 
-11.173845722321296 
-11.17479525790872 
-11.175742833166193 
-11.176696567374847 
-11.177646965302685 
-11.17859336462929 
-11.179530950220755 
-11.180467019975273 
-11.181401347356832 
-11.182338460283772 
-11.183274071707356 
-11.184214026737124 
-11.185151909412909 
-11.186088036845346 
-11.187023394408898 
-11.187933071544506 
-11.188837694244176 
-11.189737601697743 
-11.190640727623885 
-11.191544796950357 
-11.192446015550878 
-11.193328876865408 
-11.194214379263109 
-11.195095130832694 
-11.195972120670001 
-11.196848387574127 
-11.197719358198338 
-11.198587540670406 
-11.199443230254762 
-11.200296972829502 
-11.201140296404716 
-11.201983254427255 
-11.202814057805318 
-11.203583769930814 
-11.204352091708735 
-11.205133965121819 
-11.205914769320263 
-11.206695392881002 
-11.20747714472821 
-11.208262183205303 
-11.209046742344354 
-11.209829760180085 
-11.210610754162387 
-11.211390136589472 
-11.212159599506268 
-11.21292478267227 
-11.21368926796046 
-11.214456192224386 
-11.21522435801597 
-11.215991202674871 
-11.216754713846505 
-11.217515052398994 
-11.218273742845792 
-11.219030122611022 
-11.219784900338823 
-11.220531192772386 
-11.22127651995333 
-11.22201818995162 
-11.222757495190958 
-11.223495331886992 
-11.224235567923031 
-11.22497363596922 
-11.225710283951198 
-11.226439131947512 
-11.227170441939732 
-11.227898769704673 
-11.22861807641935 
-11.229346404217935 
-11.230070898719445 
-11.230793592646823 
-11.2315157314378 
-11.232236565731386 
-11.232952994344526 
-11.233674567009663 
-11.234392883115481 
-11.235109830994814 
-11.235824027117399 
-11.236538280643234 
-11.23724967517562 
-11.237957998803338 
-11.238665562777221 
-11.239367192749889 
-11.240067434523867 
-11.240766412562856 
-11.241463676760569 
-11.242159896248978 
-11.242852487888978 
-11.243544104333933 
-11.244234713668243 
-11.244924328141927 
-11.245608901237695 
-11.246292916047162 
-11.246975724169747 
-11.247655579011283 
-11.248334477370836 
-11.249012582350291 
-11.249682507835695 
-11.25035069630224 
-11.251016814557886 
-11.251681379757612 
-11.252345073898866 
-11.253007962742378 
-11.253673446517451 
-11.254339216162277 
-11.254995930858986 
-11.255651334476015 
-11.256302054520486 
-11.256951598486054 
-11.257600065673914 
-11.25824118865942 
-11.258881243873011 
-11.259525561742468 
-11.260170253530251 
-11.260806085103843 
-11.261441724182175 
-11.26207598366817 
-11.262707640942946 
-11.263338393263968 
-11.263977720996335 
-11.264616042432024 
-11.265253033280002 
-11.265896703892746 
-11.266539195393971 
-11.267168440879884 
-11.267796609126606 
-11.268422359549394 
-11.269047374896703 
-11.269668864041225 
-11.270281941295174 
-11.270893561085538 
-11.271502934940559 
-11.27211300693575 
-11.272716201803743 
-11.27331822353755 
-11.27391846027143 
-11.274517741335131 
-11.275115700308557 
-11.275707982965162 
-11.27629741497073 
-11.276885908484171 
-11.277474385699566 
-11.278061683181663 
-11.278643536552384 
-11.279225420600504 
-11.279806166080387 
-11.280386059081815 
-11.28096507867595 
-11.281541059263718 
-11.282116951846515 
-11.282692579462047 
-11.283268102342094 
-11.283842553381689 
-11.284415960169701 
-11.2849929969424 
-11.285569064117587 
-11.286143769533892 
-11.286718696082044 
-11.287292208720583 
-11.287869266183074 
-11.288445817776195 
-11.289012024292372 
-11.28956904604841 
-11.290125205144575 
-11.2906804684058 
-11.291234883799483 
-11.291788161335504 
-11.292340180768678 
-11.292889560027074 
-11.29343770821945 
-11.29398418624316 
-11.294529859925756 
-11.29507081862393 
-11.295612262850574 
-11.29615252471593 
-11.296689900087241 
-11.297226385142821 
-11.297762013206516 
-11.29829670657317 
-11.298830446469312 
-11.2993633002734 
-11.29989583893452 
-11.30042767044436 
-11.300958633036524 
-11.301487376486946 
-11.302015860951588 
-11.302543410311822 
-11.303069703366543 
-11.303595222803164 
-11.304123154655196 
-11.304650155332883 
-11.305174009467313 
-11.305697025754181 
-11.306215464554112 
-11.306728262952266 
-11.30724413121283 
-11.307758260272081 
-11.30827889548251 
-11.308797325259501 
-11.309310504154501 
-11.309820213100819 
-11.310330178395049 
-11.310840170497823 
-11.311353683708251 
-11.311866779705323 
-11.312378576091007 
-11.312888838638061 
-11.313388456469772 
-11.313887412507446 
-11.31438574309271 
-11.314883889931371 
-11.315382661382724 
-11.315878350834364 

 Time 
1741.2043614387512 
