Parameters 
 
[-0.5 -0.5 -0.5 -0.5 -0.5 -0.5 -0.5 -0.5] 
[-0.7065477  -0.74662764 -0.64138997 -0.49990152 -0.30217107 -0.26621663
 -0.26253742 -0.32787143] 
[-0.83606874 -0.85928782 -0.72610912 -0.49975298 -0.28767511 -0.26596938
 -0.16093336 -0.34198779] 
[-0.90590208 -0.95798603 -0.75658109 -0.49773539 -0.27290991 -0.26310717
 -0.16235187 -0.35713822] 
[-0.96344012 -1.02403768 -0.7641374  -0.50066872 -0.26086145 -0.26704185
 -0.15670124 -0.36540269] 
[-0.96510751 -1.02484451 -0.76495241 -0.49965545 -0.25930654 -0.26546537
 -0.1553723  -0.36551895] 
[-0.96709378 -1.02583444 -0.76591566 -0.49843075 -0.25753186 -0.2636458
 -0.15384681 -0.36562238] 
[-0.96899725 -1.02693593 -0.76675488 -0.49785458 -0.25564083 -0.2615264
 -0.15219754 -0.36633932] 
[-0.9705741  -1.0279247  -0.76842767 -0.49575728 -0.25145593 -0.25875953
 -0.14860482 -0.36859179] 
[-0.97132498 -1.02831325 -0.77025419 -0.4929471  -0.24829646 -0.25704314
 -0.14499677 -0.36965693] 
[-0.97188995 -1.02920432 -0.77153252 -0.48992854 -0.24679545 -0.25658022
 -0.14294523 -0.3687365 ] 
[-0.97249556 -1.02982001 -0.77264586 -0.48792628 -0.24605492 -0.25670962
 -0.14201176 -0.36838293] 
[-0.97322175 -1.03019156 -0.77386664 -0.48602296 -0.24543511 -0.25637145
 -0.14122616 -0.367447  ] 
[-0.97398514 -1.03058716 -0.77516847 -0.48394203 -0.24478426 -0.25599477
 -0.14042602 -0.36637526] 
[-0.97465811 -1.03114875 -0.77634833 -0.4815582  -0.24401665 -0.25538751
 -0.13917248 -0.36601576] 
[-0.97546839 -1.03185599 -0.7773556  -0.48004839 -0.24350794 -0.25517169
 -0.13817275 -0.36632526] 
[-0.97724059 -1.03214325 -0.77788492 -0.47905865 -0.24364379 -0.25486149
 -0.13700776 -0.36448396] 
[-0.979568   -1.03228607 -0.77832696 -0.47828591 -0.24449021 -0.25448708
 -0.13603051 -0.36152165] 
[-0.9888266  -1.03015618 -0.77942081 -0.47938119 -0.25387702 -0.25174202
 -0.1373397  -0.34920906] 
[-0.99435489 -1.02895043 -0.780368   -0.47942735 -0.25854184 -0.24994285
 -0.13727093 -0.34185234] 
[-1.00032196 -1.02820486 -0.78112211 -0.47822915 -0.26395136 -0.24970649
 -0.13747719 -0.33457575] 
[-1.00226653 -1.02810423 -0.78182304 -0.47787239 -0.26443118 -0.24895819
 -0.13641184 -0.33257873] 
[-1.00349464 -1.02834645 -0.78239542 -0.47668811 -0.26378231 -0.2487611
 -0.13487648 -0.33161811] 
[-1.00511892 -1.02838354 -0.78296907 -0.47631182 -0.26406887 -0.24829382
 -0.13412573 -0.33010864] 
[-1.00678587 -1.02841995 -0.78355777 -0.47591507 -0.2643543  -0.24781182
 -0.13335213 -0.32855753] 
[-1.00858281 -1.02845743 -0.7840852  -0.47535663 -0.26470896 -0.24735188
 -0.1325379  -0.32703817] 
[-1.0106464  -1.02862042 -0.78457846 -0.4749287  -0.26518622 -0.24689159
 -0.13138413 -0.32567276] 
[-1.01181129 -1.02852044 -0.78498217 -0.47408962 -0.26516435 -0.24645592
 -0.13078126 -0.32474008] 
[-1.01249317 -1.02866001 -0.78524382 -0.47357985 -0.26483934 -0.24605985
 -0.13063482 -0.32358688] 
[-1.01339857 -1.02886773 -0.78544321 -0.47299979 -0.26461691 -0.24567158
 -0.13001549 -0.3228696 ] 
[-1.01441615 -1.02921248 -0.78553015 -0.47242126 -0.26426446 -0.24520541
 -0.12881817 -0.32269558] 
[-1.01556144 -1.02959469 -0.78556021 -0.47174288 -0.26391758 -0.2447471
 -0.12733964 -0.32274054] 
[-1.01647587 -1.02987067 -0.78560656 -0.47087738 -0.26353118 -0.24433552
 -0.12667612 -0.32198292] 
[-1.01736943 -1.030152   -0.78565835 -0.47006878 -0.26308729 -0.24388172
 -0.12596251 -0.32128021] 
[-1.01818918 -1.0304694  -0.78567751 -0.4693795  -0.26251646 -0.24333996
 -0.12514281 -0.32070883] 
[-1.01905589 -1.03080278 -0.78569532 -0.46868681 -0.26196006 -0.24278341
 -0.12426223 -0.32016086] 
[-1.02064618 -1.03166033 -0.78612408 -0.46861979 -0.2621924  -0.24210576
 -0.122844   -0.31972204] 
[-1.02261503 -1.03286611 -0.78651294 -0.46845703 -0.26256548 -0.24129121
 -0.12084266 -0.31945476] 
[-1.02453996 -1.03413012 -0.7868746  -0.46833176 -0.26279935 -0.24038934
 -0.11878156 -0.31921613] 
[-1.02648723 -1.03533617 -0.78740563 -0.46834936 -0.26335294 -0.23967288
 -0.11651867 -0.31927905] 
[-1.02845406 -1.03653657 -0.78793158 -0.46835085 -0.26390252 -0.2389366
 -0.11428732 -0.31928498] 
[-1.02988826 -1.03744148 -0.78824449 -0.46835183 -0.2638089  -0.23800637
 -0.11265966 -0.3190619 ] 
[-1.04900521 -1.0609627  -0.791887   -0.48214818 -0.27148838 -0.23095664
 -0.07506539 -0.33678454] 
[-1.04992432 -1.06171326 -0.79210034 -0.48227639 -0.27144521 -0.23049513
 -0.07345207 -0.33722628] 
[-1.05082751 -1.06243505 -0.79230872 -0.48236999 -0.27138786 -0.23004356
 -0.07189423 -0.33763286] 
[-1.05173949 -1.06342588 -0.79271571 -0.48280146 -0.27111976 -0.22940663
 -0.0696483  -0.33843045] 
[-1.06058566 -1.07436083 -0.79778646 -0.49301037 -0.27407447 -0.22352701
 -0.04404574 -0.3495149 ] 
[-1.06191479 -1.07698672 -0.79919537 -0.49512099 -0.27329267 -0.22155179
 -0.03818115 -0.35190002] 
[-1.06309636 -1.07920898 -0.80042596 -0.49687324 -0.2725607  -0.21983163
 -0.03315405 -0.35387364] 
[-1.06400834 -1.08042292 -0.80134512 -0.49774448 -0.27187312 -0.21854919
 -0.02973327 -0.35516286] 
[-1.06463447 -1.08103177 -0.8019559  -0.49814366 -0.27134401 -0.21772282
 -0.02787161 -0.35560845] 
[-1.06570568 -1.08191155 -0.80277274 -0.49850285 -0.27098087 -0.21664319
 -0.02484215 -0.356586  ] 
[-1.06674064 -1.08269694 -0.80354403 -0.49879558 -0.27062822 -0.21564533
 -0.02205321 -0.35745931] 
[-1.0678085  -1.08330338 -0.80425405 -0.49902994 -0.27042329 -0.21476368
 -0.01963503 -0.35821073] 
[-1.06878657 -1.08385869 -0.80490825 -0.4992683  -0.270158   -0.21400253
 -0.01763436 -0.35871601] 
[-1.06946735 -1.08414138 -0.80529207 -0.49920857 -0.26969788 -0.21330557
 -0.01619766 -0.35906901] 
[-1.07008528 -1.08443993 -0.80570442 -0.49926322 -0.269155   -0.21258261
 -0.01488235 -0.35931089] 
[-1.07062049 -1.08482882 -0.80619338 -0.49956772 -0.26840902 -0.21173097
 -0.01359514 -0.35946181] 
[-1.0711566  -1.08512431 -0.80663549 -0.49982862 -0.2676945  -0.21091783
 -0.01246411 -0.35953739] 
[-1.07162205 -1.08551489 -0.80716077 -0.50030819 -0.26694889 -0.21005455
 -0.01148602 -0.359458  ] 
[-1.07208995 -1.08586088 -0.80766624 -0.5007409  -0.26621596 -0.20922589
 -0.0105845  -0.35932731] 
[-1.0725266  -1.08620325 -0.80815536 -0.50118864 -0.26546192 -0.2084259
 -0.00974124 -0.35915894] 
[-1.07296807 -1.0865386  -0.80864514 -0.50162273 -0.2647101  -0.2076283
 -0.00890259 -0.35898495] 
[-1.07338337 -1.08661178 -0.808914   -0.50149323 -0.26428024 -0.2071094
 -0.00826762 -0.35891513] 
[-1.07378975 -1.08667477 -0.80917319 -0.50133323 -0.26383598 -0.20659823
 -0.00761354 -0.35886553] 
[-1.07419941 -1.08668716 -0.80941697 -0.5010997  -0.26339999 -0.20611528
 -0.00704134 -0.35873551] 
[-1.07456094 -1.08667405 -0.8096852  -0.50089135 -0.26301183 -0.20565724
 -0.00655771 -0.35862998] 
[-1.07492437 -1.08667266 -0.8099753  -0.50073254 -0.26259909 -0.20516933
 -0.00604056 -0.35852625] 
[-1.07530399 -1.08667883 -0.81027991 -0.50057855 -0.26219761 -0.20467834
 -0.00549395 -0.35844524] 
[-1.0756764  -1.08668782 -0.81059852 -0.50044821 -0.26177299 -0.20417201
 -0.00493854 -0.35836394] 
[-1.07604554 -1.08669215 -0.81092364 -0.50033143 -0.26132884 -0.20365313
 -0.00438267 -0.35827566] 
[-1.07643284 -1.0866406  -0.81118854 -0.49997748 -0.26106507 -0.20330992
 -0.00391614 -0.3582028 ] 
[-1.07683329 -1.08659559 -0.81145756 -0.49961804 -0.26080829 -0.20295367
 -0.00341393 -0.35815658] 
[-1.07723836 -1.08654697 -0.81172479 -0.49924306 -0.26055405 -0.20260245
 -0.00292005 -0.35810036] 
[-1.07761651 -1.08652153 -0.8120438  -0.49898056 -0.26022751 -0.20219016
 -0.00233302 -0.35811246] 
[-1.07801916 -1.08643848 -0.81235055 -0.49864157 -0.2599169  -0.20175496
 -0.001693   -0.35812091] 
[-1.07843760e+00 -1.08635426e+00 -8.12660954e-01 -4.98279124e-01
 -2.59622466e-01 -2.01326989e-01 -1.04684083e-03 -3.58129053e-01] 
[-1.07888999e+00 -1.08625417e+00 -8.13007178e-01 -4.97955086e-01
 -2.59348350e-01 -2.00857118e-01 -3.76194258e-04 -3.58167683e-01] 
[-1.07933120e+00 -1.08617058e+00 -8.13365073e-01 -4.97660222e-01
 -2.59047702e-01 -2.00369738e-01  3.22674858e-04 -3.58223033e-01] 
[-1.07975403e+00 -1.08607455e+00 -8.13757017e-01 -4.97393857e-01
 -2.58711787e-01 -1.99864923e-01  1.02450068e-03 -3.58258765e-01] 
[-1.08018997 -1.08598042 -0.81417498 -0.49713956 -0.25838547 -0.19933779
  0.00175219 -0.35830174] 
[-1.08068451 -1.08588869 -0.8145887  -0.49688889 -0.25811536 -0.19880631
  0.0025682  -0.35841073] 
[-1.08118485 -1.08579477 -0.81501492 -0.49665009 -0.25782574 -0.19821645
  0.00346913 -0.35856821] 
[-1.08170425 -1.08568235 -0.81543032 -0.49637573 -0.2575579  -0.19763702
  0.00435684 -0.35872437] 
[-1.08222338 -1.08557033 -0.81584498 -0.4960971  -0.25728732 -0.19706089
  0.00523771 -0.35887409] 
[-1.08314193 -1.08545517 -0.81679993 -0.49624386 -0.25699423 -0.19545584
  0.00775162 -0.36009036] 
[-1.08367963 -1.08536101 -0.81743402 -0.49599749 -0.25679661 -0.19466854
  0.00885244 -0.36035753] 
[-1.0841327  -1.08519694 -0.81791076 -0.49558924 -0.25661748 -0.19406518
  0.00967641 -0.36052499] 
[-1.08457068 -1.08503302 -0.81837221 -0.49513674 -0.2563708  -0.19339707
  0.01059648 -0.36073156] 
[-1.08497343 -1.08483846 -0.81880384 -0.49466684 -0.25605947 -0.19271007
  0.01148304 -0.36093559] 
[-1.0853651  -1.08464567 -0.81922684 -0.49419647 -0.25572993 -0.19202232
  0.01235367 -0.36113607] 
[-1.08575151 -1.08445159 -0.81963741 -0.49372545 -0.25537567 -0.1913204
  0.01323521 -0.36133821] 
[-1.08616464 -1.08426947 -0.8200561  -0.49323462 -0.25505968 -0.1906156
  0.0141719  -0.36157183] 
[-1.08659992 -1.0840743  -0.82048904 -0.49271404 -0.25474564 -0.18985728
  0.01519494 -0.36184738] 
[-1.08703141 -1.08388247 -0.82091619 -0.49218859 -0.25442482 -0.18910797
  0.01620717 -0.3621153 ] 
[-1.08745297 -1.08366706 -0.82135255 -0.49164569 -0.25407278 -0.18833725
  0.01721921 -0.36238563] 
[-1.08789435 -1.08343353 -0.82177701 -0.49107507 -0.25372868 -0.18755597
  0.0182376  -0.36266351] 
[-1.08831686 -1.08326122 -0.82213508 -0.49042882 -0.25344799 -0.18693089
  0.01919271 -0.36285877] 
[-1.08873791 -1.08309233 -0.82249833 -0.48978013 -0.2531693  -0.18631103
  0.02013738 -0.3630504 ] 
[-1.08920589 -1.08286249 -0.82291063 -0.48906716 -0.25291585 -0.18557951
  0.02130475 -0.36335268] 
[-1.08969467 -1.08260649 -0.82335052 -0.48828757 -0.25268711 -0.18485169
  0.02253701 -0.36367163] 
[-1.09016453 -1.08232153 -0.82375491 -0.48747961 -0.25244172 -0.18413095
  0.02372543 -0.36398584] 
[-1.09070412 -1.08212582 -0.82425291 -0.48678943 -0.25233484 -0.183385
  0.02493607 -0.36435945] 
[-1.09123314 -1.08193101 -0.82474127 -0.48610088 -0.25221251 -0.18266094
  0.02610539 -0.36470679] 
[-1.09175204 -1.08172758 -0.82521305 -0.48540239 -0.25206368 -0.18194124
  0.02725113 -0.36503934] 
[-1.09226457 -1.08152661 -0.82568029 -0.48470684 -0.25190497 -0.18123413
  0.02837017 -0.36535334] 
[-1.09275077 -1.08132279 -0.82612948 -0.48401599 -0.25171933 -0.18057132
  0.02941121 -0.36561518] 
[-1.09323143 -1.08110319 -0.82658435 -0.48331408 -0.25152338 -0.17988733
  0.03048828 -0.36589306] 
[-1.09373148 -1.08084218 -0.82707082 -0.48256158 -0.25124312 -0.17894864
  0.0319322  -0.36636055] 
[-1.09423955 -1.0805669  -0.8275711  -0.48175697 -0.25092711 -0.17796452
  0.03346979 -0.36686164] 
[-1.09479718 -1.0802623  -0.82799523 -0.48091518 -0.25073488 -0.17720556
  0.03470625 -0.36725026] 
[-1.09534007 -1.07995018 -0.82837435 -0.48010752 -0.2504918  -0.1764391
  0.03588495 -0.36762345] 
[-1.09581577 -1.079633   -0.82872943 -0.47931015 -0.25018267 -0.17579706
  0.03683229 -0.36784935] 
[-1.09621821 -1.07933709 -0.82901457 -0.478585   -0.24979702 -0.17528066
  0.03752609 -0.36792101] 
[-1.09661545 -1.07907633 -0.82932164 -0.47791064 -0.24946817 -0.1748016
  0.03823092 -0.3680009 ] 
[-1.09700729 -1.07880062 -0.82959415 -0.47725205 -0.24909871 -0.1742946
  0.03892774 -0.36808888] 
[-1.09740728 -1.07852723 -0.82986911 -0.47659416 -0.24873712 -0.1737891
  0.03961863 -0.36816847] 
[-1.09776038 -1.07830883 -0.83016988 -0.47598723 -0.24834095 -0.17329887
  0.04033851 -0.36828937] 
[-1.09810878 -1.07808809 -0.83046361 -0.47537945 -0.24792952 -0.17279812
  0.04106875 -0.36841695] 
[-1.09844722 -1.07786476 -0.83075876 -0.47477825 -0.24750396 -0.17229237
  0.04179051 -0.36854376] 
[-1.09877811 -1.07764928 -0.83105705 -0.47418899 -0.24709508 -0.17179861
  0.04247026 -0.36865115] 
[-1.09909593 -1.0774349  -0.83135701 -0.47361227 -0.24667205 -0.17131048
  0.04311869 -0.36873531] 
[-1.0993796  -1.07743947 -0.83167833 -0.47320811 -0.24644653 -0.17111029
  0.04343939 -0.36871681] 
[-1.09968968 -1.07743137 -0.83200674 -0.47278119 -0.24623494 -0.17088694
  0.04378729 -0.36870947] 
[-1.10000056 -1.07742173 -0.83233406 -0.47235763 -0.24601726 -0.17066667
  0.04412421 -0.36869638] 
[-1.10029494 -1.07745588 -0.83261607 -0.47193785 -0.24581181 -0.17052201
  0.04434366 -0.36859677] 
[-1.10059493 -1.07750674 -0.83290671 -0.47152926 -0.24560622 -0.17039185
  0.04454731 -0.36849316] 
[-1.10089777 -1.07756723 -0.83319114 -0.47110756 -0.24538879 -0.1702454
  0.0447606  -0.36839667] 
[-1.10116854 -1.07765109 -0.833435   -0.47071897 -0.24512754 -0.1700951
  0.04494612 -0.36829047] 
[-1.10143776 -1.07773676 -0.83367666 -0.47032858 -0.24485976 -0.16994396
  0.04512985 -0.36818313] 
[-1.10169721 -1.07782751 -0.83392792 -0.46994543 -0.24458634 -0.16979981
  0.04531037 -0.36807973] 
[-1.10193061 -1.07790969 -0.83415052 -0.4695832  -0.24426354 -0.16962197
  0.04551023 -0.36797863] 
[-1.10218224 -1.0779854  -0.83438862 -0.46923028 -0.24396015 -0.16942081
  0.04573891 -0.36789633] 
[-1.10243937 -1.07806495 -0.83462701 -0.46887248 -0.24365725 -0.16921951
  0.04597336 -0.36781584] 
[-1.10269757 -1.07814457 -0.8348683  -0.46851118 -0.24335685 -0.16902353
  0.04620329 -0.36773111] 
[-1.10295707 -1.07822453 -0.83511077 -0.46814821 -0.24305576 -0.16882784
  0.04643236 -0.36764471] 
[-1.10321742 -1.07829925 -0.83536417 -0.46777315 -0.24276376 -0.16863892
  0.04666724 -0.36756403] 
[-1.1034744  -1.07837942 -0.83562265 -0.46740096 -0.24246554 -0.16845205
  0.04690407 -0.36748001] 
[-1.10368987 -1.07842936 -0.83584987 -0.46701156 -0.24209542 -0.16822636
  0.0471471  -0.36742027] 
[-1.10391266 -1.07847784 -0.83607355 -0.46662806 -0.24173048 -0.16799016
  0.04740033 -0.36736346] 
[-1.10413382 -1.07852453 -0.83629776 -0.46624235 -0.24136334 -0.16775606
  0.0476532  -0.36730744] 
[-1.10435214 -1.07856801 -0.83652826 -0.46585103 -0.24099198 -0.16751574
  0.04790994 -0.36725241] 
[-1.10458609 -1.07862476 -0.83676665 -0.46547336 -0.24066585 -0.16731533
  0.04813088 -0.36718691] 
[-1.10482031 -1.07868598 -0.83699987 -0.46509101 -0.24034428 -0.16712062
  0.04835493 -0.3671245 ] 
[-1.10505973 -1.07874841 -0.83723515 -0.46470501 -0.24002773 -0.16692927
  0.04857688 -0.36705916] 
[-1.10529806 -1.07879604 -0.83748981 -0.46430442 -0.23971117 -0.16671083
  0.04883444 -0.36701769] 
[-1.10553759 -1.07882208 -0.83778386 -0.46387395 -0.23939756 -0.16645815
  0.04911995 -0.36698499] 
[-1.10577706 -1.07884878 -0.83807634 -0.46344282 -0.23908038 -0.16620477
  0.04940403 -0.36695007] 
[-1.10599557 -1.07886446 -0.8383485  -0.46299889 -0.23873671 -0.16597729
  0.04964989 -0.3668866 ] 
[-1.1062118  -1.07887802 -0.83861905 -0.46254452 -0.23838076 -0.16574998
  0.04989192 -0.36681481] 
[-1.10642623 -1.07889195 -0.83888665 -0.46209072 -0.23802071 -0.16552037
  0.05013124 -0.3667417 ] 
[-1.10663808 -1.07891092 -0.83915032 -0.46163363 -0.2376681  -0.16529299
  0.05036147 -0.36667306] 
[-1.1068571  -1.0789341  -0.83941171 -0.46117112 -0.23732233 -0.16507109
  0.05059463 -0.36660633] 
[-1.10707827 -1.07895773 -0.83967295 -0.46070616 -0.23697657 -0.16485104
  0.05082669 -0.36653871] 
[-1.10730172 -1.07899953 -0.83995212 -0.46021926 -0.23666479 -0.16467649
  0.05102828 -0.36646458] 
[-1.10749202 -1.07904404 -0.84021115 -0.45971851 -0.23629556 -0.1644712
  0.05124092 -0.36641047] 
[-1.10770005 -1.07911078 -0.84046521 -0.4592389  -0.23594519 -0.16429167
  0.05143063 -0.36634973] 
[-1.10793351 -1.07919398 -0.84074084 -0.45878471 -0.23563724 -0.16410946
  0.0516071  -0.36628988] 
[-1.10816652 -1.07927803 -0.84101574 -0.45833157 -0.23532502 -0.16392391
  0.05178602 -0.36623113] 
[-1.10839672 -1.07936487 -0.84128635 -0.45787588 -0.2350063  -0.16374075
  0.05196313 -0.36617263] 
[-1.1086273  -1.07945346 -0.84155555 -0.45741793 -0.23468504 -0.16355245
  0.05215181 -0.36611869] 
[-1.10886124 -1.07953986 -0.84182621 -0.45694538 -0.23436424 -0.16336642
  0.05234121 -0.36606417] 
[-1.10909706 -1.07962427 -0.84209085 -0.45647763 -0.23403916 -0.16317764
  0.05252531 -0.36600504] 
[-1.10933305 -1.07970991 -0.84235533 -0.45601036 -0.23371259 -0.16298843
  0.05270938 -0.36594567] 
[-1.10956334 -1.07980607 -0.84260081 -0.455529   -0.23339081 -0.16280184
  0.05288302 -0.36589672] 
[-1.10977486 -1.07990357 -0.84282461 -0.45506845 -0.23304814 -0.16260895
  0.05304746 -0.36585472] 
[-1.10999672 -1.08000371 -0.84305181 -0.45463265 -0.23272775 -0.16239979
  0.05320351 -0.36582066] 
[-1.11022085 -1.08010581 -0.8432824  -0.45420184 -0.23241345 -0.16219102
  0.0533556  -0.36578616] 
[-1.11043329 -1.08020536 -0.84350503 -0.4537685  -0.23207313 -0.16197151
  0.05351039 -0.36575713] 
[-1.11066607 -1.08029341 -0.84375177 -0.45334188 -0.23178322 -0.16179165
  0.05361801 -0.36568804] 
[-1.11089718 -1.08038393 -0.84400699 -0.45292221 -0.23149933 -0.16161074
  0.05372145 -0.36561494] 
[-1.11112908 -1.08047746 -0.84426852 -0.45249676 -0.23122183 -0.16143853
  0.05381962 -0.3655408 ] 
[-1.11135966 -1.08057078 -0.84452953 -0.45207197 -0.23094104 -0.16126664
  0.0539171  -0.36546591] 
[-1.1115954  -1.08066594 -0.84478936 -0.45164402 -0.23066412 -0.16109687
  0.05401852 -0.36539358] 
[-1.1118294  -1.08076812 -0.84505615 -0.45122988 -0.23040679 -0.16095229
  0.05408989 -0.36529827] 
[-1.11206118 -1.08087248 -0.84532254 -0.45081751 -0.23014465 -0.16080591
  0.05416435 -0.36520518] 
[-1.11228391 -1.08096385 -0.84560013 -0.45042523 -0.22989293 -0.16064496
  0.054224   -0.36509531] 
[-1.11252638 -1.081048   -0.8459047  -0.45000484 -0.22965945 -0.16049197
  0.05428047 -0.36498439] 
[-1.11275494 -1.08114046 -0.84617089 -0.4496259  -0.22943221 -0.16033795
  0.05435455 -0.3648632 ] 
[-1.11298613 -1.08123101 -0.8464377  -0.4492495  -0.22920796 -0.16018117
  0.05442746 -0.36473942] 
[-1.11321777 -1.08132195 -0.84670447 -0.4488728  -0.22898241 -0.16002402
  0.05450015 -0.36461496] 
[-1.11345578 -1.08140913 -0.84696929 -0.4484914  -0.22876196 -0.15986503
  0.05457226 -0.36449263] 
[-1.11369525 -1.08149701 -0.84723534 -0.44811013 -0.2285424  -0.15970589
  0.05464555 -0.36437051] 
[-1.11393549 -1.08158203 -0.84749209 -0.44773462 -0.228314   -0.15953624
  0.05472887 -0.36425725] 
[-1.11417736 -1.08166837 -0.84775381 -0.44735272 -0.22809086 -0.15937171
  0.05481607 -0.36414654] 
[-1.1144194  -1.0817554  -0.8480155  -0.44697097 -0.22786612 -0.15920639
  0.05490328 -0.36403563] 
[-1.11466093 -1.08184379 -0.8482753  -0.44658955 -0.22763771 -0.15903916
  0.05499095 -0.36392485] 
[-1.11490244 -1.08193457 -0.84853514 -0.44620806 -0.22741058 -0.15887215
  0.05508043 -0.36381638] 
[-1.11514448 -1.0820261  -0.84879496 -0.44582659 -0.22718276 -0.15870499
  0.05516976 -0.3637074 ] 
[-1.11538499 -1.08211481 -0.84904512 -0.44545165 -0.22694232 -0.15852353
  0.05527179 -0.36361003] 
[-1.11562581 -1.08220618 -0.84929204 -0.44507907 -0.22669699 -0.15833742
  0.05537828 -0.36351568] 
[-1.11586052 -1.08229518 -0.84954532 -0.44471008 -0.22644258 -0.15813992
  0.05548884 -0.36342222] 
[-1.11609269 -1.0823829  -0.84980195 -0.44434328 -0.22618665 -0.15794378
  0.05559287 -0.36332334] 
[-1.11632787 -1.08246879 -0.85005805 -0.44397207 -0.22593228 -0.15774645
  0.05570029 -0.36322677] 
[-1.11657096 -1.08255337 -0.85032245 -0.44360439 -0.22568915 -0.15754827
  0.05580369 -0.36313141] 
[-1.11681369 -1.08263189 -0.85059511 -0.44323062 -0.22545417 -0.1573584
  0.05590344 -0.36303467] 
[-1.11705502 -1.0826948  -0.8508505  -0.44284172 -0.22524374 -0.15721866
  0.05595622 -0.36289851] 
[-1.1173093  -1.0827476  -0.85109487 -0.44242946 -0.22503245 -0.15709321
  0.05600344 -0.36276493] 
[-1.11756157 -1.08280253 -0.85133665 -0.44202282 -0.2248143  -0.15696185
  0.05604946 -0.36263305] 
[-1.11781065 -1.08286115 -0.85157371 -0.4416154  -0.22459003 -0.15683367
  0.05609279 -0.36250054] 
[-1.11805894 -1.08292023 -0.85181231 -0.44120573 -0.22436316 -0.1567054
  0.05613748 -0.36236875] 
[-1.11830346 -1.08297803 -0.85205841 -0.4408026  -0.22413815 -0.15656973
  0.05618331 -0.36223738] 
[-1.11854492 -1.08303954 -0.85230573 -0.44041073 -0.22392282 -0.15644849
  0.05621381 -0.36209783] 
[-1.11878757 -1.08310826 -0.85254265 -0.44002813 -0.22369888 -0.15631901
  0.05625302 -0.36196536] 
[-1.11902851 -1.08317591 -0.85277963 -0.43964059 -0.22346935 -0.15618767
  0.05629551 -0.36183712] 
[-1.11927234 -1.0832451  -0.85301708 -0.43925074 -0.22324117 -0.1560575
  0.05633871 -0.36170885] 
[-1.11951686 -1.08331294 -0.85325583 -0.43885882 -0.22301369 -0.15592681
  0.05638193 -0.36158099] 
[-1.1197412  -1.08339651 -0.85347201 -0.43848749 -0.22276005 -0.15579787
  0.05644423 -0.36146822] 
[-1.11996459 -1.08347906 -0.85368893 -0.43811783 -0.22250448 -0.15566874
  0.0565076  -0.36135409] 
[-1.12019805 -1.08356699 -0.85390044 -0.43774171 -0.22225974 -0.15555099
  0.05656604 -0.36123978] 
[-1.12043049 -1.08365176 -0.85410951 -0.43736272 -0.22201456 -0.15543082
  0.05662786 -0.36112537] 
[-1.12066095 -1.08373652 -0.85432039 -0.43698574 -0.22176703 -0.15530932
  0.05668775 -0.36101043] 
[-1.12089521 -1.08382161 -0.85453198 -0.43660916 -0.2215203  -0.15518954
  0.05674544 -0.36089294] 
[-1.12112927 -1.08390664 -0.85474383 -0.43623258 -0.22127263 -0.15507039
  0.05680208 -0.36077447] 
[-1.12136339 -1.08399142 -0.85495586 -0.43585633 -0.22102389 -0.15494999
  0.05685967 -0.36065641] 
[-1.12159536 -1.08407619 -0.85516719 -0.43547832 -0.22077071 -0.15482636
  0.05692019 -0.36054022] 
[-1.12183341 -1.08415387 -0.85537609 -0.43508971 -0.22051786 -0.15470657
  0.05697993 -0.36042588] 
[-1.12207097 -1.08423225 -0.855583   -0.43469956 -0.2202652  -0.1545844
  0.05704395 -0.36031468] 
[-1.12230871 -1.08431143 -0.85579262 -0.43430644 -0.22001437 -0.1544644
  0.05711073 -0.36020556] 
[-1.12254133 -1.08438458 -0.85598885 -0.43392528 -0.21975003 -0.15434073
  0.05717082 -0.36010114] 
[-1.12277341 -1.08445863 -0.85619663 -0.43353439 -0.21948792 -0.15421801
  0.05721983 -0.35999022] 
[-1.12300575 -1.08453469 -0.85640363 -0.43314117 -0.2192228  -0.15409542
  0.05726964 -0.35987927] 
[-1.12323524 -1.0846117  -0.85660959 -0.43274822 -0.21894935 -0.15397037
  0.05731989 -0.35976792] 
[-1.12346503 -1.0846893  -0.85681561 -0.4323556  -0.21867535 -0.15384551
  0.05737052 -0.35965648] 
[-1.12369361 -1.08476102 -0.85701782 -0.43195695 -0.21840391 -0.15371983
  0.05741846 -0.35954277] 
[-1.12392143 -1.08483391 -0.85721884 -0.43155679 -0.21813022 -0.15359463
  0.0574685  -0.35943019] 
[-1.12415032 -1.08490754 -0.8574195  -0.43115758 -0.21785697 -0.15346901
  0.05751842 -0.35931675] 
[-1.12437898 -1.08498023 -0.85761912 -0.43075701 -0.2175814  -0.15334163
  0.05756901 -0.35920346] 
[-1.12460794 -1.08505402 -0.857818   -0.43035641 -0.21730564 -0.15321532
  0.05761894 -0.35908917] 
[-1.12483365 -1.08513191 -0.85801861 -0.42995963 -0.21702606 -0.15309157
  0.05766401 -0.35897076] 
[-1.12506023 -1.08521102 -0.85821818 -0.42956325 -0.21674629 -0.15296883
  0.05770834 -0.358852  ] 
[-1.12526497 -1.08526488 -0.85843053 -0.42919869 -0.21647874 -0.15281102
  0.05774179 -0.35875691] 
[-1.12547049 -1.08531838 -0.85864398 -0.42883457 -0.21620971 -0.15265129
  0.05777505 -0.35866219] 
[-1.12567599 -1.08537324 -0.85885996 -0.42846744 -0.21594336 -0.15249464
  0.05781166 -0.35856991] 
[-1.1258864  -1.08543    -0.859074   -0.428099   -0.21568066 -0.15234162
  0.05784769 -0.35847445] 
[-1.12609693 -1.08548695 -0.85928806 -0.42773075 -0.21541724 -0.15218834
  0.0578836  -0.35837878] 
[-1.12630755 -1.08554377 -0.85950309 -0.42736114 -0.2151525  -0.15203466
  0.05792011 -0.35828387] 
[-1.12650037 -1.08559928 -0.85970226 -0.42700794 -0.21486972 -0.15186951
  0.05795143 -0.35819617] 
[-1.12669366 -1.08565518 -0.85990148 -0.42665483 -0.21458671 -0.15170451
  0.05798288 -0.35810822] 
[-1.12688094 -1.08572262 -0.86009016 -0.42631365 -0.21429814 -0.15154926
  0.05800137 -0.35800843] 
[-1.12706775 -1.08579215 -0.86027965 -0.42597375 -0.21401082 -0.15139366
  0.05802195 -0.35790889] 
[-1.12725472 -1.08586557 -0.8604741  -0.42562912 -0.21372816 -0.15124479
  0.05804267 -0.35780495] 
[-1.12743556 -1.08594527 -0.86066229 -0.42529235 -0.21343777 -0.15109178
  0.05805972 -0.35770023] 
[-1.12761409 -1.08602969 -0.86084477 -0.42495111 -0.21314747 -0.15093291
  0.0580817  -0.35759313] 
[-1.12779353 -1.08611673 -0.86102776 -0.42461098 -0.21285602 -0.15077629
  0.05810242 -0.35748535] 
[-1.12796398 -1.08619887 -0.8612159  -0.42427511 -0.21255441 -0.15060907
  0.05812299 -0.35738291] 
[-1.12813489 -1.08628113 -0.86140408 -0.42393923 -0.21225256 -0.15044179
  0.05814385 -0.35728045] 
[-1.12830413 -1.08636556 -0.8615934  -0.42360484 -0.21194778 -0.15027146
  0.05816461 -0.35717857] 
[-1.12847044 -1.08644838 -0.86178138 -0.42327489 -0.21164226 -0.15010764
  0.05817737 -0.35706852] 
[-1.12863557 -1.08653321 -0.86196773 -0.42294376 -0.21133377 -0.14994574
  0.0581891  -0.35695831] 
[-1.12879963 -1.08661691 -0.8621554  -0.42261086 -0.2110235  -0.14978396
  0.05820083 -0.35684845] 
[-1.12896308 -1.08669932 -0.86234513 -0.42227838 -0.21070997 -0.14961791
  0.05821663 -0.35674155] 
[-1.12912545 -1.08678423 -0.86254096 -0.42194258 -0.21040168 -0.1494572
  0.05823773 -0.35663953] 
[-1.12929039 -1.0868697  -0.86273538 -0.42160559 -0.21009583 -0.14929863
  0.05825978 -0.35653851] 
[-1.12945249 -1.08695598 -0.86292884 -0.42126776 -0.20978554 -0.14914002
  0.05828171 -0.35643768] 
[-1.1296138  -1.08703853 -0.86312462 -0.42092731 -0.2094778  -0.14898268
  0.05830751 -0.35634027] 
[-1.12977615 -1.0871223  -0.86332024 -0.42058705 -0.20917071 -0.14882692
  0.05833234 -0.35624265] 
[-1.12994361 -1.08721245 -0.86350729 -0.42025421 -0.20886304 -0.14867558
  0.05836467 -0.35615048] 
[-1.1301133  -1.08731093 -0.863687   -0.41992121 -0.20856515 -0.14853935
  0.05838154 -0.35604283] 
[-1.13028396 -1.08740935 -0.86386688 -0.41958793 -0.20826775 -0.14840353
  0.05839859 -0.35593516] 
[-1.13045617 -1.0875097  -0.86403803 -0.41926303 -0.20797117 -0.14827501
  0.05841812 -0.3558216 ] 
[-1.13062899 -1.0876102  -0.86420915 -0.41893814 -0.20767461 -0.14814668
  0.0584376  -0.35570778] 
[-1.13080101 -1.08771319 -0.86438382 -0.41861749 -0.20738092 -0.14801755
  0.05845425 -0.35559125] 
[-1.13097487 -1.08781556 -0.86455791 -0.4182961  -0.20708867 -0.1478884
  0.05847056 -0.35547488] 
[-1.13114861 -1.08791875 -0.86473135 -0.41797533 -0.20679547 -0.14775888
  0.05848626 -0.35535755] 
[-1.13132457 -1.08802228 -0.86490609 -0.41765445 -0.20650352 -0.14763
  0.05850104 -0.35523849] 
[-1.13149948 -1.08812423 -0.86507962 -0.41733605 -0.20620974 -0.14749981
  0.05851784 -0.35511833] 
[-1.13167251 -1.08822561 -0.86525146 -0.41701904 -0.20591285 -0.14736858
  0.05853421 -0.35499683] 
[-1.13184165 -1.08831902 -0.8654174  -0.41669634 -0.20561702 -0.14723039
  0.0585578  -0.3548763 ] 
[-1.13201182 -1.08841221 -0.86558264 -0.41637332 -0.20532179 -0.14709304
  0.05858235 -0.3547565 ] 
[-1.13218167 -1.08850664 -0.86574891 -0.41605322 -0.20502877 -0.14695552
  0.05860484 -0.35463623] 
[-1.13235212 -1.08860125 -0.86591514 -0.41573316 -0.20473587 -0.14681814
  0.05862739 -0.35451582] 
[-1.1325197  -1.08869653 -0.8660796  -0.41541059 -0.20443803 -0.14668083
  0.05865312 -0.3543984 ] 
[-1.1326772  -1.08879831 -0.86624762 -0.41509389 -0.20412663 -0.14653456
  0.05867815 -0.35428393] 
[-1.1328381  -1.08889874 -0.86641726 -0.41477908 -0.20381946 -0.14638725
  0.05870441 -0.3541688 ] 
[-1.13300014 -1.08899849 -0.86658672 -0.41446336 -0.20351264 -0.14624031
  0.05873139 -0.35405403] 
[-1.13316036 -1.08908752 -0.86676389 -0.41413995 -0.20321707 -0.14610156
  0.0587532  -0.35394485] 
[-1.13332099 -1.08917327 -0.86694107 -0.41382102 -0.20292196 -0.14595763
  0.05877349 -0.353839  ] 
[-1.1334827  -1.08925932 -0.86711833 -0.41350246 -0.20262762 -0.14581368
  0.0587941  -0.35373321] 
[-1.1336475  -1.08934842 -0.86729826 -0.41318746 -0.20233843 -0.14567125
  0.05881514 -0.35362511] 
[-1.1338129  -1.08943606 -0.86747921 -0.41287066 -0.20205136 -0.14553061
  0.05883395 -0.3535149 ] 
[-1.13396624 -1.08953037 -0.86763753 -0.41258286 -0.20177184 -0.14536774
  0.05884485 -0.35341693] 
[-1.13412079 -1.08962021 -0.86779625 -0.41229362 -0.20150044 -0.14521453
  0.0588473  -0.35331129] 
[-1.13427738 -1.08971022 -0.86795623 -0.41200552 -0.20123195 -0.14506352
  0.05884895 -0.35320423] 
[-1.13443668 -1.0898013  -0.8681174  -0.41171869 -0.20096672 -0.1449149
  0.05884842 -0.35309508] 
[-1.13459956 -1.08989014 -0.86828074 -0.41142931 -0.20070601 -0.14476889
  0.05884969 -0.35298812] 
[-1.1347586  -1.08998133 -0.86844223 -0.41113762 -0.20043822 -0.14461843
  0.05885113 -0.35288213] 
[-1.13491292 -1.09006889 -0.86860057 -0.41084225 -0.20016457 -0.14446981
  0.05885177 -0.3527783 ] 
[-1.13506704 -1.09015754 -0.86876075 -0.41054299 -0.19989067 -0.14431763
  0.05884986 -0.35267049] 
[-1.13522242 -1.09024644 -0.8689205  -0.41024308 -0.19961756 -0.14416497
  0.05884891 -0.35256333] 
[-1.13537069 -1.09033313 -0.86908333 -0.40994591 -0.19933632 -0.14400655
  0.05884784 -0.3524589 ] 
[-1.13551876 -1.09041964 -0.86924644 -0.40964899 -0.19905444 -0.14384782
  0.05884679 -0.35235463] 
[-1.13566261 -1.0904976  -0.86942061 -0.40935846 -0.19878145 -0.14368857
  0.05884897 -0.35225952] 
[-1.13580707 -1.09057567 -0.86959467 -0.40906795 -0.19850867 -0.14352959
  0.05885117 -0.35216426] 
[-1.13595106 -1.09065447 -0.86976918 -0.40877815 -0.19823498 -0.14337112
  0.05885381 -0.35206851] 
[-1.13609579 -1.09073341 -0.86994351 -0.40848835 -0.19796165 -0.14321301
  0.0588565  -0.35197257] 
[-1.13624129 -1.09081208 -0.87011738 -0.40819763 -0.19768755 -0.14305412
  0.05885924 -0.35187678] 
[-1.13638742 -1.09089033 -0.87029176 -0.40790734 -0.19741391 -0.14289544
  0.05886224 -0.35178143] 
[-1.13653387 -1.09096805 -0.87046666 -0.40761649 -0.19714138 -0.14273801
  0.0588658  -0.35168657] 
[-1.13668045 -1.09104456 -0.87064278 -0.4073275  -0.19686521 -0.14258227
  0.05886965 -0.35158829] 
[-1.13682749 -1.09112131 -0.87081946 -0.4070375  -0.19658994 -0.14242795
  0.05887414 -0.35148987] 
[-1.13697528 -1.09119804 -0.87099593 -0.40674743 -0.19631508 -0.14227379
  0.0588788  -0.35139148] 
[-1.13712551 -1.09127596 -0.8711722  -0.40645866 -0.19604276 -0.14212036
  0.05888348 -0.35129359] 
[-1.13727422 -1.09134735 -0.87135536 -0.40616491 -0.19577704 -0.14197389
  0.05889143 -0.35120003] 
[-1.13742584 -1.09142026 -0.87153927 -0.40587276 -0.19551455 -0.14182956
  0.05889816 -0.3511048 ] 
[-1.1375766  -1.09149042 -0.87172079 -0.40557948 -0.19525346 -0.14168292
  0.05890526 -0.35101065] 
[-1.13772807 -1.0915624  -0.87190279 -0.40528742 -0.19499143 -0.14153727
  0.05891089 -0.35091619] 
[-1.13787854 -1.09163545 -0.87208537 -0.40499627 -0.19472808 -0.14139207
  0.05891689 -0.35082112] 
[-1.13802845 -1.09170915 -0.87226767 -0.40470567 -0.19446205 -0.14124682
  0.05892184 -0.35072369] 
[-1.13817899 -1.0917831  -0.8724496  -0.40441514 -0.19419645 -0.14110205
  0.05892658 -0.35062595] 
[-1.13833051 -1.09185588 -0.87263021 -0.40412448 -0.19393223 -0.14095639
  0.05893296 -0.35052899] 
[-1.13848052 -1.09192917 -0.87281055 -0.40383594 -0.19366705 -0.14081073
  0.05893845 -0.35043274] 
[-1.13863317 -1.09200077 -0.87298962 -0.40354566 -0.19340446 -0.14066433
  0.0589462  -0.35033868] 
[-1.13878963 -1.09207319 -0.87316768 -0.40325386 -0.19314541 -0.14051711
  0.05895317 -0.35024515] 
[-1.13894625 -1.09214552 -0.87334535 -0.40296194 -0.19288617 -0.14037026
  0.0589601  -0.35015163] 
[-1.13910335 -1.09221794 -0.87352276 -0.40267016 -0.19262704 -0.14022357
  0.05896704 -0.350058  ] 
[-1.1392596  -1.09229372 -0.87369572 -0.40237353 -0.19237332 -0.14008428
  0.05897597 -0.34996961] 
[-1.13941536 -1.09236634 -0.87387113 -0.40207425 -0.19212266 -0.13994751
  0.05898463 -0.34988362] 
[-1.13957042 -1.09243889 -0.87404752 -0.40177917 -0.19187497 -0.13981063
  0.05898846 -0.34979274] 
[-1.13972444 -1.09250873 -0.87422653 -0.40148103 -0.19162809 -0.13967143
  0.05899596 -0.34970525] 
[-1.13987779 -1.09258021 -0.87440366 -0.40118192 -0.19138159 -0.1395297
  0.05900512 -0.3496168 ] 
[-1.14003461 -1.09265073 -0.87457979 -0.40088108 -0.19113779 -0.13938808
  0.05901195 -0.3495266 ] 
[-1.1401971  -1.09272782 -0.87474885 -0.40058948 -0.19090162 -0.13924054
  0.05902311 -0.3494419 ] 
[-1.14036624 -1.09280187 -0.87492077 -0.40030037 -0.1906745  -0.13909825
  0.05903649 -0.34935754] 
[-1.14053579 -1.09287594 -0.87509251 -0.40001136 -0.19044749 -0.13895609
  0.05905001 -0.34927315] 
[-1.14070581 -1.09295015 -0.87526393 -0.3997226  -0.19022054 -0.13881418
  0.05906347 -0.34918858] 
[-1.14087424 -1.09302538 -0.8754342  -0.3994357  -0.18999133 -0.13867074
  0.05907799 -0.34910322] 
[-1.14104242 -1.0931002  -0.875604   -0.3991485  -0.18976155 -0.13852795
  0.05909248 -0.34901807] 
[-1.14121243 -1.09317422 -0.87577356 -0.39886211 -0.18953377 -0.13838553
  0.0591083  -0.34893409] 
[-1.14138005 -1.09325239 -0.87593732 -0.39857435 -0.1893109  -0.13825064
  0.0591329  -0.34885864] 
[-1.14154682 -1.09333127 -0.87610163 -0.39828764 -0.18908653 -0.13811512
  0.05915741 -0.34878326] 
[-1.14171846 -1.09341439 -0.87625903 -0.39800741 -0.18886229 -0.1379856
  0.05917728 -0.34870828] 
[-1.14188767 -1.09350037 -0.8764128  -0.39772429 -0.18863931 -0.1378503
  0.05920431 -0.34864024] 
[-1.14205823 -1.09358498 -0.87656665 -0.39744346 -0.18841913 -0.13771362
  0.05922914 -0.34857095] 
[-1.14223181 -1.09367014 -0.87671978 -0.39716313 -0.18819959 -0.13757408
  0.05925432 -0.34850133] 
[-1.14240578 -1.09375528 -0.87687262 -0.39688284 -0.18798015 -0.13743489
  0.05927963 -0.34843164] 
[-1.14258083 -1.09383968 -0.87702498 -0.39660151 -0.18776149 -0.13729532
  0.05930627 -0.3483631 ] 
[-1.14274717 -1.09391701 -0.87717148 -0.39631348 -0.18753304 -0.13716224
  0.05933015 -0.34829857] 
[-1.14291236 -1.09399746 -0.87731695 -0.39602416 -0.18730673 -0.13702583
  0.05935183 -0.34823617] 
[-1.14307577 -1.09407848 -0.87746339 -0.39573558 -0.18707813 -0.13688846
  0.0593746  -0.34817448] 
[-1.14323959 -1.09416022 -0.87761206 -0.39544752 -0.18684952 -0.13675175
  0.05939683 -0.34811289] 
[-1.14340232 -1.0942413  -0.8777625  -0.39515781 -0.1866206  -0.1366147
  0.05941961 -0.34805137] 
[-1.14356769 -1.09432191 -0.877912   -0.39486756 -0.18639342 -0.13647663
  0.05944143 -0.34798888] 
[-1.14373726 -1.09439938 -0.87806026 -0.39458151 -0.18617329 -0.13633898
  0.05946048 -0.34792813] 
[-1.1439074  -1.09447715 -0.87820812 -0.39429578 -0.18595353 -0.13620154
  0.05947924 -0.347867  ] 
[-1.1440778  -1.09455498 -0.87835581 -0.3940101  -0.18573388 -0.13606428
  0.05949803 -0.34780579] 
[-1.14424831 -1.09463316 -0.87850396 -0.39372434 -0.18551422 -0.13592659
  0.05951755 -0.34774514] 
[-1.14441984 -1.09471094 -0.87865161 -0.39343812 -0.18529522 -0.13578866
  0.05953767 -0.34768494] 
[-1.1445911  -1.09478841 -0.8787987  -0.39315164 -0.18507559 -0.13565133
  0.05955729 -0.34762409] 
[-1.14476267 -1.09486598 -0.87894557 -0.39286536 -0.18485599 -0.13551413
  0.05957697 -0.34756312] 
[-1.14493821 -1.09494558 -0.87909082 -0.39257843 -0.18463963 -0.13537885
  0.05959666 -0.34750094] 
[-1.1451053  -1.09501924 -0.8792284  -0.39229867 -0.184418   -0.13525017
  0.05961811 -0.34744371] 
[-1.145272   -1.09509196 -0.87936702 -0.39201749 -0.18419758 -0.13512318
  0.05964049 -0.34738643] 
[-1.14543963 -1.09516298 -0.87950268 -0.39173818 -0.18397482 -0.13499311
  0.05966648 -0.34733187] 
[-1.14560827 -1.09523452 -0.87963866 -0.39145953 -0.183753   -0.13486276
  0.05969308 -0.34727773] 
[-1.14577758 -1.09530605 -0.87977453 -0.39118057 -0.18353135 -0.1347322
  0.05971983 -0.34722382] 
[-1.14594692 -1.09537754 -0.87991044 -0.39090155 -0.18330952 -0.13460185
  0.05974657 -0.34716988] 
[-1.14611662 -1.09544961 -0.88004773 -0.39062465 -0.18308865 -0.13447346
  0.0597739  -0.34711452] 
[-1.14628613 -1.09552175 -0.88018485 -0.39034829 -0.18286766 -0.13434558
  0.05980136 -0.3470593 ] 
[-1.14645797 -1.09559277 -0.88032247 -0.39007377 -0.18265065 -0.13422057
  0.05982659 -0.34700341] 
[-1.14662883 -1.0956653  -0.88045794 -0.38979754 -0.18243447 -0.13409331
  0.0598558  -0.34695077] 
[-1.14680078 -1.09573725 -0.88059409 -0.38952236 -0.18221952 -0.13396563
  0.05988553 -0.34689749] 
[-1.1469738  -1.09580871 -0.88073015 -0.38924708 -0.18200523 -0.13383828
  0.05991516 -0.34684413] 
[-1.14714461 -1.09587808 -0.88086538 -0.38897059 -0.18178695 -0.13370836
  0.05994516 -0.34679165] 
[-1.14731955 -1.09594588 -0.88100298 -0.38869119 -0.18157371 -0.13358096
  0.05997382 -0.34674014] 
[-1.14749482 -1.09601377 -0.88114043 -0.38841197 -0.18136057 -0.1334538
  0.0600024  -0.34668847] 
[-1.14767085 -1.09608046 -0.88127599 -0.38813435 -0.18114799 -0.1333263
  0.06003204 -0.34663807] 
[-1.14784875 -1.09614673 -0.88140899 -0.38785856 -0.18093578 -0.1332005
  0.060064   -0.34658955] 
[-1.14802736 -1.09621192 -0.88154326 -0.38758343 -0.18072306 -0.13307562
  0.06009779 -0.34654286] 
[-1.14820677 -1.09627761 -0.88167764 -0.38730887 -0.18051105 -0.13295076
  0.06013101 -0.34649552] 
[-1.14838356 -1.09634423 -0.88181298 -0.38703556 -0.18029548 -0.13282414
  0.06016608 -0.34644956] 
[-1.14855195 -1.09641681 -0.88194169 -0.38677055 -0.18007003 -0.13269329
  0.06019792 -0.34640476] 
[-1.14872172 -1.09648908 -0.88206983 -0.3865051  -0.17984564 -0.13256219
  0.06022916 -0.3463593 ] 
[-1.14889127 -1.09656102 -0.88219833 -0.38624026 -0.1796211  -0.13243177
  0.06026042 -0.34631353] 
[-1.14906289 -1.09663222 -0.88232572 -0.38597479 -0.17939872 -0.13230256
  0.06029206 -0.34626713] 
[-1.14923456 -1.09670404 -0.88245283 -0.38570943 -0.17917616 -0.13217372
  0.06032352 -0.34622057] 
[-1.14940587 -1.09677604 -0.88258172 -0.38544238 -0.17895396 -0.13204346
  0.06035712 -0.34617614] 
[-1.14957662 -1.09684786 -0.88271057 -0.38517518 -0.17873023 -0.13191308
  0.06039123 -0.34613261] 
[-1.14974685 -1.09691995 -0.88283906 -0.38490779 -0.17850566 -0.13178314
  0.06042476 -0.34608844] 
[-1.14991854 -1.09699327 -0.88296575 -0.38464213 -0.17828119 -0.1316548
  0.06045744 -0.34604438] 
[-1.15008836 -1.09706522 -0.88309116 -0.38437493 -0.17805426 -0.13152742
  0.06049157 -0.34599991] 
[-1.15025744 -1.09713785 -0.8832169  -0.38410864 -0.17782652 -0.13140072
  0.06052552 -0.34595467] 
[-1.15042102 -1.09720203 -0.88333474 -0.38385144 -0.17760266 -0.13126502
  0.06056496 -0.34591742] 
[-1.15058378 -1.09726412 -0.88345445 -0.3835919  -0.17737926 -0.13112769
  0.06060709 -0.34588263] 
[-1.15074742 -1.09732686 -0.88357383 -0.38333266 -0.17715613 -0.13099039
  0.06064972 -0.34584792] 
[-1.15091008 -1.0973898  -0.88369716 -0.38306944 -0.17693364 -0.13085134
  0.06069671 -0.34581677] 
[-1.1510723  -1.09745471 -0.88382333 -0.38280519 -0.17671421 -0.13071579
  0.06074134 -0.34578577] 
[-1.15123496 -1.09751967 -0.88394945 -0.38254148 -0.17649481 -0.13058081
  0.06078549 -0.34575451] 
[-1.15139825 -1.09758457 -0.88407559 -0.38227829 -0.17627607 -0.13044595
  0.06082908 -0.34572264] 
[-1.15156251 -1.09765013 -0.88420097 -0.38201538 -0.1760579  -0.13031148
  0.06087249 -0.34569037] 
[-1.15172855 -1.09771303 -0.88432632 -0.38175482 -0.17584461 -0.13018065
  0.06091954 -0.34566164] 
[-1.15189411 -1.09777485 -0.88445162 -0.38149484 -0.17563286 -0.13005059
  0.06096428 -0.34563063] 
[-1.1520597  -1.09783703 -0.88457665 -0.38123452 -0.17542145 -0.12992047
  0.06100946 -0.34560004] 
[-1.15222343 -1.09790028 -0.88470286 -0.38097559 -0.17520771 -0.12978911
  0.06105388 -0.34556969] 
[-1.15238766 -1.09796403 -0.8848272  -0.38071851 -0.17499455 -0.12965938
  0.06109919 -0.34553903] 
[-1.15255196 -1.09802657 -0.88495262 -0.38046205 -0.17477989 -0.12953048
  0.06114685 -0.34551024] 
[-1.15271601 -1.09808894 -0.88507757 -0.38020549 -0.17456485 -0.1294021
  0.06119407 -0.34548089] 
[-1.15288076 -1.0981516  -0.88520205 -0.37994839 -0.17434948 -0.12927413
  0.06124102 -0.34545154] 
[-1.15304642 -1.0982148  -0.88532627 -0.37969192 -0.17413504 -0.12914639
  0.06128793 -0.3454222 ] 
[-1.15321053 -1.09827548 -0.88545334 -0.37943384 -0.17392267 -0.12902046
  0.06133644 -0.34539204] 
[-1.15337448 -1.09833649 -0.88557958 -0.379175   -0.17371074 -0.1288938
  0.06138599 -0.34536266] 
[-1.15354178 -1.09840043 -0.88570269 -0.37891981 -0.17350266 -0.12876518
  0.0614366  -0.34533369] 
[-1.1537089  -1.09846453 -0.88582463 -0.37866523 -0.17329548 -0.12863713
  0.06148653 -0.34530334] 
[-1.15387706 -1.09852858 -0.88594677 -0.37841171 -0.17308962 -0.12850886
  0.06153518 -0.34527174] 
[-1.15404421 -1.09859017 -0.88607054 -0.37815542 -0.17288574 -0.12838317
  0.06158533 -0.34524197] 
[-1.15421196 -1.09865216 -0.88619433 -0.37789967 -0.17268246 -0.12825756
  0.06163491 -0.34521156] 
[-1.15437948 -1.09871555 -0.88631947 -0.37764151 -0.17247948 -0.12813105
  0.0616875  -0.34518328] 
[-1.15454335 -1.09878462 -0.88645173 -0.37739077 -0.17228091 -0.12800009
  0.06173549 -0.34515725] 
[-1.15470005 -1.09885036 -0.8865878  -0.3771446  -0.17207763 -0.12787252
  0.06178599 -0.34512851] 
[-1.15485886 -1.0989173  -0.88672245 -0.37689987 -0.17187653 -0.12774538
  0.06183628 -0.34510003] 
[-1.15502099 -1.09898077 -0.88685667 -0.37665965 -0.17168392 -0.12762505
  0.0618818  -0.34507289] 
[-1.15518289 -1.09904316 -0.88699199 -0.37641819 -0.17149157 -0.12750416
  0.06192849 -0.3450471 ] 
[-1.15534618 -1.09910556 -0.8871279  -0.37617663 -0.17130081 -0.12738377
  0.06197491 -0.3450212 ] 
[-1.15550893 -1.09916662 -0.88726498 -0.37593381 -0.17111105 -0.12726424
  0.06202318 -0.34499719] 
[-1.15566951 -1.09922652 -0.88740062 -0.37569    -0.17091854 -0.12714557
  0.06207265 -0.34497262] 
[-1.15583061 -1.09928575 -0.88753611 -0.3754476  -0.17072697 -0.12702848
  0.06212048 -0.34494726] 
[-1.155992   -1.09934483 -0.88767172 -0.37520561 -0.17053532 -0.12691182
  0.06216795 -0.34492186] 
[-1.15615242 -1.09940402 -0.88780711 -0.37496487 -0.17034318 -0.12679537
  0.06221463 -0.34489657] 
[-1.15631389 -1.09946264 -0.88794076 -0.37472565 -0.17015118 -0.12667934
  0.06226175 -0.34487022] 
[-1.15647497 -1.09951984 -0.8880757  -0.37448663 -0.16995726 -0.12656142
  0.06230883 -0.34484434] 
[-1.15663629 -1.09957706 -0.88821054 -0.3742477  -0.16976347 -0.12644362
  0.06235582 -0.34481827] 
[-1.15679688 -1.09963496 -0.88834447 -0.37400785 -0.16957114 -0.12632419
  0.0624014  -0.34479331] 
[-1.15695647 -1.09969245 -0.88847745 -0.373769   -0.16937751 -0.12620455
  0.06244672 -0.34476783] 
[-1.15711612 -1.09974981 -0.8886105  -0.37353021 -0.16918411 -0.12608457
  0.06249104 -0.34474131] 
[-1.15727601 -1.09980711 -0.88874336 -0.37329144 -0.16899069 -0.12596472
  0.06253528 -0.34471466] 
[-1.15743062 -1.09986719 -0.88887107 -0.37305856 -0.16879313 -0.12584856
  0.06258115 -0.34468423] 
[-1.15758599 -1.09992662 -0.88899698 -0.37282714 -0.16859496 -0.12573351
  0.06262704 -0.3446531 ] 
[-1.15774038 -1.09998489 -0.88912246 -0.37259258 -0.16839221 -0.12561467
  0.06267348 -0.34462295] 
[-1.15789516 -1.10004305 -0.88924748 -0.37235816 -0.16818986 -0.12549619
  0.06271934 -0.3445922 ] 
[-1.15805078 -1.10010142 -0.88937223 -0.372124   -0.16798798 -0.12537795
  0.06276444 -0.34456099] 
[-1.15820749 -1.10016186 -0.88949713 -0.37189231 -0.16778905 -0.12526046
  0.06280763 -0.34452999] 
[-1.15836431 -1.10022127 -0.88962311 -0.37165946 -0.16759022 -0.12514302
  0.06285093 -0.34449922] 
[-1.15852013 -1.10028035 -0.88974928 -0.37142718 -0.16739013 -0.12502483
  0.06289445 -0.34446792] 
[-1.158676   -1.10033945 -0.88987536 -0.37119515 -0.16719005 -0.12490674
  0.06293778 -0.34443634] 
[-1.15883159 -1.10039879 -0.89000216 -0.37096189 -0.16699131 -0.12478979
  0.06298017 -0.34440546] 
[-1.15898235 -1.10045527 -0.89012497 -0.37073245 -0.16678953 -0.12467565
  0.06302678 -0.34437658] 
[-1.15913242 -1.10051133 -0.89024812 -0.37050336 -0.16658686 -0.12456095
  0.06307405 -0.34434819] 
[-1.15928342 -1.10056707 -0.89037215 -0.37027473 -0.16638437 -0.12444682
  0.0631221  -0.34431962] 
[-1.15943486 -1.10062293 -0.89049621 -0.37004582 -0.16618272 -0.12433351
  0.0631697  -0.34429111] 
[-1.15958603 -1.1006787  -0.89061988 -0.36981729 -0.16598191 -0.12421964
  0.06321567 -0.34426089] 
[-1.15973728 -1.10073452 -0.89074325 -0.36958889 -0.16578098 -0.12410571
  0.06326179 -0.3442307 ] 
[-1.15988835 -1.10079018 -0.89086669 -0.36936074 -0.16557974 -0.1239916
  0.06330819 -0.3442007 ] 
[-1.1600378  -1.10084489 -0.89099096 -0.36913313 -0.16537647 -0.12387602
  0.06335617 -0.34417208] 
[-1.16018703 -1.10089938 -0.89111585 -0.36890493 -0.16517296 -0.12376083
  0.06340376 -0.34414311] 
[-1.16033651 -1.10095397 -0.89124063 -0.36867695 -0.16496969 -0.12364581
  0.06345129 -0.34411401] 
[-1.16048657 -1.10101149 -0.89136231 -0.36845196 -0.16476485 -0.12353359
  0.06349652 -0.34408505] 
[-1.16063701 -1.10106989 -0.89148099 -0.36823006 -0.16456099 -0.12342395
  0.06354246 -0.34405382] 
[-1.16078851 -1.10112807 -0.89159897 -0.36800883 -0.16435844 -0.12331514
  0.06358814 -0.34402221] 
[-1.16094039 -1.1011863  -0.89171672 -0.36778765 -0.16415625 -0.12320643
  0.06363371 -0.34399043] 
[-1.16109218 -1.10124441 -0.89183422 -0.36756639 -0.16395389 -0.12309795
  0.06367946 -0.34395877] 
[-1.16124947 -1.10130038 -0.8919548  -0.3673477  -0.16375934 -0.12299429
  0.0637221  -0.34392822] 
[-1.16140727 -1.10135537 -0.89207532 -0.36713068 -0.1635667  -0.12289062
  0.0637654  -0.34389653] 
[-1.16156453 -1.10141081 -0.89219533 -0.36691335 -0.16337339 -0.12278754
  0.06380834 -0.34386493] 
[-1.1617217  -1.10146587 -0.89231567 -0.36669578 -0.16318043 -0.12268426
  0.0638507  -0.34383275] 
[-1.16188001 -1.10152102 -0.89243581 -0.3664783  -0.16298813 -0.12258123
  0.06389295 -0.3438004 ] 
[-1.16203822 -1.10157673 -0.89255574 -0.36626159 -0.16279637 -0.12247845
  0.06393506 -0.3437677 ] 
[-1.16219592 -1.101633   -0.89267575 -0.36604529 -0.16260374 -0.12237542
  0.06397768 -0.34373486] 
[-1.16235344 -1.10168979 -0.89279638 -0.36582865 -0.16241173 -0.12227313
  0.06402083 -0.3437025 ] 
[-1.16251091 -1.10174671 -0.89291699 -0.36561226 -0.16221962 -0.12217086
  0.06406385 -0.34367004] 
[-1.1626689  -1.10180431 -0.89303794 -0.3653967  -0.16202856 -0.12206911
  0.06410607 -0.34363704] 
[-1.16282566 -1.10186147 -0.89315788 -0.36518211 -0.16183625 -0.1219661
  0.06414978 -0.34360519] 
[-1.16298512 -1.10191639 -0.89327421 -0.36497069 -0.16164954 -0.12186715
  0.06419329 -0.34357519] 
[-1.16314469 -1.1019714  -0.89339042 -0.36475946 -0.16146291 -0.12176823
  0.06423653 -0.34354484] 
[-1.16330408 -1.10202766 -0.8935074  -0.36454717 -0.16127692 -0.12166911
  0.06427862 -0.34351335] 
[-1.16346361 -1.10208345 -0.89362493 -0.36433462 -0.16109169 -0.12157073
  0.06432105 -0.34348242] 
[-1.16362627 -1.10214185 -0.8937393  -0.36412549 -0.16091016 -0.12147078
  0.06436443 -0.34344901] 
[-1.1637901  -1.10219852 -0.89385074 -0.36391879 -0.16072828 -0.12137319
  0.06440559 -0.34341628] 
[-1.16395453 -1.10225519 -0.89396181 -0.36371213 -0.160547   -0.12127589
  0.06444646 -0.34338349] 
[-1.1641188  -1.10231239 -0.8940736  -0.36350515 -0.16036601 -0.12117846
  0.06448719 -0.34335117] 
[-1.16428035 -1.10236838 -0.89418696 -0.36329998 -0.16018326 -0.12108248
  0.06452818 -0.34331747] 
[-1.16444454 -1.1024259  -0.89429844 -0.36309687 -0.16000317 -0.12098596
  0.06456711 -0.34328215] 
[-1.1646087  -1.10248297 -0.89440928 -0.36289423 -0.15982254 -0.12088947
  0.06460674 -0.3432474 ] 
[-1.16477256 -1.10254006 -0.89452067 -0.36269164 -0.15964115 -0.12079293
  0.06464638 -0.34321261] 
[-1.16493616 -1.10259724 -0.89463207 -0.36248975 -0.15946013 -0.1206961
  0.06468589 -0.34317768] 
[-1.16509985 -1.10265444 -0.89474338 -0.362288   -0.15927914 -0.12059948
  0.06472524 -0.34314262] 
[-1.16526313 -1.10271073 -0.89485406 -0.36208593 -0.15909874 -0.12050245
  0.06476484 -0.3431069 ] 
[-1.16542654 -1.10276704 -0.8949645  -0.36188399 -0.15891853 -0.12040548
  0.06480435 -0.34307093] 
[-1.16558858 -1.10282529 -0.89507703 -0.36168428 -0.15873985 -0.12030866
  0.064846   -0.34303581] 
[-1.16575053 -1.10288327 -0.89518969 -0.36148444 -0.15856132 -0.12021177
  0.06488747 -0.34300077] 
[-1.16591111 -1.10293947 -0.89530195 -0.36128791 -0.15838524 -0.12011584
  0.06492481 -0.34296164] 
[-1.16607146 -1.1029953  -0.89541406 -0.36109015 -0.15820788 -0.12001985
  0.06496293 -0.34292378] 
[-1.16623125 -1.10305079 -0.89552642 -0.36089295 -0.1580299  -0.11992351
  0.06500048 -0.34288532] 
[-1.16639146 -1.10310599 -0.89563858 -0.36069574 -0.15785216 -0.11982693
  0.06503829 -0.34284684] 
[-1.16655146 -1.10316099 -0.895751   -0.36049805 -0.15767517 -0.11973132
  0.06507608 -0.3428078 ] 
[-1.16671222 -1.10321511 -0.89586237 -0.36030002 -0.157499   -0.11963627
  0.06511312 -0.3427692 ] 
[-1.16687225 -1.10326935 -0.89597366 -0.36010197 -0.15732423 -0.11954203
  0.06514902 -0.34273135] 
[-1.16703305 -1.10332302 -0.89608546 -0.35990441 -0.15715042 -0.11944737
  0.06518572 -0.34269411] 
[-1.16719379 -1.10337707 -0.89619767 -0.3597068  -0.15697666 -0.11935235
  0.06522289 -0.34265688] 
[-1.16735487 -1.10343108 -0.89631023 -0.35950877 -0.15680265 -0.11925743
  0.06526009 -0.34261962] 
[-1.16751557 -1.1034849  -0.8964231  -0.35931042 -0.1566281  -0.11916274
  0.06529736 -0.34258205] 
[-1.16767645 -1.10353884 -0.89653581 -0.35911227 -0.15645376 -0.11906821
  0.06533453 -0.34254428] 
[-1.16783721 -1.10359291 -0.89664802 -0.35891411 -0.15627971 -0.11897349
  0.06537156 -0.34250651] 
[-1.16799778 -1.1036472  -0.89675986 -0.3587162  -0.15610554 -0.11887869
  0.0654085  -0.34246838] 
[-1.16815921 -1.10370081 -0.89687233 -0.3585175  -0.15593182 -0.11878396
  0.06544545 -0.34243035] 
[-1.16832041 -1.10375382 -0.89698522 -0.35831827 -0.1557583  -0.11868884
  0.0654831  -0.34239302] 
[-1.16848125 -1.10380727 -0.89709898 -0.35811811 -0.1555852  -0.11859305
  0.06552046 -0.34235648] 
[-1.1686421  -1.10386078 -0.89721265 -0.35791813 -0.15541211 -0.11849737
  0.06555775 -0.34231983] 
[-1.16880379 -1.10391492 -0.8973265  -0.35771891 -0.1552402  -0.11840255
  0.06559513 -0.34228256] 
[-1.16896593 -1.10396943 -0.89743953 -0.35752021 -0.15506782 -0.11830743
  0.06563222 -0.34224526] 
[-1.16912812 -1.10402387 -0.89755252 -0.35732162 -0.15489554 -0.11821244
  0.06566914 -0.34220781] 

 Time 
9003.941361427307 
