Energy 
 
-7.922279556507987 
-8.774260521494146 
-9.154019075604028 
-9.373965128136376 
-9.506882535412512 
-9.600424137094652 
-9.67676623911394 
-9.727997557901315 
-9.767280167006577 
-9.796343854882391 
-9.817731851747904 
-9.836550226901046 
-9.838845859243609 
-9.84072964115254 
-9.84255443678388 
-9.844317811383839 
-9.853688910538018 
-9.85624793075207 
-9.858265501612024 
-9.861241626137497 
-9.862904083523347 
-9.865121704664583 
-9.866501316222907 
-9.868395434698662 
-9.869452831242748 
-9.870464696596606 
-9.871645088685224 
-9.873075989259606 
-9.87444674080913 
-9.877685948157163 
-9.879572178246598 
-9.881976133243194 
-9.883796269133914 
-9.885642978308566 
-9.887548608925863 
-9.889240277085326 
-9.890499616003794 
-9.89180102430742 
-9.892763911890082 
-9.894347504986285 
-9.895817188097286 
-9.897225788132621 
-9.898850027087828 
-9.89999128484715 
-9.901288214497457 
-9.902395649971316 
-9.903511220439231 
-9.90471766550038 
-9.90593159436679 
-9.907315050689947 
-9.908738739870653 
-9.910247969464557 
-9.911646230384553 
-9.915026142082558 
-9.917510038475207 
-9.920242377762877 
-9.922991594884508 
-9.92553984334293 
-9.927372683548446 
-9.929333127630677 
-9.9310174338055 
-9.932747152549592 
-9.934154570165706 
-9.935534109135356 
-9.937295625607371 
-9.938674726491632 
-9.94020910415967 
-9.941592204424325 
-9.942609496890489 
-9.943695305738997 
-9.944925513633786 
-9.945740293700295 
-9.946539224615993 
-9.947355279873811 
-9.948926246970311 
-9.949995116445036 
-9.950948591696607 
-9.951907878989292 
-9.952724039416445 
-9.95353963068914 
-9.954337577388277 
-9.955124099771336 
-9.956031324423051 
-9.957079875371342 
-9.95807203242402 
-9.959057273474983 
-9.960038196845783 
-9.961015070889612 
-9.962002740365104 
-9.963093405454511 
-9.96522994716195 
-9.967213904564598 
-9.969365778235359 
-9.971452382217729 
-9.97424911595099 
-9.976890425529273 
-9.979338283151318 
-9.984029789473338 
-9.98692360911793 
-9.990004921915183 
-9.992271951811267 
-9.994403291172508 
-9.996998359606389 
-9.99918535806046 
-10.001281301889811 
-10.003225631782986 
-10.00507614469891 
-10.006823851936282 
-10.008743389706723 
-10.010482508961921 
-10.012198521676217 
-10.013584424612397 
-10.014921239990244 
-10.016027509740043 
-10.017363955286656 
-10.018646017387358 
-10.01987155789525 
-10.02107068410276 
-10.022203776533496 
-10.02329368781765 
-10.024479678753483 
-10.025627485526169 
-10.027069509102223 
-10.028425556935776 
-10.029497735376927 
-10.030554129020855 
-10.031630872712388 
-10.032712434459341 
-10.033786056457833 
-10.034769273727335 
-10.036560316397404 
-10.038465322702919 
-10.040474698378446 
-10.042213655457605 
-10.043749867101027 
-10.045125514744754 
-10.046615490847365 
-10.048031707067157 
-10.049749354470977 
-10.051396778092057 
-10.052830217772147 
-10.054198807017904 
-10.055566869122364 
-10.05689953373635 
-10.058087133810043 
-10.059134008642333 
-10.060175282979245 
-10.06120489914646 
-10.062224609319083 
-10.063226757035864 
-10.064324919764044 
-10.06535307375279 
-10.066203293285731 
-10.067045570538223 
-10.067875802467649 
-10.068794471334979 
-10.069805764767862 
-10.070550326227405 
-10.071348745247455 
-10.072180284455714 
-10.073007869340081 
-10.073915014106179 
-10.07480583374991 
-10.075691846661991 
-10.076564711768594 
-10.077364415616083 
-10.07817791488522 
-10.07948450082335 
-10.080219060583588 
-10.08094025435623 
-10.081650335236462 
-10.082670179629291 
-10.083365127201711 
-10.084059898936161 
-10.084755223045285 
-10.085444865505485 
-10.086130517975286 
-10.086811154897381 
-10.087506610840038 
-10.088195999501334 
-10.088896977916423 
-10.089602405006316 
-10.090303688419716 
-10.091006364150386 
-10.091726294426321 
-10.092442336319953 
-10.093155221623391 
-10.093870236981338 
-10.094838474941167 
-10.095830809891082 
-10.09697054437901 
-10.098043973727815 
-10.099076309672618 
-10.100620424746023 
-10.101891217962114 
-10.103055704953599 
-10.104694902699347 
-10.106080150107356 
-10.107772838050229 
-10.109244579012449 
-10.110577848326132 
-10.111820050955341 
-10.11322118714612 
-10.114477986414892 
-10.115563053536318 
-10.11661140454948 
-10.117580601445166 
-10.118527841707742 
-10.119447414443036 
-10.120364281647847 
-10.12142728463192 
-10.122467677968189 
-10.123615110209192 
-10.12470524881454 
-10.125767378410373 
-10.126871033220686 
-10.12787200452458 
-10.128852139540372 
-10.129716653139402 
-10.130566726507343 
-10.131435743992812 
-10.13228863637054 
-10.133183939937906 
-10.13402340793365 
-10.13485451739763 
-10.135680446957808 
-10.136510549346848 
-10.13733903788689 
-10.13814868887318 
-10.13895597819254 
-10.13976093758208 
-10.140589721995456 
-10.141415514844333 
-10.14223961980406 
-10.143048869779502 
-10.143858249715798 
-10.144666152437757 
-10.145473285576085 
-10.146283766274463 
-10.147086213107595 
-10.14788299025199 
-10.148690607693018 
-10.149711094921091 
-10.150700047200727 
-10.15168601897945 
-10.152660166438723 
-10.153663351619935 
-10.154699812739477 
-10.156053723965002 
-10.15740003437717 
-10.158712419525415 
-10.160640879262159 
-10.16251704373986 
-10.16410062524869 
-10.165726523380451 
-10.16733069916383 
-10.168852661980832 
-10.17041923090678 
-10.172014776079807 
-10.173572311252785 
-10.175060941856717 
-10.176810644426082 
-10.178637144667178 
-10.180417733805525 
-10.182058400679638 
-10.183744830048587 
-10.185378414719581 
-10.186915397757868 
-10.188405900452281 
-10.189845629189664 
-10.19148962618157 
-10.193071904117298 
-10.194592731965695 
-10.196076194575033 
-10.197487617569372 
-10.19888377995474 
-10.200261440501096 
-10.201616051449442 
-10.203102046331807 
-10.204563354274406 
-10.205993961505776 
-10.207391157279389 
-10.208680609985091 
-10.209894560461393 
-10.211094722595632 
-10.21229808881625 
-10.213525824009915 
-10.214583815402957 
-10.21561748766716 
-10.216631846560231 
-10.217588991500564 
-10.21853823750288 
-10.219488905754602 
-10.220417883179486 
-10.221352863385864 
-10.222282852255272 
-10.223212633308098 
-10.224152813022755 
-10.225087568983504 
-10.22601297058073 
-10.226991361336433 
-10.227978217501478 
-10.228949898423547 
-10.229916907651754 
-10.230872862428091 
-10.23182643501821 
-10.232776959559239 
-10.233715829648858 
-10.234654735441012 
-10.235582158150867 
-10.236509840200117 
-10.237438991703083 
-10.23836278463467 
-10.239282739823075 
-10.240184741737481 
-10.241086934807818 
-10.241982211666869 
-10.242879949497189 
-10.243769390274132 
-10.24465565607152 
-10.245565645999275 
-10.246475434847692 
-10.247359271871392 
-10.248241950025989 
-10.249122197825706 
-10.25001535221221 
-10.250893132984746 
-10.251771995212852 
-10.252645229972503 
-10.253521788887925 
-10.254354245500677 
-10.255180777108768 
-10.256007125523615 
-10.256830306811725 
-10.257646828889401 
-10.25846541205897 
-10.25928059311244 
-10.260090628333025 
-10.260884670277155 
-10.261663558193403 
-10.262440957843436 
-10.263217503137351 
-10.26400903357898 
-10.264798706365031 
-10.265551861306918 
-10.266303786237371 
-10.267054231395793 
-10.267805538895333 
-10.268555440279844 
-10.269297840656332 
-10.2700390138136 
-10.270778828361264 
-10.271515780702028 
-10.27225127788359 
-10.27298631955509 
-10.273721286485852 
-10.274456985400963 
-10.275189400205111 
-10.275932429967801 
-10.27667406048024 
-10.277415059650137 
-10.278154538293398 
-10.278894402580729 
-10.279632395433193 
-10.280369599045288 
-10.281106544029747 
-10.28184201648894 
-10.282577702371398 
-10.283307415781705 
-10.284028660799933 
-10.28474882613689 
-10.285465216600228 
-10.286180646592497 
-10.286903291745231 
-10.287626404422559 
-10.28835023433936 
-10.289075618180863 
-10.289807627524883 
-10.290544169222304 
-10.291267198398595 
-10.291990437422474 
-10.292712775736488 
-10.293433799199349 
-10.294152944085495 
-10.294862843565745 
-10.295590218686383 
-10.296296902715513 
-10.297001854989645 
-10.297693476930073 
-10.298383860917284 
-10.299073204785042 
-10.29974826488811 
-10.300420990269696 
-10.30107884027684 
-10.301742026526687 
-10.302403684364027 
-10.303063909694972 
-10.303723161376599 
-10.30438060823383 
-10.305038013513668 
-10.30569269900512 
-10.30634643491166 
-10.306999598156693 
-10.307651406323865 
-10.308301600895627 
-10.308950033995355 
-10.309615724898881 
-10.310283286664891 
-10.310947965638858 
-10.311605631634285 
-10.312262640394938 
-10.312922983565544 
-10.313582434178977 
-10.314240908901379 
-10.314894092033539 
-10.315548482921969 
-10.316201687096656 
-10.31685468825182 
-10.317506162877592 
-10.318156830119959 
-10.318801651119761 
-10.319445683026048 
-10.320101190340337 
-10.32076429090577 
-10.321426029692054 
-10.322088357325221 
-10.32274931728411 
-10.32340099903926 
-10.324051794374816 
-10.324703937172583 
-10.325357157438342 
-10.32600976244768 
-10.326662088906918 
-10.327313563225978 
-10.3279676475264 
-10.328617427298271 
-10.329262233132981 
-10.329917508570416 
-10.330571591258293 
-10.331224715909409 
-10.331874728028469 
-10.33252755512936 
-10.333177743333104 
-10.333828401340568 
-10.334478461538321 
-10.335121359362155 
-10.335762439056456 
-10.33640295194535 
-10.337043118725834 
-10.337682061143385 
-10.338320878524383 
-10.338958815787555 
-10.339595529155751 
-10.340229484844917 
-10.340859262908896 
-10.341488490356939 
-10.34210292027344 
-10.342715331058592 
-10.343327043908937 
-10.343937997462097 
-10.34454871984129 
-10.345151199077662 
-10.345755439206302 
-10.346360527752813 
-10.346964710646407 
-10.347567442968195 
-10.34815799347107 
-10.348748230317883 
-10.349338348145116 
-10.349927687091593 
-10.350510175359162 
-10.351092053908332 
-10.351672284504879 
-10.352252805437814 
-10.35282884423409 
-10.353403853729867 
-10.353977687574146 
-10.354550798668415 
-10.355122855112263 
-10.355696983962204 
-10.356275326586891 
-10.356849262279212 
-10.357421962639346 
-10.357993480182502 
-10.358563932227664 
-10.359123729122947 
-10.359672833284508 
-10.360215763728213 
-10.360758359682073 
-10.361300695616945 
-10.361841989909527 
-10.362381366489915 
-10.362919566261061 
-10.363458049960562 
-10.363996072543362 
-10.364533789240287 
-10.365072921133073 
-10.365612256337716 
-10.36615086966216 
-10.366688774423276 

 Time 
174753.5005645752 
