Parameters 
 
[-0.5, -0.5, -0.5, -0.5, -0.5, -0.5, -0.5, -0.5] 
[-0.49836870365331487, -0.49974592933322776, -0.5062853279706692, -0.47203006415009724, -0.4593346842653514, -0.44422573859015824, -0.4453337582762177, -0.45966977749327687] 
[-0.5026913381048275, -0.49818786014962313, -0.5099664963896592, -0.43167957897120157, -0.39947676593900316, -0.3609056031946321, -0.36210533711843246, -0.4007198511779158] 
[-0.57264313861361, -0.7697043788878319, -0.03528151731376511, -0.8497911459709218, -0.598785605728823, 0.02417746457794895, 1.0009753412925069, 2.8697403822571026] 
[-0.6363562207832231, -0.7892845143651908, -0.23119775415881152, -0.7264373556390222, -0.40691103430196585, -0.04440608914875202, 0.4981540872097804, 1.6870816663416517] 
[-0.7547513141963472, -0.7909543821775787, 0.09280842096150291, -0.5287030499931489, -0.14178035135380346, 0.11641433349345451, 0.4528341740887878, 1.5784343181710248] 
[-0.5309914164537275, -0.6865474247124401, -0.040741562974967116, -0.6559040263941842, -0.06131040826766651, 0.06433267057662295, 0.44464422311746926, 1.5690829103826618] 
[-0.4037000489443018, -0.6037599853001345, 0.008896869096777428, -0.6783432244274464, 0.0943273781752107, 0.07034654197400993, 0.43962897759197045, 1.5561681158352774] 
[-0.1952049882601259, -0.6183228250748742, -0.08791983320296626, -0.9006064499952899, 0.35941582501256075, 0.058244585147545054, 0.5138908513637486, 1.7591100881089443] 
[-0.11763531652563766, -0.572201593905643, -0.032380577255247595, -0.9848525775244239, 0.5643488789013078, 0.08699941879905199, 0.540705665791153, 1.8169815808835612] 
[-0.08194552522650336, -0.527609077944906, -0.024342937609659537, -1.0339158679326352, 0.6628961233025378, 0.12635409347424897, 0.5299478273255659, 1.8148606664667735] 
[-0.046353925443460016, -0.4830586639130864, -0.023087312072425835, -1.0488333899507913, 0.7192896563533793, 0.15638878077569984, 0.5184832169702747, 1.7913130233329464] 
[-0.029544702928522765, -0.45011443606745277, -0.016596321001169905, -1.0537284887912743, 0.7400342521205587, 0.18014187829581943, 0.5114842569944703, 1.7849038182961672] 
[-0.013065077724145897, -0.42082206883880346, -0.013394942552913158, -1.0554512031785173, 0.7562008237207368, 0.20602003089112864, 0.5086269003537442, 1.7824009660963311] 
[-0.0013899763560956697, -0.40530609196498674, -0.009933702382804194, -1.046790920058517, 0.7757565382606401, 0.23186647056506957, 0.5137852366354256, 1.7808229938800944] 
[0.050338566139884404, -0.3869788487895057, 0.01899208011924418, -0.9874175433114396, 0.7783052623929467, 0.23236423918890173, 0.5425296526076785, 1.7858644696240364] 
[0.041226207595431455, -0.36140778891168485, 0.025185044921802166, -0.9924822634875505, 0.7924762251345342, 0.26312720972991993, 0.541288807689172, 1.7735672888437877] 
[0.04860474410439829, -0.34314965827097477, 0.020766577104376915, -0.9927319122037975, 0.7994909213418723, 0.28096249733729245, 0.551698212040013, 1.7627238068090787] 
[0.06028999562289771, -0.32226544611919206, 0.03145458163226454, -0.9698761121597972, 0.7924318936939195, 0.29001258867392105, 0.5717407521357963, 1.745210694447659] 
[0.06488131355148063, -0.30624991862829626, 0.022261888003595992, -0.977514257558048, 0.8054530367541849, 0.31268438427368, 0.5799076017740737, 1.7370289157336283] 
[0.10746993536016444, -0.25440911478890926, 0.06635142768538455, -0.8647891539367456, 0.7406122182432049, 0.2981163041823736, 0.624681531899469, 1.6462648091949426] 
[0.07904059916573106, -0.2564756258251037, 0.02379827865001869, -0.9333489661001948, 0.7835239289447307, 0.3462674486419899, 0.6147955170008761, 1.668906149517702] 
[0.11159260637310997, -0.23323382187040742, 0.025460132877812913, -0.9268471045302366, 0.81107037393206, 0.36090715417769276, 0.6263160089818507, 1.65830700536061] 
[-0.005679478836869409, -0.23894979606055403, 0.19311473254817246, -0.7505226316480785, 0.592908310091875, 0.3064727843441906, 0.754555796632931, 1.67389665444311] 
[0.12034791420877429, -0.1937749063520141, 0.1847285574210475, -0.7405172722687537, 0.7136053632468873, 0.3139941138846466, 0.7680583980522945, 1.6018511815514134] 
[0.14901195021023989, -0.1885972427626344, 0.16807622357507773, -0.7626579137777229, 0.7782056860737844, 0.3403519781840798, 0.7739788809661525, 1.5966974936560885] 
[0.18164640086637773, -0.1810449173320675, 0.1325548245498787, -0.8056599476569717, 0.8592390986913299, 0.3723580599826578, 0.7643805514633732, 1.594858669025761] 
[0.12167452319934693, -0.1861917936140235, 0.2115793607508501, -0.7095961865429795, 0.7231214598293685, 0.3705863777459969, 0.8202541913537349, 1.6273327221559477] 
[0.1865234027626094, -0.19019060077932554, 0.14703730985300686, -0.7596420113788331, 0.8412744241619984, 0.41636323704892986, 0.8039367666814364, 1.6193387877681695] 
[0.18761635837740953, -0.18096706059123657, 0.1424079674539828, -0.7733088306637361, 0.8629680922709617, 0.43801794286225304, 0.8097249011077465, 1.6271138083817913] 
[0.18168051111545627, -0.1712554351340932, 0.153160047479602, -0.7676799136818038, 0.8612755701199113, 0.45164258617189523, 0.8263986350372416, 1.6395451496703892] 
[0.18367482483844472, -0.16118226262632684, 0.1518984857641689, -0.7739748288415158, 0.8757401586228486, 0.4715782448445442, 0.8343207154023419, 1.6477280566578654] 
[0.18316234674264006, -0.15094337048499532, 0.1545121970858607, -0.7748396320975779, 0.8825794477578273, 0.4893201461373581, 0.8450666744268716, 1.6576464970288312] 
[0.21084535672436333, -0.12991290394119648, 0.13709119071263504, -0.7934337214927926, 0.9250026457669138, 0.5183356826782044, 0.8308267433411739, 1.6597887409451126] 
[0.17251166251827232, -0.13956522825064474, 0.17878544042616806, -0.7726511158505787, 0.9003289097192949, 0.5250317300903198, 0.8890704515645673, 1.6713605879891333] 
[0.17635331194319298, -0.12592220937350396, 0.17691084285819797, -0.7714565627229271, 0.9031814313045557, 0.5426709705651467, 0.8942012386703677, 1.6833652741957617] 
[0.1784377193681695, -0.11361899786064147, 0.17540662811112248, -0.7710475941725161, 0.9067597638821009, 0.560162490374184, 0.9018145781082497, 1.694778082465831] 
[0.18095547733484404, -0.10228603606501221, 0.17310109147643207, -0.7689194124308061, 0.9095482743283938, 0.5784455099908115, 0.9096602617926267, 1.704127107969427] 
[0.1780748732995615, -0.0939035357439946, 0.1763778755041996, -0.7659873988183727, 0.9127807973959222, 0.5948133781706114, 0.9246252418330296, 1.7121509939729] 
[0.17608109005178751, -0.08496390947887981, 0.1792021417832899, -0.7629679395545679, 0.9166024012719566, 0.6111189607735826, 0.9386854153146469, 1.719488304370891] 
[0.17510470677084805, -0.07550530462240028, 0.18131133318455595, -0.7598855674154825, 0.9213496940228929, 0.6273353117818272, 0.9514521855440742, 1.7259764687930192] 
[0.17517770289009174, -0.06535183208421644, 0.18045525723474842, -0.7572377432611089, 0.9285054815108571, 0.643117785620657, 0.9606530667412673, 1.729830892859304] 
[0.1743449711126288, -0.05395311715847099, 0.18090229348308154, -0.7565662479131621, 0.9365540957890599, 0.6575002843753311, 0.9698786610821316, 1.7342888080974401] 
[0.17413480033824852, -0.04245669460868497, 0.18067912452595913, -0.7553734102934656, 0.9445647029841882, 0.6720836634464608, 0.9779986148608112, 1.7383989228693657] 
[0.17061983486145785, -0.033674953356793345, 0.18340112024149813, -0.7543915716197642, 0.949830832098951, 0.6861847970403515, 0.9902459479574948, 1.7447833407421918] 
[0.1758694480301509, -0.016409879832693118, 0.18352400214879128, -0.7451968899109789, 0.9553741741782694, 0.7000846923101484, 0.9923328312896381, 1.74514164372436] 
[0.17212329550270564, -0.007413927551939535, 0.18565093673432634, -0.7445040436168106, 0.9614248035693275, 0.7142002741298401, 1.0055785186098984, 1.750440809811569] 
[0.17467311147914277, 0.0071366745070710405, 0.18648773898071516, -0.7369690100581683, 0.968219619813366, 0.7285531985041982, 1.0102949086829582, 1.751827060316937] 
[0.16864596570115226, 0.013825028509180364, 0.1894835846961559, -0.7378683086584903, 0.9746542618924573, 0.742431948804419, 1.0256987079415736, 1.7582774532826035] 
[0.16940195525126647, 0.026205332115568317, 0.19138675228152804, -0.7325403421501431, 0.9806383465232364, 0.7560891079130343, 1.0338176219511763, 1.7606339578065284] 
[0.16549869778659185, 0.03306250743816913, 0.19389307967888966, -0.7318416063993998, 0.9870283007029592, 0.7695781277612128, 1.047716780325869, 1.7666147242851968] 
[0.16556927220238743, 0.04292924669236968, 0.19592530948671139, -0.7276839234267249, 0.9932644612599395, 0.7828075792265651, 1.057708307728147, 1.7704378708059554] 
[0.1668554910260027, 0.053433292550010905, 0.19744319711111974, -0.7227747197173041, 0.9997035278927263, 0.7958754582167379, 1.0663550076090667, 1.7737675218202205] 
[0.16849634776602324, 0.0638542355640963, 0.20006225254291343, -0.7159262623153771, 1.0054315347471234, 0.8088903519562713, 1.075709452738207, 1.7758065484014462] 
[0.17204517328488309, 0.07541501423250535, 0.20123740200961962, -0.7069958499533814, 1.0104445853131399, 0.8216152569556426, 1.0820988466270394, 1.7759355150960916] 
[0.17521199952115568, 0.0869460824516903, 0.20261488161656707, -0.6992654839419475, 1.016538850482171, 0.8335454027527212, 1.08782250827549, 1.7752200152091393] 
[0.1773586210529249, 0.0971342430219808, 0.2036435950896615, -0.6924839732561986, 1.022373024630449, 0.8452253733466932, 1.0939008393908578, 1.774588406683085] 
[0.17915009776418017, 0.1064979079387118, 0.2047203036400461, -0.6857566502017516, 1.0280426330764134, 0.856863273752238, 1.100183020560097, 1.77368268301504] 
[0.18052001490807468, 0.11508024720894164, 0.20580067383354805, -0.6792959035130379, 1.0335714675269279, 0.8683533081712937, 1.1067111418064441, 1.7727258374950352] 
[0.18141759677421215, 0.12258042425395173, 0.20644739968990128, -0.6742725276194284, 1.0385179955831858, 0.8796230683845011, 1.1139810872399125, 1.772670531891565] 
[0.18199249757110778, 0.12948045912709716, 0.207266707089144, -0.669603703570769, 1.0436607745734758, 0.8908062628631238, 1.121586704736374, 1.7726067143583828] 
[0.18161049436830046, 0.13523639877018323, 0.207757341563534, -0.6658635410208754, 1.0488785768233824, 0.9016109406362329, 1.129530070715852, 1.772384361022412] 
[0.1810487150484197, 0.14037233842160304, 0.20881703977963975, -0.6614844804713715, 1.0540445688229179, 0.9123074333658455, 1.1377661181870125, 1.7716607155513524] 
[0.18106145101682106, 0.14533146370429964, 0.2102553335522601, -0.6547297507638861, 1.0586395288613433, 0.9237025840645022, 1.145074903093134, 1.7694025853828408] 
[0.18182306828761813, 0.1501599418653761, 0.21284200419511182, -0.6447318104307558, 1.062474766748873, 0.9355750823086675, 1.151862834117043, 1.7649496361059467] 
[0.1829331676827581, 0.15421478568276167, 0.21632944402167387, -0.633926104402534, 1.0655072106876862, 0.9469891802796058, 1.1594286744091686, 1.7605729674086228] 
[0.1843930202217742, 0.15808221437543057, 0.21985737298637606, -0.6225616423910187, 1.0686178770141566, 0.9582612981961467, 1.1664750593786386, 1.7555335740304832] 
[0.18564574229711028, 0.16208490427145933, 0.22275116746544843, -0.6123456529997537, 1.0725493778544906, 0.9693280425950582, 1.173294599019647, 1.7508272738450623] 
[0.18673060234514718, 0.1658242178293719, 0.22507632924219728, -0.6035383614615939, 1.0768456489786562, 0.9796290253493, 1.1804415926546883, 1.7466512965816057] 
[0.18769429996445658, 0.16960532072011747, 0.22739040349602968, -0.5955783583370902, 1.0813680722657653, 0.9897126767822734, 1.1880337101979896, 1.7431580073842874] 
[0.1893268188864678, 0.17363443412984694, 0.2301411448599705, -0.5866154531944331, 1.0867741289372923, 1.0004205534238033, 1.1949693533690038, 1.7385827938071206] 
[0.190944383672176, 0.17741138613167953, 0.23253093814409098, -0.5782377788920288, 1.0923691675760303, 1.0108272680153438, 1.2017217413178156, 1.7345320002194824] 
[0.1924688640453061, 0.18101027952493265, 0.23481203378105808, -0.5698316047504028, 1.0977962903168696, 1.0210460523458735, 1.2084058961771806, 1.73050148572638] 
[0.19395125493627322, 0.18447966806344016, 0.2369156352606637, -0.5617965667615356, 1.103210348216638, 1.0310559080628097, 1.215106247949882, 1.7267835763451278] 
[0.1954372510997745, 0.18783148470524355, 0.23892171371020937, -0.5539076516383004, 1.1086379171648613, 1.0408992507841133, 1.221750978196289, 1.723202394767478] 
[0.19641695855551353, 0.1909855732878777, 0.24096281279996412, -0.5459563421477971, 1.1139933952850065, 1.0509968459964825, 1.2283657846637985, 1.7195392919161314] 
[0.1977121837610271, 0.194214026132007, 0.243395476510992, -0.5372838850970276, 1.1197830462886877, 1.0611195966030857, 1.2349637987163202, 1.715553172826005] 
[0.19780004700342946, 0.19590061204916934, 0.24496163394257628, -0.530721355618914, 1.125524074945058, 1.0698759129355397, 1.2409553106282132, 1.7118701543361066] 
[0.19782215262686126, 0.19709236553703638, 0.24684724819899265, -0.5240174175564891, 1.1318751645417784, 1.0789786550632243, 1.246671117955659, 1.7079166117227331] 
[0.19802275447359036, 0.1984443907327628, 0.24858705265369901, -0.5172275179600186, 1.137805894972688, 1.0877996560671006, 1.2523054112595182, 1.7042240594011115] 
[0.198569875863511, 0.19995875867541654, 0.2500833451105814, -0.5102261562416108, 1.1435573580994243, 1.0964848539585412, 1.2575039113827426, 1.7005721076929885] 
[0.1992693794980295, 0.20165689708652834, 0.25130219527379366, -0.5033146249334745, 1.1492272286563374, 1.1049810631522754, 1.2624079795548455, 1.6971917707952244] 
[0.20018591615217785, 0.20336547550398154, 0.2525550537460329, -0.49609649948077306, 1.1547457853016294, 1.1133745912634248, 1.267179491531775, 1.693628388739102] 
[0.20116761262526733, 0.20508694243129996, 0.25370812756318006, -0.48904258980915954, 1.1602380464868942, 1.1216153819540833, 1.271936843099031, 1.6902701213742868] 
[0.20217204421483234, 0.2068054428647807, 0.25481403293942095, -0.4820966892292296, 1.1657114417603698, 1.1296923909127732, 1.2765695011277793, 1.6871257834236744] 
[0.20327364365833162, 0.20846791206309734, 0.2559843667663632, -0.47464169549192176, 1.171151981028796, 1.137720423740644, 1.280964762395461, 1.6835531115413365] 
[0.2044292710443784, 0.21015307918583492, 0.2570518002532091, -0.46731277641336055, 1.176568755518049, 1.145579050035541, 1.2853156082804547, 1.6801289156144452] 
[0.20528356584185714, 0.21204724714504622, 0.25791461967179824, -0.46010102508392037, 1.1816519847028513, 1.1534947190822344, 1.289895081429889, 1.6765483372870706] 
[0.20634318918892816, 0.2146348366494925, 0.25888362535617315, -0.4480775227016339, 1.1851135019062586, 1.1622263182100865, 1.2936486025461362, 1.6687364460558507] 
[0.20740103561726853, 0.2171303255161222, 0.25972263125938533, -0.4363127329935369, 1.1887240264415988, 1.170676798748478, 1.2974448429879015, 1.66107702559753] 
[0.20776699827538553, 0.21864394035827434, 0.26021189608406026, -0.42870608356834344, 1.193913199538072, 1.1775751513504897, 1.3019943708885968, 1.656497409148578] 
[0.20829481892936194, 0.22019709047948294, 0.2606203528517282, -0.4211316100472908, 1.1989999113748457, 1.1843607476010007, 1.306318768607973, 1.652104183161787] 
[0.2089124879043313, 0.22171974093617258, 0.26090084355296417, -0.4137764992015246, 1.2040528118368463, 1.1909549243839832, 1.3104523454715744, 1.6480790605164657] 
[0.20982549774476664, 0.2234113669024752, 0.2610032544994501, -0.4057541507051343, 1.2087062713993635, 1.1976802845836576, 1.3139093966850786, 1.643778138019513] 
[0.21074133879744958, 0.22522337792010313, 0.26098131927952, -0.3972424995715456, 1.213350591780561, 1.2046321211410496, 1.3170229581292876, 1.6388921398737257] 
[0.2119837848503275, 0.22717544971521295, 0.2607353829705789, -0.3892219275252129, 1.2179721402259482, 1.2111569826037263, 1.3198497494537913, 1.6347115182513445] 
[0.21319158664856291, 0.229036110564878, 0.26055294319820277, -0.381515008630336, 1.2226778671870338, 1.2174905973057977, 1.3228236203428445, 1.630777951783065] 
[0.2144968493638249, 0.23083290831624576, 0.2602957455215279, -0.3738425089929821, 1.227346343767303, 1.2237621534275898, 1.3256406988168032, 1.626891456167293] 
[0.2154466944955466, 0.232278404975334, 0.260198475689673, -0.368369976096272, 1.232738544885533, 1.2292884638438653, 1.32950404137294, 1.624845117356316] 
[0.21645334642059222, 0.23367860673803756, 0.2600916474622455, -0.36277721253391737, 1.2379559264866773, 1.2347937447791082, 1.3331475283970486, 1.6228092465081265] 
[0.21745480902507092, 0.23502958216066303, 0.25996595330040895, -0.3572276770941559, 1.2430672870871617, 1.2402909833541325, 1.3367023749836588, 1.620873134102407] 
[0.21846437630950055, 0.2363415988242638, 0.259882994300771, -0.35168572432331974, 1.2480707858583955, 1.2457371686264702, 1.3401854817214927, 1.6189891954553275] 
[0.21963577572830564, 0.23750701834515783, 0.26013494500720263, -0.34607596586327005, 1.2533443268577527, 1.2513818721628915, 1.3435930856797353, 1.6169083998671432] 
[0.22087811255674333, 0.2385825449638147, 0.26036947160582863, -0.34024262649003945, 1.2583133436107836, 1.2569329632740227, 1.3467685564026028, 1.6146812971542168] 
[0.22210609073833756, 0.23961380514054692, 0.260640307313841, -0.3346658731528909, 1.2632735716959165, 1.262327633639139, 1.3500206281821445, 1.6126978229536537] 
[0.22339727197203008, 0.24058184674500677, 0.2608525306467436, -0.32863162427221604, 1.267903759666316, 1.2676988430876914, 1.3529275888351664, 1.6103481116119622] 
[0.2248466194808629, 0.24156424184829722, 0.2612404743807021, -0.32268419023879014, 1.2726794909229215, 1.2731640945274205, 1.3562013505157544, 1.6080361752273853] 
[0.2265866758054824, 0.24229864294976036, 0.26176306876646255, -0.31741362789274313, 1.2776591094630334, 1.2781174598204594, 1.3593882990781432, 1.6061221392898943] 
[0.2282584522823602, 0.24300055932425618, 0.2621751579587788, -0.3123573366009737, 1.282444248756032, 1.2829914295961733, 1.362519715900673, 1.6044597516250545] 
[0.22984248412439892, 0.2437050601611226, 0.2625569690056496, -0.30729672353493453, 1.2871078282302029, 1.2878159170800336, 1.3655699982204275, 1.602836292176934] 
[0.23116084452814398, 0.2443760561720507, 0.2630581922123653, -0.3022418325972839, 1.2915444297719905, 1.2926647227680386, 1.3684648074893628, 1.6010871078636018] 
[0.23242636084049723, 0.24504591513964924, 0.26349928885861373, -0.29726762772590054, 1.2959030799364075, 1.29741626741656, 1.3713035089090861, 1.5994582889238242] 
[0.23364804384160648, 0.24570180604585976, 0.2639435338532068, -0.2923539652994143, 1.3001551476939965, 1.3021141861057959, 1.374134337271156, 1.5978903957076989] 
[0.23477994198969154, 0.24630834374122784, 0.26448722552392545, -0.28701933925759054, 1.3044970755121554, 1.3067910033421661, 1.3768740010527818, 1.5958748734017645] 
[0.23589733915591202, 0.24694426592615026, 0.26495291747664723, -0.281704863668122, 1.308732282309001, 1.31138019637294, 1.3795527538102708, 1.5939060179633018] 
[0.23697287981290052, 0.24758122949275488, 0.26537205163829714, -0.2764791600553972, 1.312885263558396, 1.3158817584181057, 1.3821997802337131, 1.5920390826602047] 
[0.23800255419223562, 0.24822591215164033, 0.2658105755614962, -0.27128975922077087, 1.3170179397048807, 1.320339359086578, 1.384858336777346, 1.5901916441057051] 
[0.2390207248402481, 0.24884726777919597, 0.266127343943968, -0.2661155047487154, 1.3210105587130951, 1.3246937557690148, 1.3873824587831998, 1.5883781417631682] 
[0.2399985890384714, 0.24946904933823658, 0.2664223259520003, -0.26099962962009926, 1.3249336083307242, 1.328995616449615, 1.3898784698326703, 1.5866591374346584] 
[0.24092718980997135, 0.25008906585590923, 0.2667073632896712, -0.25598516641171676, 1.3287929073540587, 1.3332019813773905, 1.3923803646723352, 1.5850357658921228] 
[0.2417715166934058, 0.2503794736175961, 0.2666811495408083, -0.2513108250570261, 1.3319372668851763, 1.3370245045479026, 1.3944120297446638, 1.5834001461100344] 
[0.24270802150155374, 0.25073252091195875, 0.26681387665408124, -0.2467028121523859, 1.3352845315562119, 1.3407746424549711, 1.3965331083302812, 1.5817736760988164] 
[0.24359239308483557, 0.25110575915676187, 0.266933064186573, -0.24215383527451068, 1.3385850415306617, 1.344451197357483, 1.3986557780617352, 1.5801979309544585] 
[0.24449642593878393, 0.25128078598551934, 0.26718857042825406, -0.2386693716452887, 1.341716340028421, 1.347673017825042, 1.4010734950792632, 1.5796233483769817] 
[0.24532478877057487, 0.25146546783915386, 0.2674310510085705, -0.23539551992784694, 1.3448812730378947, 1.3508517985117803, 1.4035520655716096, 1.5792400895255578] 
[0.24617105452888977, 0.251716516719261, 0.26763422444300805, -0.23201040297272196, 1.3478928294988286, 1.3539957686528963, 1.4058675684306619, 1.5787830855557197] 
[0.24695536488555353, 0.25200605410806987, 0.2678521700350166, -0.22863888337295743, 1.3508302554599103, 1.3570921161871992, 1.4081715943999056, 1.5783499629267366] 
[0.24771572832601074, 0.2522867203092343, 0.2680156642585659, -0.22547198374963467, 1.3538002981365223, 1.3600783125041709, 1.410513576586932, 1.5780924292122986] 
[0.24840851944531814, 0.25256330494137946, 0.2681207257794519, -0.2222991302330373, 1.3566499696339813, 1.363068939358497, 1.4127519410695324, 1.577860090712181] 
[0.2489653366758346, 0.25289230701451654, 0.26845302583660696, -0.2194239452439604, 1.3597794404093844, 1.365869700726068, 1.4153851804074886, 1.577673894974782] 
[0.24948732870183415, 0.2532287860957271, 0.26874309076835345, -0.21652331289967194, 1.3628271660785822, 1.3686751675019204, 1.4179102867786457, 1.577498574838733] 
[0.2499755634891128, 0.2536661855966031, 0.26907931605016977, -0.21360410016233689, 1.3659353009301023, 1.3715620745450505, 1.420311372764867, 1.577270165449523] 
[0.2505324800762277, 0.25414028019894547, 0.2693959745745194, -0.2105743730809055, 1.3690367588644015, 1.374434261394093, 1.4226037717881073, 1.5769329078024157] 
[0.2511270934699911, 0.2545583059155253, 0.2698169793939373, -0.20728681147242645, 1.3719987131099218, 1.377295803146023, 1.4248966570286379, 1.5763292751473397] 
[0.25170908179308193, 0.25500842973614574, 0.2701502508319257, -0.20405019209495573, 1.374849486188749, 1.3801456313397096, 1.427133918128649, 1.5757423222747027] 
[0.2522143814959249, 0.25545700421193346, 0.2703928005338965, -0.20096453597173095, 1.3777172224625955, 1.382894289361554, 1.4294091235227755, 1.5752252287738602] 
[0.25268956906331264, 0.25589922219135075, 0.27058612845696217, -0.1978898954436011, 1.3805133919858368, 1.3856157590987699, 1.4316055202476001, 1.5747272383241153] 
[0.2531497155017574, 0.2563446210717211, 0.27075429387092387, -0.19476950675539242, 1.3832195678329133, 1.388309556798978, 1.4337081178914128, 1.5741869298942774] 
[0.2535826575980658, 0.25678461107566325, 0.2708915593273282, -0.19167963510468447, 1.3858659926950478, 1.3909738062697212, 1.435761194470056, 1.5736738973112334] 
[0.2538802186070568, 0.25718413353882175, 0.2710022436923878, -0.1888238975605152, 1.3883566680399737, 1.393540818707441, 1.437870445360817, 1.5733451825875675] 
[0.2541545636099292, 0.2576053622219847, 0.2711310960057584, -0.1858323252148551, 1.3907596877714374, 1.396146984676162, 1.4398845087956016, 1.5728854209414243] 
[0.2544317630331714, 0.25802103512137115, 0.2712406975471305, -0.18288849972210539, 1.3931455178996304, 1.3987170442664119, 1.4418585490924802, 1.5724586041683442] 
[0.2547799753103796, 0.25843052271460265, 0.2712770039479384, -0.1798317203523546, 1.3955663719959517, 1.4012376993586733, 1.4437167448819543, 1.5718936932399104] 
[0.2551990488709035, 0.2588054024116323, 0.2713542690565805, -0.17659451221322853, 1.3980598598742842, 1.4037364728650508, 1.4455099873025414, 1.5711211311743973] 
[0.2555952778796943, 0.2591738016256737, 0.2714144116689756, -0.173412154770227, 1.4005106181435627, 1.4062019833562864, 1.447269355799824, 1.5703941495384015] 
[0.2559537213871162, 0.2595743455885031, 0.271414185400214, -0.17012895591229915, 1.4028693168725888, 1.408629458742041, 1.4489823669314914, 1.5695454501622996] 
[0.2563003894363547, 0.25994658942709886, 0.2714485732333268, -0.16693234953840225, 1.4051899177368439, 1.4110413310557124, 1.4507105775749807, 1.5687491030838279] 
[0.2566238704365587, 0.26023772968257297, 0.27146592233358413, -0.1641381086237401, 1.4074025890139628, 1.4133085158426706, 1.452455789904107, 1.568345484848927] 
[0.25693114931975847, 0.26052274688222915, 0.27147286413425636, -0.16138613735130714, 1.4095864876160216, 1.4155524706925318, 1.4541679921943558, 1.5679676849224407] 
[0.2572250655765136, 0.260802789429066, 0.27148956742638164, -0.15867666165392685, 1.4117578715800487, 1.4177712971126986, 1.4558801801625283, 1.5676295814327417] 
[0.2575010017739438, 0.2610746395202397, 0.2715123327675944, -0.1560087632824748, 1.4139108497573556, 1.4199679992949812, 1.4575925949452444, 1.5673324395785406] 
[0.2577816520570049, 0.26135256574521565, 0.27154659332726483, -0.15342945251064777, 1.4160702914795207, 1.4221243685386051, 1.4593043792729274, 1.567099331414223] 
[0.2580871915839573, 0.261615392329003, 0.27154175625987353, -0.1508622331522969, 1.4182309147507617, 1.4242400698028406, 1.4609498860724848, 1.5668764692146329] 
[0.25833582169305264, 0.2618550930140677, 0.2713759651582936, -0.14843020778317295, 1.420197515187922, 1.426235100738661, 1.4625213743986638, 1.5666386082981902] 
[0.25857776236719104, 0.2620846312908243, 0.27123677600289275, -0.14604274339937903, 1.4221582482130979, 1.4282129118573108, 1.4640826900300115, 1.5664209673654044] 
[0.25877522411382814, 0.2622843367411206, 0.27119211846728275, -0.14371532183285307, 1.4241643791948262, 1.4301832755110777, 1.4657205296054512, 1.5662328397316798] 
[0.25900331127979376, 0.2624621841678868, 0.27113045429582006, -0.1414385060620707, 1.426267342861007, 1.4321819290909434, 1.4674159165931784, 1.5660318946797505] 
[0.25917416381704245, 0.2627013970907607, 0.27108973663211, -0.1390997847649753, 1.4282336034906007, 1.434219609409988, 1.4689866478838842, 1.5658496574921787] 
[0.2593539514402347, 0.26293917849873805, 0.27104132319050556, -0.13679351540890397, 1.4301848456301096, 1.436235351501837, 1.4705218979087376, 1.5656764181135263] 
[0.2594963776661844, 0.2631834146638573, 0.27108269900596715, -0.1345911991287502, 1.4322008398476487, 1.4381935612285373, 1.4721555879653851, 1.5655296377537495] 
[0.25968086888254543, 0.26344176056520574, 0.27110182259835264, -0.13235951557884193, 1.4342221379788844, 1.4401542235889977, 1.4737229713851423, 1.5653546987024012] 
[0.25979388829646294, 0.2636400032129018, 0.27099672028174265, -0.13006456272049924, 1.4360899805817358, 1.4421376037141547, 1.475113296605964, 1.5651708631789976] 
[0.25989233299477876, 0.26381815149215204, 0.2708994749082309, -0.1278119733332497, 1.4379337242058399, 1.4440810112030833, 1.476506836850303, 1.5650076181360526] 
[0.2600035487410534, 0.26400773891457446, 0.27079224001523017, -0.12548931503890576, 1.439746751128601, 1.4460409648337702, 1.4778427661052242, 1.5647304760389695] 
[0.2601271593639048, 0.2641468470063036, 0.2707235771534768, -0.12303979500396897, 1.4416030803749365, 1.4480025598390158, 1.4791675117822465, 1.5642938113207123] 
[0.26025195957841285, 0.2642927695428027, 0.27066488176116027, -0.12060198009617744, 1.4434327691220448, 1.4499340619035572, 1.4804780346719413, 1.5638472235179899] 
[0.2603539531453043, 0.2644507156594172, 0.27063277222725934, -0.11823729441538762, 1.4452286066151527, 1.4518501671261133, 1.481806433882331, 1.5634285223516944] 
[0.2604608053921196, 0.2646097050256584, 0.2705994670948895, -0.1159347584989656, 1.4470208937256277, 1.4537273650000428, 1.483125276276065, 1.5630449471452246] 
[0.2605905986994668, 0.2647974601742142, 0.270541826326636, -0.11367884241225053, 1.44878090989997, 1.45555022995846, 1.4844276721029996, 1.5627056380178728] 
[0.2607192831115579, 0.2649694791995266, 0.27050475736604734, -0.11144869743776746, 1.450533255068711, 1.457349946533004, 1.48572900740212, 1.5623715202704207] 
[0.2607979008430834, 0.26506418513984054, 0.2705312524033816, -0.10925750669883046, 1.4523362599606664, 1.4591890587508725, 1.4870081927753311, 1.5619918203127154] 
[0.2608832154852651, 0.2651801683653255, 0.27054449053558366, -0.10713264146396917, 1.4541349594875086, 1.4609983637886328, 1.4882700989844388, 1.561666598503874] 
[0.2609405426428968, 0.26529228442667946, 0.2705670875819197, -0.10498808273847184, 1.4559106847342393, 1.4627929109776556, 1.4895489483170605, 1.5613223564319711] 
[0.26100564586875474, 0.265408523481273, 0.27056595720430815, -0.1028592081376651, 1.4576506551957469, 1.4645499733745238, 1.490781106048357, 1.5609704365465866] 
[0.2610704625813622, 0.2655146279894132, 0.2705626784436473, -0.1007289211549702, 1.4593754985230212, 1.4662800439749626, 1.4919832864584552, 1.5606017497837852] 
[0.2611353992185805, 0.2656673470286835, 0.2705711495744921, -0.09868475417084822, 1.4610259620086925, 1.4679832540080142, 1.4931250704432972, 1.5602704251119366] 
[0.26122534319080515, 0.2658445768189105, 0.27057865576176754, -0.09664201266491851, 1.4626334771678118, 1.469652097106794, 1.4942148220367606, 1.5599224243639767] 
[0.26136788522722915, 0.26605255391895144, 0.27053850194642104, -0.09461288470004098, 1.4642688010291645, 1.4713187668975811, 1.4952400444936935, 1.5595305341369055] 
[0.26153790887529277, 0.26626707147722484, 0.27051152533015965, -0.09256200250372226, 1.4658568778092065, 1.472942019783745, 1.4962298330197592, 1.5590990931254483] 
[0.2617557084596831, 0.2665176957927065, 0.2704432454244465, -0.0906157849387733, 1.4674904352651337, 1.4744908279495506, 1.4972483700086794, 1.5586969847599037] 
[0.26197594878982405, 0.2667031600425867, 0.27034837760145203, -0.08874046446874988, 1.4691440213025881, 1.475971797958626, 1.4982049085405122, 1.5582920852565494] 
[0.2621844491130213, 0.2668680704682997, 0.2702550931020348, -0.0868600624000165, 1.4707537574282128, 1.4774299108581483, 1.499154382091904, 1.5578692762772604] 
[0.2623835423870718, 0.26699542599829906, 0.2702069089598912, -0.0850263580514416, 1.4723113849509002, 1.478889217473219, 1.500136349219029, 1.5574435700704965] 
[0.26256537519704554, 0.2671170672737436, 0.2701605411099309, -0.08323047784210619, 1.473840330471453, 1.4803239423505947, 1.5011078185065154, 1.557048594140804] 
[0.26273270654276104, 0.26723890733575656, 0.2701163402794022, -0.08145642953159643, 1.4753365640642506, 1.481737238458518, 1.5020622516279742, 1.5566719383921797] 
[0.2629313086808194, 0.26737830485591696, 0.27005460552849614, -0.07969324134064877, 1.4768288798029994, 1.4831552567591653, 1.502975686277951, 1.5562834041817049] 
[0.2631402364662183, 0.2674696240426758, 0.2698973564031539, -0.07819892350961012, 1.4782228906898522, 1.4844939163005086, 1.5038082829290549, 1.5561494091857488] 
[0.2633396236731905, 0.2675336469463537, 0.26969105100897733, -0.07673958566722511, 1.4795371212376587, 1.4857534888226631, 1.5045719777928555, 1.5560721080034159] 
[0.26351893717082003, 0.26759274055947646, 0.2695123680198059, -0.07531343173953386, 1.480839039577336, 1.4869954384467672, 1.5053494409109116, 1.5560068737652095] 
[0.2636748434087222, 0.2676450455065912, 0.2693666428796388, -0.07393922255033553, 1.4821368228548948, 1.4882188726288479, 1.506153088682696, 1.55597401081614] 
[0.263768387050283, 0.2676539632328438, 0.2691951123312684, -0.07270686669596446, 1.4834551192926035, 1.489375709019717, 1.506950082956117, 1.5560422356667416] 
[0.26383597975914885, 0.26765884166960435, 0.2690730517692302, -0.07156828617373137, 1.484740448636932, 1.4904957796340208, 1.5077962614106049, 1.5561737059105485] 
[0.26390160139793434, 0.26768111917649295, 0.26895703052535463, -0.07042919925543872, 1.4859880772394238, 1.4915950101080715, 1.5086156988511559, 1.5562924889454486] 
[0.26397361871428554, 0.2676821260762721, 0.2688866089439441, -0.06931022682122781, 1.4872002206438129, 1.4926582207466126, 1.5094616743662344, 1.556442438014147] 
[0.26403905663337784, 0.26768074175019724, 0.26882750861086624, -0.06814784503055235, 1.4883897495001954, 1.4937422665834168, 1.5102931233646322, 1.5565457851204925] 
[0.26410443679921863, 0.26768685732546693, 0.2687720972889144, -0.06700091291991478, 1.4895649606670023, 1.494814596729318, 1.5111149557574013, 1.5566464725434308] 
[0.26408480733792944, 0.26764664621391343, 0.2686942414951759, -0.06603442238332652, 1.4906779093117744, 1.4958154236020464, 1.5120139842867986, 1.5568697378607914] 
[0.264074591304415, 0.26761997307948365, 0.268619843050067, -0.06509468696574147, 1.4917830992264656, 1.4968024606935977, 1.5128958319464456, 1.5571070774751068] 
[0.26405803806918193, 0.2676080069710382, 0.2685626109912646, -0.06416898750743663, 1.4928613206502754, 1.4977900523985084, 1.5137735791104623, 1.5573304404507762] 
[0.2640503021508468, 0.26760491786130153, 0.26850684637875666, -0.0632553004952812, 1.4939275139306458, 1.4987681357359488, 1.5146342167431357, 1.5575521669919818] 
[0.2640363789957411, 0.26759072905565134, 0.2684688784282338, -0.06235811027427117, 1.494995241171442, 1.499752970280725, 1.5154784719505943, 1.557760733503398] 
[0.264050943318781, 0.2676132372766858, 0.26840729909408195, -0.06146671486023481, 1.4960308881909004, 1.5007033115008064, 1.516308695789865, 1.557985727092849] 
[0.26404040997944794, 0.26765551321276804, 0.26832797795541347, -0.06060439703274225, 1.497018844690954, 1.5016660924208545, 1.5171453603020648, 1.5581886585563884] 
[0.2640683325282859, 0.2676781370156248, 0.2682739536686873, -0.059752463345872996, 1.4980274850912179, 1.5026459044716294, 1.5179507851600962, 1.5583586931536597] 
[0.2640997922647691, 0.267704157042325, 0.2682247049359663, -0.058915459792463536, 1.4990273108516574, 1.5036124658331815, 1.5187459521347515, 1.5585321819348394] 
[0.26418702912920006, 0.26777273435185867, 0.26817789591841923, -0.05797063358177967, 1.4999531499343348, 1.5045435396479327, 1.5194372569775398, 1.5585759913924444] 
[0.2642750260556726, 0.2678388021694463, 0.26813311665963463, -0.057059547924725444, 1.500879287317989, 1.5054648974541973, 1.5201223345155117, 1.5586426347329956] 
[0.2643567945797356, 0.2679032954026066, 0.26809312798768037, -0.05616398805788701, 1.5017975283410565, 1.5063739423524007, 1.5208026680215152, 1.5587130960652693] 
[0.2644332385782552, 0.2679663667556828, 0.26805754526376147, -0.0552834804646484, 1.5027077202684573, 1.5072709729582194, 1.5214777660658296, 1.558787084362227] 
[0.26450446775360437, 0.26802855409160486, 0.26802594629020415, -0.05441803272296646, 1.5036102748928377, 1.5081556668556366, 1.5221471442616892, 1.5588655367191224] 
[0.2645662757008637, 0.26808328154019423, 0.2680054982229393, -0.053580967242758556, 1.504497148766674, 1.5090205316067418, 1.522814951177609, 1.5589647549580472] 
[0.26462454179570205, 0.2681403451763339, 0.26798536232146913, -0.05277826782563577, 1.5053700053804635, 1.5098761431775432, 1.5234711678146016, 1.559087127673179] 
[0.26468416299250846, 0.2682050729347451, 0.2679660209554574, -0.051969950862702556, 1.5062455397003645, 1.510722808127728, 1.5241177412463214, 1.5591997674351716] 
[0.2647491414850958, 0.2682656047699505, 0.26794341049177056, -0.05119562949770878, 1.5071307637771598, 1.5115617630514677, 1.5247565988293734, 1.5593345064420854] 
[0.2647985252694639, 0.2682978571527012, 0.26794625378215414, -0.05045052384986829, 1.5080365900114479, 1.5124135841264237, 1.5254349768681716, 1.5594718552980682] 
[0.2648446537602157, 0.2683317374189195, 0.26794409860275153, -0.049714458547829146, 1.5089282111296096, 1.5132542111622644, 1.5260998058107058, 1.5596122560563939] 
[0.2648883511197895, 0.26836696900749424, 0.2679394547256827, -0.048988072843908465, 1.509807139689076, 1.5140830704678325, 1.5267542859557526, 1.5597540592981984] 
[0.2649260471417461, 0.26840411567279393, 0.2679416081883346, -0.0482952790419328, 1.5106811009970162, 1.5149122164118314, 1.527424367725661, 1.5599282278470823] 
[0.2649624211208303, 0.2684429301607386, 0.26794160141584866, -0.047613111008163296, 1.5115439744915657, 1.5157296928530852, 1.5280838747207048, 1.5601041367418] 
[0.2649958233767006, 0.26847952883868076, 0.26794244065488193, -0.0469430468112053, 1.5123974117620775, 1.516535252406571, 1.5287368995040944, 1.56027965782437] 
[0.2650290115853446, 0.2685173072804149, 0.2679406514141726, -0.04628123498306712, 1.5132395266562528, 1.517329987785766, 1.529378623851858, 1.5604546528686312] 
[0.26506323491289585, 0.26855374780477476, 0.26794010465121765, -0.04561367963753845, 1.514082517147836, 1.51812527792285, 1.5300197631241026, 1.5606191144845933] 
[0.2651148339629484, 0.2685757732264265, 0.26793087533694776, -0.044964234106015154, 1.5149145198424911, 1.5188946195374489, 1.530646198936615, 1.5607669401185986] 
[0.26515396649679596, 0.26859103735829404, 0.26792692023788317, -0.04430633350868569, 1.5157223702776956, 1.5196503082911144, 1.5312660224089691, 1.5608964571143298] 
[0.2651880216212406, 0.268615771796715, 0.2679139519277497, -0.04365727827437387, 1.516522471566136, 1.5204008345323383, 1.53186597035096, 1.5610234819664186] 
[0.2652207002882665, 0.26864744293844023, 0.2678989542004204, -0.043020193677481645, 1.5173032970060882, 1.5211405182966287, 1.5324533192088328, 1.5611480678328704] 
[0.26522800700580723, 0.26865472892921866, 0.26785702528985394, -0.0424065885057529, 1.5180648308952234, 1.5218461260988287, 1.5330272249792964, 1.561259800898799] 
[0.2652365548751034, 0.2686654662135039, 0.2678164920580387, -0.041800521324674114, 1.5188155681706932, 1.5225427447992874, 1.5335899735916825, 1.561373487037256] 
[0.2652459379996567, 0.26867903912693364, 0.2677773591183312, -0.04120151717945782, 1.5195554048185063, 1.5232307296682632, 1.5341420535527153, 1.5614881579359994] 
[0.2652575741390925, 0.2686914824718302, 0.26774083342507554, -0.040563938805351064, 1.520280787058018, 1.523928041855332, 1.5346790482879944, 1.5615566554046916] 
[0.26526939039177666, 0.26870707802724336, 0.26770590227707564, -0.03993239162405399, 1.5209957357953667, 1.524616065237864, 1.5352053138207538, 1.561625029448691] 
[0.265283524714685, 0.26872652569751765, 0.2676718772054398, -0.03930952015666093, 1.5217031520117394, 1.5252938056984249, 1.5357210511277475, 1.5616959182477814] 
[0.2652967013947489, 0.2687490354863416, 0.2676385204235521, -0.038701419962717316, 1.5224034416093417, 1.5259600176016268, 1.5362309402720862, 1.561774960183461] 
[0.26530617891012825, 0.26876166874018376, 0.2675915504671175, -0.03805637098866988, 1.5231004368217311, 1.5266128069690823, 1.536710403032871, 1.561813051063937] 
[0.2653163893154477, 0.26877367318301404, 0.2675471391091053, -0.03741573179311725, 1.5237859807387775, 1.5272557289265052, 1.5371846007693768, 1.5618472006583737] 
[0.26532289393304875, 0.26878036532716215, 0.2675087338594204, -0.03676324375274206, 1.5244552736049217, 1.527897509952449, 1.5376441656092223, 1.5618621091623497] 
[0.26533370495169567, 0.26878641961057936, 0.26746425508032734, -0.036128678849630724, 1.525117327731177, 1.528521802344791, 1.5380898577308462, 1.5618822224661766] 
[0.26534893415174976, 0.26878631025451877, 0.26743212873079797, -0.035512717030704265, 1.5257651610677552, 1.5291442598625908, 1.5385411156325088, 1.5619024827500063] 
[0.26536693109572806, 0.26879109869084294, 0.267402512684596, -0.03489865265204578, 1.5264028338254299, 1.5297599911912647, 1.5389817288425225, 1.561918051914715] 
[0.26538438185873664, 0.2687989289906233, 0.26737521136563586, -0.034294141867571716, 1.5270325841528902, 1.5303670249730654, 1.539415238551328, 1.5619368117506043] 
[0.26541144977565145, 0.2688163733143562, 0.26735188500279045, -0.033685506494867457, 1.5276494907470644, 1.5309698937161598, 1.5398306888484032, 1.5619542572136753] 
[0.2654532594797344, 0.2688455366106013, 0.26731193446141904, -0.03305117809950999, 1.5282452283732655, 1.5315556399572852, 1.540213830264784, 1.5619387127089297] 
[0.2654916201249599, 0.26887456453201114, 0.2672775053207904, -0.03243080592481411, 1.5288370833091172, 1.5321328032278636, 1.5405973758605522, 1.5619288142670746] 
[0.26552602582375595, 0.26890311704564485, 0.26724453979987944, -0.03182489869222144, 1.529422839114501, 1.532701936187899, 1.5409826463633325, 1.5619257036976024] 
[0.265544851573507, 0.2689175543499289, 0.2672257587579618, -0.031233549854951043, 1.5299980323544118, 1.5332633874346135, 1.5413575008738807, 1.5619138732989204] 
[0.265563596884333, 0.2689345078753564, 0.267208403995709, -0.03064467651767253, 1.5305699920526745, 1.5338188919513072, 1.5417280620587326, 1.5618972730003478] 
[0.26558284034531027, 0.2689508149717536, 0.267189706076369, -0.030066965367573698, 1.5311325317668762, 1.534361723428833, 1.5420981187710159, 1.5618865856703212] 
[0.2655975436080966, 0.26898068071053743, 0.2671605015921899, -0.029532413078020063, 1.5316734640725074, 1.5348778527985814, 1.5424778374494832, 1.5619015283535624] 
[0.26561107244685556, 0.2690096956839185, 0.2671340247511046, -0.02900570860716452, 1.5322091218184901, 1.5353865450417306, 1.5428562287485093, 1.5619202419914917] 
[0.2656227751160944, 0.2690365619492784, 0.2671076414271348, -0.028487260725835583, 1.5327397805134761, 1.535889586049435, 1.543228988871179, 1.5619389733889835] 
[0.26563135742096877, 0.2690569176997784, 0.26708678630145505, -0.027956450582286657, 1.5332688378727743, 1.5363845568135779, 1.5435906153844128, 1.5619412989911183] 
[0.2656375676530524, 0.26907378408965604, 0.2670707882745921, -0.027434345076566495, 1.5337944294494255, 1.5368768065181417, 1.5439472941756605, 1.5619422437736865] 
[0.2656391668910917, 0.2690906502476936, 0.2670590560873002, -0.02692872487300534, 1.5343139256035019, 1.5373559870460003, 1.5442963579917572, 1.5619503756059112] 
[0.26564792339758847, 0.2690993257072546, 0.267061127172358, -0.026433510392895175, 1.5348513612426766, 1.5378489544499265, 1.544669914257125, 1.56195165445634] 
[0.26565172582690777, 0.269106291200168, 0.26706469117424986, -0.02594579105044628, 1.5353765795247476, 1.5383314508475376, 1.5450405368577507, 1.5619591677763127] 
[0.2656462132846294, 0.26910512421739624, 0.2670778254159405, -0.025476440023963435, 1.5359034832291913, 1.5388011793415424, 1.5454234414805166, 1.5619687765154033] 
[0.2656422811084909, 0.2691040526659365, 0.2670896526982737, -0.02499845623225838, 1.536422878233155, 1.5392677616934256, 1.5458061161943562, 1.5619713397232886] 
[0.2656390344776086, 0.26910694488618314, 0.26709865401818406, -0.024525112631742296, 1.5369333632113849, 1.5397289948000632, 1.5461803183062106, 1.5619762779346515] 
[0.26562970681365766, 0.26910427773855233, 0.26709840198210544, -0.02406730942524935, 1.5374428549086698, 1.540177325151275, 1.5465571448745703, 1.5619831064876954] 
[0.2656203356307919, 0.2691024982801295, 0.2670977825697629, -0.02361556873273746, 1.5379456022625433, 1.5406215122884013, 1.5469230682585189, 1.5619914746144417] 
[0.2656149270513363, 0.2691071976773252, 0.26709774847514056, -0.023179158585305233, 1.5384438931890025, 1.5410556372844357, 1.5472833701369098, 1.562011879376527] 
[0.26561120041844555, 0.26911169212400726, 0.26709436001202597, -0.022750095563446763, 1.5389266271552708, 1.5414778781160472, 1.5476272534534523, 1.5620403338265914] 
[0.2656085716246828, 0.2691184036537669, 0.2670910671770029, -0.022333579585919448, 1.539409568334066, 1.5418985431622885, 1.5479666192392252, 1.5620803366265053] 
[0.265617449417851, 0.2691227939823001, 0.26707390373064926, -0.021932653528363075, 1.5398850927070942, 1.5423026559605244, 1.5482854569541893, 1.5621242440075425] 
[0.26562923381808146, 0.2691318704543118, 0.26705656226372704, -0.02152262977101419, 1.5403577809261744, 1.5427041397908783, 1.5485969473122194, 1.5621547386854282] 
[0.265637338225689, 0.26914493669785994, 0.26703147122156506, -0.021096198896451788, 1.5408113775832282, 1.543108062870819, 1.5488903472514954, 1.5621649291965] 
[0.26564507572423923, 0.2691589203422903, 0.2670074228991031, -0.020677021464511027, 1.5412578622154547, 1.543506001750104, 1.5491795997095978, 1.562177272844073] 
[0.26565195506045475, 0.26917196804053894, 0.26698402164368557, -0.02024876891640817, 1.5416958642901506, 1.5439061586205403, 1.5494692567980854, 1.5621742528711364] 
[0.2656607886691425, 0.26918480182238985, 0.26695785352788587, -0.01983623616615779, 1.5421270875965278, 1.5442977446704513, 1.54975074967133, 1.5621823030074502] 
[0.2656673119167836, 0.26919510419899456, 0.26693152906604234, -0.01942549791562121, 1.5425484663679725, 1.5446825231475574, 1.5500302401289614, 1.562186718432885] 
[0.26567861505622226, 0.26920369820071277, 0.26690064379550654, -0.01902032930278977, 1.5429625419165705, 1.5450564757858745, 1.55029821977838, 1.5621919583827018] 
[0.26568053764884547, 0.26920857488412564, 0.2668793033611052, -0.018640183450478826, 1.543378676939244, 1.5454155952181035, 1.5505593511922953, 1.562215244763636] 
[0.26568564229045843, 0.26921667445423786, 0.2668581651533175, -0.018262459854161264, 1.5437849056798922, 1.5457700115450077, 1.5508129738211205, 1.5622337817726732] 
[0.2656905609226506, 0.2692256965490835, 0.26683811033355553, -0.017891024943206737, 1.5441847155211226, 1.5461197121174055, 1.5510637963274359, 1.5622532716693236] 
[0.2656918844844156, 0.26923867345477215, 0.2668146048676576, -0.017530033290061243, 1.5445712564649299, 1.5464691917550237, 1.551315115022164, 1.5622697326344035] 
[0.26569537671292154, 0.26925140516177126, 0.2667945713724252, -0.017182552557558347, 1.5449524979405376, 1.546812213703124, 1.551561520737426, 1.5622951627281791] 
[0.2656981659583381, 0.26926526410252927, 0.2667754269673042, -0.016841797831103296, 1.5453286727904567, 1.5471499819095287, 1.5518064524026567, 1.5623213552666435] 
[0.2656973367535731, 0.26927924290555866, 0.26675720548516324, -0.016508410836664395, 1.5456942799703974, 1.5474791215554626, 1.552044583170661, 1.5623536316122442] 
[0.26570003272317144, 0.2692898967469677, 0.26674206498734476, -0.01616938756895626, 1.546051468778388, 1.54780797467347, 1.5522763414730063, 1.562374464986159] 
[0.26570299730060376, 0.2693011067059723, 0.2667276338309295, -0.015836007461016596, 1.5464039526471887, 1.5481319413796522, 1.5525058076006186, 1.562395870897672] 
[0.2657030673048862, 0.2693146371836762, 0.2667116659553609, -0.015510233850166033, 1.5467473410583281, 1.5484470286933747, 1.552728650643177, 1.5624231792312477] 
[0.26570251782365667, 0.26932694531209805, 0.26669822954228384, -0.015192154549469965, 1.547083789735965, 1.5487553660766682, 1.5529496860048526, 1.5624541395807283] 
[0.2657042764803856, 0.26933783473718104, 0.2666875177738436, -0.01488067379214176, 1.5474169893662877, 1.5490597029433917, 1.5531716736659156, 1.5624832890026124] 
[0.26570849498757204, 0.26935002400328495, 0.2666758574504511, -0.014572220735250009, 1.5477435351304438, 1.5493579806630735, 1.553387993658813, 1.5625102995785085] 
[0.265711371678182, 0.2693643219519153, 0.2666670512499487, -0.014272525554860393, 1.5480685286553726, 1.5496500420134298, 1.5536060618436165, 1.5625380709407144] 
[0.26570944731393425, 0.2693836192603404, 0.26666182583302045, -0.013983698856820695, 1.5483830259162017, 1.5499361925735737, 1.553816842070627, 1.5625756799495232] 
[0.2657075067113472, 0.2694005719378825, 0.2666582055821581, -0.013701621470272473, 1.548690182533602, 1.5502180992328696, 1.5540231364796182, 1.562616483460716] 
[0.26570778208616674, 0.2694178484471033, 0.26665322332057234, -0.013420608498679737, 1.548992463654648, 1.5504974379633152, 1.5542254256253807, 1.5626527811654518] 
[0.265711418639896, 0.26944487460748984, 0.2666446329442451, -0.013151689708465282, 1.5492774422941824, 1.550761436432636, 1.554412339078386, 1.562684060870565] 
[0.2657151541348894, 0.26947030374113645, 0.26663673604556104, -0.012886223547561231, 1.5495591272274203, 1.5510223050764735, 1.554597792160409, 1.5627142751583196] 
[0.26571779850841293, 0.26949270643785506, 0.2666307803088775, -0.012624495905598962, 1.5498391271435268, 1.5512823759351952, 1.554781309875333, 1.5627415268679148] 
[0.2657210302546066, 0.2695146141155963, 0.2666251852153999, -0.012368168619620258, 1.5501165094727285, 1.551538465978499, 1.5549641558953764, 1.5627697717243165] 
[0.2657219089784826, 0.26953496108704555, 0.26662152696205244, -0.012110146511448705, 1.5503864316307718, 1.5517891008712348, 1.5551419492182288, 1.562794352815024] 
[0.26572441814829323, 0.2695550435595981, 0.2666188052274106, -0.011853385442767688, 1.5506523282338687, 1.5520359140567928, 1.5553190463525277, 1.5628154151894469] 
[0.2657289700622202, 0.2695717156797254, 0.26661389364617427, -0.011593673687972117, 1.5509129244019748, 1.55228227667335, 1.5554914872393428, 1.5628287886219683] 
[0.2657340400941939, 0.2695861517749397, 0.2666094383796732, -0.011334665637743688, 1.5511727465032983, 1.5525273637521992, 1.555662369400844, 1.5628399327420883] 
[0.2657376647847803, 0.26960039350301856, 0.2666063090712128, -0.011073198736299274, 1.5514275928949626, 1.5527720381340826, 1.5558295155972666, 1.5628445251989267] 
[0.2657386154901017, 0.269611629062159, 0.2666053778864061, -0.010818063816140276, 1.551676882994373, 1.5530155999086865, 1.5559982663147873, 1.5628486579083607] 
[0.2657365921502474, 0.2696194110692146, 0.2666011316248639, -0.010571134293758295, 1.5519264462653368, 1.5532519145949377, 1.5561702164102962, 1.562852744465398] 
[0.26573513233970497, 0.2696271821760254, 0.2665961640278285, -0.010328054727302565, 1.5521736349508428, 1.553485134950357, 1.5563396845623956, 1.5628570340730599] 
[0.2657347318414266, 0.269635386811226, 0.26659057884118487, -0.010087520891882952, 1.5524175431060827, 1.5537154146978003, 1.5565063504227736, 1.5628607348230696] 
[0.26573582186351885, 0.26964340523255287, 0.2665841021471352, -0.009851963399244832, 1.5526599662938287, 1.5539412321633845, 1.5566719538610074, 1.5628649101387055] 
[0.2657403442640436, 0.2696546985675013, 0.2665754440044538, -0.009624155498036567, 1.552902812293414, 1.5541607663479708, 1.5568380655087106, 1.5628703850247065] 
[0.26574553574559334, 0.26966527390764616, 0.26656592600531903, -0.009401159835963447, 1.5531411829623036, 1.5543771715806503, 1.5570016873299568, 1.5628774955348539] 
[0.2657501627694428, 0.26967519679410457, 0.2665568384217465, -0.009180268554817364, 1.5533761515281597, 1.5545913549384573, 1.5571631846912177, 1.5628844222700853] 
[0.2657547649438057, 0.2696851101521327, 0.26654803309605163, -0.008962701304322461, 1.5536080503968, 1.554802610313545, 1.5573225543293023, 1.5628921908011162] 
[0.26575530966233424, 0.26969066190045976, 0.266535982807542, -0.008750650621291866, 1.553836754413502, 1.5550061329984277, 1.5574745223271251, 1.562897428475632] 
[0.26575545305148307, 0.2696964513033165, 0.2665248584784705, -0.00854083666009919, 1.5540620444183804, 1.555207744868591, 1.5576251174925155, 1.5629030475716772] 
[0.2657597585203359, 0.26970006821924464, 0.26651687053880957, -0.0083344917909551, 1.5542841254368578, 1.5554073339181944, 1.5577704818314209, 1.5629052313288927] 
[0.2657646344975968, 0.2697063540608381, 0.2665118494367722, -0.008131205886078335, 1.5545065197386165, 1.5556067211447242, 1.557914895980828, 1.5629080225393372] 
[0.2657730388946945, 0.26971278986753333, 0.26650456307818127, -0.00793244853924147, 1.5547266218363733, 1.5558002874460992, 1.5580538216367579, 1.5629100568951377] 
[0.26578047864987503, 0.269719425768787, 0.2664974692424556, -0.007737088317129252, 1.5549428779261678, 1.5559914004695223, 1.5581915316559523, 1.5629136915102106] 
[0.26578747717005524, 0.26972528901626786, 0.26649046576661234, -0.007535106340466872, 1.5551589016046128, 1.5561847511135203, 1.558326366284586, 1.5629088873920756] 
[0.2657960179029249, 0.2697319656098656, 0.2664850053878661, -0.0073366891108785064, 1.5553716971408886, 1.5563753100931517, 1.558457882774642, 1.5629037114102142] 
[0.26580428237447185, 0.26973663107365026, 0.26647935011572443, -0.007134745544273618, 1.5555802515307993, 1.5565665719731472, 1.55858940602822, 1.5628927267990376] 
[0.2658119709839382, 0.26974167843777724, 0.2664736208707263, -0.00693567948888456, 1.5557856468054825, 1.556754705685433, 1.5587194406892708, 1.5628830206385143] 
[0.2658193137937499, 0.2697471329258585, 0.2664668227741814, -0.006740140051200386, 1.5559865469653174, 1.5569399789013265, 1.5588475431156597, 1.5628738002324167] 
[0.26582601472002026, 0.26975313823280417, 0.26646176590013104, -0.006549820286272754, 1.5561820800983999, 1.557123749293966, 1.5589726499404288, 1.562866853527417] 
[0.26583291514594404, 0.2697604104530474, 0.2664574851949462, -0.006361570130127609, 1.556375778239132, 1.5573039105889046, 1.5590957326428994, 1.5628613887900236] 
[0.2658388363359927, 0.26976816427403844, 0.26645363512417614, -0.006175531933189165, 1.556566311113797, 1.5574815236692, 1.5592171444974807, 1.5628570022675115] 
[0.2658439184425569, 0.2697768670444803, 0.2664508114518223, -0.005991847404070136, 1.5567561184681773, 1.5576577570637729, 1.5593366364705685, 1.5628516746388128] 
[0.2658487334042865, 0.2697849353538888, 0.266447692810467, -0.005810188005316569, 1.5569430833875337, 1.5578316694310574, 1.5594553694786812, 1.5628469027800986] 
[0.26585306627479166, 0.2697928856205739, 0.26644470416822735, -0.005630382147701315, 1.5571277587984, 1.5580029510146765, 1.559572962816801, 1.56284228663647] 
[0.26585783296656734, 0.26980086722338686, 0.26644142212157984, -0.00545006926995273, 1.5573123206772526, 1.5581717805586428, 1.559690813379517, 1.5628361006839404] 
[0.26586235482129694, 0.2698087977044137, 0.26643790390683053, -0.005272544685151833, 1.5574942051302256, 1.5583378896933304, 1.5598073783104665, 1.5628309940877738] 
[0.2658667278560914, 0.2698166946810661, 0.2664336819547417, -0.005097856766862194, 1.557673311113038, 1.558501384377957, 1.559922090802682, 1.5628264358697712] 
[0.2658710689160075, 0.26982476067920136, 0.26642925112863275, -0.00492605983381517, 1.5578499903053606, 1.5586624278074317, 1.5600354183519212, 1.562823030632515] 
[0.2658753772441059, 0.26983240293025784, 0.2664249388025956, -0.004756132570051049, 1.5580244777128778, 1.558821009235993, 1.56014731114003, 1.562819785750698] 
[0.2658796358288246, 0.2698398695004963, 0.2664203715040221, -0.00458833972928443, 1.5581964351205557, 1.5589772679472031, 1.5602581539974938, 1.5628170280788458] 
[0.2658840038642833, 0.2698475653676472, 0.2664155875600752, -0.004423691432033351, 1.558366326691436, 1.559131285421978, 1.5603676356066363, 1.562815559927864] 
[0.2658900065859301, 0.26985693777415887, 0.2664125107243738, -0.0042637053483754045, 1.5585361049873594, 1.5592814940811497, 1.5604780150647326, 1.5628147660923768] 
[0.26589609162003597, 0.2698669233436758, 0.26640969652806773, -0.0041069488505168575, 1.5587038257487664, 1.5594300269075303, 1.5605866912569204, 1.5628156853750634] 
[0.26590238458728627, 0.2698755768202429, 0.26640639314488096, -0.003951214981397838, 1.5588676222168443, 1.5595759978420614, 1.5606935739238494, 1.5628155499774978] 
[0.2659081758053529, 0.26988393815256206, 0.2664029768399578, -0.003797664760986045, 1.5590288151269807, 1.5597199090994518, 1.5607991565428705, 1.562816035161301] 
[0.2659135678257767, 0.2698918496986816, 0.26639965355844447, -0.003645576414238033, 1.559188426072346, 1.55986216490994, 1.5609042459099136, 1.5628159355509437] 
[0.2659186875211054, 0.26989982844130933, 0.26639602309898675, -0.0034963377578786444, 1.5593452181536926, 1.5600025044250545, 1.5610082041571542, 1.5628170268792068] 
[0.26592217337769214, 0.26990790165919204, 0.2663916351675271, -0.003350073555869547, 1.5594978720135109, 1.5601421419978116, 1.5611118253546392, 1.5628176620041516] 
[0.2659252987305127, 0.26991561645490025, 0.2663871050092253, -0.0032061255716564737, 1.5596483040655769, 1.5602796500703249, 1.5612142659434856, 1.5628191155487021] 
[0.2659290725091984, 0.2699220766695306, 0.2663816841219778, -0.0030631226422927066, 1.5597956154038217, 1.56041613184743, 1.5613142802903723, 1.562820814007276] 
[0.26593246222241795, 0.2699283636087723, 0.2663761584067678, -0.0029215495298617277, 1.559940808900804, 1.5605510040332777, 1.5614133484676045, 1.5628224264987796] 
[0.26593562767904205, 0.26993456643176916, 0.26637075222047035, -0.0027820439597545867, 1.5600840632517359, 1.5606838212711904, 1.5615112104553592, 1.5628245375464018] 
[0.2659386006560951, 0.26994092267987024, 0.2663654080702774, -0.002644639917089288, 1.5602251219543517, 1.560814289241343, 1.5616080777017252, 1.5628274841658918] 
[0.26594112832421524, 0.2699474938237407, 0.2663601406633652, -0.0025089659095632543, 1.56036420853548, 1.5609424988019571, 1.5617032725529438, 1.562830393336024] 
[0.2659403178750514, 0.26995400060663305, 0.26635404804923185, -0.0023780400827771507, 1.560495515175153, 1.5610648042929327, 1.5617933627896607, 1.5628324323175966] 
[0.26593868999732206, 0.269959417283044, 0.26634702177693576, -0.0022501465324030008, 1.5606264502415534, 1.5611843316499634, 1.5618837079178196, 1.5628345582841336] 
[0.26593760073706046, 0.26996490110849647, 0.2663404231084937, -0.0021236710866125138, 1.560756027380241, 1.5613022051883936, 1.5619726966877878, 1.562836665880874] 
[0.26593830830407744, 0.2699711640839057, 0.2663329169097312, -0.0019952222848836835, 1.560885758763897, 1.5614182028461563, 1.5620586131173406, 1.5628355144810324] 
[0.2659370561946452, 0.26997762235999684, 0.26632308003368993, -0.0018726083625287236, 1.5610101249954225, 1.5615294238856148, 1.5621411921370305, 1.5628378567068768] 
[0.2659362860290148, 0.26998404581424473, 0.2663137143948642, -0.0017525162727864908, 1.5611325420450801, 1.5616391801640985, 1.5622226494016087, 1.5628411336181753] 
[0.2659335239824943, 0.26998776138387226, 0.2663070381752607, -0.0016346144315707413, 1.5612508310912303, 1.561749980208655, 1.562305371386524, 1.562842377493766] 
[0.2659311604958447, 0.26999150234917574, 0.2663006898983726, -0.0015184558548410787, 1.5613678262013715, 1.5618592095729797, 1.56238712450016, 1.5628440120834532] 
[0.2659292898654087, 0.2699948760134568, 0.2662951387482436, -0.0014052718844010427, 1.561482948873346, 1.5619671799748092, 1.562468505322158, 1.562847169289176] 
[0.26592671542428237, 0.26999883791955737, 0.26629076245530336, -0.0012919943676911916, 1.5615956587108017, 1.562073112735961, 1.5625496883370904, 1.5628488320254983] 
[0.26592635711565604, 0.2700059304678442, 0.26628800631986577, -0.001185781846673446, 1.561708169989944, 1.5621744960199053, 1.5626281938536142, 1.5628564170883994] 
[0.2659262954533267, 0.27001253692931937, 0.2662850956904565, -0.0010809626496927588, 1.5618193039088233, 1.5622748017833565, 1.5627058900675284, 1.5628639837163942] 
[0.26592579878878525, 0.27001956115623466, 0.2662828118625943, -0.0009792841906058885, 1.5619298007049318, 1.5623730782692726, 1.5627836264792503, 1.5628734627919731] 
[0.26592712535715357, 0.27002529016812, 0.26627912766606343, -0.00087903986126884, 1.562040376139817, 1.5624717260543926, 1.5628591912469858, 1.5628814078911673] 
[0.265928102914328, 0.2700311054258284, 0.26627515506972477, -0.0007810691120534314, 1.5621489885203659, 1.5625692857723692, 1.5629342635032735, 1.5628904173492875] 
[0.26592952674902887, 0.27003710262923897, 0.26627151433512397, -0.0006839319455978156, 1.562256495022546, 1.5626654616932485, 1.563008091856938, 1.5628995182595058] 
[0.2659309805546336, 0.2700426816126645, 0.26626791447482084, -0.0005881365416835448, 1.562362615041974, 1.5627604430791866, 1.563081237031887, 1.5629086188492156] 
[0.2659323705584584, 0.27004796076032855, 0.26626451511646765, -0.0004934507612148877, 1.5624671883592156, 1.5628541890375856, 1.5631536411743125, 1.5629177375855623] 
[0.26593358281767393, 0.2700532029586313, 0.2662613740716524, -0.00039967233037210435, 1.5625707460051048, 1.5629465122974582, 1.5632249824160405, 1.5629270163401587] 
[0.2659347964447322, 0.2700581939765718, 0.2662582762177463, -0.0003071161592137514, 1.5626729215205457, 1.5630377393938208, 1.5632955033760487, 1.5629363222171493] 
[0.2659366380706429, 0.2700620935893063, 0.26625539007449034, -0.0002163457924456324, 1.562773999751691, 1.5631268603570725, 1.5633641034446222, 1.5629448906637202] 
[0.26593874775138354, 0.27006623321100665, 0.26625283961167767, -0.00012662904052564996, 1.5628741084524678, 1.5632147938439618, 1.5634317143569654, 1.5629536309374743] 
[0.26593931459147946, 0.27007018847782455, 0.2662499604073541, -3.729432479039968e-05, 1.5629709124090219, 1.5633001834088045, 1.563496975795723, 1.5629635708123695] 
[0.26593968168766857, 0.2700737037856253, 0.26624689198409185, 5.1158911038395156e-05, 1.5630661629353904, 1.5633844559091252, 1.5635617586961315, 1.5629730572430078] 
[0.2659401652899015, 0.2700780320508703, 0.2662437012166339, 0.00013665901912054344, 1.5631592691628904, 1.5634680852956597, 1.5636251536010868, 1.562984067240604] 
[0.2659410740215909, 0.27008258023500575, 0.2662401442968976, 0.00021999512320584994, 1.5632508606045057, 1.5635505440244208, 1.563687939166617, 1.5629957969575385] 
[0.2659419747243399, 0.2700868841652362, 0.2662367639874073, 0.00030210676326526025, 1.5633414030737802, 1.563632013185705, 1.5637502562113355, 1.5630074503106932] 
[0.2659432783106039, 0.27008996444514927, 0.2662341229167887, 0.0003829577166065911, 1.5634322880189544, 1.563713776831371, 1.5638134502528551, 1.5630184492120989] 
[0.2659436380806657, 0.27009439123920426, 0.2662324788428678, 0.00046056276845761663, 1.5635225154255754, 1.5637930790214507, 1.563875155103384, 1.563031451085426] 
[0.2659442737082529, 0.2700977491597068, 0.2662316447832237, 0.0005365050605524815, 1.5636115894508318, 1.563870706665105, 1.563936321217423, 1.5630437861612771] 
[0.2659441965174606, 0.27010180307203624, 0.2662307922660245, 0.0006098327644274126, 1.5636983892032708, 1.5639473488863163, 1.563996179015128, 1.5630577161975285] 
[0.2659441307044529, 0.270105474178816, 0.26622997388645725, 0.0006833060348449174, 1.5637841425236498, 1.5640233512063493, 1.564056241023405, 1.5630709044199904] 
[0.2659453438809235, 0.27010833478786794, 0.2662297496320451, 0.0007547275056926834, 1.563869155718414, 1.564097462275078, 1.5641146982697947, 1.563084218724022] 
[0.26594645026990515, 0.27011100484103095, 0.2662292735896914, 0.0008239569709947383, 1.5639514708188198, 1.564169666382721, 1.5641738162510732, 1.5630970808694382] 
[0.26594798132126707, 0.2701132531829675, 0.2662281541112133, 0.0008918972816476508, 1.5640331511319856, 1.5642407834581795, 1.5642326140984277, 1.5631097333067148] 
[0.26594967164041144, 0.2701151546831462, 0.2662265474718219, 0.0009583005764732635, 1.564113352607065, 1.5643113629302996, 1.5642910169184931, 1.5631229404432219] 
[0.265951302238775, 0.27011704671843273, 0.266224868219783, 0.001023914412704381, 1.5641924802320368, 1.5643812430431656, 1.564348634007916, 1.5631360725600039] 
[0.2659527734279687, 0.27011902044139124, 0.26622303416706, 0.001088457205730676, 1.5642706935072797, 1.564450281182815, 1.564405649376458, 1.5631494333888538] 
[0.2659539352960946, 0.27012125123360414, 0.2662222956651858, 0.0011520279189566785, 1.5643491298115828, 1.564519661937971, 1.5644631473545716, 1.56316244241421] 
[0.2659543398325987, 0.27012344679632655, 0.26622211853586386, 0.0012144701215140049, 1.5644254437561191, 1.564588451750471, 1.5645198704691075, 1.563174897364868] 
[0.2659548171346625, 0.27012560866958674, 0.2662217051177279, 0.001276187337042875, 1.5645007472087862, 1.564656482352273, 1.5645757491043193, 1.5631873318680225] 
[0.2659563288233741, 0.2701277074535479, 0.26622118913944265, 0.0013367411925840008, 1.5645753433087393, 1.5647230629080124, 1.5646299194873898, 1.5631991991775736] 
[0.26595808615416167, 0.2701295623311544, 0.26622084297261334, 0.0013969839952181237, 1.5646493924973865, 1.5647886655400454, 1.564683023677554, 1.5632111836212212] 
[0.2659620803532026, 0.2701335469382957, 0.26621823046121906, 0.0014552331300605177, 1.5647230793558515, 1.5648518667493418, 1.5647330139631512, 1.5632222422607422] 
[0.2659656023503544, 0.27013700997138473, 0.2662154776644308, 0.001513267186127402, 1.5647952885192746, 1.5649143132287675, 1.5647824843198699, 1.5632329228551562] 
[0.26596870062805383, 0.27014011153857115, 0.2662132531595272, 0.0015712460813007152, 1.5648663387511494, 1.564976338830193, 1.5648317822868896, 1.5632431779522404] 
[0.2659715521097098, 0.27014304041608767, 0.266211053695762, 0.0016285917696247465, 1.5649363348456442, 1.5650377367151957, 1.5648805127878678, 1.563253427606305] 
[0.2659738364312125, 0.2701456074659153, 0.26620908176426117, 0.0016856830360457333, 1.565005524818185, 1.5650983257115583, 1.5649284874348115, 1.563263739120855] 
[0.2659759382979504, 0.27014809133179807, 0.2662078984666339, 0.0017420257979094964, 1.565074654662296, 1.5651584471804967, 1.564976807879619, 1.5632740442388948] 
[0.2659774706308017, 0.27015084477699464, 0.26620611110304, 0.001799022106153114, 1.5651419684592054, 1.565218584058942, 1.565023545334887, 1.5632830672492846] 
[0.2659788455663212, 0.2701533120676174, 0.266204283671016, 0.0018554661453887053, 1.565208324788653, 1.5652781726103882, 1.5650698909427014, 1.5632920326697066] 
[0.2659800828920677, 0.2701557039981944, 0.2662024843714704, 0.0019110873505591435, 1.565273866394356, 1.565337046051552, 1.5651158099604725, 1.5633011280845228] 
[0.26598067097125094, 0.27015725561175286, 0.26620000608255473, 0.0019653751504109126, 1.5653391239725978, 1.5653947130463777, 1.565162070280925, 1.563310112709598] 
[0.26598070680002756, 0.2701592147186838, 0.26619698004085907, 0.0020197166198268296, 1.5654026838315358, 1.565452259649008, 1.5652068683580231, 1.5633192816566819] 
[0.26598113821655206, 0.27016150568033576, 0.2661944150828771, 0.0020738254451190975, 1.5654651078454864, 1.5655095200082643, 1.5652506895987266, 1.5633283682892123] 
[0.2659818394133803, 0.27016342955544426, 0.2661922466765007, 0.00212628068475616, 1.5655273162864944, 1.565565695880356, 1.5652947595322406, 1.5633383064789512] 
[0.26598245520224223, 0.2701653089417246, 0.2661900224304926, 0.0021779989414782417, 1.5655888425761806, 1.5656212812837518, 1.565338331185642, 1.563348267092371] 
[0.26598342454004775, 0.2701675519522568, 0.26618813880432296, 0.002228440796772731, 1.5656502219436128, 1.5656765922913345, 1.5653812381322723, 1.5633588100976723] 
[0.2659843017463399, 0.270169786014998, 0.26618611327973124, 0.0022782473011964343, 1.565710998055433, 1.565731419145642, 1.565423578912118, 1.563369114587036] 
[0.2659853016444203, 0.2701718729443901, 0.2661839583307055, 0.0023277511574200916, 1.5657707375222683, 1.5657855001476726, 1.5654655698413686, 1.5633790179002303] 
[0.2659862339877268, 0.27017381351359343, 0.26618183651903127, 0.0023766370142617077, 1.5658297101088872, 1.5658389497359644, 1.5655071716902371, 1.5633888348453486] 
[0.2659876790281419, 0.2701752052069089, 0.26617973272123224, 0.002424499770683474, 1.5658879361175684, 1.565891339643453, 1.5655482868443236, 1.5633982558236672] 
[0.2659887336393629, 0.2701766003506389, 0.2661780387916424, 0.0024716626915595175, 1.5659453406732826, 1.5659431656184795, 1.5655886215160846, 1.5634073457045505] 
[0.2659898503055939, 0.270177771492493, 0.26617652437481965, 0.002518100859723533, 1.5660017052586193, 1.5659945972087879, 1.565628799108546, 1.5634162140820673] 
[0.26599097781620235, 0.27017900297861286, 0.26617508752662233, 0.0025639911657126973, 1.5660572105673993, 1.566045315651133, 1.565668619145855, 1.5634251756717519] 
[0.2659920706498655, 0.27018017167140185, 0.26617359555175923, 0.0026093648487896153, 1.566112014093181, 1.566095439606513, 1.565707957874965, 1.5634341107740184] 
[0.26599301746053655, 0.2701812274061588, 0.26617216486127265, 0.0026542578278515466, 1.5661660128892974, 1.5661449726441272, 1.565746888726024, 1.5634429583723513] 
[0.2659939185885155, 0.27018226327893674, 0.2661707164206109, 0.0026986033494937594, 1.566219328194938, 1.5661939379417982, 1.565785376493605, 1.563451773035994] 
[0.265994455967467, 0.27018348077438364, 0.2661689637760272, 0.0027416989134436275, 1.5662716458913428, 1.566242454251927, 1.5658238236262212, 1.5634612164529056] 
[0.26599487544024186, 0.2701848078077673, 0.2661670538311551, 0.0027840497949995556, 1.5663233389019475, 1.5662903333944425, 1.5658616812446127, 1.563470769830558] 
[0.2659953335516918, 0.2701860843229611, 0.26616497641019643, 0.0028257511470952796, 1.5663741544418341, 1.5663376720029185, 1.5658990550626672, 1.5634801426480802] 
[0.2659959721685921, 0.270187528234849, 0.2661627724583986, 0.0028665101426303364, 1.566424842144381, 1.5663845277525057, 1.5659359180488976, 1.5634900062140302] 
[0.26599659139731235, 0.270188901066407, 0.26616068434349, 0.0029067502735099036, 1.56647491831644, 1.566430849100414, 1.5659724352161617, 1.5634997800887296] 
[0.2659973119724751, 0.27019024081719073, 0.2661585582688233, 0.0029466695820917306, 1.5665245344677907, 1.5664766445783627, 1.5660085363421439, 1.5635093807095628] 
[0.265997885984596, 0.2701913783035409, 0.2661563548012161, 0.0029864094572959704, 1.5665736511044657, 1.5665218291795282, 1.5660440591261784, 1.5635186629310536] 
[0.2659984392617577, 0.27019247229718035, 0.2661542239039297, 0.003025672348882279, 1.5666221669045601, 1.566566511159049, 1.5660791991991543, 1.5635278768844627] 
[0.26599903907258504, 0.2701934202660062, 0.2661522713256696, 0.0030642195334219, 1.5666699604743926, 1.5666107662506652, 1.5661141341274067, 1.5635372308839304] 
[0.26599961402920785, 0.27019434459333674, 0.26615038029994303, 0.0031022978949496473, 1.5667171689018904, 1.5666545118061983, 1.5661486861261815, 1.5635465198808733] 
[0.26600018225924443, 0.27019521709704925, 0.2661485158160203, 0.0031398586276256972, 1.566763777629296, 1.5666977666273243, 1.5661828912247415, 1.563555788164893] 
[0.2660006747713061, 0.270196012518497, 0.2661466421166571, 0.0031768373918628677, 1.5668098731937494, 1.5667404626429786, 1.5662168072993785, 1.563565124682265] 
[0.2660011464255247, 0.27019681930156414, 0.266144818709765, 0.0032133368052470134, 1.5668554266650916, 1.5667826608840723, 1.5662503738297449, 1.5635743826003248] 
[0.26600145175220435, 0.270197755674186, 0.2661430495513655, 0.0032494994787814835, 1.5669001768953272, 1.566824213869827, 1.5662834962684675, 1.5635833786767166] 
[0.26600205487265016, 0.2701988002665996, 0.2661415736244074, 0.003284985244162376, 1.5669440430733117, 1.5668653542592959, 1.566315936974843, 1.5635922716446016] 
[0.266001708595477, 0.2702005369985108, 0.2661401657207607, 0.003318989063643182, 1.566986172933226, 1.5669050215826545, 1.566349060958143, 1.5636009675625837] 
[0.2660008554771833, 0.27020153686699167, 0.26613934301838477, 0.0033522699331872893, 1.5670271735680634, 1.5669447610541312, 1.5663824573224518, 1.5636092423315942] 
[0.26600022994174827, 0.2702026310451985, 0.26613857057714246, 0.0033853989501412304, 1.567067605599826, 1.5669841786269, 1.5664151649120683, 1.5636172487337354] 
[0.2659995889262236, 0.27020384346595155, 0.2661379152535686, 0.0034179793292323595, 1.5671078399206675, 1.5670229885568476, 1.5664476190008607, 1.5636252079347734] 
[0.26599983936043337, 0.2702059032286873, 0.2661360219844041, 0.0034483153971084464, 1.5671464814383984, 1.5670599967086314, 1.5664786293592392, 1.5636350017571097] 
[0.2660000892216107, 0.27020784195563624, 0.26613418367052494, 0.0034783436603992826, 1.5671847045984837, 1.56709658913298, 1.5665092705201038, 1.5636446640179344] 
[0.265999603193704, 0.2702088135712019, 0.26613202346089754, 0.0035074392222403357, 1.5672214871437897, 1.5671320864982794, 1.5665397628007138, 1.5636540372305847] 
[0.26599919270130457, 0.2702097678150819, 0.26612998196692633, 0.003536209472835233, 1.5672579646319236, 1.567167241995354, 1.5665698202961436, 1.5636633083942821] 
[0.26599893332969216, 0.2702105522747728, 0.266127916390927, 0.003564805026589616, 1.567294200933481, 1.5672019486978013, 1.5665993495393016, 1.563672511446084] 
[0.26599876131037514, 0.27021136932320633, 0.2661259391416455, 0.003593023846229922, 1.5673301797981767, 1.5672362644021232, 1.5666285420040356, 1.5636816139586112] 
[0.2659986453406659, 0.27021216127252107, 0.26612405292631497, 0.003620929171517133, 1.567365821746307, 1.5672702373887517, 1.566657341820015, 1.5636906321432402] 
[0.265998559822054, 0.2702129489729814, 0.2661222735148594, 0.0036483829593229535, 1.5674014389764979, 1.567304062810041, 1.5666858321666186, 1.5636998393572756] 
[0.26599850582525314, 0.270213809290893, 0.2661205553906859, 0.0036754841044352622, 1.5674367538009042, 1.5673376317584058, 1.5667139308929026, 1.5637089993685114] 
[0.2659984768365746, 0.270214477937718, 0.2661187573693751, 0.0037022384078818082, 1.5674719045340917, 1.5673708692804962, 1.5667418504268817, 1.5637181094691632] 
[0.26599847592112713, 0.27021526894853026, 0.2661170636362817, 0.003728883402417471, 1.5675067434016394, 1.5674037702031942, 1.5667695329471878, 1.5637270461101456] 
[0.26599848879744, 0.2702159737505282, 0.2661154640260743, 0.003755288170253725, 1.5675412143655152, 1.567436389415956, 1.5667969033180982, 1.5637358894995883] 
[0.26599876039551135, 0.2702164077064793, 0.2661140516322262, 0.0037816940554616795, 1.5675750304632639, 1.5674685027384039, 1.5668240820872148, 1.5637442694045105] 
[0.2659990607012898, 0.2702168616136049, 0.2661126653923382, 0.0038077438150092837, 1.567608548686773, 1.567500263053867, 1.566850921596328, 1.5637526357428835] 
[0.265999261033648, 0.2702172218238495, 0.266111239776983, 0.0038333276423640665, 1.5676416521091292, 1.5675317535176172, 1.5668775109890916, 1.5637611178335717] 
[0.2659994338318897, 0.27021755694095473, 0.26610990564678116, 0.0038585501348221366, 1.5676744029586087, 1.567562938245999, 1.5669037999252706, 1.5637696049763101] 
[0.2659993898932901, 0.2702181851008131, 0.2661089670217034, 0.003883211672808505, 1.5677072028052914, 1.5675935665003897, 1.5669300822804813, 1.5637779764492556] 
[0.26599942621336015, 0.2702187561315467, 0.26610808347827913, 0.003907447306680473, 1.5677397573757348, 1.5676238358753936, 1.5669561051920633, 1.563786427823677] 
[0.2659995777621102, 0.27021921394561904, 0.2661071130307568, 0.003931528162127596, 1.5677718470245865, 1.567653868839284, 1.566981639992475, 1.563794801060408] 
[0.26600010410564745, 0.270219991933743, 0.26610652739701535, 0.003955136894586265, 1.5678033117828127, 1.5676839516929302, 1.5670070391607007, 1.5638028218828055] 
[0.26600017765258116, 0.2702203139253955, 0.2661054327935243, 0.003977801902608172, 1.567833924312801, 1.567713238612053, 1.5670323193540268, 1.5638114130395848] 
[0.2660002732198499, 0.2702206608005065, 0.26610438153607135, 0.004000206506804155, 1.567864259856022, 1.567742249996911, 1.567057210654628, 1.5638199281357748] 
[0.26600034419732826, 0.27022095226709547, 0.26610340827496765, 0.004022508757170432, 1.5678943427664724, 1.5677709166188352, 1.5670816474038867, 1.5638282519328146] 
[0.26600036104447555, 0.2702213308321061, 0.2661025294619384, 0.004044418360923637, 1.5679240445576212, 1.5677992639656162, 1.567105751294509, 1.5638366729430306] 
[0.2660003138363859, 0.2702218120582912, 0.26610158525586514, 0.004066291878778503, 1.5679532737793564, 1.5678274403979637, 1.56712930651231, 1.5638448239263765] 
[0.2660003296572312, 0.27022225344220285, 0.26610061693481574, 0.004087986603384637, 1.5679822104628396, 1.5678553624124187, 1.5671525710503358, 1.5638528418347684] 
[0.2660005746502789, 0.2702228810940322, 0.2660996285901143, 0.004109699404479871, 1.5680106241389946, 1.5678827762925616, 1.5671752081162476, 1.563860669148965] 
[0.26600084744273356, 0.27022345436422746, 0.26609862768379394, 0.0041311348388420165, 1.5680388284164852, 1.5679099043404514, 1.5671975529834627, 1.5638684397217588] 
[0.2660011440645853, 0.2702240284484699, 0.2660976440918632, 0.004152274601353913, 1.5680668072355457, 1.5679367240202937, 1.5672196421937268, 1.563876179934213] 
[0.2660017160213239, 0.2702248349405486, 0.26609664935809824, 0.004172983019731564, 1.5680945783094538, 1.5679630480074764, 1.5672413842220678, 1.563883713804017] 
[0.26600228304816864, 0.27022569708586985, 0.2660957947259693, 0.004193524413488755, 1.5681219574153513, 1.5679890118619737, 1.5672628182744146, 1.5638910702927895] 
[0.266002840010734, 0.27022651597123476, 0.2660949557580311, 0.004213836935067473, 1.5681490664468063, 1.5680147039504058, 1.567283972497155, 1.5638983643504492] 
[0.266003381120179, 0.2702273443191997, 0.26609414122399605, 0.004233878178418258, 1.5681759235423607, 1.5680401738120153, 1.5673049364453795, 1.5639056755167142] 
[0.2660039216809672, 0.2702284083918541, 0.2660933600611581, 0.00425366370348555, 1.5682029152823576, 1.5680656677251545, 1.5673257083637429, 1.5639128811605585] 
[0.266004371415536, 0.27022932135831673, 0.26609253369149843, 0.004273312744822674, 1.5682295447639563, 1.5680909255932831, 1.5673461537981064, 1.5639200399110071] 
[0.2660045226399845, 0.27022992175729144, 0.26609143239866595, 0.004292230220670045, 1.568255583129674, 1.5681155802929385, 1.5673665079828394, 1.5639277009497201] 
[0.26600466632513803, 0.27023040930403436, 0.26609046536128134, 0.004310835259481677, 1.5682813883616835, 1.5681398781648623, 1.5673865143622967, 1.5639353144780388] 
[0.2660047865154938, 0.27023083258832603, 0.26608947341832495, 0.004329152984605713, 1.5683069064525932, 1.5681639491099502, 1.5674063498048112, 1.5639429296168057] 
[0.2660044367119321, 0.27023084154190463, 0.26608889473964664, 0.004347684726556951, 1.5683315524000083, 1.5681872956747018, 1.56742546438746, 1.563950731705257] 
[0.2660041558284377, 0.27023086981501787, 0.2660883091631625, 0.0043659722652313925, 1.5683560074057732, 1.568210407508366, 1.5674443649171395, 1.5639584250346301] 
[0.26600391119478217, 0.2702309354648505, 0.2660877093947496, 0.00438404325128442, 1.5683803831401177, 1.5682332758497988, 1.5674631551791314, 1.5639659990271089] 
[0.2660037314287291, 0.27023102187657183, 0.2660871091736101, 0.004401812561000053, 1.5684046216658087, 1.568255968171926, 1.5674817972747819, 1.5639735007516722] 
[0.2660037287084123, 0.2702310685643992, 0.26608633531402887, 0.004419121473522066, 1.5684284763564915, 1.5682784406008348, 1.5675000855202994, 1.5639811132379764] 
[0.26600387637586415, 0.27023100530839733, 0.26608546547736384, 0.004436125948545466, 1.5684519871162923, 1.5683007970805196, 1.5675182680552402, 1.563988526235158] 
[0.2660040460843198, 0.2702309887252924, 0.2660846264126916, 0.004452978221539523, 1.5684752648463858, 1.568322946732545, 1.567536199921142, 1.563995795426748] 
[0.2660044159214159, 0.2702311141015192, 0.2660836543651342, 0.00446990606962446, 1.5684981415943153, 1.5683450216159147, 1.567553653240813, 1.5640026331616304] 
[0.26600480499533113, 0.27023127680347764, 0.2660827140455459, 0.004486728249309116, 1.5685209831435287, 1.5683668392754764, 1.5675710465881185, 1.5640093902976258] 
[0.26600516726496065, 0.2702314205889147, 0.26608184512068855, 0.00450333483385588, 1.5685436593401016, 1.5683884542301485, 1.5675882314791756, 1.5640160491802557] 
[0.26600566455337477, 0.27023141957242885, 0.26608101093642056, 0.004519469596206309, 1.5685659387071327, 1.5684096585288123, 1.567605434229003, 1.564022797328908] 
[0.26600614251504484, 0.2702314406102727, 0.26608021646699676, 0.004535399755174082, 1.568588031775976, 1.5684306347416483, 1.5676224435156623, 1.5640294885080746] 
[0.26600660758528116, 0.27023148155731447, 0.2660794537274559, 0.004551138652505345, 1.5686099311876198, 1.5684513879972108, 1.5676392564916959, 1.5640361125820905] 
[0.26600688748614487, 0.27023137851654366, 0.2660785548360059, 0.004566768771065926, 1.5686314467397653, 1.5684717673656718, 1.5676560029078863, 1.564042805829196] 
[0.2660071695631213, 0.27023130502973175, 0.26607769607370885, 0.004582204566287842, 1.5686527835197517, 1.5684919380488946, 1.5676725490962973, 1.5640494259693392] 
[0.26600744209809024, 0.27023124565344325, 0.266076877811805, 0.0045974471560838144, 1.5686739411146862, 1.5685119125665092, 1.5676888997427494, 1.5640559767991395] 
[0.266007729615727, 0.2702312894129325, 0.26607615639415483, 0.004612453005090676, 1.5686949301367221, 1.5685316067449782, 1.567704999923507, 1.5640625437819888] 
[0.2660080999452671, 0.2702313070180379, 0.2660754401907892, 0.004627408320014418, 1.5687157058486112, 1.568551195854412, 1.5677209189123043, 1.5640689302665938] 
[0.2660084660312404, 0.2702313412702489, 0.26607473505593776, 0.004642182562959367, 1.5687362993290288, 1.5685705938411294, 1.5677366374784425, 1.564075241605653] 
[0.2660089864764357, 0.27023155739323956, 0.2660740710433118, 0.004656832801175667, 1.5687565090530358, 1.5685896123647398, 1.5677519498209072, 1.5640814246844656] 
[0.2660094789986064, 0.2702317649320058, 0.26607342358512776, 0.004671275753569761, 1.5687765587322435, 1.5686084258405957, 1.5677671149762855, 1.5640875624170778] 
[0.26600998352785116, 0.27023187843209356, 0.26607267456282635, 0.004685366632424769, 1.5687963109745027, 1.5686269317011283, 1.567782168851936, 1.564093756664476] 
[0.2660104688192523, 0.2702320026358434, 0.2660719606391744, 0.00469928554769987, 1.5688158931366676, 1.5686452531150548, 1.5677970550584892, 1.5640998800167858] 
[0.26601083334097253, 0.270232207012206, 0.26607120753048386, 0.004713078841928731, 1.568835425142488, 1.568663311033307, 1.5678117032314938, 1.564105999126121] 
[0.2660112281053606, 0.2702324434336418, 0.2660704531309006, 0.004726769041460762, 1.56885481031097, 1.5686811609847027, 1.5678261330631467, 1.5641119778879742] 
[0.26601167029181866, 0.27023262991381797, 0.26606981121531215, 0.0047401126871668, 1.5688741441812193, 1.5686987585186472, 1.5678405594470919, 1.5641180819628446] 
[0.2660121104554189, 0.27023289918953974, 0.26606909649819654, 0.004753239976444571, 1.5688932820817554, 1.5687161809372623, 1.5678547068106763, 1.5641240459415628] 
[0.26601244668232227, 0.2702332476556626, 0.26606842249588897, 0.004766428826144224, 1.5689120759413377, 1.5687333422348726, 1.567868529937947, 1.5641297472791111] 
[0.2660127671747612, 0.270233586584747, 0.2660677893298777, 0.004779452833851014, 1.5689306818603581, 1.5687503440672437, 1.5678822160194683, 1.5641353912013252] 
[0.266013081852794, 0.2702339103483595, 0.26606718509540345, 0.004792322041148439, 1.5689491057660299, 1.568767183289847, 1.567895754707004, 1.5641409704715032] 
[0.26601342648116605, 0.2702342594310112, 0.26606664429854215, 0.004805121132779402, 1.5689672887570383, 1.5687839114203115, 1.5679090770028332, 1.5641463880449769] 
[0.26601376184217607, 0.2702345936112829, 0.2660661255112337, 0.004817769387900899, 1.5689852967462203, 1.5688004741836226, 1.567922260283236, 1.5641517434018677] 

Time 
147.4016628265381 
