Parameters 
 
[-0.5, -0.5, -0.5, -0.5, -0.5, -0.5, -0.5, -0.5] 
[-0.4904190241587474, -0.5076956088277952, -0.49833564847610196, -0.47997974364466467, -0.5018032952352424, -0.46560300022880685, -0.4028651473063265, -0.40377358437930455] 
[-0.47549677324154005, -0.523510907628901, -0.5175842627106569, -0.4457445027573769, -0.4663229194924486, -0.4219812183554273, -0.2975699944548874, -0.23746324234274643] 
[-0.4506155248032703, -0.5350480846359316, -0.5073990600233313, -0.38445151313749876, -0.3663967739852767, -0.3624134680577176, -0.21671370273935597, -0.12007572184331883] 
[-0.4368525573495027, -0.5658403000038604, -0.5122034147775081, -0.3368388605368549, -0.2179169479290139, -0.30456062145882823, -0.10481248305332659, -0.017252325993195802] 
[-0.400321837549454, -0.5866233458295268, -0.5139688373735057, -0.2576176068322978, -0.06886077511775199, -0.21593472391657498, -0.01703490416626248, 0.08967459458265258] 
[-0.32905100482708705, -0.6075791356831478, -0.4615753874053314, -0.13113035477606774, 0.04671205673339415, -0.12805478782209823, 0.11400611619472435, 0.1417642635457412] 
[-0.26262942874082834, -0.6481250058575762, -0.396948972377242, -0.01227852428602072, 0.16251180983050617, -0.015524663538041009, 0.23733925201325484, 0.216754389546723] 
[-0.19725202328424213, -0.6492593532370406, -0.31566826273379617, 0.11018100832091887, 0.2800730552431903, 0.06498952001016448, 0.35329210562139207, 0.2535686166347295] 
[-0.19960471542450103, -0.6270966818128161, -0.27491134184540367, 0.159682826455819, 0.37095554097338734, 0.10714981348867121, 0.4018452032776171, 0.27033724215914656] 
[-0.21183111677070032, -0.6031506593318263, -0.2224934599056197, 0.24179380399592373, 0.4559617655379935, 0.1747585640715546, 0.44931291155972886, 0.25505202250979253] 
[-0.18094699524249128, -0.5687328580985064, -0.19325685292815084, 0.3024598914707704, 0.5233834232357983, 0.22532380933365725, 0.5285398912705128, 0.25430207064921584] 
[-0.11193304680028854, -0.5311730038686903, -0.18522313094211504, 0.33271769172158194, 0.5562000247005764, 0.24695211608353262, 0.6279062936882167, 0.24786665662368979] 
[-0.06889372961468113, -0.2528249141532968, 0.1267177731676102, 0.38518998792437353, 0.660184454017246, 0.15081637565639106, 0.48866576652341576, -0.058377552012476686] 
[-0.020928351706680656, -0.2895578712786405, 0.07918295504029563, 0.44423772240320425, 0.6675721916900822, 0.20988342290323472, 0.6138517698766959, -0.03654473859385918] 
[0.014297610958365924, -0.29576066210290686, 0.04810169918427552, 0.4910110726339587, 0.6740257350536187, 0.24992234035852637, 0.6961537646808597, -0.023996998981772044] 
[0.03464608321318857, -0.27818640072344647, 0.0314069710019284, 0.5181170740300688, 0.6905111581155998, 0.27022887296436815, 0.7445442287559998, -0.0077904683256840995] 
[0.053461689243991535, -0.2618224696149512, 0.015257387174833596, 0.5428544167330702, 0.7098669843171811, 0.2958129521472063, 0.786153135177231, 0.005861118991181502] 
[0.08128773045630915, -0.2514894523158722, -0.006931283318003096, 0.5693870366257695, 0.701961609845173, 0.31772348624056895, 0.8669744353304915, 0.040748649553256515] 
[0.06609312363778173, -0.23638383810388644, -0.009523015462175714, 0.5926359545388121, 0.7362374754250427, 0.34262545502626857, 0.8501218887135363, 0.03590651627556853] 
[0.07099060232885139, -0.22189331717058597, -0.015055099421137273, 0.6158648102194055, 0.751530882082962, 0.3668072709634633, 0.8759157737793849, 0.04536474862455353] 
[0.0648123615165527, -0.2134310366836676, -0.0005429016166437605, 0.6371550532417171, 0.7791793304588112, 0.40617607052339644, 0.8547800823315888, 0.03687281253823059] 
[0.06267443424166731, -0.1999863471211771, 0.017572543378666164, 0.6583323831928719, 0.810435524998361, 0.44316882054504725, 0.8339827668247265, 0.026442292239085476] 
[0.06337308281854358, -0.18732126751750638, 0.03466656673600159, 0.6807581249190148, 0.8380423206446732, 0.48059895733502644, 0.8177640367555586, 0.01661766677513614] 
[0.06596134124498564, -0.17358495259969497, 0.04882527441719757, 0.7021999340201752, 0.8628049238977958, 0.5146828588137263, 0.8121858010040013, 0.010117652334126896] 
[0.06859329620134555, -0.16219830544396516, 0.06428782562181712, 0.7219643988290033, 0.8836121887037913, 0.5519006587565967, 0.8050766885742062, 0.0038102207745369134] 
[0.07039975196124477, -0.15845450858103208, 0.07314911172256552, 0.7378686706996347, 0.8909231953928288, 0.5960409187423189, 0.8046297475734963, 0.006145591777330914] 
[0.07132679001796641, -0.14867644808760097, 0.0824339157423162, 0.7508807097100236, 0.8970857572161366, 0.6285987098179572, 0.8028033883856919, 0.009258339806905932] 
[0.07203702659917968, -0.1267869392647736, 0.09575843337506178, 0.7685087178018732, 0.9147547281403069, 0.646406430547178, 0.796051195550011, 0.004223986409006865] 
[0.0700444808192661, -0.11337755601642101, 0.10585698498137464, 0.7796928003248316, 0.927141503832302, 0.6743881244357215, 0.7969256069868431, 0.007333553830011658] 
[0.059569893398295506, -0.10624882735427152, 0.11110294896371836, 0.7875790221427107, 0.9248756204875435, 0.716275028679977, 0.7998389980179768, 0.01618253962893942] 
[0.055742254331790524, -0.09618188936175207, 0.1250422388543885, 0.7934812155017976, 0.9342799461163892, 0.7527352354226212, 0.7955451078675343, 0.021797860144571617] 
[0.05757680970754124, -0.08215777051795844, 0.13754043357503015, 0.8037532084604837, 0.9454633069652335, 0.7771155436908035, 0.7954554142631406, 0.02557661078646895] 
[0.058199538873913575, -0.06459914759800509, 0.15261155710649213, 0.8122951803941263, 0.9565492877759023, 0.7962057987429628, 0.7907301792779976, 0.028737905856812265] 
[0.06064129128845097, -0.047739772630180075, 0.16628820704544617, 0.8217219615629141, 0.9654083445443029, 0.8133525420279566, 0.788835381250989, 0.032260154312898165] 
[0.06347639190372983, -0.030636266095256746, 0.17787798769282187, 0.8313303248052252, 0.9700175757887869, 0.8274110110329849, 0.7918434753014206, 0.03654132172455079] 
[0.06773708511635475, -0.015060320383278371, 0.19050838526469593, 0.8407178768377783, 0.9762259199625696, 0.8424575403070831, 0.7942495097452327, 0.04001844133449242] 
[0.07533056108637869, -0.0013510707546539533, 0.2028320564282151, 0.8514795216419759, 0.9832926416044198, 0.8573986286353634, 0.797063891982359, 0.04203070363434613] 
[0.08266413988609192, 0.011695665446113676, 0.21539556648119432, 0.862016150924282, 0.9910379955506817, 0.8730419580767304, 0.7994589506602052, 0.043740883869883174] 
[0.08929723788008688, 0.024549262546082428, 0.2281657507303813, 0.8731004057201248, 0.9997203279362568, 0.8868465618903064, 0.8036234981393371, 0.046445977353123016] 
[0.09699049680813773, 0.0382515850907163, 0.24464490223677382, 0.881672644298967, 1.00975721207173, 0.8996024241721544, 0.8037544552719943, 0.04860632939817304] 
[0.10301018823992794, 0.052636640192631534, 0.2600189481164403, 0.8902281192809792, 1.0192422727518073, 0.9122623317456716, 0.8045048643794829, 0.05136609250788622] 
[0.11017299969422986, 0.06560099781363629, 0.2749350725242444, 0.8990926101454021, 1.0291744626398218, 0.9249329165364573, 0.8052067126773326, 0.053764646460430096] 
[0.11599220626861038, 0.07913099737499231, 0.28815648858253295, 0.9078099976452892, 1.0376553041663268, 0.9361828113810635, 0.8076065570342235, 0.05716438716725732] 
[0.1162097338750649, 0.0915752454099814, 0.2986127589685753, 0.9150817859661599, 1.0535200746775581, 0.9560750843495757, 0.8147487254816927, 0.05932306716841866] 
[0.11906060624248631, 0.10320195102432096, 0.3078357302256348, 0.9235597130969159, 1.067179368595174, 0.9738197104428733, 0.8216428114117096, 0.0614814703826244] 
[0.12228734489364175, 0.11438335921979673, 0.3170452022762644, 0.9316429410918239, 1.0791329223632307, 0.9907953845435384, 0.8269405424610629, 0.06352848552926701] 
[0.12585264781877792, 0.12481393460214675, 0.3249347567782522, 0.9405172099991468, 1.0888272477435044, 1.0058126392893074, 0.8326911486207418, 0.06646440587128669] 
[0.1310686310338869, 0.13436046050878178, 0.3321885908652011, 0.9493447148587928, 1.0980870232339601, 1.0196540535106493, 0.8389364982709093, 0.06943216222230261] 
[0.1420505250775579, 0.13580008685995354, 0.33967286294449395, 0.96389860504163, 1.1092246524668172, 1.0442171897255215, 0.8418051513322587, 0.06274515644590187] 
[0.15330483214347365, 0.1406551609271856, 0.34437599959769893, 0.9752119741553188, 1.1168589296049987, 1.057260360893064, 0.847680466483808, 0.06299167385831457] 
[0.1627745384403143, 0.14375934236898616, 0.34589803081165843, 0.9888586115731972, 1.1263342804599177, 1.0754994445265544, 0.8582028067637478, 0.061866045385701784] 
[0.17032173389012709, 0.15012927154389993, 0.35115602102252497, 0.9996960420219946, 1.1332999895480447, 1.08765823235059, 0.8640443290123965, 0.06333479551844366] 
[0.17615840552157425, 0.15720432631217662, 0.3570336054194519, 1.008997947868707, 1.1403980696417961, 1.0988605308931154, 0.8687709457784736, 0.06565444057269168] 
[0.18235209809930153, 0.1636433225057139, 0.36488595108573435, 1.0177406182112267, 1.1482442565167525, 1.1098259844467018, 0.8713884184226035, 0.06684954393799314] 
[0.189747648057869, 0.1690781213093986, 0.37154417053509364, 1.0274035480158181, 1.1565224498817848, 1.120203693388962, 0.8758015522303522, 0.06730649389441341] 
[0.19393467157285815, 0.17688521642633073, 0.379015317333292, 1.0356057729291797, 1.1634694677349045, 1.1275989683711864, 0.8794002213785559, 0.0700050415389249] 
[0.19771345537457913, 0.18418308612723894, 0.38683361834623375, 1.043185213131358, 1.170784270698469, 1.135240270321057, 0.8819751843519278, 0.07256634515111164] 
[0.2008896441402542, 0.19212086078419463, 0.39592425729267083, 1.0492933761413894, 1.177743858996796, 1.1417004233007781, 0.8825232353227292, 0.07533157917500032] 
[0.20412155261539167, 0.19923602587533268, 0.40389888650327044, 1.0552648855212892, 1.1848570833864267, 1.1484745720130898, 0.8840642425763916, 0.07791765580611139] 
[0.2066783488821473, 0.20574713494861277, 0.41139104980578667, 1.0609571431551974, 1.1917782268105261, 1.1557270593508033, 0.8851087954433154, 0.08061685215275395] 
[0.20886475450154945, 0.21252122926858302, 0.42213300067914455, 1.065469708983089, 1.2015138816356783, 1.1649946521680026, 0.8836264500952505, 0.08253094748743603] 
[0.21153196279566025, 0.2192780120754319, 0.4289892226354988, 1.0714436071181535, 1.208470167361519, 1.1712732696379107, 0.8862418938510479, 0.08582759714042858] 
[0.2142888396064583, 0.2256045900295799, 0.43603917771383227, 1.0775058265125206, 1.2151714897006665, 1.1772881653284093, 0.8886327087111757, 0.08879359624070605] 
[0.21774250630780068, 0.2317643181688826, 0.442900396631426, 1.083919950581799, 1.221013833306874, 1.1823967523729668, 0.8899597616555474, 0.09112044601569325] 
[0.22442247062901494, 0.23970973069424228, 0.45375075048855823, 1.0903067595153486, 1.2270768745179699, 1.1834157858385412, 0.8889160203868293, 0.0930063110231601] 
[0.22513487296066542, 0.24515520194938561, 0.4596973762797003, 1.0951273548308633, 1.2331429107763956, 1.1899942210652326, 0.8894427147790142, 0.0961720531549364] 
[0.22890973331030426, 0.25080788058978215, 0.4673770527551489, 1.0999790517786658, 1.2388487261692114, 1.1927978356052549, 0.8884701710658743, 0.09930766673345202] 
[0.22360123730257486, 0.25481925070614164, 0.4702777793041677, 1.1012564614748916, 1.246668470979961, 1.2038804295506913, 0.8904559281046668, 0.1044044121917174] 
[0.24060768240530567, 0.2606729830565478, 0.4833827102800498, 1.1107878336703336, 1.2498206248620307, 1.1955932943957945, 0.8863354152582704, 0.10383559710396513] 
[0.2164738710118842, 0.2621820747432651, 0.47725958261501195, 1.1046426568972234, 1.2614398487345702, 1.2226577309734614, 0.8934511645361665, 0.11355202120750046] 
[0.2596519613996231, 0.26694226089644424, 0.5004372831993378, 1.1238906494372398, 1.259229926423525, 1.1959270641533357, 0.8834596602222354, 0.10508072379801266] 
[0.16690938809054456, 0.270262546923501, 0.46079339329464486, 1.0845880482441934, 1.2904075541766509, 1.271810325394395, 0.9085696919447777, 0.14049164096152625] 
[0.3248270410785651, 0.25547401035682793, 0.5210227996636966, 1.149362555446034, 1.2590215931581175, 1.18156231671436, 0.8842751831806855, 0.09086556107335123] 
[0.15422012608145885, 0.30377145874746336, 0.46080312152096453, 1.0920757100656937, 1.3002454492800042, 1.2496557062153362, 0.9283666100974076, 0.15787471424965754] 
[0.3343679469359266, 0.26724341358464654, 0.5272160070183565, 1.141434657483788, 1.2733658940021844, 1.1809536718699922, 0.8761903271542798, 0.10893808312476763] 
[0.1679953995897788, 0.298724300931158, 0.4746538776497811, 1.0966471357200578, 1.309169157853949, 1.2676212594271095, 0.9285003743042836, 0.1605563810437014] 
[0.33673981913000717, 0.2630959469919474, 0.5360643978956942, 1.1505353031740368, 1.2846965858146533, 1.2023433740389782, 0.8739604117488063, 0.1085825993192219] 
[0.14180035786855502, 0.30769327920455886, 0.473129815906581, 1.0928275439171016, 1.3263832099669022, 1.2938171190984085, 0.9373478717869498, 0.176006212527355] 
[0.289466588571346, 0.27940375909152765, 0.5289243384978799, 1.1349436476273345, 1.3094356483708869, 1.2341926748004934, 0.8903481817116745, 0.13299233787518633] 
[0.23308256478561679, 0.291618011882724, 0.5134744062262289, 1.1218481760060335, 1.3222573594096825, 1.2645551128405992, 0.9089139132098036, 0.15370920746927777] 
[0.2513861079787339, 0.2921503427299781, 0.5258835386437993, 1.129490084593551, 1.3223080798352194, 1.2560605189602359, 0.9040144057492479, 0.1523731708053796] 
[0.2486478817714434, 0.2914604911890394, 0.5274069441842476, 1.1298154164198821, 1.3285832656520171, 1.265378994637455, 0.9057170410736342, 0.1559594507788821] 
[0.2506650799731447, 0.29176276882935887, 0.5312972237925926, 1.1314931753132547, 1.3331161585479803, 1.2693768817689945, 0.9058362605362383, 0.15891375512422143] 
[0.2517317560002334, 0.2922905590125423, 0.5347239042542582, 1.1327685887594432, 1.337747940650678, 1.2735228794254425, 0.9062673857346852, 0.16219955836721994] 
[0.25172241819428154, 0.29300294477438854, 0.5379965376517762, 1.1336570096248693, 1.3425673124878557, 1.2784360565575397, 0.9069790550873779, 0.16595943488258516] 
[0.2529312408839223, 0.29421076078189834, 0.5419744106650477, 1.1347415433899168, 1.3466608409053389, 1.2813877747572364, 0.9071277074203702, 0.1696722424392033] 
[0.25403833702825496, 0.29508668231202634, 0.5456891335478313, 1.135833619016284, 1.3506889462838294, 1.284570282701205, 0.9072492283283697, 0.17331621944056566] 
[0.25144297813868893, 0.2953716897512949, 0.5465107114514767, 1.1354744681424858, 1.3561071287576907, 1.290933450831964, 0.9096266956905612, 0.17823090830855687] 
[0.2550551807651962, 0.2960364551463037, 0.5512221186090892, 1.1375111472748878, 1.3590480143427406, 1.2916315488526524, 0.9091269761291241, 0.18099276622142454] 
[0.25599353966570687, 0.296613526448126, 0.554545143612071, 1.138478810297861, 1.3627577552834884, 1.2943478372852546, 0.9094719907588268, 0.1846084467703029] 
[0.25640626554302554, 0.29731699168544495, 0.5573175671006184, 1.1392120627814644, 1.366620227737662, 1.297164064238794, 0.9101691643990137, 0.1884463237088256] 
[0.25774130947886875, 0.29774905738278606, 0.5608292572250819, 1.1401734023246102, 1.3703297754728583, 1.2994028905511352, 0.9103145672864288, 0.19165666644814086] 
[0.2581075898731918, 0.2984536072060967, 0.5632833661172136, 1.140497679703334, 1.3742552856547274, 1.3017724872010268, 0.9111594381808488, 0.19563236082856833] 
[0.25847745060407656, 0.29910545612716405, 0.5656573383385539, 1.140790231700792, 1.3781182239027834, 1.3040881158311146, 0.9120365595012582, 0.19954710714007673] 
[0.258741540880802, 0.29963247333521625, 0.5678266322153332, 1.1409829194506713, 1.3820258288230254, 1.306513458588643, 0.913035677804974, 0.20340850638614277] 
[0.25921076142160787, 0.3005525456143823, 0.5697167589008222, 1.1408944837391781, 1.3854733060596267, 1.3080568202770944, 0.9138927321032309, 0.20753773334543557] 
[0.2594184691597371, 0.30130501700635715, 0.5717599491948503, 1.1410458997030843, 1.3886965904659159, 1.3099590792990854, 0.9145377731361439, 0.21124704729390692] 
[0.2596644661933882, 0.30199351483814807, 0.573756799865884, 1.141159858732823, 1.3918802596610547, 1.3118139341772956, 0.9152070428531455, 0.21487965361107722] 
[0.2600554706221907, 0.3026174306858977, 0.5757203203597021, 1.141384171833386, 1.395121081808773, 1.3137247510378196, 0.915802938243746, 0.21829396985289948] 
[0.2605249197338559, 0.303245465151508, 0.5778670202003718, 1.141535943448919, 1.3979421202325593, 1.3151576157143463, 0.9162448156557534, 0.22141293371183624] 
[0.2609806289188664, 0.3038072176508591, 0.580073557975883, 1.1417203446859294, 1.4007565068973262, 1.3166433968879498, 0.9165675221514747, 0.22441497376570674] 
[0.26135810791176806, 0.30429010608674323, 0.5820860938406969, 1.1417657352465451, 1.4035863652825837, 1.3182212196378738, 0.9170477510633506, 0.22748333024661974] 
[0.2617356953131534, 0.3046880366341688, 0.5838145024545953, 1.1417431921779624, 1.406323089017841, 1.3196425292514327, 0.9177129912566406, 0.2306028732017454] 
[0.2622383690547463, 0.30496923810214743, 0.5856843607826243, 1.141720493766447, 1.4090380176469604, 1.320994226913016, 0.918183678923033, 0.23354241922304428] 
[0.26265131006176146, 0.3052221080258092, 0.5874212635537122, 1.1416303993765824, 1.4117662407516238, 1.3224311593300357, 0.9186634279013023, 0.23644812236778825] 
[0.26300119460265237, 0.30545897700117663, 0.5890467602733135, 1.141527331133858, 1.4145342710601172, 1.3239609924472961, 0.9192748288263959, 0.23932611815121554] 
[0.2633093227863343, 0.3057144907291701, 0.5906104591188208, 1.1414306435896326, 1.4172663235020708, 1.325499158896482, 0.919886830493926, 0.2421573866420205] 
[0.26354773603100845, 0.3059822987498111, 0.5921232025594924, 1.141318555570621, 1.419953091936021, 1.3270478414972964, 0.9205332469716596, 0.24496023947267848] 
[0.2638946351507274, 0.306177651633583, 0.5935412597878903, 1.1409264618032466, 1.4226673176490832, 1.328821064348231, 0.9212607064129558, 0.2479707772855523] 
[0.2642475118070749, 0.30643236487999886, 0.5950036492851557, 1.1405429829448588, 1.4252694121710487, 1.3305824490904814, 0.9220239102163164, 0.2508842035058587] 
[0.26447995240511724, 0.30672536549684704, 0.5962748226206088, 1.1401231634778877, 1.4277841645956755, 1.33222607425818, 0.922928222007507, 0.2538321117767112] 
[0.2647631392821929, 0.30694481670364054, 0.5973516138825299, 1.1394306098105673, 1.4304716430020477, 1.3339052627376293, 0.9239490868407945, 0.25691352431710557] 
[0.2649385683692567, 0.3071814383695786, 0.5986100237094025, 1.1388988879045063, 1.432932526685355, 1.3354182699463704, 0.9246955478578498, 0.25978934611646154] 
[0.2651200264110641, 0.3074149350947699, 0.6000946419556367, 1.1383364640284663, 1.4354403454632443, 1.3369683491144426, 0.9251384299871374, 0.2627141759893861] 
[0.26541771090237554, 0.30766786522006745, 0.6012917386286517, 1.1379019071922065, 1.4380145202525851, 1.3384587062983766, 0.92597400250517, 0.26551392552804953] 
[0.26559494883716245, 0.30789580776679276, 0.6023708769567219, 1.137475397248167, 1.4405254502467502, 1.33999434173576, 0.926866688268419, 0.2682924874059882] 
[0.26587718678877764, 0.3079930372833206, 0.603448099676455, 1.1372127978292268, 1.442788093638185, 1.34125022196852, 0.9277629932171484, 0.2707786908950809] 
[0.26608014210317993, 0.308110708010447, 0.6044853586478527, 1.1369494905290578, 1.4449965443713584, 1.34252104229821, 0.92861784594722, 0.27323454000180997] 
[0.2662642698321769, 0.308276298261187, 0.6053081068732541, 1.1366283623706115, 1.4472449140737877, 1.3437614387283217, 0.929694048546779, 0.2757424218876815] 
[0.266413058921774, 0.30845457372394014, 0.6060737475308978, 1.136295863979408, 1.4494349676400458, 1.3449980748102008, 0.9307719450944489, 0.27822909829499876] 
[0.2664754087183949, 0.30864061008818544, 0.606788893468499, 1.1358283255532893, 1.451637811519546, 1.346541963324583, 0.9318495751982084, 0.28091510002401243] 
[0.26679641802632414, 0.3086448603553393, 0.6073760984314412, 1.1356039895419763, 1.4537877000865371, 1.3477892223730714, 0.9330112167163884, 0.283265177401664] 
[0.26704400140227647, 0.30868848591309467, 0.6079228312411107, 1.1353468553753403, 1.455866555600895, 1.3490716167148957, 0.9341278014652591, 0.28561498458776885] 
[0.2672312955305247, 0.3087522263938602, 0.6084369950117381, 1.1351016218938732, 1.4578932212554117, 1.3503347062919602, 0.9352360672650442, 0.28791945707366134] 
[0.26736541649989, 0.3087755205065853, 0.6089947316502425, 1.1348491998522239, 1.4598545402597143, 1.3516636679796703, 0.9362498252316457, 0.29018201885729183] 
[0.26746197935193045, 0.3088505888546625, 0.6094794162566116, 1.134557942714651, 1.4617724477148102, 1.352937812109316, 0.937345292617614, 0.29244105304837836] 
[0.26748001327636073, 0.3088734697566849, 0.6100344120528447, 1.1343297475410359, 1.4635856165426562, 1.3542691490835028, 0.9383363782637949, 0.29457666067222144] 
[0.2675160357501885, 0.3088269062580349, 0.6107822685890811, 1.1341076708677384, 1.4652740497457615, 1.3556854774165756, 0.9390240714460404, 0.2965784358171702] 
[0.26754671517934425, 0.30879912979509655, 0.611475068460726, 1.1338790108786745, 1.4669344376852382, 1.3570388864201133, 0.9397639102568742, 0.29854723731347926] 
[0.2676459658983314, 0.3086724774553897, 0.612056302228582, 1.1336622823912108, 1.4685279270926206, 1.3584072301604153, 0.940589031222893, 0.3004083173210028] 
[0.26772503746398624, 0.30857991386581274, 0.6125815956267906, 1.1334432084796058, 1.4700926646060406, 1.3597214852809543, 0.9414537189928716, 0.3022424519952279] 
[0.26784203597031603, 0.3084391550247712, 0.6129839931171246, 1.1332726630685326, 1.4715914982092535, 1.36098691021733, 0.9424590587708768, 0.30397757504515477] 
[0.26785410348005856, 0.3084233157261745, 0.6132424370510601, 1.1331094009931117, 1.4730140854832794, 1.362127305022031, 0.9435847279871306, 0.30572725296938513] 
[0.2678524884198588, 0.30839952413379584, 0.613498729210933, 1.1329362770320095, 1.4744246849485674, 1.3632673763102798, 0.9446647249807233, 0.3074448824108272] 
[0.2678447888666749, 0.308388576139349, 0.6137180636263144, 1.132750589853572, 1.4758177277978404, 1.3643723425281555, 0.9457601580599349, 0.30913665884058933] 
[0.26780020909714636, 0.3083790087269749, 0.6139325397124703, 1.132550832839834, 1.4771799223441684, 1.3654625571918069, 0.9467818226271947, 0.3107807344392257] 
[0.26774731908363936, 0.3083666857503386, 0.6141602767434983, 1.132342029995907, 1.4784891684263526, 1.3665020229517608, 0.9477449547968329, 0.3124010708751349] 
[0.26769152319963285, 0.3084119033571449, 0.6141976451080345, 1.132039079867361, 1.4798660725206703, 1.3675539201550317, 0.9488396648442189, 0.3141198711011897] 
[0.26767893085343786, 0.3083952690725503, 0.6142653355885317, 1.131781057106953, 1.4812356670239148, 1.368606305885253, 0.9498625187431967, 0.31576226770841953] 
[0.2676514196472747, 0.3084173067118158, 0.6142483698939185, 1.1315345613740644, 1.4825579023621416, 1.369645106596321, 0.9509599834197124, 0.3173663967268055] 
[0.2676117751400525, 0.30844758760500135, 0.6141787295406994, 1.131238667958821, 1.4838643551674298, 1.3706895847344582, 0.9521040599050318, 0.3189870095221439] 
[0.26758746601171723, 0.30847092089459743, 0.6141043304987338, 1.130936988910382, 1.4851431300784381, 1.3717074559627918, 0.9532416155286346, 0.320583102463931] 
[0.26758417076469754, 0.30847901138182693, 0.6140166774320012, 1.1306239740017356, 1.4864108428653677, 1.3727038797918307, 0.9543984079543899, 0.32216973513130204] 
[0.26758134622679514, 0.30847986432743063, 0.6139409719466503, 1.130318499068564, 1.4876430441316728, 1.373689345899056, 0.9555189609776694, 0.32373212919330985] 
[0.26750561495088704, 0.3085635995087709, 0.6137877966467341, 1.1299207718365163, 1.4889100136682687, 1.3746934759206306, 0.9566806788859831, 0.325378397556098] 
[0.2675830745972719, 0.30859941419068126, 0.6136296356569526, 1.129411172237941, 1.4901100197453232, 1.3756140368037133, 0.958001248256187, 0.327103726169417] 
[0.2676182840461277, 0.3086920992693575, 0.6134049670472516, 1.1288752872391603, 1.4913173971371623, 1.3765090307217522, 0.9593485402529813, 0.3288299415458384] 
[0.26766357528471174, 0.3087763558162216, 0.6131238483516283, 1.1283042938548142, 1.4924949031898913, 1.3773881534170558, 0.9607274305026243, 0.33057522914496024] 
[0.2676948316834261, 0.30882487569919137, 0.612905247856354, 1.127764865115805, 1.4936280483764006, 1.3782281270162131, 0.9619888090087226, 0.3322314357216577] 
[0.26772161070302736, 0.3088520548915562, 0.6126927949090426, 1.1272455846683755, 1.494729466220288, 1.3790693771061668, 0.9632068606782861, 0.3338532208205935] 
[0.2677423652047054, 0.30887379231578704, 0.612480970012646, 1.12675997945887, 1.4958085598315725, 1.3799125873391658, 0.964369739942539, 0.33542404486941474] 
[0.26777377393122737, 0.30884680251064256, 0.6123176450471123, 1.1263168776334425, 1.4968359406952776, 1.3807619179273698, 0.965453089467116, 0.33695070722848985] 
[0.2676932319007928, 0.30885599233418315, 0.6121187893899492, 1.125922761497136, 1.4978583604053486, 1.3816490097158434, 0.9664351900050114, 0.33840310312934097] 
[0.26763111498538444, 0.308853331901647, 0.6119196368708921, 1.125533164179774, 1.498856879355779, 1.382514675300074, 0.9674135595943553, 0.33982671411716975] 
[0.26757220413261523, 0.3088419070299336, 0.6117185867452537, 1.125158061096105, 1.499837728919325, 1.3833632180355553, 0.9683744941467782, 0.341211734661825] 
[0.26753532983768974, 0.30880151667074135, 0.6115047826175314, 1.1248145750015894, 1.5007658628787066, 1.3841574842673017, 0.9693236755152062, 0.3425507621831895] 
[0.26751589906926376, 0.3087643434758021, 0.6112843324454393, 1.12447707447931, 1.5016656760856562, 1.3849336988259866, 0.9702779699936888, 0.3438584020571479] 
[0.26749343527690533, 0.3087205912964999, 0.6110596528098892, 1.124145987722564, 1.5025542025778067, 1.3857276008791182, 0.9712354257116577, 0.34516598155202555] 
[0.26750561192429634, 0.3085960106656006, 0.6108548946418183, 1.1239326715340276, 1.5034102315308389, 1.3864209473376636, 0.972078960381649, 0.3463157108174218] 
[0.2674975449841912, 0.3084592066381828, 0.6106697581431838, 1.1237023379286304, 1.5042631029652889, 1.387092606326516, 0.972937131536702, 0.3474290738722666] 
[0.26739392793385836, 0.30835853532355983, 0.6104570868190196, 1.1235010622086314, 1.5049729426841214, 1.3876402576578326, 0.9736745416928708, 0.3484420472911682] 
[0.2672752219420374, 0.3082728596450227, 0.6102812157580392, 1.1233299574581967, 1.5056785890158673, 1.3881991333933577, 0.9743630893481708, 0.34940520227091826] 
[0.26717563739051176, 0.3081799322442862, 0.6101049852859858, 1.1231554651602709, 1.5063782752223929, 1.388760773835262, 0.9750440240071517, 0.35034461374320947] 
[0.26708020360485696, 0.30808087443888327, 0.6099045577730688, 1.1229385003798247, 1.5070796935319384, 1.3893844153638841, 0.9757395991202217, 0.35132829776869134] 
[0.2669998112263185, 0.3079865810767666, 0.609697205690252, 1.1227086611563017, 1.507766867075412, 1.3899965951081583, 0.9764428724411571, 0.35229695908435577] 
[0.2669496096229626, 0.30788775952503145, 0.6094958114185608, 1.1224640518944777, 1.5084310247580868, 1.3905934326812825, 0.977131855133934, 0.3532471448202785] 
[0.26691207306413145, 0.30780106668747265, 0.6092943359944747, 1.1222125846903104, 1.50908245720477, 1.3911726458929166, 0.9778222679818117, 0.35418502239524724] 
[0.2668925806889529, 0.307685068748087, 0.609055620115237, 1.121890416431016, 1.5097395932852236, 1.3917646182915393, 0.9785151677720141, 0.35516727884284754] 
[0.26687125912168735, 0.30759056419069786, 0.6087750997602412, 1.1215362775845235, 1.5103780438928043, 1.3923327608587706, 0.979246934020538, 0.35616855800448943] 
[0.26687321535921077, 0.30747236922607, 0.6085061648674915, 1.1212056095571703, 1.5110157825312032, 1.3929035859086467, 0.9799608021954529, 0.3571281602802692] 
[0.2669026311426445, 0.3073659785691189, 0.6082294975700914, 1.1208423463765205, 1.5117060024526403, 1.3935296296672028, 0.9807435893232044, 0.35808485776212756] 
[0.26692678957433985, 0.3072696389244142, 0.6079506720221772, 1.1204827521179788, 1.5123750544547307, 1.3941397759355798, 0.9815229703346173, 0.3590323549265203] 
[0.2669918958783612, 0.3071772772156688, 0.6076825510802419, 1.1201888846783967, 1.5130120904235196, 1.3946712677508029, 0.9822561328898962, 0.3599055384563974] 
[0.26704904405179175, 0.3070940416284757, 0.6074040169205212, 1.1198972823988067, 1.5136261981876111, 1.3951902865354961, 0.982996200254951, 0.36077747020841644] 
[0.2670997396518153, 0.30695732875266646, 0.6071166895057536, 1.1195905625168268, 1.5142342018211299, 1.395774832048057, 0.9837436401556294, 0.3616749908092641] 
[0.2671472979275632, 0.3068288810740859, 0.606827654603346, 1.119278166720339, 1.5148188128121256, 1.3963454318534783, 0.9844865461544363, 0.36255836369497824] 
[0.2671972710653873, 0.30671183391786333, 0.6065226745663106, 1.1189538109888488, 1.5153943228196376, 1.3969199435747224, 0.9852473285991683, 0.363450781931758] 
[0.2672419803060032, 0.306613648683006, 0.6062199854577187, 1.11862916582591, 1.5159554200224723, 1.3974723603560066, 0.9860081084529823, 0.36433045215903165] 
[0.2672820443194031, 0.3065340660731214, 0.6059011862609466, 1.1182834205007717, 1.5165146341648232, 1.3979784009147795, 0.9867403080973902, 0.3651834026410636] 
[0.2673337896782812, 0.3064913361082944, 0.6055776389418457, 1.117928119900361, 1.5170524904819895, 1.398457964487386, 0.9874777901536984, 0.3660474113196473] 
[0.2673717258721898, 0.30645048567171096, 0.6052528457660769, 1.117575498762634, 1.51757195556447, 1.3989332233350589, 0.9882078555596394, 0.3669040083708094] 
[0.2674123526027205, 0.306392915225483, 0.6049340063720298, 1.1172399603821472, 1.5180687467804082, 1.3994022964882622, 0.9889401214624323, 0.3677318601239144] 
[0.26743172717568237, 0.3063203971687326, 0.6046046683942025, 1.1169123673460917, 1.5185464708485363, 1.3998788547093401, 0.9896772939910365, 0.3685425930345189] 
[0.2674474831486033, 0.3062578250700662, 0.6042662137343835, 1.1165810466967663, 1.5190110218470607, 1.4003405240236935, 0.9904135901417531, 0.36935331712067443] 
[0.2674622444042301, 0.30619898156943137, 0.6039329052926165, 1.11625084251064, 1.5194678360810476, 1.4007986701714261, 0.9911408548583559, 0.37015774487253683] 
[0.26747525186565546, 0.3061423051716126, 0.6035987718510637, 1.1159186353142754, 1.5199120917784932, 1.4012480926145294, 0.9918639541942014, 0.37095371557943096] 
[0.26748652240081255, 0.3060851708355078, 0.6032645565129543, 1.1155869271064518, 1.5203459802556678, 1.401691560650675, 0.9925816696698905, 0.3717399591242479] 
[0.267496956569739, 0.3060257977052951, 0.602931613519786, 1.1152529607648942, 1.5207686167374288, 1.4021317779970544, 0.9932946870688697, 0.37251699245672415] 
[0.2675088435805059, 0.30597495615953446, 0.6025940624736178, 1.114919619826965, 1.5211769919606117, 1.4025663747185788, 0.9940004356315569, 0.37329136927527273] 
[0.26752817970774573, 0.3059434168310898, 0.6022435127599687, 1.1145783794905053, 1.521564465040346, 1.402972851399967, 0.9947163197207043, 0.37405466806409715] 
[0.26751682613116406, 0.3059164805372178, 0.6019085817533195, 1.1142638998150005, 1.5219570455034215, 1.4033902667770501, 0.9954014516012302, 0.3747854404276739] 
[0.2674948179811225, 0.30590249065771974, 0.6015253474829151, 1.1138671835330878, 1.522339208559506, 1.403836229657985, 0.9960946048855697, 0.37559037127596345] 
[0.2674516564152691, 0.30586502474872806, 0.6011427486175571, 1.113484275421303, 1.5226891526201083, 1.4042517681669582, 0.9967614178473047, 0.3763795359272188] 
[0.26741897305484946, 0.3058009011858935, 0.6008240185320345, 1.1131619690373584, 1.5230000775391657, 1.4046168021211136, 0.9973954909689583, 0.3770906826321529] 
[0.2673922249086275, 0.30573902753160814, 0.6005045024566587, 1.1128376863809626, 1.5233073643087216, 1.4049766766543836, 0.9980275937450699, 0.37779354325059317] 
[0.2673712518935622, 0.30568095884805924, 0.6001825422875462, 1.1125120303176361, 1.5236122500394784, 1.4053317514649, 0.9986600467990873, 0.3784887034295846] 
[0.2673752152923788, 0.30565514534448907, 0.5998424096450454, 1.112161844373031, 1.5239162694448756, 1.4056695537238022, 0.9992967429393277, 0.37920334382181764] 
[0.26735855880191595, 0.3056252796675591, 0.599481395100174, 1.1118109662449411, 1.5242138199286046, 1.40600147617756, 0.9999584013436635, 0.3799307213606925] 
[0.267360539622897, 0.30558516353801674, 0.5991024888024317, 1.1114484982239785, 1.5245110080588185, 1.406352131858015, 1.0006263427762236, 0.38065548933210513] 
[0.26737000605286365, 0.30555384363974863, 0.5987321950142988, 1.1110806608330648, 1.5248064870259759, 1.4066895736424396, 1.001283623731181, 0.38137739392112296] 
[0.2673787203678817, 0.3055189873882523, 0.5983655559543067, 1.110713264564839, 1.5250972802918326, 1.4070240082997196, 1.0019364141855258, 0.38208986792350935] 
[0.2673770291634088, 0.3054719341647794, 0.597972091223604, 1.1103440148050547, 1.5253823979781085, 1.4073560293156802, 1.002614133773907, 0.38281380213134847] 
[0.26737706915784504, 0.30542363369057896, 0.5975797500208834, 1.1099730298212105, 1.525662649073432, 1.407685243087902, 1.0032886450253724, 0.3835286634120635] 
[0.2673798650442561, 0.30537653630040784, 0.5971857863249435, 1.1095999359401223, 1.5259372115503336, 1.4080098765685183, 1.0039623337764603, 0.3842346248425268] 
[0.2673821749490694, 0.3053262980711127, 0.5967944681572162, 1.1092264373084837, 1.5262075480739234, 1.4083334553951528, 1.00463113156339, 0.38493223901792417] 
[0.26738445066251865, 0.30527473184311765, 0.5964162805251735, 1.1088529970661434, 1.526471193037035, 1.4086484700115343, 1.0052840581085805, 0.3856142653267] 
[0.26738667808591876, 0.30522654752771944, 0.5960376120252074, 1.1084815301498339, 1.5267317199129335, 1.4089576694854016, 1.0059321151057408, 0.3862915202359697] 
[0.2673891006755514, 0.3051762128741088, 0.5956601385639023, 1.1081107149286273, 1.5269884866959949, 1.4092650138100857, 1.0065753880859807, 0.38696210263631836] 
[0.2673930287836048, 0.30509768573031676, 0.5952595181432138, 1.1077062601402796, 1.527254140711298, 1.409609337273619, 1.0072420848708983, 0.3876601746554014] 
[0.2673954449497874, 0.30502639170871865, 0.5948845398269802, 1.1073227495793305, 1.5275126428696777, 1.4099488433314005, 1.0078841889693555, 0.3883308220396973] 
[0.2673870692703883, 0.3049419175013588, 0.5945196307719021, 1.1069516575823448, 1.5277661224985764, 1.410291905004663, 1.0085105701186825, 0.3889817566122796] 
[0.2673875825310978, 0.3048644248029687, 0.594146421269901, 1.1065799474422644, 1.5280210141456032, 1.4106337402050684, 1.009137473302977, 0.38963465390047414] 
[0.26738030375569094, 0.3047964450225428, 0.5937689411719407, 1.1062113572476124, 1.528266784455106, 1.4109716421536391, 1.009760146045049, 0.3902868190659118] 
[0.2673747312875164, 0.3047333580531362, 0.5933769037822001, 1.105838059082217, 1.5285053847855699, 1.411305298263668, 1.0103945963456529, 0.3909442264840882] 
[0.2673717904412239, 0.30466868455454404, 0.5929841940195094, 1.1054638501530305, 1.5287408817629013, 1.411635418185895, 1.0110284084136798, 0.391594980020045] 
[0.26736927853001774, 0.3045845621899064, 0.5925893084823971, 1.1050829012683192, 1.5289762135142804, 1.4119726352355741, 1.0116621955184903, 0.3922555680150284] 
[0.2673672296507709, 0.30450323426138487, 0.5921965619663218, 1.1047027674016188, 1.5292075677042614, 1.41230415326654, 1.012293009994594, 0.39290897003567654] 
[0.2673576157264953, 0.30443601317828267, 0.5918138483834469, 1.1043266232825508, 1.529438574187148, 1.412616781754937, 1.01292566208654, 0.3935466647488443] 
[0.2673481669222286, 0.30435372051701903, 0.5914171468744317, 1.1039429456511731, 1.529672676703711, 1.4129371067464769, 1.0135766866555878, 0.3941988329226442] 
[0.26734437714616693, 0.30427847684682874, 0.5909760513102255, 1.1035066884907228, 1.5299132719326793, 1.413272072439041, 1.0142792136537968, 0.3949081834810817] 
[0.26734253463076796, 0.30420313361534346, 0.5905359376633803, 1.1030733959543522, 1.5301494229814796, 1.4136043521913564, 1.0149776797084176, 0.39560924468849534] 
[0.26734190814253844, 0.3041348492207117, 0.5900914736880623, 1.1026453654618562, 1.5303824731546203, 1.413931395929266, 1.015678694121223, 0.3963035606665985] 
[0.2673287584642809, 0.3040658820967531, 0.5896304791285871, 1.1022019228012072, 1.530612905981639, 1.4142607312596676, 1.016384226596374, 0.39700279256038884] 
[0.2673083402703926, 0.3039809291610151, 0.589165835461316, 1.1017524575980262, 1.5308475130076646, 1.414602261096029, 1.0170819805871822, 0.3976931490080762] 
[0.2672851241122576, 0.30388935194126104, 0.5886481652281607, 1.1012668631592344, 1.5310830750096325, 1.4149629163819433, 1.0178255731520895, 0.398402859401531] 
[0.26725590143418326, 0.3038047161555356, 0.5880768146940595, 1.1007453921695993, 1.5313173067596806, 1.415350225996765, 1.0186158124299571, 0.3991323071201924] 
[0.267208405467508, 0.3037083882931978, 0.5875069921309531, 1.100258062218029, 1.5315293069893017, 1.415705554820327, 1.0194091828055498, 0.3998270251027433] 
[0.26717690768252744, 0.30359603243689753, 0.5869646050842388, 1.0997853589232292, 1.531741659957662, 1.4160648222524201, 1.020174422869459, 0.40051053788751473] 
[0.2671588667169684, 0.3035010706767118, 0.5864221261385555, 1.0993232435966527, 1.531941012892637, 1.4164031013749043, 1.0209355454106581, 0.4011798836515036] 
[0.2671311955764241, 0.3034125169933568, 0.5859088503215062, 1.0988804984092178, 1.5321405084709245, 1.4167186728198646, 1.0216781190360982, 0.4018239758630154] 
[0.267113859689192, 0.30332978467326793, 0.5854063043744987, 1.0984336209680305, 1.5323302720551206, 1.417033295792808, 1.0224024130873757, 0.40246785118092604] 
[0.26711563455722337, 0.30322548398936583, 0.5848988801136661, 1.0979722149932174, 1.5325055226971696, 1.4173601390915844, 1.0231042140208733, 0.40309845088294527] 
[0.26713480976301274, 0.3031378312048928, 0.584416520232885, 1.0975445989844979, 1.532689377600639, 1.4176782629880529, 1.0238023345317213, 0.40369678359917294] 
[0.2671508570425479, 0.30305373854256706, 0.5839380772791544, 1.097121475747853, 1.5328681423885484, 1.4179893786937656, 1.024493319089989, 0.40429212796509617] 
[0.2671684171143827, 0.30298777911485725, 0.5834626268191633, 1.0967122281562516, 1.533033712038478, 1.418277307960681, 1.0251684006851942, 0.40488287520910393] 
[0.26718667953376163, 0.3029128111047469, 0.5829856738506755, 1.0963050395820715, 1.533192805015424, 1.418570569475905, 1.0258359481599981, 0.40547456834866463] 
[0.26720103402430406, 0.30284132167410527, 0.582511682751181, 1.0958979938631745, 1.5333508709566124, 1.418858863834621, 1.0265015218815485, 0.40606556705345953] 
[0.2672115789640966, 0.3027711671765577, 0.5820417196018467, 1.095491687501627, 1.5335052270372778, 1.4191417559116486, 1.0271608673119519, 0.4066533596649918] 
[0.2672239563297624, 0.30270650679649663, 0.5815720245407827, 1.0950920723721274, 1.5336592209264406, 1.4194155680470584, 1.0278202518749742, 0.4072332342836139] 
[0.2672321319565626, 0.3026370684269727, 0.5811103048267248, 1.0946899633370428, 1.5338114862261112, 1.4196891373417484, 1.0284704916332044, 0.4078124847035082] 
[0.2672566244979734, 0.30255571777376167, 0.5806767166845636, 1.0942864868356261, 1.5339497822498935, 1.4199408503428714, 1.0291068834483206, 0.4083681306262617] 
[0.2672835806469291, 0.3024895996869034, 0.5802470767209887, 1.093889454412119, 1.534090784698522, 1.4201810227702825, 1.0297441172986215, 0.40892825011885087] 
[0.267303315088184, 0.3024254835388512, 0.5798175562947536, 1.0934908740560176, 1.534230784339285, 1.4204227462592556, 1.0303724094149516, 0.40948426271072075] 
[0.2673227500817044, 0.3023595686744038, 0.5793853977706321, 1.0930968913913406, 1.5343675262459473, 1.4206652060449478, 1.0309997916394582, 0.41003619676880404] 
[0.26733617334387355, 0.3022961114902834, 0.578954962661321, 1.0927055482909276, 1.534499180008707, 1.4209066703498598, 1.0316191064221527, 0.41058706652908805] 
[0.26734311026290136, 0.3022338045345768, 0.5785269716504966, 1.0923162811665557, 1.5346262127343635, 1.4211487269465328, 1.0322358532914466, 0.41113674030917535] 
[0.2673455300579391, 0.30216636329551855, 0.5780930396756166, 1.0919313867187783, 1.5347513222191107, 1.4213955803941518, 1.0328562261050167, 0.4116796537256532] 
[0.26734922090225305, 0.3020960942424319, 0.5776625759092662, 1.0915449459647564, 1.5348728740090636, 1.421643229231266, 1.033472667685054, 0.41221877158836145] 
[0.2673351749689459, 0.3020411198246635, 0.5772319581674781, 1.0911469194047918, 1.5349761445397094, 1.4218925685492967, 1.034065831750404, 0.41274608027955967] 
[0.26732483204065355, 0.30198633873980685, 0.5768030316814932, 1.0907531612400028, 1.5350767019836176, 1.4221351038690235, 1.0346551384673965, 0.41326817576013714] 
[0.2673154058714395, 0.30192606262997523, 0.5763722333331508, 1.0903587974336804, 1.5351778584070055, 1.4223794793002982, 1.0352426891810311, 0.4137914908284174] 
[0.2672990026971058, 0.3018581420310607, 0.5759584281035017, 1.0899612523502957, 1.5352807706479488, 1.4226150567129898, 1.035811440360134, 0.41431577737103903] 
[0.26728197405263276, 0.3017867877350646, 0.5755568253701333, 1.0895804900747197, 1.5353768179911886, 1.4228515009017033, 1.0363780772624605, 0.4148228411075626] 
[0.26727772055940296, 0.301699427851588, 0.5751886225396561, 1.0892255001913438, 1.5354807515503925, 1.423082221298337, 1.0369097681369397, 0.41530020625124164] 
[0.267281852323275, 0.3016176310929824, 0.574828330302009, 1.0888702469897387, 1.5355753994135453, 1.423298927360742, 1.0374389583466597, 0.4157687491580316] 
[0.2672796314008812, 0.30154801845608625, 0.5744735528460747, 1.0885230411913602, 1.5356631777799734, 1.4235030700218911, 1.0379650144902792, 0.41623738723886206] 
[0.26728193493705804, 0.30147215434105373, 0.574120961671442, 1.0881794706117827, 1.5357579597322328, 1.4237044909358054, 1.0384916624236888, 0.41671010347985454] 
[0.2672820836223821, 0.3014055275151232, 0.5737693706651446, 1.0878406070588191, 1.5358535077780702, 1.4238997359021304, 1.0390099082011206, 0.4171828208801838] 
[0.2672821940274727, 0.30134007861103473, 0.573416967978301, 1.087503475647103, 1.5359496892131126, 1.4240955222967906, 1.0395263526015104, 0.4176528882174643] 
[0.26728229301718803, 0.3012765341189968, 0.5730653789241941, 1.087167147497271, 1.5360444304611631, 1.4242897720674523, 1.040038627954162, 0.41812055883273397] 
[0.2672822799318304, 0.30121361447812195, 0.5727127074662168, 1.0868309937463765, 1.5361390570877507, 1.4244834715162265, 1.0405487473367911, 0.4185870250079934] 
[0.267281329472763, 0.30115134558332507, 0.5723610963218914, 1.0864953576434628, 1.536232246686939, 1.4246764430006216, 1.0410551554570806, 0.4190508650637348] 
[0.2672812477499479, 0.30108877458331673, 0.5720124185015835, 1.0861588458961882, 1.536323565566377, 1.4248698540852727, 1.041555553227976, 0.4195140910664145] 
[0.2672917159831725, 0.30104448751878865, 0.5716675445321069, 1.0858306288102566, 1.536421117142834, 1.4250480279375075, 1.0420650151746045, 0.41998428302748864] 
[0.26729603846524386, 0.30099385979210336, 0.5713033116879074, 1.0854782978453499, 1.5365245905425249, 1.4252281898523407, 1.0425771686453302, 0.42047697038091747] 
[0.26731279197168284, 0.3009575926744521, 0.5709545992649397, 1.085149488022184, 1.5366146507095497, 1.4254116073122856, 1.043088740833723, 0.420944136520978] 
[0.2673233316746092, 0.3009154616318731, 0.5706156111436569, 1.084827257984486, 1.5367036324835637, 1.4255940254165829, 1.0435877358084074, 0.42140153779326417] 
[0.2673351783230804, 0.3008746769275464, 0.5702689818958432, 1.0845069054808278, 1.5367964323687224, 1.4257790889976685, 1.0440946404412277, 0.42185548692907515] 
[0.26735297307300293, 0.30082063630443356, 0.5699190184779904, 1.084179131631263, 1.53689597212073, 1.425976788422009, 1.0445939769066999, 0.42230408636642963] 
[0.26736917025686135, 0.3007677898426699, 0.5695712933600379, 1.0838530285279568, 1.5369921422346717, 1.426170810651228, 1.0450873578055377, 0.4227511609877047] 
[0.26738450669411, 0.3007170061742502, 0.5692274399891197, 1.0835260530474617, 1.5370851741251614, 1.4263638967234353, 1.0455739765540637, 0.42319780705667615] 
[0.2673928459180753, 0.3006594024381248, 0.5688838852884612, 1.0831974327586211, 1.5371732459716987, 1.4265610199025882, 1.0460518625391573, 0.4236380012264872] 
[0.2673989808034519, 0.3006031034533839, 0.5685424616674343, 1.0828705425509204, 1.5372601171940894, 1.4267550873870094, 1.0465264123621452, 0.4240761324374326] 
[0.2674028748447827, 0.30054999252270953, 0.5682004485997779, 1.0825503374049932, 1.537339034488732, 1.4269387034526047, 1.046992897092285, 0.4245139650046381] 
[0.26740168878980064, 0.3004922626004783, 0.5678519624208482, 1.0822289281413322, 1.537422485461155, 1.4271226267715893, 1.0474660198113717, 0.4249498996120207] 
[0.26740018493166046, 0.3004319456446071, 0.5675051949044547, 1.0819123558161803, 1.5375044900168247, 1.427304786229657, 1.0479326483408056, 0.4253787885062447] 
[0.26740242526061503, 0.3003730657899352, 0.5671587512231892, 1.081597486661017, 1.5375849918807574, 1.4274842287926437, 1.0483924239934495, 0.42580108398567407] 
[0.26739446664195526, 0.30030712881773614, 0.5668213433023567, 1.0812809320746346, 1.5376720983062588, 1.4276573590755202, 1.0488535466486932, 0.4262138653294087] 
[0.2673920589440807, 0.30024164436730555, 0.5664898136309089, 1.0809651971776857, 1.5377539724904556, 1.4278230773683982, 1.0493120109247995, 0.4266201397428295] 
[0.26738862351117326, 0.3001735089392136, 0.566154921886116, 1.080645135503433, 1.5378342333382098, 1.4279934075476306, 1.0497689352462112, 0.4270301256477554] 
[0.2673831248681895, 0.30011644521793857, 0.5658242238383396, 1.0803241267329469, 1.5379058951543592, 1.4281559055351638, 1.0502136786146128, 0.42743280198567485] 
[0.26737726145044083, 0.30006050758426195, 0.5654955837120285, 1.0800046715016833, 1.5379759084846605, 1.428316414294488, 1.0506545197719799, 0.42783425847084305] 
[0.2673711329555982, 0.3000046654592947, 0.5651704963316224, 1.0796883136226798, 1.5380436339864636, 1.4284749095731126, 1.0510899990474423, 0.42823345550008224] 
[0.2673611714502942, 0.29994868037402445, 0.5648455797390803, 1.0793775238155625, 1.5381060980569072, 1.4286285655775781, 1.0515192924073324, 0.42863101338044857] 
[0.2673570973188439, 0.2998900335452586, 0.5645198521337959, 1.0790711364450207, 1.538170872515543, 1.4287776758228365, 1.051943097974432, 0.4290291707037374] 
[0.2673545139376582, 0.2998421432149085, 0.5642169454279862, 1.0787683970270288, 1.538224472457761, 1.4289274828755716, 1.0523414685826842, 0.4294118806010005] 
[0.2673566383117792, 0.2998035573550417, 0.563907352965929, 1.0784737124020414, 1.5382813798597366, 1.4290676178180122, 1.0527453453286582, 0.4297868508148457] 
[0.2673564301258064, 0.29976725429583845, 0.5636015994576842, 1.0781805809738194, 1.5383360457335042, 1.4292030963999192, 1.053147386356279, 0.43015782371042216] 
[0.26735792909448836, 0.29973241758885055, 0.5632933168607014, 1.0778872133848798, 1.5383901645567846, 1.4293383632182484, 1.0535510021002106, 0.43053010324660534] 
[0.26736476493282607, 0.2996888313839823, 0.5629832310631936, 1.077590037722468, 1.5384410113861942, 1.429479896397279, 1.053948180935499, 0.4308977851603235] 
[0.2673596657225736, 0.29965526496079425, 0.5626731813067366, 1.0773073685091041, 1.5384967565135457, 1.4296163373191433, 1.0543354654771915, 0.4312506381602633] 
[0.26736015778712174, 0.29962809797473633, 0.5623587448711065, 1.077009740261525, 1.5385563839642444, 1.4297505255541563, 1.054735748732673, 0.43161888700765183] 
[0.26736115305107366, 0.2995957065313252, 0.5620443127823993, 1.076714039513994, 1.538616560032834, 1.4298864684064785, 1.055136615291246, 0.4319854931444799] 
[0.26736070610047374, 0.29956147552773, 0.5617327547572827, 1.0764206731954629, 1.5386750065307555, 1.4300209472055907, 1.0555351459376676, 0.43235109043831405] 
[0.267366535530921, 0.29952627359779, 0.561417202154041, 1.0761204126852406, 1.5387339588509683, 1.4301573472355817, 1.055939948153497, 0.43271957226770347] 
[0.2673701227851427, 0.29949110633775766, 0.5611032120352532, 1.0758223485973317, 1.5387908658972231, 1.4302933266841817, 1.056341435671551, 0.43308751244901683] 
[0.26737169010882295, 0.2994563291676892, 0.5607927934210915, 1.0755254978696998, 1.538847355276266, 1.4304277159315704, 1.0567392032243161, 0.4334543389543052] 
[0.2673776859488533, 0.2994111019480166, 0.5604810735071063, 1.0752311622389348, 1.5389008889149456, 1.4305683810750098, 1.0571323229848064, 0.4338248976780853] 
[0.26738189273642754, 0.29936538013079717, 0.5601710318460394, 1.0749384418504142, 1.5389542570644164, 1.4307071105092437, 1.057522815619331, 0.43419381023527837] 
[0.2673815424686266, 0.2993174964007774, 0.5598557888612196, 1.0746288430816247, 1.5390039302299974, 1.430844812567824, 1.0579284103249407, 0.43458034444717575] 
[0.2673812320291489, 0.299270988787484, 0.5595408984436782, 1.074319456760282, 1.5390522454007225, 1.4309808997836062, 1.0583319987610893, 0.43496622736011836] 
[0.2673813931037345, 0.2992242142602393, 0.5592267340122212, 1.0740125906076265, 1.5391012951965657, 1.4311146295272732, 1.0587323036701062, 0.4353510509161494] 
[0.2673853658193626, 0.29917758556725127, 0.558911227799961, 1.0737056855926421, 1.5391507317674422, 1.43124841620519, 1.05913602838907, 0.4357353985990049] 
[0.26738776159023236, 0.29913108296991575, 0.5585969157644858, 1.0734005388766803, 1.5392000358482931, 1.4313810710190342, 1.059538022024714, 0.4361171816857418] 
[0.2673874532942562, 0.29908775668402576, 0.5582814640561495, 1.0730939634154908, 1.5392488558059314, 1.4315125624869587, 1.0599394696582722, 0.43649818394162504] 
[0.26738700232580714, 0.2990400846307952, 0.5579627881459532, 1.0727835158171777, 1.5392983669330567, 1.4316455456105261, 1.0603408511956272, 0.436879864273502] 
[0.26738221829555625, 0.29900039264234746, 0.5576298125572227, 1.0724731747167633, 1.5393438443040268, 1.431773379078418, 1.0607577814047158, 0.437271087574356] 
[0.26737949187926957, 0.2989640779782531, 0.5573003309275539, 1.0721650224305341, 1.5393901349708616, 1.4318977283273304, 1.0611736382333634, 0.43766220217648083] 
[0.2673810604626196, 0.29892586594315307, 0.5569680566017718, 1.0718520513331218, 1.5394360010172141, 1.4320226953825943, 1.061588664499926, 0.43805426039023254] 
[0.2673823802062544, 0.2988845985084977, 0.5566442417985034, 1.071544281037874, 1.5394801309864465, 1.4321447528438145, 1.0619946267847589, 0.4384416799127755] 
[0.267383035971999, 0.2988426364117963, 0.5563227969593116, 1.0712372891756443, 1.5395242968910268, 1.4322666391050625, 1.0623974428444767, 0.43882702493454384] 
[0.2673772277794816, 0.2988096766865528, 0.5560072554071398, 1.0709366274231888, 1.539562553089227, 1.4323798760794768, 1.0628002542129067, 0.4392130679049668] 
[0.2673706884011191, 0.2987768099957694, 0.5556928300811624, 1.0706377287139883, 1.539600033230329, 1.4324922720595452, 1.063201028256038, 0.4395954060103241] 
[0.2673647908052135, 0.2987425073534537, 0.5553805082096425, 1.07033901706115, 1.5396378283639363, 1.4326053944799948, 1.063598705449528, 0.43997526794528846] 
[0.26735500333543866, 0.2987085384251741, 0.5550597469058373, 1.0700338833378924, 1.539677668491615, 1.4327216236254678, 1.064004278463787, 0.44035656918141475] 
[0.26734565195416987, 0.29867372111376717, 0.5547414768301155, 1.0697288235834972, 1.5397171491736756, 1.4328387317969857, 1.0644069240073908, 0.440735505484777] 
[0.26733567493278476, 0.2986440025042742, 0.5544103157675596, 1.069398352192423, 1.5397564635727687, 1.4329632715956166, 1.0648336802949123, 0.44114082884885203] 
[0.26733046911769576, 0.2986062050824861, 0.5540795012103683, 1.0690656400355791, 1.539799170912546, 1.4330937446951262, 1.065254700868064, 0.4415418851984322] 
[0.2673292563815013, 0.2985633013166089, 0.5537494775403642, 1.0687378281436362, 1.5398437404724135, 1.4332215986614227, 1.0656698101123359, 0.441942450581628] 
[0.267329866028477, 0.2985231943167815, 0.5534037486076957, 1.0684059474560184, 1.5398831016445098, 1.433351027884304, 1.066101167483725, 0.4423545814016881] 
[0.26732999756854126, 0.2984816279543395, 0.5530554902994194, 1.0680694332579312, 1.5399205138887564, 1.433482069888747, 1.0665322183303505, 0.442769563072877] 
[0.267329334597199, 0.29844052156382345, 0.5527076374920014, 1.067731872650997, 1.539956661132158, 1.4336121317396597, 1.0669631098181023, 0.44318270233130175] 
[0.2673268122490748, 0.2984005454271573, 0.5523641949312759, 1.0673983120691408, 1.5399921370112815, 1.4337394662523253, 1.067388107712171, 0.4435902203671928] 
[0.2673241956637313, 0.29836044432232256, 0.5520239680804363, 1.0670654402497102, 1.5400280490561584, 1.4338660169508382, 1.0678091807811994, 0.4439951351204889] 
[0.26732142553093785, 0.2983196796921023, 0.551685963642419, 1.0667339700668876, 1.5400641916752893, 1.4339924664019246, 1.0682276163164646, 0.4443972364561575] 
[0.26731223971315937, 0.2982819532425716, 0.5513565979783254, 1.066407064287867, 1.5401050676815167, 1.4341223448075657, 1.0686333532377799, 0.4447883778968444] 
[0.2673069642370441, 0.29824637531143483, 0.5510228142082261, 1.0660850447534975, 1.540143334821195, 1.434253249746916, 1.0690440992543027, 0.4451751732664903] 
[0.26730312338377055, 0.2982089598305184, 0.5506906953403328, 1.0657628619409736, 1.5401818218072443, 1.4343849212516318, 1.0694534682023855, 0.44556063701737514] 
[0.26729847298194553, 0.2981690350269986, 0.5503628355452941, 1.0654435526201484, 1.5402209457950171, 1.4345164194043645, 1.0698588539460077, 0.4459431878242778] 
[0.26729604864006906, 0.29812537878788115, 0.5500394738333935, 1.0651271912081952, 1.5402583066382047, 1.4346475305554278, 1.0702574719425935, 0.44632031081029655] 
[0.26729312245364184, 0.298081987503241, 0.5497191660283447, 1.0648116433939119, 1.5402950741776782, 1.4347779874159627, 1.0706527544332458, 0.44669594905585275] 
[0.2672903970546723, 0.2980394053556087, 0.549400868104417, 1.064497250414883, 1.5403330171468053, 1.4349087710159043, 1.071045729600281, 0.44707009236602757] 
[0.2672925436984268, 0.2979943961799118, 0.5490836266916748, 1.0641832774505167, 1.5403658767390294, 1.4350333989815958, 1.0714303504364437, 0.4474368876793499] 
[0.2672933225318062, 0.2979502335361407, 0.5487687075055817, 1.0638703089337351, 1.5403978646852088, 1.4351570833921834, 1.0718119515374216, 0.44780167972314827] 
[0.26729133355543894, 0.29790404732657494, 0.5484552443880392, 1.063561178364733, 1.5404309703152532, 1.4352786819217538, 1.0721899299259026, 0.4481651525005891] 
[0.2672897212365731, 0.29785771143227896, 0.5481371891283593, 1.0632510211445092, 1.5404666846045325, 1.435401349975758, 1.0725732484982402, 0.44853196949325325] 
[0.2672903637480291, 0.2978154966896338, 0.5478192357356527, 1.0629421983824676, 1.5405042768150852, 1.4355250149556857, 1.0729542383817965, 0.44890104256645663] 
[0.2672903227441112, 0.2977729977844295, 0.5475039308903299, 1.0626348755826633, 1.5405415737103627, 1.4356480359344712, 1.073333228488584, 0.449268005985027] 
[0.2672898144308273, 0.2977289613880282, 0.5471892862673682, 1.0623272738903864, 1.5405777204833078, 1.4357706176142917, 1.073711160170013, 0.44963348606234027] 
[0.2672860469021501, 0.29768176475753744, 0.5468741340439451, 1.0620214101840102, 1.5406163730738158, 1.4358965397046, 1.0740876540986604, 0.449998486773748] 
[0.26728156738712816, 0.29763553212545923, 0.5465613286665086, 1.0617162171421866, 1.5406541295416267, 1.436021829653921, 1.0744613530676717, 0.45036093555776235] 
[0.2672795820212542, 0.2975934525850589, 0.546250903550045, 1.0614141038492226, 1.5406922582728952, 1.436143191760414, 1.0748311791425302, 0.4507231189194465] 
[0.26727661538594727, 0.29755034532010527, 0.5459452377760088, 1.0611134915512614, 1.5407307636373624, 1.4362642384928923, 1.0751968610482705, 0.4510816588218965] 
[0.2672730913843337, 0.2975080181047546, 0.5456424005442756, 1.060814623360169, 1.5407691557717298, 1.4363837547237939, 1.0755609884218689, 0.4514385310730369] 
[0.26727074846720394, 0.2974672495040769, 0.5453438001767235, 1.060515970235707, 1.5408063579217188, 1.4365009790859755, 1.0759212213139169, 0.4517939039322032] 
[0.2672723807278725, 0.2974200699122053, 0.5450560084846564, 1.06021880484745, 1.5408465314441024, 1.4366205072993765, 1.0762706705900498, 0.45214123106858256] 
[0.2672741323325648, 0.2973723257196072, 0.5447712704774368, 1.0599232270517938, 1.5408854145772923, 1.4367383404162226, 1.0766188296949764, 0.45248564353068055] 
[0.26726987654359485, 0.29732902435590236, 0.5444817595061248, 1.059633988362456, 1.5409211556984965, 1.4368567091735942, 1.076972273550848, 0.4528257224782804] 
[0.26726460190996854, 0.2972851454554539, 0.5441935008577712, 1.059347225135383, 1.540955730448933, 1.4369734060607973, 1.0773245249625856, 0.4531631914365623] 
[0.2672597506834134, 0.29724136366408294, 0.5438983239474218, 1.0590531967939416, 1.5409907446875928, 1.4370905783819394, 1.0776793654843582, 0.45350369153264103] 
[0.2672587323736082, 0.29720039282127686, 0.5436056820388379, 1.058756538843593, 1.5410293322972717, 1.437210445063086, 1.0780376500259876, 0.4538423728692508] 
[0.26725801776195157, 0.29716080829925123, 0.5433128062187513, 1.0584602539426302, 1.5410665713920646, 1.4373276579091416, 1.0783948466997488, 0.4541821526531955] 
[0.2672640805857076, 0.2971220055653611, 0.5430327290984421, 1.058181252903755, 1.5411089368184254, 1.437433382370325, 1.0787510506567077, 0.45450713124453046] 
[0.2672707995565856, 0.29708443185505573, 0.5427532706636956, 1.0579014735337566, 1.5411519465851624, 1.4375408030072887, 1.0791031861209666, 0.45483040933008084] 
[0.2672718782862702, 0.2970448432335975, 0.5424765637462372, 1.057626644806051, 1.5411966789405607, 1.4376463745453327, 1.079457137016746, 0.4551547200951158] 
[0.2672690676441668, 0.2970053003196167, 0.5422014014555002, 1.057357225117544, 1.5412422977778337, 1.4377519413917776, 1.079805224799094, 0.4554736892267163] 
[0.2672646406503515, 0.29696319427816015, 0.5419274934940107, 1.0570874749408279, 1.5412858332430144, 1.4378596514030613, 1.0801487915436423, 0.45579029186505376] 
[0.26726140932407727, 0.2969237801315342, 0.5416561684887392, 1.0568198713785304, 1.5413292104149101, 1.4379652310038196, 1.080491080830279, 0.45610722621544364] 
[0.267254030312008, 0.296887411439532, 0.5413832880626707, 1.0565461391752358, 1.5413728348098608, 1.4380702698381451, 1.080832633903138, 0.4564303662017019] 
[0.2672465344876892, 0.2968505425667374, 0.5411120712008426, 1.0562742849281095, 1.5414149217098454, 1.4381744047061955, 1.0811710341420888, 0.45675245290270866] 
[0.26723950902414423, 0.29681360500185994, 0.5408428519978404, 1.056003468106804, 1.5414562050891065, 1.4382783501725287, 1.0815070118053132, 0.45707345061128557] 
[0.2672325824942466, 0.29677742222443393, 0.5405685974728516, 1.055727994983882, 1.5414976315399151, 1.438382319484237, 1.0818453077944807, 0.4573959575006287] 
[0.2672277920485919, 0.29673966467713886, 0.5402997605651292, 1.0554523655991679, 1.5415361549785016, 1.43848437125827, 1.0821774854738322, 0.45771829411655884] 
[0.267225320407388, 0.29669898017007384, 0.5400335761809246, 1.055174374808434, 1.5415731033310502, 1.4385888371655793, 1.082508496220992, 0.4580389942036949] 
[0.26722349501576204, 0.2966582303885093, 0.5397648228684088, 1.054895345586541, 1.5416116964992397, 1.4386935963936223, 1.0828400802112552, 0.45836245970030043] 
[0.26722149941738377, 0.29661811363810703, 0.5394977241883276, 1.0546179169405308, 1.5416495214920418, 1.4387977389654831, 1.0831698246772377, 0.4586846382204287] 
[0.2672212602853754, 0.29658117668397727, 0.5392321561716207, 1.054343409698546, 1.541687025280996, 1.4388993811285582, 1.083496171238767, 0.4590069208645876] 
[0.26721968755221714, 0.29654355453889303, 0.5389673181310709, 1.0540713626027503, 1.5417245215140567, 1.4390002559430608, 1.0838218119317553, 0.45932689427865636] 
[0.2672224698791092, 0.29650211413380106, 0.5387024777450508, 1.0537939910436471, 1.5417616398898792, 1.4391025028774265, 1.0841476045403933, 0.45965132570163447] 
[0.267224456025488, 0.2964608614005705, 0.5384385803131861, 1.0535177191502203, 1.541797669061103, 1.439204446350331, 1.0844720599997646, 0.4599750460217935] 
[0.26722591393041534, 0.29642041445362133, 0.5381764880715305, 1.0532429280462028, 1.541832808931464, 1.439305688063702, 1.0847947010201535, 0.46029749898770494] 
[0.26722586687526934, 0.2963784594570509, 0.5379162719443725, 1.0529680197781763, 1.541868654123878, 1.4394087842029604, 1.085116686058133, 0.46061829231389384] 
[0.26722419501882994, 0.2963386505644727, 0.5376581421620311, 1.05269274090775, 1.5419050543129607, 1.4395130468431399, 1.0854378763698207, 0.4609377387048845] 
[0.26722410614783443, 0.2963015550827106, 0.5374035135343427, 1.0524217268879121, 1.5419421302181389, 1.439615945348729, 1.0857541542928504, 0.4612544338746633] 
[0.26722388672697195, 0.29625946612664517, 0.5371453916617456, 1.0521432473831507, 1.5419794550709458, 1.4397225680644326, 1.0860772616591692, 0.4615787474534704] 
[0.2672265543688475, 0.2962146490671228, 0.5368823469821783, 1.0518639280837963, 1.5420160627444695, 1.4398287967609738, 1.0864047876871628, 0.46190311114025756] 
[0.26723070789104175, 0.29616773293212284, 0.5366195661145877, 1.0515833995534927, 1.5420537823287643, 1.439937594595923, 1.0867294428984657, 0.46222561221243397] 
[0.26723386693532436, 0.29612168273479245, 0.5363593992997832, 1.0513052447909987, 1.5420908851825288, 1.4400454207040154, 1.0870513414598837, 0.46254650787547336] 
[0.2672350856366472, 0.2960754905479302, 0.5361016964499873, 1.0510293075370738, 1.5421272452935573, 1.4401534601214236, 1.0873698569990826, 0.4628647435608538] 
[0.2672380063741029, 0.2960274208177571, 0.5358441936613828, 1.0507546127504455, 1.5421642066206642, 1.4402628116076774, 1.0876868300287277, 0.46318396271483947] 
[0.2672394603889473, 0.29598034478451246, 0.5355889248658308, 1.0504820949124318, 1.5422005082869712, 1.4403713275049375, 1.0880014385054202, 0.46350158658518686] 
[0.2672442484435236, 0.2959403965025195, 0.5353413736083776, 1.0502196535953754, 1.5422402561081536, 1.4404774564376126, 1.0883160678691082, 0.4638107059237935] 
[0.2672448863873734, 0.29590350593098896, 0.5350977670261041, 1.0499602603388276, 1.5422789663901684, 1.4405841838173392, 1.0886245320574917, 0.46411512451419945] 
[0.2672461091633885, 0.29586772014420737, 0.5348569688914793, 1.0496996782320869, 1.542317706361006, 1.4406911407519856, 1.0889294680840362, 0.46442045876810467] 
[0.26724710319529316, 0.29583240984435005, 0.5346177427939831, 1.049440447416266, 1.542355715379987, 1.4407971801330093, 1.0892330170597058, 0.46472467166569575] 
[0.2672485641075933, 0.29579942820948835, 0.5343804671479668, 1.0491835423145275, 1.5423937427506018, 1.4409006444658643, 1.0895360601211048, 0.46502885113767445] 
[0.26725058147617603, 0.2957655368882409, 0.5341429744024688, 1.0489271932726882, 1.5424313932470595, 1.4410038444241082, 1.0898384364858864, 0.46533312768522517] 
[0.26725509273753567, 0.29573571380471025, 0.5339082575435422, 1.0486700571324699, 1.54246505801295, 1.4411032201936982, 1.0901344942608229, 0.46563325789403087] 
[0.26726305303557146, 0.2957030844961954, 0.5336773278417956, 1.0484179312862212, 1.542494420808243, 1.4411978388949045, 1.0904318687460912, 0.46593497183665233] 
[0.2672703599744567, 0.295670662211064, 0.5334468452931437, 1.048166063206188, 1.5425236111641034, 1.4412926183989883, 1.0907278999356749, 0.4662357471407445] 
[0.2672746348716966, 0.29564154414389204, 0.5332187529690872, 1.0479172536338575, 1.5425508747562422, 1.4413843062849359, 1.0910230963766616, 0.466535916476744] 
[0.2672760500882229, 0.2956142442773561, 0.5329899437690385, 1.0476719664554366, 1.5425790089388143, 1.4414734412342134, 1.0913187601424208, 0.4668326467629525] 
[0.26727626469323257, 0.29558788120327384, 0.5327626687256569, 1.047427954297275, 1.5426072814934833, 1.4415616138083647, 1.0916130264336046, 0.4671285723428642] 
[0.26727674280201213, 0.2955608817314036, 0.5325360823150229, 1.0471838532763489, 1.542635563772054, 1.4416504172615896, 1.091906122814464, 0.467423519396896] 
[0.2672758520507404, 0.29553135675980263, 0.5323109080137179, 1.0469383556378444, 1.5426653861741486, 1.441741682068268, 1.0921991320633897, 0.4677167592950698] 
[0.2672766663675283, 0.29550085916081614, 0.5320869798139837, 1.0466925929983126, 1.5426939007142562, 1.4418308666157293, 1.0924878786109125, 0.46800689750786156] 
[0.2672796572713065, 0.2954666690287934, 0.5318635531499513, 1.046445347665715, 1.5427244599431114, 1.4419179200760737, 1.0927713406671968, 0.46829269257739076] 
[0.2672807329154096, 0.2954345154905312, 0.5316431821813916, 1.0461989689167568, 1.5427532218323634, 1.4420032055066423, 1.0930512087394346, 0.46857814724214536] 
[0.26728086433891796, 0.29540386561384846, 0.5314172429649983, 1.0459532753317293, 1.5427791241275102, 1.4420872608542725, 1.0933361004255846, 0.4688646466797164] 
[0.26728118450303384, 0.2953705953455761, 0.5311902362722832, 1.0457052237033753, 1.5428052604426914, 1.4421725381498673, 1.0936229517122502, 0.46915176494152133] 
[0.2672810302156192, 0.2953377254977043, 0.5309644042642222, 1.0454582592589132, 1.5428310034219281, 1.4422576887432503, 1.0939079995601804, 0.46943786111840763] 
[0.26728049600949993, 0.29530545312923506, 0.5307390591710205, 1.0452111606162955, 1.5428557696790723, 1.4423425941264436, 1.0941926087567062, 0.46972366042356956] 
[0.2672796058147356, 0.2952738636934669, 0.5305154152951141, 1.0449654145107168, 1.5428804844114934, 1.4424273235420195, 1.0944752022397632, 0.47000795046548727] 
[0.2672818494761231, 0.29524540288644363, 0.530294796911104, 1.0447165828226173, 1.542902660435522, 1.4425143543127499, 1.094758947364191, 0.4702902951894497] 
[0.26728313259430525, 0.29521527199136777, 0.5300715689153025, 1.044466969064641, 1.5429241392297108, 1.4426009002874602, 1.0950443146476954, 0.4705721882519805] 
[0.2672843236048327, 0.29518547929756533, 0.529849052575053, 1.044218248726368, 1.5429457261076915, 1.4426875350512631, 1.095327532189988, 0.47085302281534136] 
[0.267288328304016, 0.29515324682828603, 0.5296287727089777, 1.0439724522019704, 1.5429693526422816, 1.4427722015238464, 1.0956118682310714, 0.47113643467267813] 
[0.2672900214401704, 0.2951206283655989, 0.5294104256785583, 1.0437294560008725, 1.5429912294582855, 1.442855228190093, 1.0958953099255733, 0.4714196839903369] 
[0.2672931280190515, 0.2950859691658835, 0.5291932858626042, 1.0434854172313874, 1.5430125895720135, 1.442939801842179, 1.0961775398892464, 0.47170179099122517] 
[0.2672965553072709, 0.29505169691526295, 0.5289776225197507, 1.0432417548762838, 1.5430328766999788, 1.4430231074133566, 1.0964583290272611, 0.4719822072783507] 
[0.26729634399532354, 0.29502236308872487, 0.5287621200379066, 1.0430022780873334, 1.5430541790930796, 1.4431025599101246, 1.0967352594467992, 0.4722621325906795] 
[0.26729632778633017, 0.2949929812309113, 0.5285444009587692, 1.0427628107179654, 1.5430744678663189, 1.443182370567486, 1.0970137368773492, 0.4725432948623673] 
[0.26729538056376695, 0.2949631161045148, 0.5283268510860378, 1.04252532374343, 1.5430941372385136, 1.443261407089676, 1.0972912471916993, 0.47282228602680304] 
[0.2672931908094128, 0.29493422485216103, 0.52810902376212, 1.042289660032778, 1.5431130797879844, 1.4433408020616416, 1.0975682237097892, 0.4730993823125673] 
[0.2672909710415369, 0.2949058876733003, 0.5278919550364638, 1.042054217768066, 1.5431320435157703, 1.4434198096019641, 1.0978439331243284, 0.47337561137519174] 
[0.26728836797765015, 0.29487783185634625, 0.5276783877672114, 1.041820946834862, 1.5431498837884878, 1.443498617379808, 1.0981154141378424, 0.4736508029883205] 
[0.2672827471050134, 0.29485246619349503, 0.5274656594180017, 1.04159254404763, 1.543167018419058, 1.4435761182616267, 1.0983821444932835, 0.47392075300441866] 
[0.26727921370932384, 0.29482735870589605, 0.527254268962365, 1.041364425732518, 1.5431853921646153, 1.4436555035959926, 1.0986485860776272, 0.47419177982369076] 
[0.26727410855601524, 0.29479983332868315, 0.527043183967411, 1.041136552896937, 1.543205253816497, 1.4437344251088144, 1.098911685927261, 0.4744593685378917] 
[0.2672690405233778, 0.29477265550317006, 0.526833980910234, 1.0409097437245083, 1.5432252835177267, 1.4438130014740909, 1.0991725772148355, 0.47472569955642074] 
[0.2672645480303152, 0.29474511216468735, 0.5266261016080644, 1.0406838317835603, 1.5432449464083107, 1.443891092898685, 1.0994322900211353, 0.4749912873543175] 
[0.26726017777786154, 0.294717806120129, 0.5264199064084398, 1.0404586114459375, 1.5432643707404108, 1.4439691947895439, 1.0996899601710413, 0.47525571355241153] 
[0.26725670785773403, 0.2946890663450227, 0.5262141331836752, 1.0402336017877827, 1.5432846716297042, 1.4440469137473393, 1.09994520566439, 0.47551789612900297] 
[0.2672538101656844, 0.2946599420562894, 0.5260096639180926, 1.0400087844635975, 1.5433053084137003, 1.4441241446472526, 1.1001993059056208, 0.4757787614043622] 
[0.267251911318152, 0.2946320202271101, 0.5258086741830991, 1.0397876220992783, 1.5433240093959812, 1.444198679760428, 1.1004505110546616, 0.4760359499801967] 
[0.2672504828792689, 0.2946038606814123, 0.5256083711210753, 1.039567658743749, 1.5433420351302554, 1.444272499327388, 1.1006998538686743, 0.4762924000666411] 
[0.2672503474004251, 0.2945744156885405, 0.5254100875264792, 1.0393475707279354, 1.5433587811016918, 1.4443452907830487, 1.100948434364531, 0.4765467017892944] 
[0.2672495039220345, 0.2945446620902952, 0.52521196373016, 1.039128560931725, 1.543376042067814, 1.4444187746607253, 1.101196535696521, 0.4767997779374371] 
[0.2672481460418832, 0.29451514062690376, 0.5250149254919483, 1.0389104842444965, 1.5433929741467736, 1.4444918586828361, 1.1014434513904219, 0.47705214010988684] 
[0.2672466281541211, 0.2944860042141074, 0.5248187728265704, 1.0386930858462908, 1.5434098499204065, 1.4445647896453724, 1.1016890370073498, 0.47730358874039047] 
[0.2672446649184696, 0.2944569534347336, 0.5246233921476662, 1.038476588842601, 1.54342686779683, 1.4446373571812015, 1.1019330629584654, 0.47755424517794226] 
[0.2672406169548981, 0.29443014399112466, 0.5244277330562782, 1.0382623931031132, 1.5434419872896932, 1.4447107798736711, 1.1021747473553474, 0.47780544888077003] 
[0.26723711030495223, 0.2944045227893577, 0.5242330532598567, 1.0380480661985387, 1.5434574473842082, 1.444782861245972, 1.1024143455899513, 0.47805489845876253] 
[0.26723482418074695, 0.2943804109991941, 0.524038570020635, 1.0378352346606439, 1.5434733732963422, 1.4448535205303703, 1.102652123496227, 0.478303849697432] 
[0.2672312783759034, 0.2943550136111988, 0.5238431670556936, 1.0376247098150253, 1.5434902707840121, 1.4449229495045863, 1.1028905555824817, 0.4785501432784983] 
[0.26722678500270214, 0.29432952119161226, 0.5236471945780451, 1.0374130309462184, 1.5435070760514136, 1.4449923085353504, 1.103128658653588, 0.4787962443925968] 
[0.2672243856481646, 0.29430247677078664, 0.5234531049640472, 1.0372030087572879, 1.5435256216541817, 1.4450606038524443, 1.1033675804859893, 0.4790434369811904] 
[0.2672203005745466, 0.2942769582812919, 0.5232611582967811, 1.0369921979364645, 1.5435430297611186, 1.445129899855582, 1.103606208771477, 0.4792888231794254] 
[0.26721668600261567, 0.2942506400414049, 0.5230722374883088, 1.0367831538045098, 1.5435596152462512, 1.4452001900727474, 1.1038413710461406, 0.47953297069523576] 
[0.26721319631972834, 0.2942243675093639, 0.5228842138129884, 1.0365745056926436, 1.5435762709911072, 1.4452704468880884, 1.104075284939119, 0.4797761998011483] 
[0.2672100600695422, 0.2941976213747316, 0.5226963395144626, 1.036366699462854, 1.543593248796764, 1.4453410261228108, 1.1043087599301007, 0.4800183470053961] 
[0.26720477998862535, 0.29416933889949554, 0.5225134414690982, 1.036157180349185, 1.5436078891534626, 1.445409441099938, 1.104536815690514, 0.4802611819875142] 
[0.2671970756692557, 0.2941451576970169, 0.5223314721119139, 1.035947155405019, 1.543619826130499, 1.4454735744973384, 1.1047607924879015, 0.4805002638045646] 
[0.2671888566642063, 0.29412174158076493, 0.5221508998236395, 1.0357367314100112, 1.5436310937822657, 1.4455385933062446, 1.104984392223879, 0.48073801607406236] 
[0.2671809186360252, 0.29409769792615376, 0.521972295103719, 1.0355271172602594, 1.5436420277380962, 1.445604185807648, 1.1052055425310336, 0.48097402963214636] 
[0.26717445612657004, 0.2940725099671661, 0.521792592303579, 1.0353139502726667, 1.5436533430952208, 1.445672699106073, 1.1054296248052033, 0.48121351596857537] 
[0.26716775885814753, 0.2940483163281331, 0.5216139972154928, 1.0351014187200378, 1.5436642511354624, 1.44573982986665, 1.10565316485513, 0.48145155948502216] 
[0.2671605415217152, 0.29402484558168296, 0.5214352902860767, 1.0348890003087525, 1.5436743770858317, 1.4458074576277176, 1.1058747888972613, 0.4816878634215646] 
[0.2671566635634687, 0.29399969741408044, 0.521256101099225, 1.0346821232989158, 1.5436819813631757, 1.4458770867865183, 1.1060916324176941, 0.4819186724242807] 
[0.2671516186912416, 0.2939757842801728, 0.5210746910006179, 1.0344758809506978, 1.5436902385524072, 1.4459453886792817, 1.1063109899410064, 0.48215067609932116] 
[0.2671485944360939, 0.2939509392661713, 0.5208903356230239, 1.034265986413388, 1.5436978290718755, 1.4460127026270195, 1.1065308240207445, 0.4823858730729611] 
[0.2671459514403023, 0.29392596783212255, 0.5207070022270097, 1.034056475725247, 1.5437059139743918, 1.4460794341256058, 1.106749986477457, 0.4826200013804006] 
[0.2671439695644212, 0.2939014116702914, 0.5205250354068643, 1.0338468685108326, 1.5437137913297816, 1.446146093308711, 1.1069678642927772, 0.4828538459581303] 
[0.26714231349106576, 0.2938773878478074, 0.5203441804404194, 1.0336377616737655, 1.5437220917631786, 1.4462119964473297, 1.1071846030430428, 0.4830871760825457] 
[0.26714064453477926, 0.2938534755777166, 0.5201642163156486, 1.0334293391562677, 1.543730527408317, 1.446277485807833, 1.1074005299627188, 0.48331971733194223] 
[0.2671378641538273, 0.29382834331852115, 0.519986427583854, 1.0332231788912973, 1.5437389685523746, 1.4463436435812231, 1.1076151440138773, 0.4835499308284614] 
[0.26713541377413574, 0.29380353112702057, 0.519809218270119, 1.0330174346942078, 1.5437478435175986, 1.4464096442276133, 1.1078288169910833, 0.48377920160698373] 
[0.2671327230221313, 0.2937787246859303, 0.519632615874824, 1.0328123739162713, 1.5437567127439467, 1.446475076273901, 1.1080415099968624, 0.48400741277858916] 
[0.26712928815026826, 0.29375434646361837, 0.5194577334837351, 1.0326091412865102, 1.5437650265017737, 1.4465392194547961, 1.1082529154999214, 0.48423435318852304] 
[0.26712625309131127, 0.29373081210026225, 0.5192824589991566, 1.032402890541294, 1.5437731901291074, 1.4466008601094213, 1.1084645845040488, 0.48446407668765273] 
[0.26712325079071303, 0.29370454551853725, 0.5191140317502636, 1.0322013850734506, 1.5437838429624293, 1.446660091625243, 1.108669370736764, 0.4846933055668443] 
[0.26712062234911926, 0.29367728700852525, 0.5189457531533426, 1.0319987456638136, 1.543794016556066, 1.446720630883241, 1.108873909198623, 0.4849232120676157] 
[0.26711947028037625, 0.2936498969268995, 0.5187753411169426, 1.0317949153334864, 1.5438038411793795, 1.446780465212984, 1.1090803769462383, 0.48515275563977006] 
[0.26711817808932975, 0.29362302589030864, 0.5186055574398964, 1.0315917849725347, 1.543813747335617, 1.4468401170397254, 1.1092861871820379, 0.4853814268303123] 
[0.26711859519325065, 0.29359770615773734, 0.5184354750344946, 1.031387475792108, 1.543825443633843, 1.4469012045517957, 1.1094899526568027, 0.4856081655991528] 
[0.26711775391762616, 0.293573630054282, 0.5182655165367172, 1.0311833418509646, 1.5438363590182096, 1.4469626259656498, 1.1096922717341666, 0.48583325729379034] 
[0.2671157459747484, 0.2935503238718846, 0.5180950835764188, 1.0309798669613066, 1.5438474732477983, 1.447023462331368, 1.109895929314436, 0.48605900367541416] 
[0.26711476101343423, 0.2935256418531445, 0.51792560803551, 1.0307763783610366, 1.5438582787342625, 1.447085436569037, 1.110099796344541, 0.4862837356611787] 
[0.2671133361840736, 0.2935008591188336, 0.517756331128864, 1.0305741110068822, 1.543868861804102, 1.4471473748571841, 1.1103035326824002, 0.4865074538056638] 
[0.2671116038658934, 0.29347646626180995, 0.5175877314713148, 1.0303725548871518, 1.5438792732798152, 1.4472087341199822, 1.1105066384539295, 0.4867302884044577] 
[0.26711061111310713, 0.2934511805458439, 0.5174192651801339, 1.0301710160397637, 1.5438892024833526, 1.4472707182617632, 1.1107085636830012, 0.48695198025711117] 
[0.2671085120966569, 0.2934250797566574, 0.5172526736287454, 1.0299717035170406, 1.5438996023515912, 1.447333386267768, 1.1109095154383757, 0.4871716043421862] 
[0.2671063185776867, 0.29339935294958386, 0.5170867279700817, 1.0297731469035176, 1.543910000180701, 1.4473957020945012, 1.1111098451387682, 0.4873906362093722] 
[0.26710410403510126, 0.2933741047647637, 0.5169211998694314, 1.0295753271314358, 1.5439202318072673, 1.4474573968186035, 1.111309896263673, 0.4876092778740909] 
[0.26710016828261546, 0.2933503428559208, 0.516756861074137, 1.0293789387479033, 1.5439297445203235, 1.4475194000204696, 1.1115103357775162, 0.48782878543590613] 
[0.26709691229477045, 0.29332335138361776, 0.5165886744739234, 1.0291819545083822, 1.5439397800202561, 1.4475843400499067, 1.1117146461962997, 0.4880487379239754] 
[0.2670950117183755, 0.2932958243818269, 0.5164227340016173, 1.028984083767277, 1.5439508591001665, 1.447648340229171, 1.1119166664389342, 0.4882691760971798] 
[0.2670945685616444, 0.2932679405750348, 0.5162568174963857, 1.0287893402428754, 1.5439622211960125, 1.4477133390699384, 1.1121162664154838, 0.4884865314857104] 
[0.26709388365721326, 0.29324060606334207, 0.5160915551616326, 1.028595314964929, 1.5439736362641758, 1.4477778442759242, 1.1123153675505013, 0.48870315551711535] 
[0.26709356683975144, 0.2932124669573923, 0.5159271801011939, 1.0284008350932345, 1.543986111951305, 1.4478429020391879, 1.112514340534385, 0.488919030725527] 
[0.2670930267211965, 0.29318494410614865, 0.5157632438991242, 1.028206980512714, 1.543998387324387, 1.4479076605947938, 1.1127131141891102, 0.4891346424598357] 
[0.2670917709850455, 0.2931583539460102, 0.5155993557134689, 1.0280138430429608, 1.5440104703918123, 1.4479716605484478, 1.1129121853113115, 0.4893502783437652] 
[0.2670902646112747, 0.2931323764583865, 0.5154361281886009, 1.0278215273674745, 1.5440224467958714, 1.4480350293036446, 1.113110649121996, 0.4895653281279409] 
[0.26708814063671654, 0.29310652557281097, 0.5152731059541275, 1.027629711003181, 1.5440336678645383, 1.4480970951488707, 1.113307745004665, 0.4897788672641239] 
[0.26708560894661293, 0.29308090679480575, 0.5151098938711187, 1.0274383683343806, 1.5440450699308923, 1.4481592835620727, 1.1135051543637207, 0.4899924275263872] 
[0.2670839169631022, 0.2930549115819626, 0.5149480830861932, 1.0272480985905132, 1.5440564663950829, 1.448220258071988, 1.1137004694166386, 0.4902040742871884] 
[0.26708189558919915, 0.2930296641218071, 0.5147874443516205, 1.0270578119879494, 1.544068313268662, 1.4482811933305901, 1.1138946020303013, 0.49041568286956366] 
[0.26708044359096755, 0.29300396830339953, 0.5146220804629961, 1.0268633053339373, 1.544080715070039, 1.4483449689236687, 1.1140938313076039, 0.4906316964236774] 
[0.2670773503448754, 0.2929810113437014, 0.5144585180312669, 1.0266710620091681, 1.5440940486162855, 1.448406437259468, 1.1142935184845277, 0.4908479265982847] 
[0.26707346228818535, 0.2929594449189903, 0.5142962535223248, 1.026480339628126, 1.54410661199095, 1.4484664711654682, 1.1144928720681277, 0.49106397171251737] 
[0.2670695320352717, 0.2929391377127151, 0.5141331935378387, 1.0262889921393978, 1.5441189484248659, 1.448525764749348, 1.1146924654222135, 0.4912797135807913] 
[0.267065793298061, 0.29291884871533835, 0.5139708508170528, 1.0260982259888083, 1.5441312935356726, 1.4485848362791127, 1.1148912618471827, 0.4914948031581125] 
[0.2670623739417397, 0.2928991777556549, 0.5138093087733587, 1.0259077289351437, 1.5441434467974375, 1.4486433026326124, 1.1150886576711905, 0.49170875546957543] 
[0.26705827362833373, 0.29288072831617923, 0.5136489941444369, 1.0257186956220976, 1.5441548211147158, 1.4487004688793248, 1.115285776778639, 0.49192250835698564] 
[0.2670550560547075, 0.29286216890065997, 0.5134874434598802, 1.025527774399655, 1.544166852754243, 1.448759092385481, 1.1154830502235349, 0.4921379614550184] 
[0.2670526316323239, 0.29284254633500467, 0.513326374947855, 1.0253367839258891, 1.5441794161275841, 1.4488168649650994, 1.1156786628352162, 0.49235182311026154] 
[0.26705026300582424, 0.2928228980528237, 0.5131660066003925, 1.0251464600861178, 1.5441919586944592, 1.4488744522561139, 1.1158735943403029, 0.4925650445597435] 
[0.2670474834746692, 0.2928030707558536, 0.5130069735953623, 1.0249569624294423, 1.5442048925840335, 1.4489323173802002, 1.1160674860525295, 0.49277708623586447] 
[0.26704524617240827, 0.2927827327988902, 0.5128489583119084, 1.02476771728461, 1.5442182528257586, 1.4489897527592657, 1.1162609402635972, 0.4929881255227842] 

Time 
123.64144849777222 
