Parameters 
 
[-0.5, -0.5, -0.5, -0.5, -0.5, -0.5] 
[-0.48362518980386215, -0.4984353856929565, -0.3233195754841579, -0.47222304850147107, -0.31104997607856755, -0.47080710824817934] 
[-0.46385272300675723, -0.4966801012723538, -0.047743689847811466, -0.41860433786401136, -0.046328360165757865, -0.4373227658918213] 
[-0.43884463354966596, -0.45489959647751615, 0.2737076493780675, -0.3638132807981037, 0.2937288612721877, -0.4039967973731479] 
[-0.4097592395403876, -0.3895665528108876, 0.6098927848509534, -0.28767933754360636, 0.6404187209423022, -0.36943730553460596] 
[-0.413502646713736, -0.33755801354173676, 0.7452565538926141, -0.13566405974931647, 0.8039033789314516, -0.387646253700654] 
[-0.3878294112681958, -0.24965091726442534, 0.8444558110889021, -0.009071717157885517, 0.899968142135997, -0.38316292818667963] 
[-0.3309522721029408, -0.20659922735620162, 0.9360592887519081, 0.10477051413553963, 0.9740494784152944, -0.390886315283175] 
[-0.23259978257445194, -0.16685765577095046, 0.9906008166333937, 0.20323375603187907, 1.0149358386564376, -0.3704988440120766] 
[-0.15285191667210016, -0.11135152381141042, 1.0297062940821178, 0.31539026959001704, 1.0433457997947222, -0.35627590079030924] 
[-0.10677941769009623, 0.009073589087253253, 1.0916308255925318, 0.4428117420398555, 1.1075476189338311, -0.3131705381655522] 
[-0.040610044185225916, 0.05860620381176458, 1.1307058707706699, 0.5172402497159404, 1.1232147876344498, -0.28967175774623144] 
[0.018333533807111592, 0.10361949653209702, 1.1570602205480487, 0.5919097521542385, 1.1312507669729248, -0.2665778534368208] 
[0.4422543433241513, 0.1826471341697697, 1.2534528717163218, 0.6664384666396302, 1.0918926835204534, -0.20405880047000313] 
[0.2690947691898452, 0.16943503069034266, 1.173533923797246, 0.6918906036663769, 1.06896844815943, -0.18777484765732325] 
[0.248271391927056, 0.1691800832900843, 1.1659847669332726, 0.7273664220379739, 1.0541957939237476, -0.18712339523402532] 
[0.25415932058950014, 0.1797406947773305, 1.1662033872523323, 0.7584621617108848, 1.0310944128606698, -0.18811107042793196] 
[0.25759034525014063, 0.19272020652103142, 1.165430177071685, 0.78760752010547, 1.010437730267005, -0.18562284365439366] 
[0.2594057728176411, 0.2053069454973682, 1.1656314956870444, 0.8157406464432617, 0.9933565785719333, -0.1814662574774932] 
[0.2599925794572201, 0.21912131506275956, 1.1655681570332952, 0.8422214781334905, 0.9784522803312307, -0.17515413103555227] 
[0.2737558367595021, 0.2308274847435113, 1.1836329937057781, 0.8800495018572259, 0.9613090591938113, -0.18532492257916552] 
[0.2679235417633665, 0.24752096447950436, 1.1792082728920472, 0.9009694948251116, 0.9535694300040195, -0.1678874975172152] 
[0.2644254160650045, 0.2639226015165992, 1.1748552394879266, 0.9215175074603859, 0.9475644255711744, -0.14965743557328504] 
[0.2548658461229337, 0.2780938275811956, 1.1644433082514107, 0.9417171002305622, 0.9513638658682486, -0.11170220925926368] 
[0.2515367973281867, 0.2917889614049136, 1.1560411432688316, 0.9618665396550904, 0.9548533963557728, -0.0800542711985697] 
[0.2502964982933051, 0.3090907235023569, 1.146937290108593, 0.9819749055663772, 0.9542382118649646, -0.051813127914182064] 
[0.252865976981443, 0.3282854853732359, 1.1403498350696262, 1.0020093979473892, 0.9521918907468708, -0.028078056668253137] 
[0.2563123759270777, 0.3463601701231809, 1.1338760429449286, 1.0212655783574698, 0.9509517024816918, -0.004460200840645148] 
[0.26035736890926, 0.36466638398725465, 1.1280447025646472, 1.040228909241646, 0.9493437808865158, 0.01785908364948489] 
[0.2632492182840975, 0.3791525127583832, 1.1219167761461968, 1.0581759104459842, 0.9511834528115283, 0.042390255401842596] 
[0.37256930200632443, 0.7063772874020544, 1.2205396031200897, 1.0446014321448134, 0.634749193483288, -0.20769236913967692] 
[0.266415763488108, 0.514880708202935, 1.1344638219861007, 1.0565742247351677, 0.846908783493084, 0.007113690537837725] 
[0.3271753521235747, 0.6787734966700545, 1.1900295099578975, 1.0819451520447947, 0.6581690695629512, -0.12748918820661384] 
[0.31967308137501393, 0.6621904838687175, 1.1780278980696335, 1.0942822170181512, 0.678688272340333, -0.09197850951666639] 
[0.3132304659642097, 0.6461930795929037, 1.1671366761559476, 1.1078599190651344, 0.7002141546785688, -0.05587239688919533] 
[0.3083724078293136, 0.6284158915937342, 1.1558244399096165, 1.1210942687719503, 0.7244854248226006, -0.019742271212433403] 
[0.30538010329159926, 0.6128063889661549, 1.1455059219290828, 1.1333121946062166, 0.7471138409944328, 0.012898571362150203] 
[0.31050959811376105, 0.6444601767870194, 1.1440387374734733, 1.153122040700032, 0.7309803508435295, 0.026858260460444823] 
[0.3115076647414014, 0.6479016414055655, 1.141890439157842, 1.165689139083849, 0.7369767639188187, 0.04556459225744609] 
[0.31323573004138916, 0.6535216537631504, 1.1401636743711474, 1.17813850988277, 0.7411076350523017, 0.0625536732127665] 
[0.3156776934555248, 0.6555233868520978, 1.1380702895616015, 1.1859397987528504, 0.7467531273759481, 0.07645112860088647] 
[0.31650740334496763, 0.6837653984484753, 1.1359608157134218, 1.202175728422585, 0.7313160290672069, 0.08870788813562808] 
[0.3171970748132797, 0.6837855927098712, 1.1345553565884423, 1.2092294442539684, 0.7370748239487124, 0.10003914509789352] 
[0.31832364329283114, 0.6841019878835708, 1.133010073349646, 1.2163504232808031, 0.7429426393836325, 0.11123536452003845] 
[0.31964037743977064, 0.6839122125705596, 1.131338147211707, 1.2213025818262722, 0.7483300005930542, 0.12083915650793259] 
[0.3211597223038582, 0.6838338557732297, 1.1298784930332562, 1.226259957714507, 0.7537501895869368, 0.13009549747580365] 
[0.32391550821444365, 0.6846814369545208, 1.1270497598471874, 1.231513008954674, 0.7593691238486608, 0.1412301971384699] 
[0.32653900396924224, 0.688682496125591, 1.124155634989672, 1.2370293393969312, 0.7621352353591968, 0.1517221385076754] 
[0.3294485142481383, 0.6910717650181876, 1.1222306490219098, 1.2418802803000204, 0.7653149219175682, 0.16042368363138257] 
[0.33206755974592755, 0.6926873854903524, 1.1208695219728035, 1.2462726738772762, 0.7689191596280386, 0.16843072846402724] 
[0.3344012704239389, 0.6920995924866051, 1.1202287292287425, 1.2499057194773744, 0.7742273004326727, 0.17558695802226504] 
[0.33783166542160764, 0.6982992480009984, 1.1194762963750555, 1.2543161800533709, 0.7741159625992654, 0.1824794108105391] 
[0.3361246517350151, 0.6846469408554604, 1.1193409209046534, 1.255678778104742, 0.7882244380327358, 0.19045757575499533] 
[0.33927694506424344, 0.6895435593956615, 1.118172992883942, 1.2600734286771105, 0.7893051021865705, 0.197663952051661] 
[0.33497634239334845, 0.6681720340105791, 1.1180009965298787, 1.2633289298391932, 0.8111269177970275, 0.20785832837973797] 
[0.33785958921746573, 0.6702704036771329, 1.1160661479250402, 1.2682476558731341, 0.8149373415080517, 0.2157879753286288] 
[0.3384950039706226, 0.6660791846751444, 1.1148666011142592, 1.2734382216544489, 0.823493518390302, 0.22418019162394007] 
[0.34121954894361534, 0.6683256434616753, 1.1134493381853543, 1.2775615813312842, 0.8270331515621012, 0.23092327499554177] 
[0.34264356472036356, 0.6672402541721713, 1.1124391019856823, 1.2817548066802718, 0.8330446874642496, 0.23781092989635022] 
[0.34387138017899355, 0.6654144250211134, 1.1112219981670255, 1.2856237749312065, 0.839500149348613, 0.24476802909990397] 
[0.34451465662252073, 0.6630823161996783, 1.1101721578209727, 1.2891810708098654, 0.8457194565935682, 0.25148188824199624] 
[0.34518879264083896, 0.6622091263523767, 1.109540042337412, 1.2919683423696149, 0.8504129373439526, 0.2568244737735296] 
[0.3458985482753772, 0.6614920035205095, 1.1087776736649289, 1.294690982920567, 0.8548816724133728, 0.26213223321241097] 
[0.34702963646824986, 0.6610128445529051, 1.1068605510932943, 1.2972557056629757, 0.8592820711997589, 0.2685433736010373] 
[0.34844852253068687, 0.6611632876927716, 1.1052505040769534, 1.2999465860807815, 0.8629212340193296, 0.27424996101761995] 
[0.3488306218842315, 0.6590918162780035, 1.1034801614120346, 1.3022742455231389, 0.8680262071782773, 0.28004124762189825] 
[0.34996513102915344, 0.6573004938155655, 1.0996781073906639, 1.3042773520941884, 0.8730961121274772, 0.28775621661040623] 
[0.35115990020592414, 0.6554399161561514, 1.0961527317989341, 1.306156775926968, 0.87801567240508, 0.2951942647575642] 
[0.352183269572556, 0.6537405131699998, 1.0929549684086903, 1.3081986279956126, 0.8827523587384946, 0.3022179579253669] 
[0.3529439597402104, 0.6529641642286059, 1.090211675920515, 1.3099316025938592, 0.8862977279389621, 0.30840251431724264] 
[0.35352927561666597, 0.6524720246170994, 1.0877156667156644, 1.3118970582055383, 0.8895966797658729, 0.31429839814604715] 
[0.35385665948474876, 0.651711396658521, 1.0857292311943383, 1.3140019118145347, 0.8928109246690956, 0.31948423966115186] 
[0.3542199601773852, 0.6508070984869769, 1.0838784281883835, 1.3160881832841065, 0.8961296881870788, 0.324484016249702] 
[0.35461700560912945, 0.6502530340601, 1.0817721726940799, 1.31814106032981, 0.8992813046821938, 0.3297091390039342] 
[0.3550142234373312, 0.6495939652305955, 1.0799900815058963, 1.3202843866371428, 0.9025185192437353, 0.33458614795292096] 
[0.3552575937408367, 0.6486319572319537, 1.0783244477896536, 1.3224601416272266, 0.9059282511317497, 0.3392823625527992] 
[0.35549757301539986, 0.6476916266476657, 1.0767126070394928, 1.3246472665423803, 0.9092924391834477, 0.34385173677900643] 
[0.3556638505848107, 0.6472443127772739, 1.075204877884486, 1.3266007780818558, 0.9120368096101071, 0.3481099932036018] 
[0.35577800121935294, 0.6467684480419164, 1.0736662673107775, 1.3285741593647193, 0.9147766711562292, 0.3523271321053723] 
[0.35594352794589446, 0.6462411368227672, 1.072427130627722, 1.3306138201567206, 0.9175614240969354, 0.3562160101428228] 
[0.35611041867097576, 0.6455706367497281, 1.0713320870569922, 1.332696665162052, 0.9204273066014298, 0.35994845351843296] 
[0.35626807322408016, 0.6449141359932202, 1.070198620350359, 1.3347669754318319, 0.9232662903796179, 0.36365794210895885] 
[0.3561820530157232, 0.6440051280574239, 1.0694875525907659, 1.336913283893857, 0.926005469965296, 0.3668058022140605] 
[0.3561144472286481, 0.643163835722469, 1.0686833060816423, 1.339013487013261, 0.9286747509537575, 0.3699614624624328] 
[0.3560604553989129, 0.642238903790287, 1.068010705196834, 1.3410621438470551, 0.9313880384099916, 0.372943679938538] 
[0.35575439828660704, 0.6407415628301589, 1.067479973118256, 1.3435934270832004, 0.9348076327631127, 0.3760263375432124] 
[0.3555609259755956, 0.6396312893570384, 1.066785410588176, 1.3460262149277449, 0.9378836815918725, 0.3790941872460857] 
[0.35543621464180863, 0.6388253125939107, 1.0659371094093468, 1.3483840439797699, 0.9406033664940001, 0.3820441352621695] 
[0.3549885016100864, 0.6379222658760126, 1.065113762211893, 1.3511569935634913, 0.9436524432024714, 0.3850427779193466] 
[0.35458875925478694, 0.637281814415463, 1.0641362583593512, 1.3537340168070617, 0.9464271626687043, 0.38799124255605544] 
[0.3542308639436191, 0.6366222528297736, 1.0631222752106413, 1.3561981074062652, 0.949188231932788, 0.3909585775563422] 
[0.35380147462971384, 0.6358896983589301, 1.0622879139903612, 1.3587761572272545, 0.9520141394412308, 0.39378916696864014] 
[0.3534158864898061, 0.6353923136118251, 1.0613526822351598, 1.3609769667411566, 0.9546320683714842, 0.39646145545193057] 
[0.353085516695747, 0.6348421772444799, 1.0606849848548061, 1.363335490432313, 0.9573180337258042, 0.39891611905177204] 
[0.35285283102719256, 0.6343552534947049, 1.0599027313181288, 1.3655305331596124, 0.9598748147187065, 0.4014010340333202] 
[0.35267531812577185, 0.6338293141503557, 1.0590676427892172, 1.3675971052152465, 0.9623863293123289, 0.40389759975177214] 
[0.3527040293801663, 0.6336618586453528, 1.0584224146367192, 1.3695779387583407, 0.9644240166211381, 0.40604055749406154] 
[0.35283285190082164, 0.6336830914018379, 1.0575644791900125, 1.3712635561144297, 0.9661985315103953, 0.40825818190954] 
[0.3529213482376051, 0.6334791622222604, 1.0567391961655592, 1.3728346696914262, 0.9680678723594778, 0.410410106337075] 
[0.35304232321412965, 0.6332531384703716, 1.05585560175812, 1.3742828845526425, 0.9698664425361999, 0.4125756983542526] 
[0.3533725424310933, 0.6331458000913583, 1.0547926818621658, 1.3753249545439343, 0.9713417141940873, 0.41465944462062254] 
[0.3538572643581061, 0.6330890565245274, 1.053639085867527, 1.3761657093340889, 0.9727496627568138, 0.41671987982295633] 
[0.3542618831338182, 0.6329547625642702, 1.052594448569993, 1.3770661988206125, 0.9741866423619843, 0.4187188804986304] 
[0.3546826276811371, 0.632784998145801, 1.0516791148616054, 1.3779189539635597, 0.9755957311812565, 0.4205931707161086] 
[0.3552761505943184, 0.6325528310026473, 1.050751066767493, 1.3785002094653551, 0.9768307751727976, 0.4223441957310989] 
[0.35576476538657614, 0.6322429862157821, 1.0499008326079289, 1.3791763552734182, 0.9781536335046679, 0.424093496564289] 
[0.3561704484890165, 0.6319196737999573, 1.0491202107473097, 1.3798992599446283, 0.9794627053983763, 0.4257852351078941] 
[0.3565302396222126, 0.6316233925930752, 1.04831189559146, 1.380609414070957, 0.9807264270823947, 0.4274851421394015] 
[0.3568374650378679, 0.6312853082552159, 1.047550003516345, 1.3813409183402723, 0.9820032019314799, 0.4291453393747452] 
[0.3571281285721384, 0.6309309950129157, 1.046804261872077, 1.3820766649024956, 0.9832904208732781, 0.430798982601395] 
[0.3575133441505866, 0.6305637333559012, 1.0459436227482788, 1.3825869980530143, 0.9843998517844943, 0.4323866541190159] 
[0.3578484357798202, 0.630208836119055, 1.0450619959917407, 1.3831707589815996, 0.9855214523136469, 0.4339703228194639] 
[0.3581468074807286, 0.6298411231851214, 1.0442025304265559, 1.3837910566026936, 0.9866522022457626, 0.4355303705137422] 
[0.3583388110625776, 0.6294689300124329, 1.0433708378968287, 1.3844989754147392, 0.9878013500040714, 0.4370584888304414] 
[0.3584900669142453, 0.6291020480116132, 1.0424381792844197, 1.3851746130708553, 0.988929567800897, 0.4386638303965891] 
[0.3586079875724016, 0.6286325642965855, 1.041647511627956, 1.3858616902561793, 0.990104360648319, 0.44017340106487823] 
[0.35870034532483763, 0.628141615328772, 1.0408714919701678, 1.3865691277957684, 0.9912867305347655, 0.441665664834385] 
[0.3587951147155771, 0.6276069438030667, 1.0400979437149815, 1.3872731488803647, 0.9925200048318342, 0.44318246306056946] 
[0.35879350377442265, 0.6270812711974726, 1.039216184599859, 1.3880635462545594, 0.9937754978036408, 0.4447920968151155] 
[0.35878702948786706, 0.6265436482087569, 1.038353797114624, 1.3888607575493557, 0.9950346349340133, 0.44637829349064134] 
[0.35877829266427147, 0.6259940971254235, 1.037508430589682, 1.3896530663037838, 0.9962903012810725, 0.4479430340223491] 
[0.3586618796885585, 0.6253820529721376, 1.0367329303073043, 1.3905625702214548, 0.9975782332692126, 0.44950330503476815] 
[0.3585653726464392, 0.6247599101373995, 1.0359793571975435, 1.3914556501585564, 0.9988664182250072, 0.45103244263619696] 
[0.35847533637381157, 0.6241368480775313, 1.0352264388296035, 1.3923327224606634, 1.0001492127300717, 0.45254976050597495] 
[0.3583908545265477, 0.6234771717620954, 1.0344715955531576, 1.3931785957604133, 1.0014542837672098, 0.4540541263322383] 
[0.35830329795496313, 0.6228102794515615, 1.0336999923883714, 1.3940317485345102, 1.0027712300810894, 0.4555584030501899] 
[0.3582246775112983, 0.6221099603175021, 1.0329696181848032, 1.3948597693544684, 1.0040987193152493, 0.4570204386163162] 
[0.35820175325603276, 0.6214024158849967, 1.032212581792353, 1.395664951609643, 1.0054230470264942, 0.45851243795577407] 
[0.35818251377702337, 0.6207108226414818, 1.031468083945889, 1.3964474082251532, 1.0067256888869383, 0.45997264669169446] 
[0.3580840170538064, 0.6200101716320474, 1.0307206490734222, 1.397274413500767, 1.008037888742189, 0.46145673636397616] 
[0.357926996974531, 0.6193672904281996, 1.0299877467000496, 1.3981399740854343, 1.0093029054090978, 0.4629273968247858] 
[0.357783912039685, 0.6187250895555289, 1.029250070967371, 1.398990867932019, 1.01056250742911, 0.46438771052391253] 
[0.3576386119350928, 0.6180981983683964, 1.0285224479744428, 1.399767515341265, 1.011743158062584, 0.46577409360927596] 
[0.3574935445459888, 0.6174668922604694, 1.0277875055959058, 1.40054851965645, 1.0129052176473312, 0.467132859383111] 
[0.3573656396164427, 0.6168411266871289, 1.0270452566665267, 1.4013129341378419, 1.014058781759054, 0.4684820644259994] 
[0.3572351836062875, 0.6162009411256266, 1.0262886591656024, 1.4020833226230478, 1.0152478926003823, 0.4698590105697778] 
[0.35712051770042197, 0.6155617642310474, 1.025531568646235, 1.4028350526327742, 1.0164284282993865, 0.47122237307384174] 
[0.35697219243579875, 0.6148484488538776, 1.0248832223444306, 1.4035562402483925, 1.017639584146839, 0.4724946520594246] 
[0.35684810001596906, 0.6141158638696259, 1.0242143502973862, 1.4042593051784134, 1.0188798147696236, 0.47379404642884704] 
[0.35670883520445124, 0.6133985560253362, 1.0235105754522624, 1.4049621656925866, 1.0201094625363967, 0.4750972565557967] 
[0.3565474413678876, 0.6126304386214733, 1.022878682810168, 1.4056437322473652, 1.021362214344948, 0.47633466946827757] 
[0.35638374873432677, 0.611875359122021, 1.022230017361412, 1.4063255828089984, 1.0225907166466022, 0.477555172114278] 
[0.35623098183124563, 0.6111325988811396, 1.0215605116496644, 1.406993160942905, 1.0238072291972686, 0.47877504851607383] 
[0.3560872608332932, 0.610397683569068, 1.0208826435247145, 1.407651001461278, 1.0250129379297208, 0.47998532805396577] 
[0.35593739290352666, 0.6096955137051783, 1.0201792873402749, 1.4082910424180346, 1.0261932592625693, 0.4811788918568638] 
[0.35579213868988735, 0.6090906573810667, 1.0194781265865454, 1.4088547272477048, 1.027241292178569, 0.4822916469762145] 
[0.3556570586912265, 0.6085061381182786, 1.018752682025269, 1.4093919947838986, 1.0282615368308416, 0.4834093447311172] 
[0.35553975978740726, 0.6079219634274986, 1.0180279620788368, 1.4099167497286749, 1.0292723232805159, 0.4845168361303463] 
[0.3554351865471776, 0.6073368877865556, 1.0173054562870607, 1.4104322750736087, 1.030275801005506, 0.4856141830735927] 
[0.35534647584475904, 0.6067503392715202, 1.0165853747889575, 1.4109339109458952, 1.031269426422969, 0.48670123095736767] 
[0.35527202053253776, 0.6061678333178313, 1.0158598710414037, 1.411433894558313, 1.032258412641546, 0.48778000025468304] 
[0.35521723946757544, 0.6055583990030935, 1.0151334285005202, 1.4119067426227565, 1.033263975200207, 0.48885419313911455] 
[0.35520955556551137, 0.604972347626926, 1.0144478212004153, 1.412336992556634, 1.0342383928929733, 0.48987522911116493] 
[0.35519583065400645, 0.6043879436611186, 1.013762486887728, 1.412764411623505, 1.0352072675418313, 0.490888813396615] 
[0.35518018730720646, 0.6038099562960106, 1.013072050692387, 1.413186636937668, 1.0361643763929262, 0.49189954561676275] 
[0.3551582366094987, 0.6032338215326862, 1.0123847286712664, 1.4136069020632525, 1.037111641079207, 0.4929052797415633] 
[0.35512543296346516, 0.6026644502955802, 1.0116878479469658, 1.4140340321952334, 1.0380504794982963, 0.49391170924908157] 
[0.3550868150924569, 0.6021009963745202, 1.0109845310923822, 1.414453564316398, 1.0389768165769724, 0.49491779898983745] 
[0.3550548956029113, 0.6015260975151205, 1.0102771221936448, 1.4148629007311797, 1.0399076998413992, 0.4959197819306024] 
[0.3550181932970317, 0.600951592253746, 1.0095672750790143, 1.4152692476290802, 1.0408331473749075, 0.49691915774884504] 
[0.3549694739400428, 0.600342280881217, 1.0088288031667885, 1.4156663500485136, 1.04177877098415, 0.4979297697039937] 
[0.3549189478746861, 0.5997330722667955, 1.00809457077383, 1.416063619661873, 1.0427194873088308, 0.49893281706013964] 
[0.3548713490757659, 0.5991277638092842, 1.0073593826948288, 1.4164548933957855, 1.0436508051559434, 0.4999312559196347] 
[0.3548218074339395, 0.5985238651049816, 1.006626853620893, 1.4168451536197257, 1.0445765004002747, 0.5009231063381702] 
[0.35477054930715307, 0.5979214603953155, 1.0058969153777093, 1.4172341365481735, 1.0454965835165215, 0.5019084879959083] 
[0.35472323486033425, 0.5973243435754306, 1.0051627567439, 1.4176206432151204, 1.0464088081891212, 0.5028932445126961] 
[0.3547494718490225, 0.5967901434535734, 1.004444965203653, 1.4179315154638306, 1.0472423375492472, 0.5038662758223151] 
[0.35475655875604334, 0.5962365736871752, 1.0036805995060298, 1.4182301386384382, 1.0480790875608792, 0.5048777150942265] 
[0.35473980661425875, 0.5956799194341533, 1.0029207395512225, 1.418547207464822, 1.0489031445362367, 0.5058692991098327] 
[0.35469949234700016, 0.5951113008514533, 1.002176745956425, 1.41888298332887, 1.049729280529082, 0.5068589982855278] 
[0.35465166473246246, 0.5945481022591648, 1.0014305035620192, 1.419213691319108, 1.0505516735334763, 0.5078375384916836] 
[0.3545681731130213, 0.5940264924368744, 1.000742133359734, 1.4195827007698576, 1.0513306592980651, 0.5087511674977072] 
[0.3544876800303499, 0.593501736402475, 1.0000617514245702, 1.4199496879304192, 1.052110542211041, 0.5096559941457778] 
[0.35441524857360895, 0.5929725839820426, 0.999387148333088, 1.420333865454449, 1.0529285893310316, 0.5105860423128712] 
[0.3543454974199382, 0.5924407778919443, 0.9987041813173908, 1.420714916512781, 1.053752106770829, 0.5115176118021925] 
[0.35428538816091215, 0.5918994453395888, 0.9980193875833236, 1.4210858996194433, 1.0545797009851539, 0.5124436383334541] 
[0.354242320168579, 0.5913674613050801, 0.9973309342799693, 1.4214398381631386, 1.055399988275655, 0.5133569069660376] 
[0.35421566897557794, 0.5907883665089295, 0.9966421963332688, 1.4217767895290192, 1.056259395086784, 0.5142710941034422] 
[0.3541585235821795, 0.5902232439866887, 0.9959360897354155, 1.422139353742325, 1.0571198193285865, 0.5151856560811419] 
[0.35412853567100117, 0.5896968938430271, 0.9952485210570966, 1.422495232003669, 1.057936652527209, 0.5160905270110355] 
[0.3541010360222714, 0.589181083912299, 0.9945381374747545, 1.4228563486619172, 1.058752001188152, 0.5169974628691246] 
[0.35406420992444293, 0.5886655518372836, 0.9938291636529671, 1.423217748063807, 1.0595645060384373, 0.517904850484626] 
[0.35402864807601503, 0.5881442724220335, 0.993129814961722, 1.4235773314905698, 1.0603740596723155, 0.5188073208096442] 
[0.35400625208928393, 0.5876201620096018, 0.9924459705351136, 1.4239233493419352, 1.061171230416468, 0.5197034464805501] 
[0.35397674718340827, 0.5871038692933787, 0.9917658419717146, 1.4242712476000836, 1.0619578850137485, 0.5205892957628618] 
[0.35394389456382563, 0.5865877268071235, 0.9910901822294014, 1.4246163979514095, 1.0627414076504063, 0.5214695840712247] 
[0.35392457555242174, 0.5860675248817898, 0.9904105538095239, 1.4249657439121917, 1.0635042789785414, 0.5223293423844368] 
[0.35387846795686995, 0.5855883219485492, 0.9897620560947618, 1.4252894348542224, 1.064220551397546, 0.5231649889671502] 
[0.35383275995545105, 0.5851154070527338, 0.9891144865480236, 1.42560965868705, 1.0649276742855387, 0.5239914901587776] 
[0.35378652590807164, 0.5846408438118547, 0.9884725996043999, 1.425926544452664, 1.0656338639433183, 0.5248122517061418] 
[0.35373861535106316, 0.5841638039512201, 0.9878379247901271, 1.4262416703472895, 1.0663402372406132, 0.525626474410897] 
[0.35367747132527766, 0.5836841361785389, 0.9872017721142768, 1.4265652992159683, 1.0670372020615047, 0.526429851998047] 
[0.35361741600169877, 0.5832006270518171, 0.9865748607796945, 1.4268824282069934, 1.067734621835447, 0.5272253215690852] 
[0.35355984576856764, 0.5827147295462206, 0.9859495468457458, 1.4271924328638428, 1.0684315564923124, 0.528017151534033] 
[0.3534839128666507, 0.5821991725699565, 0.9854175065540339, 1.4274594087814048, 1.0690881889091182, 0.5287229555445354] 
[0.3534047862900948, 0.5816864887428105, 0.9848606436192481, 1.4277275014371005, 1.0697556211819008, 0.5294473981528359] 
[0.35333481687750756, 0.5812031283884176, 0.9842573255198748, 1.4280011879717578, 1.0704026259715833, 0.5301966783295193] 
[0.3532618701430738, 0.580718608898222, 0.9836583105090071, 1.4282762017775377, 1.0710496905913363, 0.5309434116031081] 
[0.35319113216340636, 0.5802358658206164, 0.9830615312204476, 1.4285481954134633, 1.071695936950759, 0.5316855631090577] 
[0.35312770473977906, 0.5797522738907847, 0.9824714010563389, 1.4288126121490277, 1.0723420803396284, 0.5324190166677778] 
[0.3530654709008495, 0.5792711975008237, 0.9818829163081669, 1.429074371879729, 1.07298704517664, 0.5331486299429207] 
[0.35300416135498147, 0.5787988877909482, 0.9812889161721107, 1.4293271843956117, 1.0736310385105576, 0.5338723996096019] 
[0.35294430589861725, 0.5783265462467865, 0.9806993583721756, 1.4295789599551707, 1.0742745869874677, 0.5345910943365333] 
[0.35287950365026965, 0.577847137716237, 0.9801269443781857, 1.429823788859493, 1.0749222808972552, 0.5352950718577149] 
[0.3528158933822416, 0.5773693073922026, 0.9795565081329409, 1.4300679143925292, 1.0755680783291974, 0.5359949137503554] 
[0.3527554867718196, 0.5768969755469278, 0.9789906736567823, 1.4303100502960056, 1.0762073239388272, 0.5366867752003327] 
[0.352702162240798, 0.5764353185821179, 0.9784130826705423, 1.4305609029610191, 1.0768504481048111, 0.5373746950079904] 
[0.3526600171483292, 0.5759594543350308, 0.9778499851846975, 1.43081670052907, 1.0774917577313117, 0.5380649708840135] 
[0.3526142869438261, 0.5754860063967934, 0.9772864471170577, 1.431072246988718, 1.0781319757016679, 0.5387537663207969] 
[0.3525667687213601, 0.5750147383967654, 0.9767252599477064, 1.4313267590469472, 1.0787708015626434, 0.5394394017190225] 
[0.352517294489414, 0.5745467074649969, 0.976164609961261, 1.4315794276268965, 1.0794069342384387, 0.5401228388844236] 
[0.35246593726256853, 0.5740817731058507, 0.9756048240794198, 1.43183011748864, 1.0800406457925695, 0.5408041652874492] 
[0.352410975080637, 0.5736160392942447, 0.9750499552273563, 1.4320817358069422, 1.080674972349619, 0.5414811524855211] 
[0.3523420001165872, 0.5731518619462443, 0.9744878221828424, 1.4323436149371502, 1.0812991886371939, 0.5421516601974721] 
[0.3522836389760328, 0.5727009278068664, 0.973974968379055, 1.4325797559844435, 1.0819279981854808, 0.5427828496977174] 
[0.3522217910216468, 0.572254362895257, 0.9734621966292825, 1.4328111568339557, 1.0825557746162207, 0.5434172057174762] 
[0.3521603463631031, 0.5718105950566315, 0.972948220298095, 1.4330415883866945, 1.0831787552218022, 0.5440494363346345] 
[0.3520963901739585, 0.5713732674289607, 0.9724354469748331, 1.433271021382596, 1.0837937514549665, 0.544678395866397] 
[0.3520399000167627, 0.5709277973154878, 0.9719311302282756, 1.4335058771674605, 1.0844055022486154, 0.5453071661653143] 
[0.35198093256833896, 0.5704877680545601, 0.9714230282483387, 1.4337411777427282, 1.0850123851987195, 0.5459360231883826] 
[0.351921092965064, 0.570051792861685, 0.9709137287585435, 1.433976254466649, 1.0856162166775114, 0.5465632295990731] 
[0.351837708912024, 0.5696232159746734, 0.970367955589172, 1.4342160516872289, 1.086220668753007, 0.5472206092704051] 
[0.35177529064604285, 0.569195346556151, 0.9697915726575188, 1.4344445960251873, 1.086825386828727, 0.5479014629810416] 
[0.3517176415352884, 0.5687488244521557, 0.9691789831489491, 1.4346721610389663, 1.087437984046151, 0.5486156986034978] 
[0.35166228833410335, 0.5683005812799522, 0.9685713308906945, 1.4348973369640523, 1.0880509168346293, 0.5493264984545733] 
[0.35161632460466863, 0.5678449852060787, 0.9679741580304416, 1.4351242821812575, 1.088662602988722, 0.5500366044579613] 
[0.35156914370339065, 0.5673915898612873, 0.9673797986434303, 1.4353502584288267, 1.089272426631226, 0.5507426307052972] 
[0.3515167807256793, 0.5669361896751722, 0.9667849974856848, 1.435584283194389, 1.0898911220969267, 0.5514544369919833] 
[0.3514439957807932, 0.5665314793389163, 0.9661667018324303, 1.4357949066060873, 1.090452868326059, 0.5521404331371074] 
[0.35137399111872053, 0.5661253314439731, 0.965554475251329, 1.4360015751359483, 1.0910151038338334, 0.5528210019620086] 
[0.3512911378501781, 0.5657205274242364, 0.964945340240877, 1.4362234019201436, 1.091585481175411, 0.5534978113999112] 
[0.35119740107795316, 0.5653154675124618, 0.9643420603270356, 1.4364565802299616, 1.0921625990687933, 0.5541795208671617] 
[0.35110991438365263, 0.5649081360748658, 0.9637437440857622, 1.4366856574002036, 1.092738628582817, 0.5548575341545162] 
[0.35100566790218923, 0.5644816793821896, 0.9631519435741928, 1.4369335074451919, 1.0933363860214085, 0.5555373803774235] 
[0.3508953573673677, 0.5640594193171251, 0.9625515715560278, 1.4371953187742619, 1.0939373050306782, 0.556217316060831] 
[0.35079890983612305, 0.5636273737701762, 0.9619694831848143, 1.4374529891444012, 1.0945435272722965, 0.5568837253414275] 
[0.3507023791856374, 0.5632014835891285, 0.9614146110608264, 1.4377129144136727, 1.095152080273517, 0.5575289032678626] 
[0.35061333452633037, 0.5627757404069618, 0.9608621873672957, 1.4379659488080379, 1.095757040129841, 0.5581718794484449] 
[0.35053870275980115, 0.5623409613078293, 0.9603205419876562, 1.4382178198146967, 1.0963575039883857, 0.5588171641672647] 
[0.35047486197936845, 0.5618996579511908, 0.9597864050263109, 1.4384693435819076, 1.0969543465648952, 0.5594666306822247] 
[0.3504106573564884, 0.5614598695020806, 0.9592501293254561, 1.4387210872573406, 1.0975517580899374, 0.560116061854021] 
[0.3503381148069299, 0.561025169898815, 0.9587203435786894, 1.4389669087696417, 1.0981535760559726, 0.5607718961687662] 
[0.3502689537714401, 0.5605928630699922, 0.9581911560403686, 1.4392087299492602, 1.0987518213366223, 0.5614242251930137] 
[0.3501977315187036, 0.5601830722933525, 0.957653777761581, 1.4394600429055073, 1.0993279233175264, 0.5620633780118577] 
[0.35012811977024744, 0.5597659527365095, 0.9571126934754703, 1.4397047538011702, 1.0999057019338558, 0.5627102182605872] 
[0.35006159338081927, 0.5593496252707033, 0.9565744814172867, 1.4399449349083542, 1.1004813389979524, 0.5633535954020911] 
[0.34999794388448285, 0.5589348198482195, 0.9560384587683798, 1.4401798002505957, 1.1010547054963138, 0.5639932074296603] 
[0.3499368665051257, 0.5585219011836291, 0.9555075463855389, 1.4404115000122149, 1.1016237524056969, 0.5646265204060958] 
[0.34988376781602215, 0.558112734122731, 0.9549730869009792, 1.4406404300722921, 1.1021910706949898, 0.5652571875794026] 
[0.3498192206947355, 0.5577049811331369, 0.9544114205558859, 1.4408881598995955, 1.1027644353075832, 0.5659146820513152] 
[0.34974936634802445, 0.5573033761997213, 0.9538385206626885, 1.4411390135748041, 1.1033341370605776, 0.5665827710027912] 
[0.34968628080719955, 0.5568951620530461, 0.9532693924275021, 1.4413815083460955, 1.1039111726071906, 0.5672549358895076] 
[0.34963150458761194, 0.5564793603124435, 0.9526970329748246, 1.4416148795595125, 1.104490146734655, 0.5679249895007896] 
[0.3495782413108134, 0.5560655471833448, 0.952128764233814, 1.4418508738540745, 1.1050735053117995, 0.568597398182009] 
[0.3495438435025894, 0.5556524782554619, 0.9515335582096185, 1.4420778327996744, 1.1056582859153565, 0.5692925998838336] 
[0.34950990999915865, 0.5552422178731572, 0.9509304839499244, 1.4423035166702844, 1.1062399918683983, 0.5699909375521145] 
[0.3494744974502016, 0.5548322387833552, 0.9503326238836566, 1.4425265935489833, 1.1068196175191543, 0.5706850166587897] 
[0.34943926698096456, 0.5544156576811055, 0.9497373831426932, 1.4427456127585019, 1.1074025905213563, 0.571382201444173] 
[0.3493938091351037, 0.5540003264555399, 0.9491465159382741, 1.442971857261882, 1.1079926838662568, 0.5720842708883208] 
[0.34934910309845174, 0.5535851178365947, 0.9485593092420939, 1.44319548243787, 1.1085809638810626, 0.5727823806371526] 
[0.34930025416215715, 0.5531696355528397, 0.9479740646441405, 1.4434205667832776, 1.1091649732752389, 0.5734740711559575] 
[0.34925209425915615, 0.552755189809404, 0.9473926112134761, 1.443642687703572, 1.1097463275326884, 0.5741612917091548] 
[0.3492042422153171, 0.5523434949982449, 0.9468125314115429, 1.443861690268461, 1.11032401162291, 0.5748454889889502] 
[0.3491643897161506, 0.5519288979558655, 0.9462054655867829, 1.444072452353005, 1.1109007193788636, 0.5755522354736357] 
[0.3491185470866639, 0.5515139844557381, 0.9456079552092921, 1.4442794124369889, 1.1114725220101551, 0.5762555777421681] 
[0.349083525720421, 0.5511019973180867, 0.9450106197741972, 1.4444771219728052, 1.1120330290045397, 0.5769466175715765] 
[0.349056621934802, 0.5506939724476393, 0.9444218527548862, 1.4446649027069753, 1.1125957474281236, 0.5776370321854489] 
[0.3490278872633946, 0.5502874920620712, 0.9438369030399545, 1.444852201622458, 1.1131562666920476, 0.5783226517996234] 
[0.3489962574804725, 0.549899111813231, 0.9432490024139181, 1.4450472169043935, 1.113699678311241, 0.578994724320226] 
[0.34896809662548767, 0.5495074396508867, 0.9426630496438643, 1.445229944817504, 1.1142334445490516, 0.5796556687051196] 
[0.34892647367331137, 0.5491202516827123, 0.9420883009400203, 1.4454084487506154, 1.1147743646788282, 0.5803221814732454] 
[0.34889313161448854, 0.5487401793393917, 0.9415235360102033, 1.4455773927503008, 1.1153041716234677, 0.5809786210389671] 
[0.34885432451750664, 0.5483613513084572, 0.9409595279951473, 1.4457509278621492, 1.1158365963514902, 0.5816397155225459] 
[0.34881575529358394, 0.5479845712085827, 0.9403970425375912, 1.4459240746801945, 1.1163664294384443, 0.582296733849447] 
[0.34876992321265166, 0.5476097866296721, 0.939842300179444, 1.4460947489836977, 1.1169017373498555, 0.5829554124237583] 
[0.34873061891997453, 0.5472462302966421, 0.9392626363011984, 1.4462714935620846, 1.1174304399979844, 0.5836321501896354] 
[0.3486998549501965, 0.5468712821310885, 0.9386878719273124, 1.4464451363671746, 1.1179674967403463, 0.5843058428389906] 
[0.34866978068862986, 0.546495120150192, 0.9381184749220601, 1.44661934223171, 1.1185022010756003, 0.5849746557532829] 
[0.348639032198142, 0.5461191125254133, 0.9375538608678743, 1.4467934424753621, 1.1190350635189423, 0.5856375458847539] 
[0.3486139856397602, 0.5457412950362841, 0.9369904745892011, 1.446968300715952, 1.119560812704573, 0.5862895596043083] 
[0.348586427573959, 0.5453606830371607, 0.9364484700680294, 1.4471404374782824, 1.1200773365905778, 0.5869197953659349] 
[0.34856455102166134, 0.5449830352580142, 0.9359066428938787, 1.4473066925363034, 1.1205854202381944, 0.5875410507421555] 
[0.3485402975086451, 0.5446072653571499, 0.9353677717383796, 1.4474724781890334, 1.1210914879425569, 0.5881588601119653] 
[0.3485137670848395, 0.5442331894288984, 0.9348320669853543, 1.4476378535867154, 1.12159575236146, 0.5887729335051471] 
[0.3484865813152488, 0.5438590699413273, 0.9343024446854664, 1.447803350137772, 1.1220996685713738, 0.5893808947969622] 
[0.3484487719072765, 0.543478157613161, 0.9337872014727971, 1.447957951709788, 1.1225951575155497, 0.589985562916653] 
[0.34840851307912857, 0.5431031506729934, 0.933267402669416, 1.4481146511481426, 1.1230877639036927, 0.5905916884080553] 
[0.34836623949880613, 0.5427288469788223, 0.9327522333232979, 1.448272824369145, 1.1235801042111804, 0.5911918505791821] 
[0.34832649202578336, 0.5423577177094993, 0.9322411873968915, 1.4484277821880682, 1.1240681573906297, 0.5917862406566967] 
[0.34828756506986863, 0.5419903526361964, 0.931733922841186, 1.4485819202592651, 1.1245524985504134, 0.5923743772126425] 
[0.3482574000030894, 0.5416420515409519, 0.9312300663886829, 1.448740147289606, 1.125018423262279, 0.5929438930672909] 
[0.34822469190703476, 0.5412941331411367, 0.9307267222080662, 1.4488981588382257, 1.1254836372832453, 0.5935129125545072] 
[0.3481910861582571, 0.5409483446545578, 0.9302278406497433, 1.4490558114470387, 1.1259472148410976, 0.5940772835265187] 
[0.34815915195022096, 0.5406042145974587, 0.9297315769007546, 1.4492102592792553, 1.1264096940774935, 0.5946372819105262] 
[0.34812539231415407, 0.5402586942159975, 0.9292336136543762, 1.4493665091365977, 1.1268744234076284, 0.5951994994244113] 
[0.3480917388430599, 0.5399166894072162, 0.9287315226444584, 1.4495233737240936, 1.1273371363467393, 0.5957668220968374] 
[0.34805312363339924, 0.5395725476610698, 0.928237658497317, 1.4496741368140869, 1.1277946380803963, 0.5963316657430798] 
[0.3480047183034305, 0.539229603390719, 0.9277323009600466, 1.4498340582885338, 1.1282544022483596, 0.5969076910440193] 
[0.3479563179354925, 0.5388877360774939, 0.9272296839051607, 1.4499956928247866, 1.128713551410498, 0.5974802998471223] 
[0.34791201314303, 0.5385478305488951, 0.9267313653960141, 1.450153055722272, 1.1291725741223175, 0.5980505725377] 
[0.34786838100694223, 0.5382090164928194, 0.9262357243170135, 1.4503091398913932, 1.1296301214734215, 0.5986172286976641] 
[0.3478260314398838, 0.5378687928090662, 0.9257467472147636, 1.4504620280022469, 1.130087616361457, 0.5991769394619084] 
[0.3477853603023095, 0.5375284939555124, 0.9252594270051051, 1.4506133276063773, 1.1305444052695481, 0.5997348774719985] 
[0.34773482760928576, 0.5372061498794367, 0.9247832921374904, 1.4507532717721738, 1.1309828402931914, 0.6002911954892753] 
[0.34768519703134537, 0.5368890327964435, 0.9243154636508336, 1.4508949894991474, 1.1314153031961158, 0.6008362002418935] 
[0.34763754854229006, 0.5365731787256087, 0.9238489203266855, 1.4510356568018807, 1.1318460098214327, 0.6013777981955665] 
[0.3475916244495695, 0.5362569358907123, 0.9233832762917925, 1.4511753539853323, 1.1322758523791174, 0.601917434423201] 
[0.347546222367323, 0.5359422366865634, 0.9229184076905425, 1.4513148968299274, 1.1327041291128528, 0.6024545261293534] 
[0.3475028937677026, 0.5356276888074935, 0.922454713549863, 1.4514537875005962, 1.1331297460659155, 0.6029868121631127] 
[0.34745833976538526, 0.5353235797791467, 0.9219891394887962, 1.4515972759781544, 1.133545603654129, 0.603510453193541] 
[0.3474206141755296, 0.535022528721137, 0.9215251002832375, 1.451735105781553, 1.133960869936924, 0.6040278945189748] 
[0.3473815712791746, 0.5347253164165335, 0.921057512538263, 1.4518703503582782, 1.1343725357140984, 0.6045477811148126] 
[0.34734633074876703, 0.5344261984600166, 0.9205745176885352, 1.4520017341366893, 1.134784203103888, 0.6050819666554793] 
[0.3473032523633571, 0.5341268006539597, 0.9200827156619746, 1.4521408293812232, 1.1351981158652162, 0.6056255878776418] 
[0.3472686169518921, 0.5338358125477183, 0.9195914112949441, 1.4522757605767873, 1.135601579024902, 0.6061589322079871] 
[0.3472331093185718, 0.5335434012592873, 0.9191047120381388, 1.4524114412415343, 1.1360086099053854, 0.6066905772424639] 
[0.3471979821639338, 0.5332501940933446, 0.9186221765288848, 1.4525459894417354, 1.1364151933819617, 0.6072190639011782] 
[0.3471685489636677, 0.5329501928111766, 0.9181440540268565, 1.4526779198381752, 1.1368268788772438, 0.6077458357243263] 
[0.3471461167224871, 0.5326515563142606, 0.9176890107157899, 1.4528119808041127, 1.1372284717317984, 0.6082490967368828] 
[0.34712192913762807, 0.5323537811575627, 0.9172364673503424, 1.4529454123807901, 1.1376288812826092, 0.6087498313266473] 
[0.34709450495581295, 0.5320605449645915, 0.9167976364870112, 1.4530839942583202, 1.1380306175953243, 0.6092383141152194] 
[0.3470683908499056, 0.5317708822215307, 0.9163645003808869, 1.4532232424689164, 1.1384299531875226, 0.6097230315625887] 
[0.34703999799688023, 0.5314810520773483, 0.9159368670773428, 1.4533597576733417, 1.1388282425019998, 0.610203395731422] 
[0.3470069940909645, 0.5311921743758186, 0.9155083640149541, 1.4534891800302578, 1.139218382946689, 0.610676550580925] 
[0.3469743320602103, 0.5309043590516529, 0.915081837285727, 1.4536182868213503, 1.1396078364867837, 0.6111486978789565] 
[0.3469427848548886, 0.5306185114035022, 0.9146564273287546, 1.4537451606763931, 1.139995940007431, 0.6116181992299368] 
[0.34691087244614865, 0.5303334875124268, 0.9142330642853972, 1.453871091251985, 1.140382755958164, 0.6120858209500858] 
[0.3468770596739446, 0.5300519033468112, 0.9138071384277204, 1.453994992751466, 1.1407663352664241, 0.6125559011282093] 
[0.3468364159563535, 0.5297779499350483, 0.9133866493409942, 1.4541209066767256, 1.1411429511797193, 0.6130259053256358] 
[0.34679536247400233, 0.5295031655701092, 0.9129703989061022, 1.4542470604633038, 1.1415196015286477, 0.6134919228169783] 
[0.3467518126396035, 0.5292288658300336, 0.912541343775641, 1.4543809020860925, 1.1418984408274004, 0.613970707791327] 
[0.3467095950339598, 0.528954640456101, 0.9121149641210452, 1.4545130610189136, 1.1422763484104643, 0.6144469284269629] 
[0.34666860936256244, 0.5286805950811092, 0.9116910844813496, 1.4546436471015862, 1.1426532703576306, 0.6149206132920068] 
[0.34663694794046734, 0.5284024511011874, 0.9112756668382347, 1.4547638452159253, 1.1430253007254811, 0.6153903128134744] 
[0.3466048415121098, 0.528125783635436, 0.9108610714483545, 1.454883242815177, 1.1433960257132685, 0.615858258605796] 
[0.3465671806858021, 0.5278467181834579, 0.9104608773250403, 1.4550023380113148, 1.1437609067971888, 0.6163111374303798] 
[0.34652957422534103, 0.5275695649913278, 0.9100628706115886, 1.4551212063679773, 1.1441247166399005, 0.6167609047169095] 
[0.34649068789955645, 0.5272922716073029, 0.909668544461901, 1.455240957066798, 1.1444888945716414, 0.6172066581163618] 
[0.3464521144407326, 0.5270143051299654, 0.909282826888231, 1.4553592048858939, 1.1448489574355944, 0.6176428083974504] 
[0.3464143969118079, 0.526737443675104, 0.9088964687599448, 1.4554761948152026, 1.1452079683776033, 0.6180786078474805] 
[0.3463763975213313, 0.5264618117738865, 0.9085123237020297, 1.4555922740807758, 1.1455663722597567, 0.6185114727031654] 
[0.3463389059935986, 0.5261879146854944, 0.908129013681872, 1.4557074217107933, 1.145923468541013, 0.6189425285144945] 
[0.3463000492702131, 0.5259099793003614, 0.9077422197266096, 1.4558208070026153, 1.1462845963314638, 0.6193735263211544] 
[0.3462590115183289, 0.5256310232940358, 0.9073574179603289, 1.4559358681792307, 1.1466445647380412, 0.619804324452703] 
[0.3462228838359791, 0.5253514271050809, 0.9069795505113681, 1.4560458858488916, 1.1470049414803163, 0.620227906893958] 
[0.3461919794897669, 0.525081139652529, 0.9065993290794543, 1.4561537788820196, 1.1473564785272743, 0.6206454485857691] 
[0.3461580062491894, 0.5248087301122131, 0.9062280150937082, 1.4562577534432994, 1.1477087402659234, 0.6210546718505734] 
[0.34612005996432904, 0.5245367746789359, 0.9058549816398733, 1.4563648194639958, 1.1480578805709247, 0.6214613264962853] 
[0.34608417580624146, 0.5242653112907194, 0.905481611825048, 1.4564724626298782, 1.1484041078588016, 0.6218652140929416] 
[0.3460499240945635, 0.5239972372100571, 0.9051123098797917, 1.4565793938161993, 1.148748621014848, 0.6222649980483885] 
[0.3460155376807204, 0.5237308359329874, 0.9047436850485138, 1.4566856770219934, 1.1490919133458044, 0.6226640506143438] 
[0.3459806848756763, 0.5234658131991163, 0.9043764262275138, 1.4567915564638267, 1.1494341985831735, 0.6230618763039504] 
[0.34594655772959315, 0.5232014537072186, 0.9040115520777882, 1.456897119185423, 1.1497759017173421, 0.6234575929333579] 
[0.34591296656529286, 0.5229362115814435, 0.9036467877577029, 1.4570014856198759, 1.1501178132182268, 0.6238550807927583] 
[0.34587526050758394, 0.5226731935417303, 0.9032830578145915, 1.4571095970012928, 1.1504612994099885, 0.6242535031776263] 
[0.3458385714264811, 0.5224120380154403, 0.9029193361432706, 1.457215978439035, 1.15080187650939, 0.6246499136752905] 
[0.3458014952404999, 0.5221478271261076, 0.9025513681334696, 1.457321086009791, 1.1511433993270148, 0.6250478126243036] 
[0.3457606053984541, 0.5218856941461509, 0.9021846141016933, 1.4574298611075631, 1.1514865099612215, 0.6254466158933785] 
[0.34572104058991576, 0.5216256790632592, 0.9018178600309888, 1.4575369195566066, 1.151827499093665, 0.6258451446114563] 
[0.34568171349183524, 0.5213667993415008, 0.9014526391884755, 1.4576425138624685, 1.152166484646408, 0.6262430405369993] 
[0.34564291675249653, 0.5211090948749579, 0.9010888229269274, 1.4577469861646404, 1.1525041582484339, 0.6266394771012621] 
[0.3456069524218498, 0.520854374611803, 0.900724738982806, 1.4578488616698664, 1.1528402925657983, 0.6270337325488903] 
[0.34557266087789973, 0.5206029712299601, 0.9003585887919925, 1.4579534450224196, 1.1531765683345363, 0.6274267946719034] 
[0.3455365921091944, 0.5203546648431371, 0.8999919412156855, 1.4580556057369183, 1.1535120362574125, 0.6278179131897222] 
[0.3454994399600443, 0.520106079463747, 0.899626502569609, 1.458155442444399, 1.1538440729584376, 0.6282061810745436] 
[0.3454662544512711, 0.51985402495837, 0.8992625882199725, 1.4582534567650685, 1.1541784189795299, 0.6285946916982156] 
[0.34542983253658643, 0.5196071817190824, 0.8988998230858728, 1.4583538084216459, 1.1545080378659462, 0.6289798903027439] 
[0.3453939210152247, 0.5193613416523721, 0.8985383466457052, 1.4584532495383038, 1.154836158972815, 0.6293644004564247] 
[0.3453605552415463, 0.5191144972398115, 0.8981798611094334, 1.4585534477241275, 1.1551620715785198, 0.6297493611497588] 
[0.34532616986838094, 0.5188707913055383, 0.8978191115918134, 1.458651776664552, 1.1554850355339819, 0.6301359507457441] 
[0.3452938917022474, 0.5186300099434074, 0.8974567568394008, 1.458752022988289, 1.1558087880444223, 0.6305212078246669] 
[0.3452628105947937, 0.518389167287098, 0.8970974991421958, 1.4588521996701087, 1.156132010590433, 0.6309041419637536] 
[0.3452290652083574, 0.5181496254223349, 0.8967399830731724, 1.458956130865456, 1.1564573323536942, 0.6312881936277357] 
[0.3451961072657933, 0.5179107262401005, 0.8963841230106822, 1.4590585476916984, 1.1567811315653722, 0.6316713629474225] 
[0.34516382894093844, 0.517672255372293, 0.8960284182803456, 1.4591596232977992, 1.157103499269814, 0.6320547719046926] 
[0.34513032582665043, 0.5174337114059686, 0.895673801984079, 1.4592584056666658, 1.1574226255405624, 0.6324354111520819] 
[0.34509718059091027, 0.5171962466493079, 0.8953203679004543, 1.4593562950691166, 1.1577403692105754, 0.6328152542400606] 
[0.345064492289965, 0.5169598157412619, 0.8949682188523933, 1.4594532235462048, 1.1580567400105268, 0.633194202252673] 
[0.34503248761200234, 0.5167249184535544, 0.8946165425448551, 1.4595501350053848, 1.1583722510244356, 0.6335722207210767] 
[0.34500149279080833, 0.516491404942813, 0.8942664824861918, 1.459645547038912, 1.158686682953756, 0.6339497712558229] 
[0.34497492150941916, 0.5162640792890919, 0.8939206083262834, 1.459739261054691, 1.158994686520708, 0.6343272917556355] 
[0.34495036894034825, 0.516034951275037, 0.893580584086874, 1.459834458965641, 1.1593039611971139, 0.6347000896629638] 
[0.3449254399966511, 0.5158072087459623, 0.893242182143476, 1.4599293811057477, 1.1596114578912722, 0.6350712798032412] 
[0.34490016720153643, 0.5155807401168595, 0.8929045872611755, 1.4600237194173704, 1.1599176176239556, 0.6354416579893986] 
[0.34487510640857, 0.5153559399052766, 0.8925681708532162, 1.4601192448315277, 1.160224005585128, 0.6358125817236007] 
[0.3448548009375941, 0.5151293890366694, 0.8922359625355822, 1.4602084272046945, 1.16052638096547, 0.6361823667903153] 
[0.344831604489471, 0.514903576377117, 0.8919030805747749, 1.46029943955105, 1.1608264644390012, 0.6365502859219393] 
[0.344808521865674, 0.5146787904981642, 0.8915706706731182, 1.4603898423061146, 1.1611260254551028, 0.6369179655617738] 
[0.34478327993733593, 0.5144577345282202, 0.8912414565545389, 1.4604780418908698, 1.1614230417658937, 0.6372833122612983] 
[0.3447587356651416, 0.5142387045935803, 0.8909127683166793, 1.460568011650637, 1.1617207367591798, 0.6376508275013992] 
[0.34473438594237765, 0.5140206609406062, 0.8905848459953323, 1.4606580526367605, 1.1620171069830412, 0.6380174897375073] 
[0.34471032799881157, 0.5138037844022073, 0.8902565715274482, 1.4607476152286964, 1.1623127398953594, 0.638384043693388] 
[0.3446856724423063, 0.5135883287744669, 0.8899278089433108, 1.4608373280049236, 1.1626071884899871, 0.638751248634683] 
[0.3446612156411456, 0.5133737512982826, 0.8895999748580221, 1.4609263325056259, 1.1629003990769922, 0.6391172873172198] 
[0.34463619292339126, 0.5131567571555233, 0.8892716867727796, 1.4610150033290272, 1.1631945644706723, 0.6394858857717347] 
[0.3446114561749456, 0.5129406270505487, 0.8889435470809802, 1.4611035048997314, 1.1634870515976212, 0.6398528479997608] 
[0.3445837009177402, 0.5127251341671281, 0.8886107579582865, 1.4611920799886098, 1.1637788457111362, 0.6402238789862857] 
[0.34455316293823485, 0.5125089298294307, 0.8882798480607457, 1.4612833115177046, 1.1640692808925017, 0.6405959878477824] 
[0.34452704062315276, 0.5122968927582535, 0.8879570410964694, 1.4613736958493662, 1.1643599625851286, 0.6409594709465801] 
[0.34450109127925155, 0.5120869358119973, 0.8876348702050924, 1.4614641151258323, 1.1646485728902494, 0.6413210677734255] 
[0.3444768572430149, 0.5118773767712546, 0.8873147142132298, 1.4615514645057879, 1.164934443815779, 0.64168209979618] 
[0.3444528188022165, 0.5116692175875561, 0.8869946978885972, 1.4616382597219408, 1.165218964714534, 0.6420422202497406] 
[0.3444286674676526, 0.5114621959199948, 0.8866752532079204, 1.4617247619914286, 1.165502385175531, 0.6424012018625316] 
[0.34440457065586705, 0.5112573521430376, 0.8863559445153313, 1.4618108333488278, 1.165783625225448, 0.6427583652582035] 
[0.34437813634504927, 0.5110548102818893, 0.8860349899244845, 1.4618999007290743, 1.1660650701286566, 0.643114623978533] 
[0.3443510586916867, 0.5108520412015667, 0.8857138970200681, 1.461988380797385, 1.166346042023168, 0.6434702273268225] 
[0.3443241467268664, 0.5106499288122631, 0.8853937772506338, 1.4620763523740243, 1.1666260024232202, 0.6438246695044031] 
[0.34429546291474866, 0.5104506253612532, 0.8850728759622924, 1.4621619259823961, 1.1669056190296758, 0.644176706524433] 
[0.34426629989401675, 0.5102513737760915, 0.8847525547574872, 1.4622451715464113, 1.167182461524625, 0.6445262283538767] 
[0.34424226837000527, 0.5100603063475598, 0.8844430163899024, 1.4623307156374592, 1.1674502254670505, 0.6448639560446937] 
[0.34422220733376074, 0.5098719261426262, 0.8841328525009898, 1.462411701857081, 1.1677176250218337, 0.6451987543533498] 
[0.3442020270225897, 0.5096828228224652, 0.883823670802095, 1.4624932103503439, 1.1679852587117543, 0.6455339508684061] 
[0.3441845910838866, 0.5094929047299956, 0.8835143699745628, 1.4625708951280132, 1.1682496892328387, 0.6458666845098714] 
[0.34416851231655265, 0.5093026867613988, 0.8832047728457121, 1.462649475097101, 1.168511689105014, 0.6461974576917576] 
[0.34415181624243185, 0.5091132406262932, 0.8828968226466224, 1.4627277729149109, 1.1687724197977616, 0.6465271170525593] 
[0.34413506227683305, 0.5089242079635847, 0.8825907656741006, 1.4628053376682528, 1.1690325242978443, 0.6468554668722207] 
[0.3441187788550531, 0.5087349003913321, 0.8822864870957314, 1.4628832097760438, 1.1692913330673338, 0.647183828809289] 
[0.3441023793501138, 0.508546514087412, 0.8819832813091397, 1.4629614048851225, 1.1695499267524565, 0.6475119555984231] 
[0.34408562282409494, 0.5083594680857475, 0.88167844937471, 1.4630395042838564, 1.1698073421718655, 0.6478408326748573] 
[0.3440666737186591, 0.508173168993007, 0.8813747772322305, 1.46311823298008, 1.1700652575208876, 0.6481696312264815] 
[0.34404482739187675, 0.5079874291349469, 0.8810683781435857, 1.4631993604976203, 1.1703230895283743, 0.6485013582983741] 
[0.34402281185432804, 0.5078018703191755, 0.8807618232401604, 1.4632801919286371, 1.170581070032561, 0.6488330292971235] 
[0.34400404313409744, 0.5076164842413912, 0.8804504120046619, 1.46336009037333, 1.1708389512752797, 0.6491695086236712] 
[0.3439843591547608, 0.5074313546492499, 0.8801413965716948, 1.4634387125615609, 1.1710960698555128, 0.649504419715634] 
[0.3439640620169184, 0.5072439816679216, 0.8798306225567971, 1.463516455594757, 1.1713538536578734, 0.6498395393626908] 
[0.343941990805228, 0.5070564055018573, 0.879521646868646, 1.4635952828315912, 1.171610570305699, 0.6501747089945923] 
[0.3439208203182831, 0.5068701657848493, 0.8792125555321186, 1.4636751012320413, 1.1718682152391293, 0.650508678684549] 
[0.3438995253918428, 0.5066844934217539, 0.8789045711580892, 1.4637543367904478, 1.1721250149739713, 0.6508418898235279] 
[0.34387860937175313, 0.5064994769590838, 0.8785972868593709, 1.4638330180824524, 1.1723809249654693, 0.6511748714004746] 
[0.3438524439750552, 0.5063201212303204, 0.8783019271267906, 1.4639064379900801, 1.172637026488265, 0.6514967722433639] 
[0.3438279996296123, 0.506140314186274, 0.8780090470270917, 1.4639784051093085, 1.1728922399123571, 0.651816452743288] 
[0.34380218517505623, 0.5059602441598786, 0.8777160304040263, 1.4640517154269252, 1.1731455110767997, 0.6521345819678304] 
[0.34377677739908863, 0.5057806250625291, 0.8774238408066422, 1.4641247240764164, 1.173397677287377, 0.6524520130494746] 
[0.3437514827683885, 0.5056017255860126, 0.877132087176894, 1.4641975701001655, 1.1736486732830556, 0.6527690757150569] 
[0.3437248663838337, 0.5054242993311642, 0.8768418712036613, 1.464269330869315, 1.173899577620146, 0.6530868292355376] 
[0.3436967752745817, 0.50524857283503, 0.8765534918292196, 1.4643397221171353, 1.1741510279398701, 0.6534057019520627] 
[0.3436699841961652, 0.5050732625427867, 0.8762650101665624, 1.4644099675627738, 1.1744012713942509, 0.6537240660489987] 
[0.34364283519318084, 0.5048992568917178, 0.8759762805807285, 1.4644793313316302, 1.1746507448514334, 0.6540410221829606] 
[0.3436194454497366, 0.5047272982569189, 0.8756867941316994, 1.464545587708238, 1.1748996828645655, 0.6543555339622077] 
[0.3435958765467887, 0.504556420843306, 0.8753963037774389, 1.4646112914433254, 1.1751467108036069, 0.6546704684552941] 
[0.3435728753723995, 0.5043857692206732, 0.8751067850735788, 1.4646768752276396, 1.1753926775665215, 0.6549847089075882] 
[0.34354986983936486, 0.5042135408304328, 0.8748234364428448, 1.4647446689689871, 1.1756354507659386, 0.6552932206222564] 
[0.343527832593726, 0.5040420087596574, 0.8745414350544457, 1.4648115221503129, 1.1758764530042032, 0.6556007081418674] 
[0.34350680767076186, 0.503870189567481, 0.8742608324987368, 1.4648788889353184, 1.1761161306668235, 0.6559079460918471] 
[0.34348578246207345, 0.5036988937445104, 0.8739809766982853, 1.4649462668689415, 1.1763549083932898, 0.6562143616905983] 
[0.34346486253415814, 0.5035283922670067, 0.8737014930818664, 1.4650134897989493, 1.1765926154897615, 0.6565201718529414] 
[0.34344432477914993, 0.5033581977437966, 0.8734228860007593, 1.4650808083637783, 1.1768292479941564, 0.6568254415549517] 
[0.3434223430207536, 0.5031877984681861, 0.8731464617162833, 1.465146016215569, 1.1770633964978165, 0.6571307773524193] 
[0.3434005207144395, 0.5030181080203873, 0.8728705082664953, 1.4652112114242508, 1.1772966571683503, 0.6574352968730438] 
[0.34337824883125384, 0.5028503653257871, 0.872593287275237, 1.465275832207755, 1.1775282239291556, 0.6577403828521541] 
[0.34335624213204846, 0.5026829641419382, 0.8723161491506964, 1.4653409035631846, 1.177759473483335, 0.6580448375690351] 
[0.34333494193257247, 0.5025146247544373, 0.8720394956949683, 1.465404891911641, 1.1779910790489563, 0.6583485925207601] 
[0.3433147943794647, 0.5023464313407263, 0.8717627285780853, 1.4654692769311155, 1.1782210263483262, 0.658650761693659] 
[0.34329400847760255, 0.5021778723276201, 0.8714877797625309, 1.4655321491751623, 1.17844921111887, 0.6589524276502093] 
[0.34327331323744203, 0.5020100954681002, 0.871213324060205, 1.4655950131184636, 1.1786765942343531, 0.6592532732633] 
[0.3432532384449275, 0.5018436898918726, 0.8709398928702328, 1.4656574865233853, 1.1789025168142715, 0.6595530809776978] 
[0.3432343589549659, 0.501677260313754, 0.8706668503312521, 1.465718249317979, 1.1791265045841828, 0.6598508879894912] 
[0.3432150312058931, 0.5015113673544256, 0.8703942339790344, 1.4657790981418135, 1.1793502228243482, 0.6601483788099913] 
[0.34319613500642354, 0.5013461191932665, 0.8701193080927797, 1.465839750163579, 1.17957484806299, 0.6604479152216594] 
[0.3431768198471373, 0.5011812809226855, 0.8698405726562042, 1.4659031365252793, 1.1797996073143773, 0.6607509044932546] 
[0.34315881766699924, 0.501015804748747, 0.8695636817802334, 1.4659674830397122, 1.1800232336384786, 0.6610538755151835] 
[0.3431399303364287, 0.5008508177520503, 0.8692881030369457, 1.466031243481748, 1.1802455718221243, 0.6613563842853074] 
[0.3431211584615222, 0.5006850900694528, 0.8690114140228657, 1.466095012519379, 1.1804679581828763, 0.6616587957716206] 
[0.3431026954996304, 0.5005203806498603, 0.8687350504358374, 1.4661591515000931, 1.1806900973475662, 0.6619602376986229] 
[0.343084164899092, 0.5003564287625868, 0.8684593338091535, 1.4662231333976394, 1.180911596389044, 0.662260848656246] 
[0.3430651094443277, 0.5001930291317979, 0.8681825139476991, 1.4662882786106237, 1.181133747917518, 0.6625624994049731] 
[0.34304565384989333, 0.5000309007303081, 0.8679068505024388, 1.466353075501278, 1.1813546843463019, 0.6628631441846742] 
[0.34302531187288055, 0.49986846579863053, 0.867633025687992, 1.4664167323121031, 1.1815742035142365, 0.6631631465421437] 
[0.3430050255693752, 0.49970676727223484, 0.8673598610423626, 1.466480184522863, 1.1817931744663082, 0.663462311125352] 
[0.3429836148333308, 0.4995455490028969, 0.8670861937915558, 1.4665415891832645, 1.1820096379219938, 0.6637591431918332] 
[0.3429607562005905, 0.4993841983325744, 0.866812171921118, 1.4666044191428307, 1.1822247095901501, 0.6640542333839331] 
[0.34294057821552976, 0.49922319911324115, 0.8665346496498983, 1.4666666240411086, 1.1824397896837546, 0.664352520541708] 
[0.34292063922148536, 0.49906306373875703, 0.8662560838579207, 1.46672876179232, 1.182654280761837, 0.6646509142938355] 
[0.34289975808869655, 0.4989041370284972, 0.8659793594596348, 1.4667916369719096, 1.182867554530665, 0.6649482248310997] 
[0.3428796183563234, 0.49874624440548626, 0.86570385083465, 1.4668557844880548, 1.1830814250597632, 0.6652460086829657] 
[0.3428599009823163, 0.49858757047449126, 0.8654291930772302, 1.4669187711785496, 1.183295848278445, 0.6655431283569209] 
[0.3428405569759486, 0.4984295780062686, 0.8651554402768143, 1.4669817773528047, 1.183510067528378, 0.6658397021544412] 
[0.34281997269121617, 0.4982724723439594, 0.8648846100892555, 1.4670457438440767, 1.1837226463307797, 0.666133330228249] 
[0.34279957080188384, 0.49811596723105195, 0.8646145542913268, 1.467109390121909, 1.183934726050314, 0.6664261563889556] 
[0.34277936119455366, 0.4979600302199404, 0.8643452705185154, 1.467172738565995, 1.1841462897672494, 0.6667181613906235] 
[0.3427593803662263, 0.49780534028713835, 0.8640764335860994, 1.4672357385534767, 1.1843566719996903, 0.6670089629883797] 
[0.34274092051385574, 0.4976521234477651, 0.8638101694532683, 1.4672995085807772, 1.1845650470053615, 0.6672984048890022] 
[0.3427212969588371, 0.4974989207393362, 0.863543882036093, 1.4673640745779735, 1.1847723479639638, 0.6675864137185017] 
[0.3427022994107213, 0.497345372253988, 0.8632783382418227, 1.4674279381224982, 1.184980422366492, 0.6678748152769399] 
[0.34268339894643324, 0.4971924411356378, 0.8630135306696239, 1.4674914478978138, 1.185188002107511, 0.6681624382224917] 
[0.3426645325362972, 0.49704014206315417, 0.8627497989136087, 1.467554769893317, 1.1853949087879103, 0.6684489525828952] 
[0.34264600143923746, 0.49688853135506367, 0.8624868886962895, 1.4676179995629262, 1.1856016192201109, 0.668734991676613] 
[0.3426305770745872, 0.4967405244210501, 0.8622266496718486, 1.4676773897001345, 1.1858044006010182, 0.6690208267231407] 
[0.342615074969404, 0.4965930871590838, 0.861967028722441, 1.4677366461775336, 1.1860067353181043, 0.6693057983667439] 
[0.3426017130621164, 0.4964475837944754, 0.8617069286279778, 1.4677935855946493, 1.1862091155174506, 0.6695885943638439] 
[0.34258814024608464, 0.4963025421622031, 0.8614475343854217, 1.467850464261584, 1.1864109709577464, 0.6698706213988705] 
[0.3425744647739445, 0.4961580089636878, 0.8611889017850091, 1.4679071972696651, 1.1866123589576247, 0.6701519379245253] 
[0.3425606116751732, 0.4960139192369015, 0.8609309669175497, 1.4679638642051847, 1.1868132182813718, 0.6704324941961991] 
[0.3425459863484296, 0.4958699785106712, 0.8606733497626421, 1.4680210218367646, 1.1870132028160791, 0.6707119172747564] 
[0.34253123245903444, 0.4957264931738708, 0.8604164304785122, 1.4680780403575402, 1.1872126850766738, 0.6709905848514638] 
[0.34251715630522983, 0.49558393017744823, 0.8601597787569942, 1.4681341771766347, 1.1874117925389898, 0.6712680733364977] 
[0.3425027786739415, 0.49544042759735824, 0.8599076143605588, 1.4681917740711452, 1.1876089139497261, 0.6715413172429089] 
[0.34248824274637046, 0.4952972474661141, 0.8596558646113011, 1.4682489726550956, 1.1878056023964985, 0.6718139797635954] 
[0.342473546817304, 0.4951546203848263, 0.8594047608693601, 1.4683059987802243, 1.188001782500056, 0.672085988333818] 
[0.3424587114074224, 0.49501253157402786, 0.859154300111781, 1.4683628563827134, 1.1881974546453218, 0.672357345783924] 

Time 
78.29368686676025 
