Parameters 
 
[-0.5, -0.5, -0.5, -0.5, -0.5, -0.5, -0.5, -0.5] 
[-0.5147277527229229, -0.5026773962587544, -0.515283648569171, -0.46760080260451753, -0.4549054227197718, -0.4605847876597662, -0.45433207887471905, -0.4506714568947752] 
[-0.5098492719766289, -0.5130883676350213, -0.5181034088311268, -0.4006326743862242, -0.4062619659365878, -0.41124455306100977, -0.3728709483642644, -0.3593437698166778] 
[-0.4996362035078381, -0.5241477444683902, -0.51553128078825, -0.31135716141599473, -0.3389803585819852, -0.34772252621946875, -0.2681558464945443, -0.2347282753402017] 
[-0.5206558062181396, -0.5312456830231218, -0.5040936398436977, -0.20784431907771045, -0.2493648036306039, -0.27289472833669837, -0.07306819671918408, -0.008912891079613239] 
[-0.5909012255892311, -0.5346317444274857, -0.5780258750187343, 0.2966416700777435, -0.06544893732290236, -0.12319040701563252, 0.15461918890252815, 0.21900318748712347] 
[-0.6773933171157889, -0.4454824684449693, -0.4319169538850254, 0.2755206525017243, 0.07227233980694212, -0.1353528826594865, 0.320624664528377, 0.4310868910739156] 
[-0.6824106976591602, -0.3783213085477925, -0.2574735900591816, 0.1336326553065386, 0.1700914303458616, -0.15724898421857172, 0.4603157093664085, 0.5875059706733812] 
[-0.6918699291876877, -0.3307612177105587, -0.08007130219903913, 0.17479002946326966, 0.3150217851833661, -0.0825491354245729, 0.5199868465545056, 0.7202058315963241] 
[-0.6506535861453678, -0.29758079381626085, 0.053028450127774546, 0.18820300510142918, 0.4132406320802321, -0.02968967111570201, 0.578862189013235, 0.7990560019765144] 
[-0.5851662570225931, -0.28233983804820834, 0.13758912271612533, 0.18520318118743298, 0.4810281879732357, 0.020033815805743704, 0.642169063078375, 0.8474518273540483] 
[-0.3015554402967077, -0.2818872734637766, -0.08424281810850298, 0.1637743347861972, 0.3324041320084143, 0.17133801772563664, 0.7350733412513999, 0.739186948095937] 
[-0.25843571027682516, -0.24186511546369652, 0.06443676687551542, 0.1841857778441248, 0.4207820477338914, 0.24429136225240733, 0.7398220198562444, 0.7925078060287036] 
[-0.18632070696389946, -0.2068332244597838, 0.11740270126302052, 0.1988998976098466, 0.46440817886087976, 0.33454498106852276, 0.7698119174198944, 0.8159309821129985] 
[-0.10046902623604788, -0.18780177499681305, 0.141819347730444, 0.2286011626745666, 0.50005260883009, 0.4798937764685277, 0.7471067334424432, 0.8018057034354842] 
[-0.04150101122431453, -0.15218087187127854, 0.16932258495695957, 0.2489827001658594, 0.5386399587282067, 0.5810384251168527, 0.7617107481916481, 0.8075909253999587] 
[0.01479412889202418, -0.11105953045226315, 0.17414495540493488, 0.2655637070730512, 0.5634453033407099, 0.6561368664952081, 0.801297165140483, 0.8149934812804017] 
[0.0044935812003816435, 0.09023767987764929, 0.29263598375618805, 0.3250903021541919, 0.6734023817308712, 0.7037263424200256, 0.9049504394216722, 1.0095368187624283] 
[0.09954936804189954, 0.006038047021372617, 0.22276914150482344, 0.30017199870966466, 0.6855693094197289, 0.7349666057895965, 0.9913596597070606, 0.9348494269365096] 
[0.11373520673456775, 0.05595391654863224, 0.24877657092144845, 0.3111374031030725, 0.73205976090912, 0.7821761461375203, 1.02799003458038, 0.9687242660718023] 
[0.13279910020157348, 0.08577631415648568, 0.2586286293934819, 0.3123996022848033, 0.7683559704912519, 0.8249654359363695, 1.05678002149683, 0.9846614108349849] 
[0.15193374793278128, 0.11093190311150136, 0.2665699278077616, 0.31620219422584495, 0.8089647432729999, 0.8650224899820735, 1.0901877896844545, 1.0024123971725631] 
[0.16813845015673617, 0.12630430310445434, 0.2471673907214859, 0.2821712621640676, 0.819762043938205, 0.9033857894829065, 1.1070427662668696, 1.004974436995605] 
[0.21417526039130907, 0.12392496465026447, 0.18574688949958332, 0.15372557971635079, 0.8161529138394233, 0.9525452006436584, 1.1661772849420524, 1.0397727239148609] 
[0.15380729426723938, 0.16171483567967934, 0.2698524106305695, 0.25511442343858504, 0.8898974911726267, 0.9780395237171975, 1.1048143878861012, 1.0598760678287522] 
[0.17092311998950543, 0.15569240803693377, 0.2287161650149112, 0.1678154455529441, 0.9108145691613599, 1.0117667002648798, 1.1503894316713106, 1.0916309764433019] 
[0.12700830081865006, 0.20397106172475266, 0.22856357117989604, 0.0766850138828518, 0.9323552879109239, 1.0346097519932604, 1.1669189081958076, 1.145050885447129] 
[0.16161839029410377, 0.19231361603223154, 0.22476251696158958, 0.06118500294935959, 0.9474742436207486, 1.073922298993908, 1.189985965627789, 1.1503768443503626] 
[0.16141676618884335, 0.18367063913588583, 0.2209147135821367, 0.018439065977734724, 0.9748409940409272, 1.090016972729747, 1.2041264904950255, 1.169620283543686] 
[0.16615966802001578, 0.17743160239250624, 0.22519174477222992, -0.010515051299420736, 0.9982726570918725, 1.1067309297407877, 1.2103990277616559, 1.1872555151175785] 
[0.16603974861306353, 0.1800634664744728, 0.2249526908261394, -0.029384672427578192, 1.017337871880286, 1.1247645834891882, 1.2219391982007777, 1.2056032496356022] 
[0.16966547368174034, 0.18587984285722703, 0.22378555905440223, -0.03584591276413178, 1.0317963009165247, 1.1426104374282595, 1.2336349627772023, 1.219712331096917] 
[0.13778149975755982, 0.22556761463394814, 0.2110860763548314, -0.07248453555715101, 1.05100539163741, 1.1550219307190897, 1.2690524893103252, 1.2791559508756265] 
[0.19104419788655075, 0.17779170447765144, 0.24524876747466984, -0.027085478409438632, 1.0698003272274506, 1.1914527295882469, 1.236804671242336, 1.2287534997844247] 
[0.16804517800637267, 0.21929148000992124, 0.22208219983028185, -0.028236132640289735, 1.081749501257246, 1.2012509432354197, 1.2812389142972203, 1.2710044790171253] 
[0.18373160494560864, 0.19288372318075075, 0.23842948307500522, -0.03466048070512526, 1.1061653181736733, 1.219859666083749, 1.2715031391391602, 1.2630824809382304] 
[0.18422182266011822, 0.19176031480693054, 0.24145665989755488, -0.02679885925656838, 1.1196880223148111, 1.227500344864324, 1.2750107534114303, 1.2649282812003377] 
[0.1849771537912261, 0.19238018637938353, 0.2436184757656576, -0.018704553517292402, 1.1318083620676334, 1.2346423864005478, 1.2789659727920872, 1.267142031959144] 
[0.18650306401118386, 0.19167827824033307, 0.24711769306607903, -0.016786411356167524, 1.1441508941616745, 1.2432200813714078, 1.2817114530472338, 1.2711827577674006] 
[0.187012614594365, 0.1934502581481567, 0.2503028841339359, -0.00826793153524881, 1.1537189985237564, 1.2501259675650551, 1.2831226022931737, 1.2714553228477627] 
[0.20027664142361926, 0.18413749195633874, 0.25861969203326135, -0.0007515189684812263, 1.1687433692811189, 1.2619759957107206, 1.2735985494574527, 1.2610901130141134] 
[0.1729129231611469, 0.2161411275207937, 0.2470284266823634, 0.01255594590169351, 1.163908262645063, 1.2559749907859867, 1.2976226391007506, 1.2822361574755958] 
[0.2299372034272814, 0.16083601562696487, 0.27557935582228527, 0.006861352431116785, 1.200294997551893, 1.2834402884723877, 1.2524907643775791, 1.2388891178655324] 
[0.18376859674559495, 0.22883972880984715, 0.25561272234863797, 0.043956663441616285, 1.1820014023149685, 1.2715276029373823, 1.2870542882121132, 1.2647182009044446] 
[0.20264550834800543, 0.19006018387011517, 0.2640406819259465, 0.03993122043095339, 1.2147670097432275, 1.2871600437888209, 1.2661994882100087, 1.2387650778345867] 
[0.19832848559671537, 0.20926373885188804, 0.25964668867735824, 0.06291257712053254, 1.2117043740901579, 1.2911051531912408, 1.2755027157073984, 1.238947338251343] 
[0.1984336721791487, 0.21379515441233837, 0.2604597513502184, 0.07590309654661806, 1.2171507067472254, 1.2983888368919556, 1.279245274082324, 1.2325987738642301] 
[0.19955965802408335, 0.2161899723813519, 0.2618476446705785, 0.08756942438176481, 1.2234725111643967, 1.3057703338029263, 1.282100770150936, 1.2251889635691597] 
[0.20010789378859048, 0.21792500228362566, 0.2630570982065097, 0.09705780497516348, 1.230700040091109, 1.311683080113915, 1.2851522196088705, 1.2192643352465238] 
[0.20110488380086333, 0.219452969331116, 0.2643225258869721, 0.10545837231059041, 1.2377040233229162, 1.3171349123201468, 1.2882993171757695, 1.2143790651691617] 
[0.20254695004958823, 0.22087281712951892, 0.26570830215588565, 0.11170244913355706, 1.2445590741819192, 1.3213629278767713, 1.2915413027685172, 1.2116936176972268] 
[0.20324810175759878, 0.22524948962407426, 0.26636760302954554, 0.12250591287849545, 1.2493185344351494, 1.3255456814068183, 1.2956486587178084, 1.2082771618859989] 
[0.20493154804472818, 0.22559539162396086, 0.2678765883605407, 0.12478775707765027, 1.2564074111851316, 1.3281967193665842, 1.2997064589446103, 1.2087681058869024] 
[0.2073417442660494, 0.22794176149842668, 0.2689137821082597, 0.13052513905459742, 1.2614481404628382, 1.331735561648699, 1.3037068014249895, 1.2076698585075112] 
[0.20939628639783422, 0.22983409252153497, 0.2699849754269524, 0.13572048685905408, 1.267011241447947, 1.3351790099293668, 1.307558599510423, 1.2066813439225033] 
[0.2117993515603812, 0.23133884139355193, 0.2713211795190199, 0.14034079827339277, 1.2725925744208486, 1.3390652592222874, 1.3115308691199288, 1.20614173861542] 
[0.2137823418085521, 0.2326355970923084, 0.27274425272197095, 0.14478905224468785, 1.2787716430206644, 1.3432303956842973, 1.3154219401211618, 1.2056835366817804] 
[0.21573531546890493, 0.23397570986464994, 0.27406721491992225, 0.1499951182969985, 1.2849456532676329, 1.3476704283569476, 1.3192592607633364, 1.204618088565518] 
[0.21752484334879488, 0.23591868412766479, 0.27501157212809557, 0.1558366907473373, 1.2906220148766694, 1.3518968520648553, 1.3229244572592802, 1.2035268444825191] 
[0.21825781238428837, 0.2371031053533418, 0.2755564943214607, 0.1605483577399493, 1.2972505193580253, 1.3552825934970485, 1.3264725567360773, 1.2027417925197845] 
[0.21996018709860957, 0.23211961786999552, 0.2799889903641397, 0.16038399443758644, 1.3083305018048152, 1.3604535553144272, 1.329974565404934, 1.2031895915505473] 
[0.22077404767139905, 0.2403172863627757, 0.27667586239279596, 0.17067530606047784, 1.3093314224662191, 1.3621402130164428, 1.3337720904558028, 1.2013810227573702] 
[0.22293654972021393, 0.23458671905103326, 0.28152452659036814, 0.169988426428579, 1.3203882669818514, 1.36784447367886, 1.3371117586814456, 1.201758339222372] 
[0.2227564408330001, 0.2386280486037089, 0.27978944621290425, 0.17496030651371133, 1.3249830647859902, 1.369305757882155, 1.339866771001504, 1.2022855457978294] 
[0.22382363279510342, 0.2393675034493661, 0.2802715880209648, 0.17799088306048713, 1.3312134937533826, 1.3722888305495036, 1.3426051526216296, 1.2026317440015015] 
[0.22521771103349605, 0.24195098521011385, 0.27955154411566757, 0.1813344243173388, 1.3354146104135838, 1.3745974893762014, 1.3454338375513653, 1.2037209645865385] 
[0.22710119823212535, 0.24322587602813955, 0.2796325703322584, 0.1842763317034455, 1.3405869903106653, 1.3772686142182233, 1.3480415592935895, 1.2044260537214637] 
[0.2289284174672704, 0.24441428655791714, 0.27976893942215186, 0.18707922526904977, 1.3457163394822396, 1.380040887297476, 1.3506426718333375, 1.205208130465682] 
[0.2308192779066838, 0.24557542031645394, 0.2800195931898306, 0.18970078366111245, 1.3506772702610033, 1.3830153879342642, 1.353321285562916, 1.206198547358839] 
[0.23229639039883904, 0.24676916281192116, 0.28024927037617037, 0.19232803515682984, 1.3558249236646134, 1.3860877744209972, 1.3561119793973058, 1.207223425442506] 
[0.2335919302021956, 0.248394517081406, 0.2802149292846591, 0.19614494527841447, 1.360439069926863, 1.3891766204887195, 1.359585748434299, 1.208116255175454] 
[0.23464844795481302, 0.25031364297366504, 0.2800368729432102, 0.1996791103698744, 1.3648091188020233, 1.392176388178896, 1.362776769030876, 1.2092418765160187] 
[0.23597914607370354, 0.2513565205851235, 0.2805050211316159, 0.2022621842078055, 1.3696437501445318, 1.3958133294716493, 1.3656932083642537, 1.2104059996207388] 
[0.23724434765863983, 0.25226163283245734, 0.28094887031154814, 0.20484843826508542, 1.3745011816342183, 1.3993633985724456, 1.3685011312501483, 1.2114148282067716] 
[0.23847336208617945, 0.2532482540701495, 0.2810032316797247, 0.20798474227459066, 1.379079682906853, 1.4029808313002188, 1.3713656714891471, 1.2120679309316458] 
[0.24001056367981158, 0.253924115289247, 0.2814331225147641, 0.2106754789582811, 1.3837404490908454, 1.4070158905942083, 1.37409130833733, 1.2127799427457548] 
[0.24132733270718387, 0.2546150792296012, 0.2817259661570611, 0.21340928991234287, 1.3883550377750393, 1.4108757768107638, 1.3767903948707694, 1.2134687555084285] 
[0.2426833386348124, 0.2555442659716455, 0.2820027437915385, 0.2162246424845901, 1.3930305525449953, 1.4146724973089957, 1.3797100599397294, 1.2143526001626737] 
[0.2439024956239038, 0.25689351989736925, 0.28164581952670315, 0.2189390653803349, 1.3971343264009202, 1.4181148055859283, 1.382306179591426, 1.214884666264856] 
[0.24461479199459407, 0.25846054847363414, 0.28105972078631875, 0.2213048032529286, 1.4009426117086985, 1.4209715210704223, 1.38520759217637, 1.2159012332388297] 
[0.246173753562362, 0.2592340214179015, 0.28090878507292505, 0.22290543736256999, 1.4043245944171943, 1.4246657625784507, 1.3882775253786748, 1.216716079322723] 
[0.24748557090043274, 0.2600087737730212, 0.2806171917982085, 0.22430084570464448, 1.4076394505920737, 1.4283075545469681, 1.391064389629054, 1.217518645607039] 
[0.24880215581591608, 0.2608438375414598, 0.2803348572484965, 0.22567550088369503, 1.4107877877453194, 1.4315602324376973, 1.3936656107466174, 1.2184427745281652] 
[0.24990183947325373, 0.2615367420359969, 0.2800663094238243, 0.22701661077443278, 1.4140083346957624, 1.434620988071425, 1.3962076776114531, 1.2193498573317867] 
[0.2507543214494433, 0.2621763685542764, 0.2797416623373112, 0.22836911393100912, 1.417292543968893, 1.437485322867371, 1.3986574958693572, 1.220235765735894] 
[0.2522995674518334, 0.2623855184948153, 0.28016497510158567, 0.22927390130723269, 1.4208695679940833, 1.4413041039646617, 1.4016131639968759, 1.221400017932727] 
[0.2530607850922563, 0.26270405031181415, 0.2803147226935788, 0.23019676867543465, 1.4246951710277536, 1.444508171933436, 1.404572474050068, 1.2225420530984725] 
[0.2539207629116427, 0.26301718929985785, 0.2805246414362398, 0.23105565848133408, 1.4284148821833236, 1.4475976346184303, 1.4072263930318911, 1.2235592314099877] 
[0.25476888321305374, 0.26356845074234947, 0.28058150663041403, 0.2320535168772085, 1.431859501388836, 1.4504026249157203, 1.4098554004926542, 1.2246545591721674] 
[0.25555365080688497, 0.2641285305712676, 0.2806230044976064, 0.23304523900021143, 1.4352205347400282, 1.4531588191068376, 1.4124198297112258, 1.2257690710680624] 
[0.2562048509455666, 0.26466925605421054, 0.2805904747267278, 0.23408272934015042, 1.4385227866828574, 1.4557755085615294, 1.4148768589692942, 1.2268588835714875] 
[0.2568181399268544, 0.26522109911807956, 0.2805159547321784, 0.2352118777672567, 1.4417377372302431, 1.4583481663102993, 1.4172767436912397, 1.2278967159405312] 
[0.2573399986330216, 0.26569838028661985, 0.28043667860493754, 0.2363498012057817, 1.4448868834475415, 1.4607843314112605, 1.4196171788335337, 1.228938291903898] 
[0.2578587579032325, 0.26617298245481497, 0.28015157517519895, 0.23747661265644157, 1.447977993753507, 1.4628499266510016, 1.4216023554130703, 1.2297119432225818] 
[0.25852223853042455, 0.26633194701719176, 0.2800403320685442, 0.23844877755368385, 1.4510717180237545, 1.4647390954136936, 1.423380743336879, 1.2303013214208094] 
[0.25885797475412364, 0.26652148898451555, 0.2795340746984378, 0.2394915291214657, 1.4538679551043938, 1.466172059845441, 1.424958668134485, 1.2307063021333928] 
[0.2591592877055665, 0.2666970191362948, 0.2790607669679174, 0.2406123749346515, 1.4565520728350765, 1.4676807560047311, 1.4265340177776786, 1.2310787721497054] 
[0.2595417462529376, 0.2668296195836421, 0.27876352237445456, 0.24151692625628685, 1.4592435580930039, 1.4694435995000203, 1.4283461603445011, 1.2317566497456667] 
[0.2598783529242461, 0.2669532542652885, 0.27848200080157426, 0.24243267381592465, 1.4618906784761334, 1.4711589711973563, 1.430039628040334, 1.2324273576651839] 
[0.2601536728398378, 0.26708301654846284, 0.2783005494992942, 0.2432024573642056, 1.4643951098903856, 1.472864206606382, 1.4315396499295518, 1.2331447878233681] 
[0.26046007668008136, 0.26725617253493106, 0.27812717630572353, 0.24388041619031894, 1.4667706224125805, 1.4745725736772053, 1.4329838104026251, 1.2339734850610355] 
[0.26074735546097494, 0.26737517034114794, 0.27799172891773205, 0.24439000606991573, 1.4690254347611735, 1.4761258536532968, 1.434331472500754, 1.2349602245907294] 
[0.260998506377978, 0.2676559796333294, 0.2780330494373368, 0.24465504311215103, 1.4710187382573263, 1.4781018567902222, 1.4360113188078274, 1.2361137285442554] 
[0.26118248741397315, 0.26790894675763943, 0.2780295861922844, 0.24497528244134598, 1.473006462375984, 1.479945933809613, 1.437594432050262, 1.2372097834435531] 
[0.26134200044862593, 0.2681500333548321, 0.27800908716912315, 0.2453244615371158, 1.4749695348832343, 1.4816983470076925, 1.4390954056330507, 1.238276552458682] 
[0.26144214337805943, 0.26831488657262287, 0.27798840210453707, 0.245791789383767, 1.4768903564839493, 1.483348315106871, 1.4404816260096402, 1.239201111168202] 
[0.2615325306050584, 0.2684111214201774, 0.2778359622336329, 0.24654721101599478, 1.4788770237266877, 1.4846643595490892, 1.441435231906532, 1.2397096919810706] 
[0.2618677146038005, 0.26848087660874154, 0.2778710844286604, 0.2473108679031533, 1.4807031956981909, 1.4861449129970834, 1.4423715171216822, 1.2402764566091753] 
[0.26210850454460266, 0.2686852727956074, 0.27785988751933194, 0.24826648390158204, 1.4824321302822923, 1.4875819484298687, 1.4430958809402974, 1.2406453935914972] 
[0.26229166861129166, 0.2688448370063022, 0.27784485345818266, 0.24922202390213183, 1.4841505728123199, 1.4889486857424261, 1.4438432668686807, 1.241017542493528] 
[0.26244631023491644, 0.26896292625283513, 0.2778297113998433, 0.25016230977669107, 1.4858589907085, 1.490252222327032, 1.4446074130648088, 1.2413893635522968] 
[0.2625792542525623, 0.26906185719801146, 0.27782359003431867, 0.25109763773498817, 1.4875357232082544, 1.491524516489276, 1.4453724183025751, 1.2417698189999147] 
[0.26277141555303457, 0.2691644364362816, 0.2778571536791727, 0.2520156988188732, 1.4891491999393238, 1.4928170613067369, 1.446175952263785, 1.242153381120344] 
[0.2629324739528416, 0.2692566633059214, 0.2778820016846896, 0.25292756271393074, 1.490741845199149, 1.4940574311322068, 1.4469732577736036, 1.2425389680841026] 
[0.2632937989441119, 0.2693513550808707, 0.2779751686282463, 0.253780910767027, 1.4922562170140463, 1.4955499319502144, 1.4479921425641942, 1.2430086031122929] 
[0.2635269025343167, 0.26942333153434156, 0.2780154698032683, 0.25460320044663864, 1.4937790022438804, 1.4969044927788133, 1.4489901251197062, 1.2435079955377653] 
[0.263779164797905, 0.2695565349079676, 0.2780628324176882, 0.2554077276455259, 1.495295198670195, 1.4983056656238936, 1.4499255197653258, 1.243988992992052] 
[0.26396512089836127, 0.2696613775221285, 0.2780890383631866, 0.25620028072988443, 1.4968121637275082, 1.4996015552211543, 1.4508270722250127, 1.2444697637085544] 
[0.26410661417754355, 0.2697545301932451, 0.27810201743601315, 0.2569926988074545, 1.4983158227636582, 1.5008195502256751, 1.45168880527856, 1.244937664698248] 
[0.2642236900354586, 0.26979596898378627, 0.2781482436988019, 0.2578533159387709, 1.4997993471218116, 1.5020719764121653, 1.4525671209680344, 1.2453332331680613] 
[0.2643007963383676, 0.2698262775351693, 0.2781842627150721, 0.258754470762775, 1.5012605549174232, 1.5032550105060332, 1.4533682930842782, 1.2456685974446906] 
[0.2643626328296451, 0.2698632954773053, 0.27821062556187515, 0.25964284918594205, 1.5026974499116876, 1.5043836341810244, 1.4541425509141508, 1.246004959509161] 
[0.26438308885057404, 0.26989024008317264, 0.278207411287402, 0.2605059258991229, 1.5041121478703907, 1.5054658236669167, 1.4548897984836637, 1.2463247757919562] 
[0.2643934966571274, 0.26983449440221163, 0.2782400883074677, 0.26136814012000986, 1.5055788993699462, 1.5064624047297512, 1.4555907729743613, 1.2466295753166496] 
[0.26465662251615957, 0.2699546115963977, 0.27835447352466974, 0.2621571074184942, 1.506868834921649, 1.507692952715516, 1.456180788501391, 1.2468795154789782] 
[0.2648664601386142, 0.2700691125044615, 0.278436422923331, 0.26293549542637296, 1.5081467247261608, 1.5088653133273404, 1.4567428888347134, 1.2471228453875416] 
[0.26504311573663936, 0.2701842824451104, 0.27850264780084133, 0.26369949378444546, 1.5094004299978196, 1.5099645371970705, 1.4572918096795224, 1.2473720639337473] 
[0.26520951029205697, 0.2702279683860866, 0.2786103395594935, 0.2644414857063543, 1.5106604816869693, 1.5110719042694987, 1.4578589557646928, 1.2476122848546123] 
[0.2653623663211885, 0.2702985620546086, 0.2787024831830511, 0.2651585830709612, 1.5118837907852736, 1.512124135818366, 1.4584313114626781, 1.2478813603638306] 
[0.2654849409490296, 0.27037436605628995, 0.2787759431719646, 0.2658624793791081, 1.5130799595997015, 1.5131089264969964, 1.4589775633057527, 1.2481500256561389] 
[0.2655711321606774, 0.27058442526845833, 0.2787098726300611, 0.26654901336175785, 1.5141668101273165, 1.5140681263320213, 1.4593791080283087, 1.2483642111903364] 
[0.26562675908570227, 0.2707949691393913, 0.27863082308516623, 0.26721975990225033, 1.5152108609680468, 1.5149363671680716, 1.4597890108757579, 1.248597972058949] 
[0.2656764843324575, 0.27096827668519724, 0.27857204076667913, 0.26790344481318806, 1.5162612161358173, 1.5157994666850658, 1.4601996633141667, 1.2487944493154994] 
[0.26572215520794756, 0.2711029449443163, 0.2785313062487999, 0.26856471941216115, 1.5172993305944895, 1.5166290767018693, 1.4606159923203506, 1.2489869697942546] 
[0.2657707100718043, 0.2712182881892943, 0.278498379802357, 0.26922478543651107, 1.518310175677753, 1.517401150313769, 1.4610160322730505, 1.2491671223419616] 
[0.2658030935888502, 0.27130115811476047, 0.27846971098158707, 0.26986423356843464, 1.5193094596518186, 1.5181328604023592, 1.4614194899709811, 1.2493375258684318] 
[0.26581878547491716, 0.2713792776274149, 0.2784530808306716, 0.2704667986878814, 1.5202956432721986, 1.5188130110193965, 1.4618098518882432, 1.2495264197810967] 
[0.2658591604678952, 0.2713943247290722, 0.27847766870218127, 0.27102428976537823, 1.5212837107153554, 1.5194286722637194, 1.4621702838258177, 1.249687750228314] 
[0.2659305206389793, 0.2714767642916095, 0.27846155795582406, 0.271681978722986, 1.522210726144302, 1.5200549441155573, 1.4624956446502135, 1.249782941746544] 
[0.26599575600398634, 0.2715282226436497, 0.2784630935784542, 0.2723381070256369, 1.5231242238593075, 1.5206700429675446, 1.4628238850271105, 1.2498668014667316] 
[0.2660303608461819, 0.2715442347768959, 0.2784573452133417, 0.27303554788283946, 1.5240183212483445, 1.5212892697117804, 1.4631215240670339, 1.2498899826572183] 
[0.2660615146545124, 0.2715421237455453, 0.27846103400856553, 0.27374218661275745, 1.5249148780384618, 1.521892061478403, 1.4634088092078255, 1.2498831026132633] 
[0.26605820034604555, 0.2714607584826717, 0.27845799979530733, 0.2743699856005748, 1.5257542351825704, 1.5223460537992604, 1.463600829626986, 1.249841194918806] 
[0.26606045702227205, 0.2713985339881254, 0.2784476652296537, 0.2750011725373223, 1.526554248756083, 1.52277969983574, 1.4638131208720386, 1.2498107278801753] 
[0.26606697621861797, 0.27135214514947775, 0.27843864986169287, 0.2756245107773529, 1.5273288853422884, 1.5232054996801676, 1.4640367819258988, 1.2497928253832757] 
[0.26608329318942, 0.2713206083622132, 0.2784361801393419, 0.2762319717856453, 1.5280852683176274, 1.5236173534609794, 1.4642745181629215, 1.2497867413591577] 
[0.2660961890259061, 0.2713089176828467, 0.2784296091142957, 0.27683673134432374, 1.5288165570276098, 1.5240247820675712, 1.4645147663043239, 1.2497910828642331] 
[0.266111352448693, 0.27130026498230086, 0.27842676517828496, 0.27743319677607114, 1.529529658694817, 1.5244275175280433, 1.464762918645826, 1.24979978278638] 
[0.2661006670211881, 0.27140679267208456, 0.27833742749328205, 0.27798169695236125, 1.5301602447112543, 1.5246664882294447, 1.464921717764891, 1.2498203061032709] 
[0.2660950716687552, 0.2714861652712551, 0.27826654421929375, 0.2785112734362316, 1.5307805036989028, 1.5249180164933502, 1.4650907993862532, 1.2498402687239212] 
[0.26611919816752566, 0.2715248614121326, 0.2782181003215938, 0.2790004214220426, 1.5313746612641048, 1.5252049000883765, 1.4653001691098693, 1.249873224948447] 
[0.26613632058902703, 0.27155733489816203, 0.278177636869632, 0.2794871674920107, 1.531955546758343, 1.5254907885326703, 1.465509559611796, 1.2498996492373826] 
[0.266152267928334, 0.2715793591916745, 0.2781472769662982, 0.2799649363505835, 1.532527057825229, 1.525781336626799, 1.4657223096977077, 1.2499252406988108] 
[0.26618390071297304, 0.27162508249069384, 0.2781082722459315, 0.28039450839926905, 1.5330905769670637, 1.5260376363689414, 1.4659293538471871, 1.2499966670851572] 
[0.26621713206712977, 0.27166098667166066, 0.27808937770192144, 0.2807854552930113, 1.533626390593504, 1.5262785280283302, 1.4661603785407324, 1.2500942252611371] 
[0.26624754264763373, 0.2716889236523797, 0.278075184632621, 0.2811654135200333, 1.5341548124522497, 1.5265241547769246, 1.4663899098729496, 1.250192684537123] 
[0.2662657453542844, 0.2717104866978721, 0.27806009212923577, 0.2815286949110078, 1.534668923201392, 1.5267650321127577, 1.4666198719293055, 1.2502958148703038] 
[0.2662820555993942, 0.2717230940375508, 0.2780507412280259, 0.28188489170969366, 1.5351758602178807, 1.527010778139756, 1.46684814577891, 1.2503949077774517] 
[0.2662968497912111, 0.27174714012449563, 0.2780589062637899, 0.282227847713222, 1.5356568395323096, 1.527289361297044, 1.4670908164382455, 1.2504873888916135] 
[0.26630461279974293, 0.2717656437132176, 0.27807134120549626, 0.2825602961731628, 1.5361326998282534, 1.527563156292388, 1.4673275442498528, 1.2505841183368192] 
[0.26633144737313624, 0.2717923365069593, 0.27809725530215473, 0.28287939760022424, 1.5366074682201907, 1.5278166873188688, 1.4675531374400506, 1.2506760171641615] 
[0.26635739160114147, 0.2718151854732889, 0.2781211936324204, 0.2831928152150112, 1.5370768158636499, 1.5280735229341453, 1.4677766260372729, 1.250767937391343] 
[0.26637269678188374, 0.27185904543722444, 0.2781330521217472, 0.28350733182410426, 1.5375202334480695, 1.52831536780383, 1.4680150387806588, 1.2508765335177072] 
[0.26639263210115005, 0.27189699613359913, 0.2781448798247837, 0.2838316346278071, 1.5379519658433751, 1.5285659926261492, 1.4682663699187612, 1.2509781753184963] 
[0.26641266697715144, 0.2719292022320361, 0.2781611794788957, 0.28414906031066967, 1.5383860666792117, 1.5288272559595069, 1.4685069688960029, 1.25107224204553] 
[0.26643369750434615, 0.27195801418273563, 0.2781766965565439, 0.28446682852302285, 1.5388126511057834, 1.5290983538534446, 1.4687527910432245, 1.251160288903245] 
[0.2664493530254287, 0.2719792949244618, 0.27819331322656454, 0.2847800769583299, 1.539235072213194, 1.5293690706984329, 1.4689922880154862, 1.251244197362669] 
[0.26646589781148566, 0.2719801733809707, 0.2782155723806464, 0.2850843906050111, 1.5396623737361825, 1.5296459686959583, 1.4692193862645968, 1.2513180422202224] 
[0.26646492067412614, 0.2719874935054265, 0.27822299686263935, 0.2853752170100206, 1.5400707286559994, 1.52993086702599, 1.4694620650125167, 1.2513879565367707] 
[0.26646089337487083, 0.27199501677555854, 0.2782280619054998, 0.2856595191724374, 1.5404691844021239, 1.5302206367484872, 1.4697056971287679, 1.2514557818675713] 
[0.2664624270085167, 0.27198667306853963, 0.27824081261727895, 0.28593644159666615, 1.540871780767481, 1.5305123543910593, 1.469938075105628, 1.2515173530258727] 
[0.2664624474827183, 0.2719773258475104, 0.27825470462184715, 0.2862151625723431, 1.5412703913301404, 1.530802382508287, 1.470165460445171, 1.25157546515367] 
[0.26645763380654314, 0.2719631869567821, 0.27826658799646664, 0.2864949177354828, 1.5416667062379918, 1.531084841264361, 1.470383736725186, 1.2516283268979913] 
[0.26645319789626815, 0.2719505314426765, 0.2782783329192878, 0.28677182831477666, 1.542056269952462, 1.531362872754117, 1.4705995403068193, 1.251683109783442] 
[0.26644661546953863, 0.2719354313354554, 0.2782912787562626, 0.28703808518763396, 1.542445039776674, 1.5316412659854919, 1.4708115879523485, 1.251743022529075] 
[0.26644074899873965, 0.2719196785505205, 0.2783026886336365, 0.2873028320439341, 1.5428253085713504, 1.531915462787807, 1.471023448231647, 1.251802166290101] 
[0.2664340974887978, 0.2719062851332013, 0.2783144196945605, 0.28756379214368105, 1.5432000588387966, 1.5321839399595427, 1.4712337851712425, 1.2518629807602522] 
[0.26642769109640035, 0.2718950120280764, 0.2783255041013385, 0.28782247212343537, 1.5435681154786387, 1.5324485277048057, 1.4714413729086089, 1.2519253735500353] 
[0.26642460841103677, 0.2718863282944785, 0.27834405783606425, 0.288079769920474, 1.5439286208097394, 1.5327229789832186, 1.4716599309927518, 1.2519911946776583] 
[0.2664180984973332, 0.2718735180849786, 0.278363684896486, 0.288339218455085, 1.544283108012827, 1.5329945767955169, 1.4718709268650447, 1.2520511219807693] 
[0.2664117164164571, 0.2718601375370431, 0.2783815600622126, 0.2885915816672667, 1.5446455138615431, 1.533267096171592, 1.4720947049203563, 1.2521134581722064] 
[0.26640518746292907, 0.27184985451788135, 0.27839829045984416, 0.28884213001372605, 1.5450004156779706, 1.533533000564548, 1.4723154529038727, 1.25217770917724] 
[0.2663998387692522, 0.2718391961636801, 0.2784086881433805, 0.2890865353338414, 1.5453430134772315, 1.5337815298751618, 1.4725235301658386, 1.2522486483784638] 
[0.2663877917658229, 0.27182481305477324, 0.27841607193398654, 0.28933598605377614, 1.5456845078055224, 1.5340224231265671, 1.472720368411123, 1.2523104112333632] 
[0.266375469719744, 0.2718115740820927, 0.2784242081068034, 0.2895800643092908, 1.5460220895326555, 1.5342605111470549, 1.4729139490910133, 1.252374630702844] 
[0.26636467092392363, 0.2717987746821713, 0.2784322379807512, 0.2898206767984089, 1.5463544131446891, 1.534495351709167, 1.4731050085954471, 1.2524392768820471] 
[0.26635535165175467, 0.27178666484553415, 0.27844058128118704, 0.2900585695936389, 1.5466821539108238, 1.5347266637893884, 1.4732926988925275, 1.252504023566344] 
[0.2663477670852834, 0.2717746336455531, 0.2784486308375111, 0.290293653935835, 1.547005422892868, 1.5349540283982497, 1.4734774578959817, 1.2525686810625718] 
[0.26633555212406357, 0.27175479673291514, 0.2784521118584872, 0.2905114887719585, 1.5473188292711026, 1.5351769114199623, 1.473652605830465, 1.2526409383188748] 
[0.26632487597834137, 0.2717363556183084, 0.27845570369921935, 0.2907261964874295, 1.5476273916359333, 1.5353966537123804, 1.4738262631482109, 1.252713393448994] 
[0.2663130084694187, 0.2717016101123284, 0.2784639660714246, 0.2909358238355972, 1.5479471909865217, 1.5356323685137923, 1.4740007356493854, 1.2527806975408697] 
[0.26630140506571504, 0.27167320883560564, 0.2784703940602056, 0.2911423107647883, 1.5482614817271751, 1.5358626631465238, 1.4741713000231997, 1.2528481577222117] 
[0.26629650781714537, 0.2716432192908502, 0.27847700930966685, 0.29134501724544504, 1.5485734099732216, 1.5360906502652625, 1.474345621478504, 1.2529163573899311] 
[0.26629339453077155, 0.27161369858039425, 0.278482359620608, 0.2915402563958914, 1.5488832429986765, 1.5363179659090902, 1.4745174419288818, 1.2529894949947742] 
[0.2662957098954759, 0.2715944921629861, 0.2784838493084726, 0.29172617263921063, 1.549182748505327, 1.536544883846045, 1.4746953125162732, 1.2530723097308256] 
[0.26629715545955307, 0.271575987057402, 0.27848569284053487, 0.29190781066529786, 1.5494783738055657, 1.536768178207396, 1.4748708608330783, 1.2531563655484306] 
[0.26630004650926786, 0.27155815138067413, 0.278486685021543, 0.29208235907677343, 1.5497676203584447, 1.5369889617826045, 1.475047976899126, 1.253244965184818] 
[0.2663058372722836, 0.27153772414926947, 0.2784906264135366, 0.2922617931092843, 1.5500494149087862, 1.5372080800176127, 1.4752183081804948, 1.2533264049099715] 
[0.2663098136322765, 0.27152078203768837, 0.27849401852967726, 0.29244003292971665, 1.550325657337097, 1.5374203796361352, 1.4753844355197934, 1.2534065222247932] 
[0.2663055839760932, 0.27150799167228, 0.27850124775825247, 0.29261400038624846, 1.5506061976053784, 1.5376345069702677, 1.4755411305617179, 1.2534831082728384] 
[0.2663010175628547, 0.27149613934076916, 0.27850705264714004, 0.2927830923559997, 1.5508833261628847, 1.5378450548544884, 1.475696684423037, 1.253561291663975] 
[0.2662996192971914, 0.2714890190558922, 0.2785148510883292, 0.2929445633934174, 1.5511559293629078, 1.5380451317062958, 1.4758478784457019, 1.2536458499157386] 
[0.26630360237566353, 0.27148732187937424, 0.2785167184733591, 0.29310164699458635, 1.5514347137760698, 1.5382494174110677, 1.4759924243450582, 1.2537258640780948] 
[0.2663054128961476, 0.2714866962760861, 0.2785174555407674, 0.2932553849600042, 1.5517085719666988, 1.5384474720982482, 1.476137038777027, 1.2538059526728529] 
[0.2663039870889917, 0.27149949595369205, 0.2785068449322819, 0.2934063435388741, 1.5519650496562711, 1.5386511487909318, 1.4762695884962866, 1.2538789598103426] 
[0.2663047312954621, 0.27151099646094695, 0.27849763458858295, 0.2935562793515841, 1.5522153466399733, 1.5388506319794815, 1.4764015435610174, 1.2539521185911384] 
[0.26630965504733317, 0.27151504255671693, 0.2784898758184193, 0.29369331321116215, 1.5524579226702042, 1.5390451044128328, 1.476531889304788, 1.2540327322561031] 
[0.2663131912927279, 0.2715180223197796, 0.2784838119830354, 0.29382821729195846, 1.5526958615742645, 1.5392346095003695, 1.4766614003286245, 1.2541131218623156] 
[0.26631839396001195, 0.27151950574785466, 0.2784829970911683, 0.293960467761296, 1.5529296213486254, 1.5394272873119226, 1.4767972015540731, 1.2541943236421906] 
[0.2663222763278142, 0.27151933740661277, 0.2784834003815252, 0.29409215519191, 1.5531605104061348, 1.539615571346103, 1.4769310876149142, 1.2542732554734954] 
[0.26632575398634123, 0.2715189978953732, 0.27848359133809747, 0.29422112353545155, 1.5533881317021194, 1.5397986576383103, 1.4770645708140329, 1.2543521707557685] 
[0.26633179930863754, 0.27151431212290544, 0.2784826934397744, 0.2943455649907893, 1.55361119957183, 1.539978390015705, 1.47719912507741, 1.2544294314886082] 
[0.26632889114189656, 0.2715100633005711, 0.2784809417934668, 0.2944663665707905, 1.553839263239761, 1.5401626653723843, 1.477333489488824, 1.254506836639171] 
[0.26632593156851425, 0.2715061630108554, 0.27847964065485636, 0.2945862261308379, 1.554063443115328, 1.5403423599212143, 1.4774664795922123, 1.2545838066878974] 
[0.26632545434063254, 0.27150010697260035, 0.27847801697242297, 0.29469894035927036, 1.5542816702628013, 1.5405195443919157, 1.477603158834343, 1.2546657479357748] 
[0.2663249833395232, 0.2714933662786753, 0.27847621306101517, 0.2948090704581743, 1.5544963901967637, 1.5406908942119222, 1.4777385104389456, 1.2547473967521212] 
[0.26632397667577984, 0.27148672417111563, 0.27847463265545086, 0.2949174529853779, 1.5547071364741765, 1.540857340605463, 1.4778720415791997, 1.2548288791235227] 
[0.2663155131895161, 0.2714708188514234, 0.2784777406517745, 0.29501436026733474, 1.5549221960144841, 1.541012841694871, 1.4780073613403, 1.2549088512697306] 
[0.2663062093921661, 0.27145699669788304, 0.2784799580790453, 0.29510998780819087, 1.5551332794410482, 1.5411646027046026, 1.4781406961544594, 1.2549897004224615] 
[0.2662970159001097, 0.27144545997977043, 0.27848224060393234, 0.2952052279563514, 1.5553383130545952, 1.5413125414501172, 1.478272539223014, 1.2550712771538128] 
[0.2662963712131778, 0.27142823931600807, 0.2784824872828071, 0.2952966184630006, 1.5555338442311637, 1.541465178477909, 1.478410095481147, 1.2551505026694023] 
[0.26629758565387635, 0.27141078143317476, 0.2784815471295433, 0.2953867615165394, 1.555723611678876, 1.5416160104541148, 1.4785475797253222, 1.2552288274215695] 
[0.2662972290808214, 0.27139511204817596, 0.2784797395916693, 0.2954756234212516, 1.5559101680581466, 1.5417628915548127, 1.4786817859925199, 1.2553076326317134] 
[0.2662956982300035, 0.27138134833047056, 0.27847750596332305, 0.29556337131937765, 1.5560931657944135, 1.5419059075182464, 1.4788130065886183, 1.2553867752492507] 
[0.2662938263417656, 0.27136900342080084, 0.2784751871437992, 0.2956501891329584, 1.5562725329255276, 1.542045302014497, 1.4789416451338873, 1.2554658259634688] 
[0.2662921109902563, 0.27135685387833663, 0.2784732263433755, 0.295735954494862, 1.5564494524029764, 1.542180652813129, 1.4790667902731554, 1.2555449003475587] 
[0.266290008560463, 0.2713457678326339, 0.27847121296437916, 0.29582076272841795, 1.5566232136651321, 1.5423128858823603, 1.4791894090519488, 1.2556235898156485] 
[0.26628301201191606, 0.2713394116542879, 0.27846649662954204, 0.2959077523760662, 1.5567910050390708, 1.5424447963868588, 1.4793069592279604, 1.2557027402189807] 
[0.2662776243156556, 0.2713337396460682, 0.2784627558447521, 0.29599365948233863, 1.5569552363270558, 1.542572961829445, 1.4794233264242889, 1.2557814948586636] 
[0.2662690273630831, 0.27132716192649187, 0.2784610330526059, 0.2960768041346517, 1.5571132265746426, 1.5426925405481384, 1.4795333523656637, 1.255861722672817] 
[0.26626067966064915, 0.27131997858403534, 0.2784589158998146, 0.2961565767818183, 1.5572719213612636, 1.5428053195009905, 1.4796374450510696, 1.2559393744893825] 
[0.2662519728245487, 0.27131110005742454, 0.2784593701201125, 0.2962418287147992, 1.5574263208401007, 1.5429219704982364, 1.4797419466166073, 1.2560112622297608] 
[0.2662442031029188, 0.27130267459360435, 0.27845988645499425, 0.29632517311063666, 1.5575784366906285, 1.543036100709425, 1.4798453018595241, 1.2560827889174946] 
[0.2662371796285312, 0.2712934905739729, 0.27846129201713216, 0.2964077970603172, 1.5577275266546788, 1.5431476206434196, 1.4799458928298173, 1.2561522584992164] 
[0.266231076820523, 0.271284739220394, 0.2784627732057436, 0.29648832536005887, 1.5578744024197093, 1.5432570174280171, 1.480045628865373, 1.2562215773008363] 
[0.26622613759110253, 0.271277332763802, 0.2784633340229269, 0.29656545044163524, 1.5580195783509811, 1.54336245115462, 1.4801437271544464, 1.256291700320973] 
[0.2662220348507308, 0.27127086784257876, 0.2784642988366019, 0.2966416312852208, 1.5581616925488357, 1.543465007466653, 1.480240693495968, 1.256360839709426] 
[0.2662165349999229, 0.27126384388634206, 0.2784661727577918, 0.2967199634211759, 1.5583009880673253, 1.5435689250762616, 1.4803369725362079, 1.256426717525511] 
[0.26621302521636786, 0.2712582286600968, 0.2784685998764874, 0.29679709640868124, 1.5584368721340882, 1.5436694937373556, 1.480433172207174, 1.2564927732538695] 
[0.26620698610735966, 0.2712499757851767, 0.2784724130852571, 0.29686771911686566, 1.558568082504997, 1.5437635396170364, 1.48052734056411, 1.2565604479463182] 
[0.2662039599114026, 0.271245173052362, 0.27847419213530716, 0.2969389182412174, 1.5586948125467344, 1.543858421215048, 1.4806179668487172, 1.2566265297654589] 
[0.2662030173972592, 0.2712413397041053, 0.27847789595310046, 0.2970077811237879, 1.558822947601208, 1.5439541350460433, 1.4807054686183878, 1.2566906460211562] 
[0.2662016089493369, 0.27123778937244736, 0.2784810987678342, 0.29707520036330753, 1.5589493534254342, 1.5440479813685637, 1.4807915726603342, 1.256754273689397] 
[0.26620274566533214, 0.2712362984590658, 0.2784838984771555, 0.2971418467263388, 1.5590710693379912, 1.5441348641226376, 1.480873663680127, 1.2568166870187532] 
[0.26620284512164, 0.2712341877812626, 0.2784859699281552, 0.2972060996091582, 1.5591917902802443, 1.544219657770075, 1.4809548921087665, 1.2568785423202253] 
[0.26620216493357773, 0.2712323566773468, 0.27848776854255447, 0.29726958859273367, 1.5593108588790123, 1.5443033588616666, 1.4810350319270507, 1.2569393565297802] 
[0.2662022785038467, 0.2712303021946246, 0.27848933126907627, 0.29733096544962095, 1.5594284685988842, 1.5443843894042146, 1.4811138211804096, 1.256999259666939] 
[0.26620390500472035, 0.27122907150260056, 0.2784928869401377, 0.29739036494370275, 1.5595474219291214, 1.5444668550937788, 1.4811899283578551, 1.2570573696532958] 
[0.2662052070233128, 0.27122769092626786, 0.2784961437096049, 0.29744874220749873, 1.5596646393788933, 1.5445478152753154, 1.481264982324977, 1.2571148933611347] 
[0.26620605987080537, 0.2712262235404366, 0.2784991740426575, 0.29750591992386155, 1.5597799958193133, 1.5446275324346594, 1.4813390979635668, 1.2571719828473875] 
[0.2662066817439413, 0.2712238671340558, 0.2785019830525875, 0.2975638223626395, 1.5598944006920539, 1.544706997941415, 1.481411686430294, 1.2572267810924582] 
[0.2662078767812931, 0.2712229160408137, 0.27850413867199025, 0.29761776258190126, 1.5600060836329228, 1.5447860577214596, 1.481486058424197, 1.2572843524707151] 
[0.26620740630029316, 0.27122103072525294, 0.27850592992212925, 0.2976694961154859, 1.5601152729771044, 1.5448636752528713, 1.481558415467269, 1.2573425757543475] 
[0.26620668880128423, 0.27121899721688136, 0.27850757735158377, 0.29772019053945753, 1.5602227899812284, 1.5449399644759043, 1.4816298584518568, 1.2574001613751238] 
[0.26620569529293486, 0.271216829527902, 0.27850894721493796, 0.2977697347932478, 1.560328508788443, 1.545014778350405, 1.4817005738368159, 1.2574573654193022] 
[0.26620567438433307, 0.2712137202322751, 0.27851077017275244, 0.2978177680425466, 1.560433568214992, 1.5450897274578153, 1.4817715713188764, 1.257514142294771] 
[0.2662050235970366, 0.27120984600383813, 0.2785129893078313, 0.2978667627756145, 1.5605364127338455, 1.5451646043812917, 1.4818422769519153, 1.257568859744013] 
[0.26620417122259254, 0.27120621418585356, 0.27851493740447036, 0.29791464244975696, 1.5606377009144123, 1.5452379960574336, 1.4819119969724075, 1.2576231409167766] 
[0.2662022469785034, 0.27120331715401036, 0.27851618009374524, 0.2979619200999578, 1.5607371349725543, 1.5453104666315478, 1.4819802920513125, 1.2576770942379334] 
[0.26620098666861375, 0.27120063186855947, 0.278517504290474, 0.2980058963677474, 1.5608367159159828, 1.5453822673014876, 1.4820502138372909, 1.2577334667597295] 
[0.2662001955232527, 0.271197544057787, 0.27851896569710616, 0.2980484211898652, 1.5609351395564643, 1.5454524854989269, 1.4821194031726566, 1.2577892835947408] 
[0.26619883549174833, 0.2711947294020323, 0.2785194754130622, 0.2980901802974967, 1.5610329098888465, 1.5455213997086141, 1.4821874514315372, 1.2578443391078085] 
[0.2661966603342513, 0.2711922533726529, 0.2785195175348084, 0.29813078923932834, 1.5611296953784992, 1.5455895197590324, 1.4822540321715583, 1.2578987398183967] 
[0.26619402490775207, 0.2711903133646177, 0.278519709296961, 0.29816981452595787, 1.5612253719361677, 1.5456560857827222, 1.4823200542330734, 1.257952781848507] 
[0.26619011303423395, 0.2711877175197882, 0.278519677745202, 0.2982099326016427, 1.5613185992551681, 1.5457224424486764, 1.4823836332485674, 1.2580043455699106] 
[0.2661858225073017, 0.27118547831811807, 0.2785185248157107, 0.29824723913083584, 1.561409084493822, 1.5457852933634935, 1.482445131632282, 1.258056603635473] 
[0.2661815581541117, 0.271183450411609, 0.2785177954022243, 0.2982840254539397, 1.561497765166451, 1.5458475410605526, 1.4825057279897662, 1.2581085176805826] 
[0.26617930052733907, 0.27118155966223223, 0.2785155862122984, 0.29831509429491837, 1.561582777200533, 1.545904589689454, 1.4825643435171485, 1.2581639873680661] 
[0.26617717807130836, 0.27117984742709916, 0.27851398860585275, 0.2983447601270746, 1.5616657042768969, 1.545960482554972, 1.4826230637770765, 1.2582195260554074] 
[0.2661771361770802, 0.271179439681764, 0.27851124071328903, 0.29837844600497365, 1.5617451474722874, 1.5460170696010718, 1.4826788690728683, 1.2582699017775196] 
[0.26617694671248426, 0.27117874156244626, 0.27850878476638663, 0.2984110672352417, 1.5618235679725105, 1.546072908390987, 1.4827340437376926, 1.2583197999441333] 
[0.2661767003731338, 0.2711777876010316, 0.2785065522332348, 0.298442430380991, 1.5619010908256896, 1.5461278607578188, 1.482788518311182, 1.2583693952543722] 
[0.2661758674244367, 0.2711770122794088, 0.2785046143094054, 0.298472959019598, 1.5619772388547093, 1.5461825186838192, 1.482842578811805, 1.258418292105131] 
[0.2661749796283436, 0.27117600178414875, 0.27850287160076614, 0.2985025575631533, 1.562052386051442, 1.5462364176487693, 1.482896031146705, 1.2584667167164225] 
[0.26617407600200743, 0.2711749901951111, 0.2785014137052576, 0.2985310059321393, 1.5621266823891373, 1.5462895881844745, 1.4829489941596585, 1.2585149731807517] 
[0.26617342500471053, 0.27117351063473866, 0.27849987789733704, 0.29855836223246646, 1.5622002255434932, 1.5463417606901915, 1.4830015420150733, 1.2585626294681806] 
[0.26617278942273437, 0.2711712454546488, 0.2784986091576608, 0.2985844497724267, 1.5622721781288444, 1.5463940552270015, 1.4830543031220031, 1.2586097667623928] 
[0.26617098873516687, 0.2711683283044756, 0.2784968417452377, 0.2986103374460023, 1.5623425395975274, 1.54644613500085, 1.48310566273328, 1.2586568079617635] 
[0.2661699750269729, 0.2711648182789723, 0.2784956557096212, 0.2986350865601434, 1.562412408729476, 1.5464970755628036, 1.4831567222183886, 1.2587030965131853] 
[0.2661684160716278, 0.27116177932136887, 0.27849423296106823, 0.29865894591061626, 1.5624816554926593, 1.5465475579281365, 1.4832072408728048, 1.2587491331989697] 
[0.26616721119430525, 0.27115906655732913, 0.27849329444098053, 0.2986824198950124, 1.5625495589560388, 1.5465975592743633, 1.4832570377797691, 1.258794956226404] 
[0.2661655266296982, 0.27115504041866356, 0.27849365344038846, 0.29870409246826435, 1.5626152877381063, 1.5466481063953872, 1.4833076509684973, 1.258840209383092] 
[0.2661637133686551, 0.2711512530305901, 0.27849383471647415, 0.2987250592863678, 1.5626801725051256, 1.5466977007563631, 1.4833575250921744, 1.2588851465732493] 
[0.26616176596557223, 0.2711477640430819, 0.27849380244569677, 0.2987453016022145, 1.5627442824180962, 1.5467463328534035, 1.483406719253841, 1.2589297383528506] 
[0.2661596798564362, 0.27114455855509495, 0.2784936079775438, 0.298764796042276, 1.5628074621734414, 1.546794113197293, 1.483455163101181, 1.2589741457607277] 
[0.2661579646345231, 0.2711420564514063, 0.2784928826414955, 0.29878230555057544, 1.5628691962630124, 1.5468412580794644, 1.483502821208167, 1.2590194812728122] 
[0.26615623284560935, 0.27113959634341794, 0.2784921104514646, 0.2987992441678559, 1.5629301419064434, 1.5468875683219845, 1.4835497967561655, 1.2590644259440331] 
[0.26615435969374024, 0.2711372838703815, 0.2784914598925373, 0.2988153036105619, 1.5629905373487543, 1.5469333886659578, 1.4835961360298435, 1.2591093342306126] 
[0.2661530641781652, 0.2711343503972198, 0.2784904557838961, 0.2988299626701987, 1.563049584067836, 1.5469784927062327, 1.48364154833181, 1.2591547596764283] 
[0.2661517263635642, 0.2711319667118865, 0.27848939284339175, 0.2988428913553967, 1.5631076933790817, 1.5470233586984876, 1.4836879941268126, 1.2592016829221693] 
[0.2661492145070894, 0.2711287679269379, 0.2784874609852698, 0.29885681291774036, 1.5631642831488617, 1.5470667271869134, 1.4837323947332521, 1.2592469572099898] 
[0.2661469658208403, 0.2711259685355039, 0.27848568223563974, 0.2988699104716924, 1.5632198203501195, 1.5471091243466062, 1.4837765613483944, 1.2592921601261962] 
[0.2661447612581837, 0.2711232734291393, 0.27848401328863887, 0.29888254317701746, 1.5632746469668655, 1.5471509054354469, 1.4838201813658634, 1.259336876478704] 
[0.26614253989628156, 0.27112076946227104, 0.27848224240128444, 0.2988947795078581, 1.5633289349136172, 1.5471919433726202, 1.4838632329753467, 1.2593810404814898] 
[0.26614022366723267, 0.2711188538409297, 0.2784800849723119, 0.29890669245728924, 1.563382015110846, 1.5472319880794265, 1.4839052435471682, 1.2594246512437368] 
[0.2661376133537617, 0.27111734020722783, 0.27847827361751887, 0.29891745856745955, 1.5634341496811583, 1.5472717813958854, 1.483946569594549, 1.2594684954530464] 
[0.2661349520654751, 0.27111546777120243, 0.27847650867350987, 0.29892820384364305, 1.5634852874002134, 1.5473104426035313, 1.4839871563216305, 1.259511550103089] 
[0.2661323735400689, 0.2711135630038789, 0.2784748440442815, 0.2989382581854516, 1.5635358376991668, 1.5473486311023013, 1.484027350881523, 1.259554326754421] 
[0.2661293732602131, 0.27111145935935077, 0.2784731952711487, 0.29894843813507416, 1.5635854930054107, 1.5473865215559155, 1.4840663970121744, 1.2595958279161046] 
[0.2661266940056622, 0.27110943111639313, 0.27847180083383016, 0.298958046817112, 1.563634671305, 1.5474239721955563, 1.4841049277142722, 1.2596368723306977] 
[0.2661245024767281, 0.2711069626612509, 0.2784703828400687, 0.2989677656350983, 1.563683674243433, 1.547460981912855, 1.4841426732241005, 1.2596768989773326] 
[0.26612230967498846, 0.2711045169416287, 0.27846885628573903, 0.29897727154146336, 1.5637320771788337, 1.5474973255009434, 1.4841800552077238, 1.2597163905772653] 
[0.2661200806271991, 0.2711023677480715, 0.2784672362237846, 0.298986353649257, 1.5637795870747833, 1.5475329356452459, 1.4842172077221198, 1.2597557433541053] 
[0.2661179918200692, 0.2711000987055719, 0.27846572685303556, 0.2989949545818276, 1.5638266664855942, 1.5475681813898452, 1.484253901947414, 1.2597947657416058] 
[0.2661159280914147, 0.27109793246589176, 0.27846349086915917, 0.2990026422939908, 1.5638723319404453, 1.5476023504446796, 1.4842890951551424, 1.2598326856235693] 
[0.26611380062274953, 0.2710956145863578, 0.27846162979799594, 0.29901008342889623, 1.5639171870999125, 1.5476362006596893, 1.4843237238648972, 1.2598704143371031] 
[0.2661119315794458, 0.27109340275409555, 0.27845991998147107, 0.2990177013163925, 1.5639614060457558, 1.5476701749330108, 1.4843585795122556, 1.2599076976616748] 
[0.26610966682474424, 0.2710914980405937, 0.27845792468882063, 0.2990259119454941, 1.5640057509532468, 1.547704083571184, 1.4843925150452433, 1.2599437477980724] 
[0.26610772694524487, 0.27108951136492554, 0.27845611325923314, 0.29903364480792644, 1.564049486475132, 1.5477375369060942, 1.484426152675973, 1.2599796475898235] 
[0.266104491054999, 0.2710861979220182, 0.27845375418644547, 0.29904013989298817, 1.564093397996878, 1.5477686266144663, 1.4844572845561304, 1.2600141538610268] 
[0.2661018863763197, 0.2710836826782338, 0.27845128580247314, 0.2990453748104375, 1.5641358067395514, 1.5477987005422538, 1.4844888678481372, 1.2600494833726632] 
[0.26609951968892154, 0.27108128965314204, 0.2784488631058477, 0.29905009103645463, 1.5641783989511526, 1.5478289121130222, 1.484521110967349, 1.2600847947291054] 
[0.26609735501339105, 0.27107899806664465, 0.2784465476604116, 0.2990547102012148, 1.5642201461601073, 1.5478586455856842, 1.4845529315510828, 1.2601197911427533] 
[0.26609461612030527, 0.2710764264595774, 0.2784440418759322, 0.29905861686767937, 1.564261586452843, 1.5478870581587159, 1.4845833828869248, 1.260154070390666] 
[0.26609155364709947, 0.2710743169382591, 0.2784414231103147, 0.2990615396856251, 1.5643025740538772, 1.547914867956798, 1.484613368214924, 1.2601888492842377] 
[0.2660893184296293, 0.27107256443500516, 0.2784394019408992, 0.2990646368489002, 1.5643423855117569, 1.5479427581159473, 1.4846436003342225, 1.2602230716615224] 
[0.266085601797917, 0.2710712259336185, 0.27843648073089944, 0.2990666976611906, 1.5643805883252124, 1.5479699639445876, 1.484672441470567, 1.260256553817523] 
[0.2660816509193695, 0.27106925196567033, 0.2784337984372161, 0.2990691887949119, 1.564417157697595, 1.5479955802897771, 1.4847000942295627, 1.2602899021167475] 
[0.266078075019547, 0.2710672420021362, 0.27843125265715274, 0.2990715880648071, 1.5644531822710548, 1.548020842590929, 1.4847276040771629, 1.2603228691795996] 
[0.26607492691711576, 0.2710653190167674, 0.27842890836791334, 0.2990735626478062, 1.5644885689128685, 1.5480458566551325, 1.4847548937632928, 1.2603557603205913] 
[0.266072491871014, 0.27106319689559905, 0.27842702866718705, 0.29907463042804844, 1.5645229831310168, 1.5480702649163032, 1.4847823123438446, 1.2603890139930687] 
[0.2660701560485576, 0.2710610770211673, 0.2784254137315707, 0.29907516269611134, 1.5645568198915145, 1.5480945232497074, 1.4848094278197086, 1.260422297832274] 
[0.266068050342046, 0.27105904300590333, 0.2784239083746766, 0.2990754446926125, 1.5645901716086357, 1.5481184977211087, 1.4848363065713475, 1.260455355805384] 
[0.26606629196612486, 0.2710569966719973, 0.27842262601640555, 0.29907518454979304, 1.5646228822039592, 1.5481420817202542, 1.4848630875828999, 1.260488468313007] 
[0.2660645378482998, 0.2710552368590917, 0.2784214796297794, 0.2990743438465552, 1.5646549772991485, 1.5481653178352173, 1.4848897791554962, 1.260521713451423] 
[0.26606295203026736, 0.27105352552273526, 0.2784203701324369, 0.2990732728590732, 1.564686648719521, 1.548188288488915, 1.484916209857413, 1.2605547195242035] 
[0.26606128768244036, 0.27105163348546546, 0.27841956915307386, 0.29907184045869745, 1.5647175356556837, 1.5482106153808157, 1.484942241011049, 1.2605875619950595] 
[0.266059861857261, 0.2710497568146249, 0.27841871993727835, 0.2990703292587412, 1.5647480699430805, 1.5482326389695564, 1.4849680347406315, 1.2606200257875149] 
[0.2660587125182603, 0.2710481270367588, 0.2784179932374283, 0.29906867448852115, 1.564778000641355, 1.5482543011883858, 1.4849937112902272, 1.2606523721958767] 
[0.2660574169942828, 0.2710467864840593, 0.2784174282552738, 0.29906637295792626, 1.5648074394803098, 1.5482759146964629, 1.4850190748997822, 1.2606849139904825] 
[0.26605570355597297, 0.27104562371505103, 0.27841672729510125, 0.2990634825769242, 1.5648369782528793, 1.5482974911020135, 1.485044209383154, 1.260717778998149] 
[0.2660541669218699, 0.27104445988520864, 0.2784160297799601, 0.29906041263566135, 1.564866123349041, 1.5483188168807185, 1.4850690909115456, 1.2607503667276143] 
[0.2660522828970924, 0.27104341497056916, 0.27841524158229547, 0.2990570194904865, 1.564894939327582, 1.5483405378538644, 1.4850942968150898, 1.2607829399817507] 
[0.26605062325549017, 0.27104236150171174, 0.27841446430656624, 0.29905344946913665, 1.5649233921593413, 1.5483619741913601, 1.4851192226654581, 1.260815255898186] 
[0.26604929269028565, 0.2710414538384028, 0.2784135155262589, 0.29904957750900096, 1.5649516150238167, 1.5483829450721003, 1.4851440089858132, 1.2608472674546527] 
[0.2660482107896621, 0.2710407398961079, 0.2784124641233898, 0.29904510575229715, 1.5649793292772116, 1.5484038269288236, 1.4851685155712693, 1.2608794968297108] 
[0.26604726211003826, 0.2710398830124973, 0.27841152505361705, 0.2990405008075101, 1.5650067333237714, 1.5484243182213815, 1.485192569507988, 1.2609113408822248] 
[0.2660464871740022, 0.2710389947431711, 0.27841063331390575, 0.2990357701434839, 1.5650337196145867, 1.5484445242044569, 1.4852163967173015, 1.2609429747413843] 
[0.2660456832436587, 0.2710380119425093, 0.2784097456255619, 0.29903070099405, 1.5650603600596806, 1.5484643389579307, 1.485239816621334, 1.260974449335113] 
[0.2660449973853079, 0.271036995526212, 0.278408825769244, 0.29902521768215257, 1.5650867862700435, 1.5484838658978728, 1.4852628845825664, 1.2610059157270361] 
[0.26604456254325953, 0.2710361249742958, 0.27840804421878707, 0.2990194569270599, 1.5651129618046378, 1.5485030345595294, 1.4852858072440935, 1.2610371296117941] 
[0.26604419092127046, 0.27103529819578653, 0.27840726667504695, 0.29901357099156123, 1.5651387344804975, 1.5485219825414505, 1.4853085164023399, 1.2610681629754392] 
[0.266043208871338, 0.27103515520645505, 0.27840647713154165, 0.29900711637983324, 1.5651634365038836, 1.548539965295376, 1.485331110180219, 1.2610988353372288] 
[0.26604303921831157, 0.2710354840566692, 0.27840567132623456, 0.2990002029076879, 1.5651869535204885, 1.5485569816632814, 1.485354017291753, 1.26112911503388] 
[0.26604305120314303, 0.2710356666604104, 0.2784048788712633, 0.29899344676882117, 1.5652100746195994, 1.5485737003166424, 1.4853764333858432, 1.2611589400822705] 
[0.26604337791677907, 0.2710356337714181, 0.2784041453056965, 0.29898682171479496, 1.5652327252263594, 1.5485904382955087, 1.4853982833992467, 1.2611881895020784] 
[0.26604332578063833, 0.27103579303339814, 0.27840313018900337, 0.2989798718086782, 1.5652549216749194, 1.5486072953825931, 1.4854201828514195, 1.261217297157964] 
[0.2660435971627594, 0.2710358064338622, 0.2784020986817419, 0.2989727447789775, 1.56527714318495, 1.5486241266823304, 1.4854420667567017, 1.2612462668940483] 
[0.2660443814980874, 0.271036008053621, 0.27840147528050047, 0.2989660600935116, 1.5652985768405003, 1.5486402601557903, 1.485463530877742, 1.261274477114102] 
[0.26604509038482654, 0.27103614277620414, 0.27840081824224283, 0.2989592418569943, 1.5653197720778957, 1.5486562566409179, 1.4854846823327639, 1.2613025462107215] 
[0.2660456809831698, 0.2710361203692979, 0.27839977183728193, 0.29895207944682145, 1.5653411810507236, 1.5486715829055102, 1.4855049516159453, 1.2613301117045705] 
[0.2660462453051281, 0.27103618366808163, 0.27839883767010587, 0.2989445498253723, 1.565362231172131, 1.5486867829409403, 1.4855250566739127, 1.2613578327575115] 
[0.26604672443273386, 0.2710361979033135, 0.2783978519561245, 0.29893686760673394, 1.5653829771368561, 1.548701850772833, 1.4855449585548473, 1.2613854943474632] 
[0.26604742843770823, 0.27103638589925483, 0.2783966081071169, 0.29892893635940326, 1.5654035700749174, 1.5487166030348523, 1.4855642231170436, 1.2614127695000286] 
[0.266047869158838, 0.2710359437826345, 0.27839495435426936, 0.29892067905234576, 1.5654241525875496, 1.5487305496863797, 1.48558253593538, 1.2614394214956288] 
[0.2660481121111502, 0.2710356286468307, 0.27839350768430887, 0.2989122435354743, 1.5654445842914948, 1.5487445725486948, 1.485600509210212, 1.2614659189532182] 
[0.2660485085943274, 0.27103519373629076, 0.2783922173158244, 0.2989038403636556, 1.5654645136646026, 1.5487584257605356, 1.4856184064900013, 1.2614923672231382] 
[0.26604876553345125, 0.2710348376370032, 0.2783909929108983, 0.29889511778187067, 1.5654843587937648, 1.5487724898989417, 1.4856361851059279, 1.2615190490085368] 
[0.2660487020875522, 0.2710348649798565, 0.2783899274313583, 0.2988864557580403, 1.5655034935078633, 1.5487862380311654, 1.4856540911384788, 1.2615459104177336] 
[0.26604867324713943, 0.2710348406672556, 0.278388882925228, 0.29887770848195067, 1.5655223272754906, 1.548799901000178, 1.4856718421358037, 1.2615726718364506] 
[0.2660485898377351, 0.27103466672344995, 0.27838783889897045, 0.2988685672108794, 1.565541061069654, 1.5488136563188952, 1.485689454344225, 1.2615995895979732] 
[0.2660483319239475, 0.2710345175876952, 0.27838656829342223, 0.298859794912054, 1.565559307772138, 1.5488270745798016, 1.485706877339761, 1.2616259905569707] 
[0.26604800254633054, 0.27103438641613187, 0.2783852693220546, 0.29885107503588504, 1.5655771865226418, 1.5488402565134458, 1.4857240089016275, 1.2616522289250165] 
[0.26604755403471997, 0.2710340809456996, 0.278383843502383, 0.2988421555615544, 1.565594691126402, 1.5488535159789065, 1.4857411867918808, 1.2616782912978943] 
[0.2660470308359839, 0.2710338387174953, 0.27838249974980955, 0.2988322617794844, 1.5656120190333884, 1.5488671599571187, 1.4857584461938385, 1.2617051134490482] 
[0.2660465763736589, 0.2710335460514831, 0.2783811870493768, 0.29882230998935444, 1.5656291254458083, 1.5488806714760455, 1.4857755265721633, 1.2617317951554117] 
[0.26604623978188435, 0.27103316373349556, 0.2783799595446473, 0.29881237800969107, 1.565646061630471, 1.5488941178885585, 1.4857924565072405, 1.2617582645105696] 
[0.26604591661751037, 0.2710328214760728, 0.27837874353211706, 0.29880225423477924, 1.5656628280303788, 1.548907445955554, 1.4858092904446607, 1.2617847385351249] 
[0.2660455819069211, 0.27103247554785714, 0.2783775792384695, 0.2987920491534972, 1.5656794286535258, 1.5489206722670907, 1.4858259448024218, 1.2618111385131794] 
[0.26604548352740076, 0.27103218510678817, 0.2783766547742, 0.29878138548502275, 1.5656957209241975, 1.548933864689677, 1.4858424172174256, 1.2618378094562293] 
[0.26604540978308255, 0.2710318689226509, 0.27837570742092904, 0.2987706878450325, 1.5657118074461713, 1.5489469040936326, 1.4858587310438558, 1.2618643298569265] 
[0.26604535250866296, 0.27103152110114753, 0.2783747285428323, 0.2987599427226026, 1.5657276892040308, 1.5489597873009224, 1.485874903097174, 1.261890714472901] 
[0.2660454098197553, 0.27103120615703263, 0.27837386330136643, 0.2987491040419224, 1.5657434819888965, 1.5489726154558223, 1.4858908168885074, 1.2619168965316263] 
[0.2660455515850179, 0.2710309312366332, 0.27837288027041224, 0.29873797366094995, 1.5657590294272503, 1.5489852624591045, 1.4859066814597959, 1.261943204938323] 
[0.26604574083631843, 0.2710307050705586, 0.27837182513241926, 0.2987267109099848, 1.5657743283356915, 1.5489976891301265, 1.4859223518740936, 1.2619694767387408] 
[0.26604576295850685, 0.2710307040997608, 0.2783706641157561, 0.2987152950950566, 1.5657896541098366, 1.5490100962856888, 1.4859378884447059, 1.2619958835547491] 
[0.2660461095213717, 0.27103083067087647, 0.2783695567780181, 0.2987039653446855, 1.5658044536432334, 1.5490220619643642, 1.4859534705920456, 1.2620219131912702] 
[0.2660464860354791, 0.27103092680414037, 0.27836849220223847, 0.29869256101216324, 1.5658190216643442, 1.5490339721046524, 1.4859689602103503, 1.2620477983266711] 
[0.2660468330096382, 0.2710309694161626, 0.27836741827744754, 0.2986811087067989, 1.5658334119424742, 1.5490457605340686, 1.485984295656681, 1.2620735528221938] 
[0.26604715501443105, 0.271030967092458, 0.27836633210737244, 0.2986695988726431, 1.565847649488582, 1.5490574446970196, 1.48599946473078, 1.262099166630607] 
[0.26604769476249673, 0.271031100646608, 0.2783651339730073, 0.29865812284839766, 1.5658614363264387, 1.5490687281303752, 1.4860146676623138, 1.2621244659828936] 
[0.2660481453527494, 0.27103121347529363, 0.2783639571687855, 0.29864652583158946, 1.5658750218164013, 1.549079860931016, 1.4860296754864228, 1.2621497146748808] 
[0.2660486754144212, 0.2710311601152929, 0.2783627863893937, 0.298634953694331, 1.5658883527708471, 1.5490908772513332, 1.4860445894325538, 1.262174724165713] 
[0.2660490469383389, 0.27103101645115857, 0.27836151769373013, 0.2986232674147049, 1.5659014702789837, 1.5491018913923726, 1.486059452504741, 1.262199596978962] 
[0.26604934152748433, 0.27103080322609485, 0.27836028943946317, 0.2986115039156229, 1.5659144076911744, 1.5491128505213934, 1.4860741984629762, 1.2622243397921828] 
[0.2660496142185437, 0.27103055866713155, 0.2783590737271816, 0.2985997145999289, 1.565927215002388, 1.549123676381271, 1.4860887745259403, 1.2622489428071981] 
[0.26604960923784493, 0.2710304568136422, 0.2783576871441856, 0.29858779223420295, 1.5659400727264257, 1.549134532661526, 1.4861030950213197, 1.2622733510552486] 
[0.2660496344977564, 0.2710302817254133, 0.2783562983915056, 0.29857582544413297, 1.565952804355005, 1.5491452634375151, 1.4861173086026835, 1.2622976950061213] 
[0.26604989303267124, 0.27102999783558107, 0.27835497397342523, 0.29856374117701495, 1.5659655629961124, 1.5491555920002102, 1.4861310931158807, 1.2623217523192862] 
[0.2660501226670969, 0.2710297011533656, 0.27835365426454334, 0.2985516307966252, 1.5659781388511087, 1.5491658240255295, 1.486144749153433, 1.2623457220139618] 
[0.2660501286412008, 0.2710294823078485, 0.27835234950383986, 0.2985392792103494, 1.5659905129853362, 1.5491760215163473, 1.486158304758545, 1.262369874937694] 
[0.2660502266425495, 0.27102914601669503, 0.27835088415572135, 0.2985268333241913, 1.566002806045462, 1.5491860345631732, 1.4861718844220078, 1.2623938894455071] 
[0.26605031049664635, 0.27102880685338365, 0.27834940190030155, 0.29851434376130515, 1.566014921851836, 1.5491959312896568, 1.4861853699986054, 1.2624178555286805] 
[0.266050366540057, 0.27102850085115593, 0.2783479294572813, 0.29850138311562463, 1.5660268496220329, 1.54920554428066, 1.4861987665531224, 1.2624421478628036] 
[0.2660504180573394, 0.2710281778376555, 0.2783464745391332, 0.298488407471638, 1.5660386094392784, 1.5492150779321399, 1.4862120401496899, 1.2624663436571186] 
[0.2660504547269361, 0.2710278542658607, 0.2783450403047406, 0.2984754201772779, 1.5660501904860331, 1.5492245193910699, 1.486225203639653, 1.2624904549460405] 
[0.26605047841128, 0.27102752545302583, 0.27834361589256845, 0.298462406946412, 1.5660616190369183, 1.5492338795476606, 1.4862382490137045, 1.2625144809042128] 
[0.26605058034861734, 0.2710272020182613, 0.2783422389355338, 0.2984491940104759, 1.5660728152224017, 1.5492431645253646, 1.486251196218588, 1.2625385905795394] 
[0.2660505046584737, 0.271026983953108, 0.27834101860521426, 0.2984363788119572, 1.566084041046189, 1.5492524029459593, 1.4862637820897469, 1.2625621890299281] 
[0.266050416267375, 0.27102671401183376, 0.2783398359222983, 0.29842347709118616, 1.5660950794274198, 1.5492615129840765, 1.4862762296720988, 1.26258575183311] 
[0.26605013345399336, 0.2710266065813256, 0.2783387715814001, 0.2984103847248833, 1.5661058372103436, 1.549270780422598, 1.4862887865905767, 1.2626092105215458] 
[0.26604995460713726, 0.2710264624677947, 0.2783377040102444, 0.2983974186619286, 1.5661164537258923, 1.549279889402363, 1.486301249339102, 1.2626324562245943] 
[0.26604980194857364, 0.27102628246724225, 0.2783366409506201, 0.29838446260803964, 1.5661269156094966, 1.5492889179469644, 1.4863135964110168, 1.2626555806987725] 
[0.2660497063597838, 0.27102605503444366, 0.2783354589165481, 0.2983714854988771, 1.5661371988528419, 1.5492979787470955, 1.4863259902191215, 1.2626787266121735] 
[0.266049712757897, 0.27102573345239434, 0.2783342341201763, 0.2983585814743317, 1.5661472778471472, 1.5493069794719172, 1.4863382111535464, 1.2627017872224329] 
[0.26604976122789475, 0.2710253544751744, 0.2783329629735019, 0.29834562470938747, 1.5661571878591507, 1.5493159496750764, 1.4863504064349444, 1.262724735847752] 
[0.2660497620933765, 0.27102500490695003, 0.2783316499617967, 0.29833264684324423, 1.566166951660198, 1.5493247886107058, 1.4863625220097978, 1.2627476264757018] 
[0.2660499142080758, 0.2710247518856324, 0.27833020142779763, 0.2983200933228648, 1.5661766798944705, 1.5493335372967414, 1.4863743349555485, 1.2627700174565717] 
[0.26605004351494016, 0.27102441909703545, 0.27832867936570044, 0.29830750183128224, 1.5661863777218883, 1.549342215154613, 1.4863861371941058, 1.2627923193899797] 
[0.2660501791932426, 0.2710240904008484, 0.2783271958523881, 0.29829486793636373, 1.5661959740153093, 1.5493507775221924, 1.4863978472832091, 1.2628145303054743] 
[0.2660502138491732, 0.27102393855146756, 0.2783256409929681, 0.2982818680318851, 1.56620541005032, 1.5493592243691587, 1.4864096559390652, 1.2628369995913167] 
[0.266050172356047, 0.27102369824468475, 0.27832410337943947, 0.29826883080658245, 1.566214751839047, 1.5493676883897691, 1.486421445248898, 1.262859384938259] 
[0.26605015413596483, 0.2710234219782999, 0.2783226048384706, 0.29825579039129474, 1.566223991759164, 1.5493760359035333, 1.4864331065228455, 1.2628816766176036] 
[0.26605010579140226, 0.2710231384205173, 0.27832111323747016, 0.29824265706760794, 1.5662330939886042, 1.549384286864416, 1.4864447031955, 1.2629039527570216] 
[0.2660501363840539, 0.27102278207490665, 0.2783195884419743, 0.29822888070769893, 1.566242016999129, 1.5493927387115651, 1.4864562632820681, 1.2629267355310747] 
[0.2660500948453011, 0.27102232017627065, 0.27831812439300857, 0.29821522918631116, 1.56625074212741, 1.5494010019096833, 1.4864675934251776, 1.2629493523327717] 
[0.266050182498642, 0.27102170491785876, 0.2783165979262299, 0.29820166928600317, 1.5662594991570042, 1.5494090847140738, 1.4864786666972287, 1.2629716600064926] 
[0.26605029415046927, 0.27102116176502583, 0.2783150293726607, 0.29818806391216607, 1.5662681812389938, 1.5494170369839986, 1.4864897117807452, 1.2629938825844105] 
[0.26605043121986344, 0.27102082230100777, 0.27831340259606474, 0.29817350489103117, 1.566276681231264, 1.5494250005545325, 1.4865007684938825, 1.2630169211026836] 
[0.2660504651084576, 0.2710203102034778, 0.2783119818968778, 0.2981590934473809, 1.566284944959951, 1.5494330043328879, 1.486511584600226, 1.2630398627485133] 
[0.2660504923428335, 0.2710198091448581, 0.2783105636549464, 0.29814467210173945, 1.5662931217194442, 1.5494408944046463, 1.486522331361286, 1.2630627048570782] 
[0.26605047370458335, 0.2710192190933123, 0.27830910427745137, 0.29813020398762713, 1.5663013403512192, 1.5494488628188308, 1.4865331523838505, 1.2630854490781498] 
[0.266050425923899, 0.2710186131509896, 0.2783076827591607, 0.2981157231370643, 1.5663095010996406, 1.549456743191771, 1.486543868464146, 1.2631080702877528] 
[0.26605037859229114, 0.27101797104163655, 0.2783063200102032, 0.29810126995435043, 1.5663175636236322, 1.5494645480915237, 1.48655445717252, 1.263130533444166] 
[0.26605032305075854, 0.2710173469644421, 0.2783049556144156, 0.29808681274790544, 1.56632552447033, 1.5494722444368834, 1.4865649845306372, 1.2631529076968417] 
[0.26605023994829247, 0.27101685571621825, 0.27830358610112205, 0.29807228087283166, 1.5663335072167723, 1.5494796547724292, 1.486575269810433, 1.2631751086204157] 
[0.26605021381939725, 0.27101634909177247, 0.2783021827398653, 0.29805763486064907, 1.5663413428644581, 1.5494869096198256, 1.4865854716856557, 1.2631973388662139] 
[0.2660501836400009, 0.2710158559959699, 0.2783007819373563, 0.2980430057550307, 1.5663490768060413, 1.5494940752650175, 1.4865956087573613, 1.2632194751642936] 
[0.2660503249909631, 0.2710154988811334, 0.2782995918178772, 0.2980285325242096, 1.5663565673130666, 1.5495012661699292, 1.4866055499956832, 1.263241571499404] 
[0.2660505575881336, 0.2710152679973153, 0.27829828580735855, 0.2980141700096709, 1.5663640694163399, 1.5495081931231045, 1.486615314319649, 1.2632636177208447] 
[0.26605070259668695, 0.2710149592249012, 0.27829703981794773, 0.2979997410477978, 1.566371426814603, 1.5495151450925462, 1.4866251050223847, 1.2632855355626857] 
[0.26605082046748396, 0.2710146488241432, 0.2782957935816924, 0.2979853256931451, 1.5663787122107888, 1.5495220118104522, 1.486634840157343, 1.2633073405216853] 
[0.26605090639333195, 0.2710143158942073, 0.2782945586590591, 0.29797088892910695, 1.5663859360205277, 1.5495287731484209, 1.4866445320689796, 1.2633290425146417] 
[0.2660510061556103, 0.27101404639465615, 0.27829322325705236, 0.2979564439599997, 1.5663930403404096, 1.5495355554884995, 1.4866543022783616, 1.2633507572263767] 
[0.26605107372057846, 0.27101378489655475, 0.2782918748355091, 0.29794201262560094, 1.566400078422079, 1.5495422275905408, 1.4866639925879594, 1.2633723876598124] 
[0.26605113812678477, 0.27101345450840986, 0.2782905335165938, 0.2979273734642757, 1.5664070254087392, 1.5495487169654025, 1.486673618754483, 1.2633941160920505] 
[0.26605123882044607, 0.27101309064798235, 0.27828922721000393, 0.2979127085021395, 1.5664139148637886, 1.5495550974338583, 1.4866832057078405, 1.2634157410437008] 
[0.26605135549795844, 0.27101271711549313, 0.2782879155224888, 0.2978980635664982, 1.5664206914480165, 1.5495613604201066, 1.4866926993920797, 1.2634372426965224] 
[0.26605149546832374, 0.2710123243835536, 0.27828663041733587, 0.2978834064131789, 1.5664274090392343, 1.5495675348476066, 1.4867021513472656, 1.2634586464331077] 
[0.2660516019909851, 0.2710119335687876, 0.27828532294064445, 0.2978687676307556, 1.5664340368933205, 1.5495736541859895, 1.4867115417236352, 1.2634799670124441] 
[0.2660518626965148, 0.27101144129127497, 0.27828420370835283, 0.29785365586404056, 1.5664404381880452, 1.5495795155963705, 1.4867207488642447, 1.2635016421315581] 
[0.26605209355738696, 0.27101097699577653, 0.27828304424199113, 0.29783855800643666, 1.5664467611167752, 1.5495853185411324, 1.4867299192296195, 1.2635232209904275] 
[0.26605228151470733, 0.2710105493803982, 0.27828181067711144, 0.2978234279417025, 1.5664529981956334, 1.5495910136843265, 1.486739047924994, 1.263544777415258] 
[0.2660524378339007, 0.2710101446561455, 0.2782805627160609, 0.29780825014488305, 1.5664590875544835, 1.5495966576433056, 1.4867481530813127, 1.2635663537863568] 
[0.2660525715929011, 0.2710097480707182, 0.2782792915612872, 0.29779308724959447, 1.5664651138605827, 1.5496022409766583, 1.4867572043207395, 1.2635878409952603] 
[0.2660526198243446, 0.27100944171483193, 0.2782779357437006, 0.297777894235477, 1.5664710424064656, 1.54960782706126, 1.4867662979822527, 1.2636092447242495] 
[0.26605255630424063, 0.2710092172376955, 0.2782764643941712, 0.2977629120588658, 1.5664768261219617, 1.549613330487303, 1.4867753385333322, 1.2636303822290242] 
[0.26605253451156136, 0.271009024333792, 0.27827500085561657, 0.29774789197179735, 1.5664825383834993, 1.5496187686034841, 1.4867843299771588, 1.26365150045846] 
[0.2660525339262876, 0.2710088026189897, 0.27827356342598447, 0.29773286969263757, 1.5664881805109214, 1.5496241706944915, 1.4867932796591743, 1.2636725256629682] 
[0.26605243049844973, 0.2710086586180586, 0.27827218669577697, 0.29771776287215684, 1.5664937052557342, 1.5496296226179607, 1.4868022645195045, 1.2636934670516355] 
[0.26605233621979424, 0.2710085100103299, 0.27827080127221127, 0.29770265543082247, 1.5664991783609443, 1.5496350291316916, 1.4868111992489719, 1.2637143319966362] 
[0.2660523134099521, 0.27100838735419674, 0.27826945648430096, 0.29768757887770725, 1.5665045410659253, 1.5496403215448786, 1.486820111347145, 1.2637351608776974] 
[0.26605231257541684, 0.2710082314080026, 0.27826815812062367, 0.29767245833652317, 1.566509895925018, 1.5496455882909055, 1.4868289745956818, 1.2637559224563184] 
[0.2660522744453975, 0.27100804239185916, 0.27826681669265574, 0.29765738421427507, 1.566515214846256, 1.5496507595801925, 1.486837740509834, 1.2637766076206776] 
[0.2660522456119836, 0.2710078259760192, 0.2782654924635794, 0.2976423152753538, 1.566520482337192, 1.5496558849255053, 1.4868464416370288, 1.2637971997494597] 
[0.2660521906923793, 0.2710076897810425, 0.2782642952490146, 0.29762718798560267, 1.566525593102198, 1.5496609441394669, 1.4868549464943122, 1.2638176436542052] 
[0.26605204508782426, 0.27100761532399076, 0.27826296079684903, 0.2976120269035602, 1.566530612212047, 1.549666058557333, 1.486863525999099, 1.263838011908572] 
[0.2660520166390754, 0.2710075758635655, 0.27826164590578856, 0.2975971029565755, 1.5665355049978171, 1.5496711915857093, 1.4868720615802644, 1.2638581200776333] 
[0.26605199376929173, 0.27100751159843894, 0.2782602249575613, 0.2975823930749598, 1.5665402536978892, 1.5496761584989978, 1.4868805975408097, 1.263877975007757] 
[0.2660519949469013, 0.2710074366633228, 0.2782588291383312, 0.2975676837693985, 1.5665449738105885, 1.5496810591202084, 1.4868890814591953, 1.2638977519496697] 
[0.2660520111099337, 0.27100735690898486, 0.27825742764634664, 0.2975530003279953, 1.5665496472797005, 1.5496859057922294, 1.4868974927389749, 1.2639174642408424] 
[0.26605203475490985, 0.2710072526816054, 0.2782560352093065, 0.2975383310995749, 1.5665542745679761, 1.5496906958735566, 1.4869058468083536, 1.2639371052703838] 
[0.2660521432803879, 0.27100721522252236, 0.27825471552939307, 0.29752364559408695, 1.5665589732215084, 1.549695393396464, 1.4869142190527893, 1.263956829381623] 
[0.2660520615147328, 0.2710072173618543, 0.2782533675126546, 0.2975086162142993, 1.5665637781288984, 1.549700100938037, 1.4869225755818327, 1.2639768149223254] 
[0.2660520297228831, 0.2710071608792282, 0.2782520606649486, 0.29749363932730494, 1.5665685486930236, 1.549704747271807, 1.4869308471417702, 1.263996714681068] 
[0.26605198961265697, 0.27100707779216443, 0.27825073470918726, 0.2974786727125349, 1.5665732886912174, 1.5497093293843331, 1.4869390876112503, 1.2640165358213666] 
[0.26605191094755104, 0.27100693788254904, 0.278249454872906, 0.2974637720609544, 1.5665780122002906, 1.549713817228464, 1.4869472002137085, 1.2640362795000908] 
[0.26605183739323585, 0.27100678298430697, 0.2782481718164658, 0.29744889103943684, 1.566582681630315, 1.5497182707443173, 1.4869552630037939, 1.2640559543518004] 
[0.2660517737505085, 0.27100668591069127, 0.2782470177245671, 0.2974343137507085, 1.5665874380623235, 1.5497228218632788, 1.4869631204149287, 1.264075272262694] 
[0.2660517010249436, 0.2710064118871869, 0.27824574390572687, 0.2974200937324368, 1.566592282086498, 1.549727479294155, 1.4869707922249695, 1.264094168776847] 
[0.266051644958146, 0.27100614241410387, 0.2782444750141991, 0.29740588964666737, 1.5665970681705461, 1.5497320799094114, 1.4869784325455127, 1.2641129996249256] 
[0.26605157965911264, 0.27100588723405167, 0.2782432103926915, 0.29739167753391865, 1.5666017834821448, 1.5497366234519314, 1.4869860299400075, 1.2641317960688971] 
[0.26605154940343556, 0.2710056414905352, 0.2782419626013908, 0.29737743369928116, 1.566606410178372, 1.549741100593453, 1.4869935817203097, 1.2641505817708123] 
[0.26605146534229446, 0.27100543174412933, 0.27824066394596286, 0.29736317264758355, 1.566610957628609, 1.5497455820083366, 1.4870011439188175, 1.2641693073112323] 
[0.2660514764483971, 0.2710051815312146, 0.2782394306381576, 0.29734907122918797, 1.566615465409777, 1.5497500962791815, 1.4870087153851477, 1.264187842923552] 
[0.2660514168607699, 0.27100488120269567, 0.278238147209012, 0.29733496042882784, 1.5666199713752262, 1.5497546208657171, 1.4870162016428858, 1.2642062730465018] 
[0.2660513598576282, 0.27100458582165576, 0.27823686610478415, 0.2973208792975009, 1.5666244173244068, 1.5497590931128296, 1.4870236482720005, 1.2642246386244886] 
[0.2660513083126836, 0.2710042924026977, 0.2782355849108866, 0.2973068202645435, 1.566628804122463, 1.5497635144330186, 1.487031057114139, 1.2642429464817444] 
[0.26605126300010806, 0.27100402465709256, 0.27823434147791415, 0.2972927616222314, 1.5666331359445682, 1.5497678771574817, 1.4870383874158892, 1.2642611758368234] 
[0.26605122489526406, 0.27100375564410195, 0.27823308935241264, 0.29727877235645106, 1.5666373845840607, 1.5497721644291809, 1.4870456923336717, 1.2642793053620245] 
[0.26605125560675835, 0.27100350686985664, 0.2782318683836093, 0.2972647302573867, 1.5666416184392753, 1.5497764833211205, 1.4870529989755603, 1.2642974028635006] 
[0.2660512963310374, 0.27100326402592123, 0.2782306607023169, 0.29725072939867586, 1.5666457765960702, 1.5497807293765438, 1.4870602463331275, 1.2643154422710425] 
[0.2660513353287809, 0.2710030233907253, 0.27822944482103307, 0.2972367479257805, 1.56664988394429, 1.5497849297557138, 1.487067458497853, 1.2643334271824072] 
[0.2660513757998081, 0.2710027804468715, 0.2782282298979853, 0.2972227908724592, 1.56665393434966, 1.5497890871158126, 1.487074629412829, 1.2643513571600775] 
[0.26605144765403677, 0.27100254251043165, 0.27822701263067307, 0.2972088321445648, 1.5666579396727796, 1.5497932418778797, 1.4870817809027832, 1.2643692800628157] 
[0.2660515057105414, 0.27100231820405485, 0.27822579839030864, 0.29719489208074723, 1.5666619056081315, 1.5497973470591895, 1.4870889016916786, 1.2643871595559342] 
[0.2660515317951562, 0.27100211694177073, 0.2782245498124533, 0.2971809940316455, 1.5666658343341133, 1.5498013722837163, 1.4870959604482261, 1.2644049937467867] 
[0.2660515104448408, 0.27100187662110914, 0.2782232668115118, 0.29716711868044227, 1.5666697360326913, 1.549805322646919, 1.4871029387511316, 1.2644227202937501] 
[0.2660515148361728, 0.2710016504501434, 0.2782220051512703, 0.29715324768057344, 1.5666735730003678, 1.5498092753194284, 1.4871099075013932, 1.2644403896905394] 
[0.26605159836295356, 0.2710014766940824, 0.27822071377116137, 0.29713956130010594, 1.5666772825553288, 1.5498131921630276, 1.4871169059941851, 1.2644578681172545] 
[0.26605172642044844, 0.27100124769612743, 0.27821939757453745, 0.2971258994640848, 1.5666809646632214, 1.5498170062025478, 1.4871238307093624, 1.2644752332808675] 
[0.2660517775208968, 0.2710010028047251, 0.27821796848789815, 0.29711224960689847, 1.5666845556231481, 1.5498208623187018, 1.4871308532112704, 1.2644926560438416] 
[0.2660518069651627, 0.27100074363531823, 0.2782165425060834, 0.29709860618569867, 1.5666881248493263, 1.5498246933370388, 1.4871378207370554, 1.2645100120533528] 
[0.26605182761089147, 0.2710004255973439, 0.27821519129789285, 0.29708499007341527, 1.5666917000173284, 1.5498284239079565, 1.4871446954480414, 1.2645272445293176] 
[0.2660518746578002, 0.2710001626395446, 0.27821379859892686, 0.2970713449324263, 1.566695202979419, 1.5498321644921471, 1.4871515994911149, 1.2645444333100815] 
[0.2660518870389428, 0.2709998944048692, 0.27821242218648384, 0.2970577099203838, 1.5666986614551117, 1.549835900463576, 1.4871584718727386, 1.264561572091744] 
[0.26605185700091166, 0.2709996189963206, 0.27821101418388117, 0.29704407589868204, 1.5667021123727165, 1.5498395862091434, 1.4871653365414703, 1.2645786536670691] 
[0.2660518087574086, 0.2709993216816577, 0.27820964511881807, 0.29703045478845186, 1.5667055473068294, 1.5498432541772973, 1.4871721355384424, 1.2645956667724512] 
[0.26605182218995643, 0.27099897787856114, 0.27820834996049937, 0.2970168799012358, 1.5667089885327747, 1.5498469437259084, 1.4871788519833233, 1.2646126566275881] 
[0.2660518331607594, 0.2709986427583099, 0.2782070589298639, 0.29700332423490156, 1.5667123877594957, 1.5498505938107623, 1.487185531418107, 1.2646296008989542] 

Time 
96.66156458854675 
