Parameters 
 
[-0.5, -0.5, -0.5, -0.5, -0.5, -0.5] 
[-0.4940867905894375, -0.517964703738885, -0.499406961164659, -0.42161516438939056, -0.4560587956929163, -0.4201992241360989] 
[-0.14537665569990288, 0.16504045892573238, 0.9816092959980371, -0.7414895825720488, 0.3134714822264022, -0.7358113929917167] 
[-0.029193122395192117, 0.45241734209497086, 1.6029937589277907, -0.8099189290452112, 0.6615192962148093, -0.8472833436675026] 
[-0.05025058526856824, 0.4542564740719266, 1.6341108348382813, -0.7288692111590003, 0.6336229195688945, -0.8086990293367724] 
[-0.07444040617307786, 0.45662706098250355, 1.66161799861825, -0.6325486458934868, 0.6063994273200468, -0.7776477591188565] 
[-0.12882570277232688, 0.43137165333437105, 1.6909472824762246, -0.5273304883171281, 0.594920607635867, -0.7349131034371611] 
[0.06591500487973906, 0.42454131507976733, 1.8107763496594138, -0.30358913868135795, 0.5910185202711999, -0.752908819616947] 
[0.0453306681632685, 0.3837893151162133, 1.8367345791584953, -0.16636498199794517, 0.5919394977795625, -0.7324813210074768] 
[0.0509393954699311, 0.3449199336031755, 1.8610254497721088, -0.04435464724462662, 0.6086965241236099, -0.7265875713127649] 
[0.058773301300068054, 0.31229506305504334, 1.8786243632552302, 0.06958222195551125, 0.6350895436990721, -0.7326138522898293] 
[0.06569130784678504, 0.2806180796786008, 1.8920633146116652, 0.18294598644771454, 0.6687064203383754, -0.7434270140866602] 
[0.0489203018152074, 0.23442269933166218, 1.9275457005200518, 0.299285054661681, 0.6585628374056878, -0.7292485019122109] 
[0.037561584848025076, 0.24305438307417393, 1.8637601037969662, 0.34070214319629916, 0.7006468202720295, -0.7260328427351694] 
[0.05398770020249052, 0.2351028927745349, 1.839584506814913, 0.3811693821315894, 0.701898250354272, -0.7282203319116454] 
[0.06830948145569188, 0.22813871295674457, 1.819115298327589, 0.42346352138863486, 0.7020849443148999, -0.7313219453737788] 
[0.08108575204227851, 0.22244779627658426, 1.8000610736950284, 0.4657621158660487, 0.7023595753382199, -0.7342747406595154] 
[0.09315675374125618, 0.21803307417312348, 1.7827083905979555, 0.5075668432522504, 0.7026446192327189, -0.737000037329191] 
[0.08724878792039667, 0.21229541135333488, 1.7584637704827342, 0.5472529360636029, 0.7052477603770932, -0.7397157273402425] 
[0.07841747016650388, 0.20483066276384246, 1.7039333059662192, 0.6070394716067846, 0.6955206081399458, -0.7061138875666645] 
[0.0790538053045582, 0.20161881708904794, 1.658037671405932, 0.6565254084445088, 0.689189354930261, -0.6772181253959462] 
[0.08949471348915713, 0.2017183447822871, 1.6267638937352982, 0.6984650326142909, 0.6834015657701331, -0.6552976806034229] 
[0.10122936688664777, 0.20424419456274878, 1.5997054574484895, 0.7348495593694448, 0.6799944464137099, -0.6360360706343378] 
[0.09132412409020518, 0.20273999988203045, 1.5687837009947103, 0.767557670209367, 0.6782680051586057, -0.6268079576138845] 
[0.09372217535681632, 0.20481168350913137, 1.5609870924801597, 0.7821942613611766, 0.684332852682496, -0.6294477121028677] 
[0.09565010125273939, 0.2077371344971039, 1.5547722837257676, 0.7957039146406272, 0.6888758232149675, -0.629354339597038] 
[0.10073343792718317, 0.21134056329774178, 1.552633415574117, 0.8065217922877063, 0.6928226402247865, -0.6287195613480902] 
[0.1063142347635251, 0.21549931076256498, 1.5525493508994979, 0.8166838211737751, 0.6958287169468065, -0.6271662558765362] 
[0.11188481123175, 0.2199625184128942, 1.5532400340562937, 0.8266264571917414, 0.6983553122679266, -0.6250376421780075] 
[0.11704290578228788, 0.22446886695014168, 1.5538013950008838, 0.8367027979891705, 0.7007654020415224, -0.6225594494194467] 
[0.1217108435218486, 0.22871747806353296, 1.5571509881991141, 0.8457005243003263, 0.7039894725103946, -0.6202479960190538] 
[0.12141383679812837, 0.23058942832824275, 1.5565837772713549, 0.860786543198495, 0.7071680124786169, -0.6163889730982176] 
[0.12725180440927386, 0.23402132646292362, 1.561414871802198, 0.87012825985545, 0.7085148889693629, -0.6111827434183612] 
[0.13155740236456578, 0.23816699373283154, 1.5667722803557242, 0.8785326767917687, 0.7108226604276818, -0.6081585587199667] 
[0.13438854537562542, 0.23803238703041898, 1.5671301344223039, 0.8872951170173605, 0.7160860195558681, -0.6062215458360957] 
[0.13748190324899384, 0.23987544796769117, 1.5667739916821761, 0.8940717899695888, 0.7199518308744305, -0.6043486889023436] 
[0.14043743026043268, 0.2411051215228657, 1.5651747456630394, 0.9006125552866793, 0.7236595215139776, -0.6011752928186719] 
[0.14337921372821097, 0.24259673442179447, 1.5639439105946376, 0.9068490517635384, 0.7273981137792975, -0.5979111804625675] 
[0.14645467364443718, 0.24424844345761323, 1.562833185028754, 0.9127280925451167, 0.7312081863979698, -0.5942354935899616] 
[0.1488360622876798, 0.24649877667476602, 1.5614917251530283, 0.9182688253649256, 0.7350284772715965, -0.5907457893859078] 
[0.15073917615137555, 0.24944495406606607, 1.5614590410846763, 0.9234060614592104, 0.7391578502792413, -0.587875434513597] 
[0.15309231640676194, 0.25164196480166356, 1.5605633532095495, 0.9287978863036712, 0.7430512944581229, -0.5847200568677092] 
[0.15545793913607242, 0.253801930338122, 1.559557674284735, 0.934077007138942, 0.7468060477083205, -0.5812586798090458] 
[0.15786698451828202, 0.25583675858098737, 1.558355993045238, 0.9392528802217567, 0.7504408672187456, -0.5774109183636458] 
[0.1604429681606072, 0.25752184278184115, 1.5563738848295507, 0.9442891300698794, 0.7541493810011972, -0.572788577317915] 
[0.16292839332518302, 0.25928455550649065, 1.554300662064736, 0.9492268039898376, 0.7577139913561927, -0.5678902804451672] 
[0.16535824309200403, 0.2611000586050865, 1.5520836994512883, 0.9540441021517813, 0.7611337461328567, -0.5626893238666307] 
[0.16768187422976405, 0.2630099890247501, 1.5497624203922669, 0.9587788300649306, 0.7644194481800396, -0.557249948199764] 
[0.16968465358194373, 0.2639666362868745, 1.5460258636010002, 0.9644748908280486, 0.7674737128286653, -0.5503677123280237] 
[0.17155009521328682, 0.26526651489972275, 1.5423848597769434, 0.96993806214405, 0.7704469262942576, -0.5433855712467239] 
[0.17302521224419087, 0.2668727571296661, 1.5393364040776256, 0.9748066138835486, 0.7731029256856433, -0.5361990313310437] 
[0.17359759241225278, 0.267476492491163, 1.535120908506826, 0.9812782157750068, 0.7754887996466491, -0.5293160080029214] 
[0.17466013562525148, 0.2679354377611512, 1.5308537900844992, 0.9870473742104362, 0.778062903271083, -0.5220757388534456] 
[0.17617200810299374, 0.2680876614848276, 1.5255934773297308, 0.9923273370057032, 0.7810526679632174, -0.5139585679869273] 
[0.17743847234905777, 0.2686911767919248, 1.5203651943138274, 0.9973842870036999, 0.7839206121945012, -0.505786491784833] 
[0.17897793795611852, 0.2692591613683081, 1.5147272458294843, 1.0024434897659336, 0.7869893775143578, -0.49746417673085186] 
[0.18008643736146773, 0.2705828146537027, 1.5093003518190398, 1.0072008656454088, 0.7896854180382005, -0.48896993730570704] 
[0.1806317615635192, 0.27296713272373613, 1.5043186194878941, 1.011591899072925, 0.7920214008278416, -0.48058051580312783] 
[0.181812648646391, 0.2746500366575011, 1.4988829537810389, 1.0160555662222712, 0.7945797700431648, -0.47198040990498014] 
[0.18288386966590794, 0.2766739079819509, 1.493516270905314, 1.0203600444964396, 0.7969817102358636, -0.4633454001006939] 
[0.18378337106858986, 0.27913385802527224, 1.4882631067089769, 1.0244813466778095, 0.7991892030796863, -0.45467430588334345] 
[0.18477876856759415, 0.28124844649244113, 1.4829713085291623, 1.0282808168906294, 0.8017031143082853, -0.44564267948262887] 
[0.18583981586973647, 0.2829396794530848, 1.477238211274475, 1.0323338093484293, 0.8045656085111227, -0.4364721141751972] 
[0.18676043084414698, 0.2850464448525151, 1.4715711740933841, 1.0361987530297891, 0.8072991334611954, -0.42740236844519286] 
[0.18674847100159805, 0.28890509840875317, 1.466037932645307, 1.0394066395316537, 0.809805065537928, -0.41915432918946594] 
[0.18702118701578094, 0.2925431192000766, 1.4603202589320396, 1.0424940822917832, 0.8122553404467004, -0.410666000637444] 
[0.18728310034773757, 0.2964301310235646, 1.4542441875616645, 1.0452769994406053, 0.8146812972600459, -0.40211123150755995] 
[0.18809113582594691, 0.2998077199694439, 1.4479802325874496, 1.04775441531703, 0.8172754275445628, -0.39321781041038223] 
[0.18936587272221808, 0.3028998526824507, 1.4445630282778783, 1.0513462460255465, 0.818983743047991, -0.3864904426716275] 
[0.19079227953082997, 0.30586046018641155, 1.4408803292339738, 1.054806545998155, 0.8206843173624929, -0.37952826174543164] 
[0.19231035238217037, 0.30875271550113187, 1.4370136181537807, 1.0582062525123124, 0.822378581728243, -0.3724253754798987] 
[0.19444820229577006, 0.31088209163736996, 1.4323231849717146, 1.0610419705552967, 0.8243968805396793, -0.3651172787096896] 
[0.19639727549922525, 0.31323283760554266, 1.4276282827550544, 1.0638973992194607, 0.8262488135647604, -0.35780161291413715] 
[0.19823934583416858, 0.3157356787075561, 1.4229359717700647, 1.0667441999241056, 0.8279647836435942, -0.3504184765725367] 
[0.20033358462506992, 0.3181731629486264, 1.4181654120002027, 1.0692682369315822, 0.8295879663225132, -0.3430196845514645] 
[0.20220717580350414, 0.3209061399750286, 1.4135422162613613, 1.0717895866964606, 0.8309982862443156, -0.3356540829230828] 
[0.20452846654007775, 0.32318373153887797, 1.408464448330387, 1.0740587044281655, 0.8327659879067185, -0.3281122712735864] 
[0.20716230249090847, 0.3258261566713196, 1.403043181030582, 1.0759269884936524, 0.8344884796677156, -0.3205899668031255] 
[0.21026396681865764, 0.3284339986611108, 1.3973806753453084, 1.0774114633206904, 0.8361700647330846, -0.3123882159565227] 
[0.21308312343115754, 0.3312832088955723, 1.3918116347493823, 1.0789566501426964, 0.8376611066310755, -0.3042141087838205] 
[0.2156635020093766, 0.3343452538686475, 1.3863142709377048, 1.0805556233457145, 0.8389746395310294, -0.29605650197676714] 
[0.21832752920043555, 0.33763422197364107, 1.3803729743956163, 1.081991676668822, 0.8402166977925811, -0.2877829058441176] 
[0.22048236561835344, 0.34097478725189106, 1.3747094947045289, 1.0839727358588007, 0.8411333119357418, -0.2800352533891516] 
[0.2225470621183363, 0.3444200794871174, 1.3687597780315748, 1.0858719730547663, 0.8417844182769066, -0.27196060760439417] 
[0.22434699183698437, 0.34821329582061233, 1.3628546062633184, 1.0878137873638853, 0.8421575155184456, -0.2639643077950169] 
[0.2261605693616521, 0.35210722572831415, 1.3570663588307832, 1.0896117119994502, 0.8423205048768246, -0.25588372963224626] 
[0.2274631108987725, 0.3566501333785875, 1.351059498915665, 1.0912115217997658, 0.842408000894529, -0.2481054388943125] 
[0.22878873367679353, 0.36116593170878525, 1.3450545702283967, 1.0928061600244863, 0.842501315178178, -0.24012593117224862] 
[0.23013516412725799, 0.3657292582286914, 1.3391114847817533, 1.0943568111948423, 0.842463544192261, -0.23207628985987225] 
[0.23129096715254396, 0.3701981175864361, 1.334820985577501, 1.0964049935827016, 0.8420668474483681, -0.22510998333594115] 
[0.2323039257607656, 0.3749352913896941, 1.3304829332738122, 1.098494907178108, 0.8414011419049727, -0.21816522695038254] 
[0.23355801827560396, 0.37995816603749216, 1.326014919189153, 1.100321026142555, 0.8403815813876674, -0.2112104382469037] 
[0.23492538426157739, 0.38514336823996986, 1.3217345486118548, 1.1019958992613288, 0.8391801390531465, -0.2043322183251013] 
[0.23666849633706613, 0.3903812364125472, 1.3170506788712186, 1.1034896186121947, 0.8380260284377827, -0.19737584189839866] 
[0.23859950070031558, 0.3954277610155299, 1.3125251341136515, 1.1050691950953342, 0.8367991509439898, -0.19017892152413132] 
[0.24033439511016852, 0.40059826080568883, 1.3079047068315095, 1.1068329673345356, 0.8355909317952691, -0.18301691611451235] 
[0.24205377224384786, 0.40581131172906965, 1.3033125923414468, 1.1085722579358386, 0.834321998223666, -0.17581641651785132] 
[0.24376135370019933, 0.411059162868156, 1.2987453140896297, 1.1102910280282616, 0.8330009478155679, -0.1685804059098812] 
[0.24547537450739096, 0.4163649376951552, 1.294149520864403, 1.1119425071835336, 0.8315474452588322, -0.1612344996584979] 
[0.2471822571587449, 0.4217007777253937, 1.2895860774310128, 1.1135895008293795, 0.8300579313031295, -0.15387247020554157] 
[0.2490497740282166, 0.4269529385854916, 1.2849747727120118, 1.115059679749877, 0.8283799060621782, -0.14660617978202717] 
[0.2509146380573466, 0.43217039532874457, 1.2803562673253759, 1.1165510243237904, 0.8267830811719585, -0.13925890054834766] 
[0.2527654238041726, 0.43741029133793996, 1.2758063830479331, 1.11806160147913, 0.8251941828661689, -0.13193398401778972] 
[0.25463646713957433, 0.44297461222626716, 1.270907993536004, 1.1195964980091684, 0.8234000038089831, -0.12456654777456948] 
[0.2564810786445441, 0.44853249270959517, 1.266108844629057, 1.121125609013381, 0.8216075056883363, -0.11719406440346375] 
[0.2582426141662634, 0.454146969742785, 1.2614626765034365, 1.1227061375633949, 0.8198285597850157, -0.10980360121628521] 
[0.26024580533152086, 0.4601313707857786, 1.256837139249516, 1.12389781860018, 0.8175859148520473, -0.1024363694030542] 
[0.2622410481154619, 0.46607256621405535, 1.252294013599882, 1.1251242605740055, 0.8153947999074479, -0.09508724800479389] 
[0.26393615285114574, 0.47275832088524744, 1.2478084269550822, 1.126329876877826, 0.8124834097966113, -0.08793391753144549] 
[0.2656704536908292, 0.4793490915047858, 1.2434361925938093, 1.127574672170317, 0.8096610881132977, -0.08081896691950155] 
[0.2676270127832394, 0.48577914133568667, 1.2392837273994728, 1.1286149165378219, 0.8067785193879916, -0.07364938137659581] 
[0.2694718206174425, 0.49211891686955744, 1.2353212769874984, 1.1295882915981468, 0.8038473809691381, -0.06651607088873784] 
[0.2711896541480455, 0.49818520275517186, 1.2315125943350107, 1.1309064460271716, 0.8010284150189363, -0.059694725347374245] 
[0.27303234039966734, 0.5040874492010132, 1.2276027327629848, 1.1323270824348204, 0.798399017311713, -0.052813727563733] 
[0.27453362501923767, 0.51146654466142, 1.2237576993471593, 1.1331007350054778, 0.7941820466134597, -0.04624548385759006] 
[0.2761630362650384, 0.518567824493137, 1.2199988477489954, 1.1339822876767136, 0.7902430353290175, -0.03977777315058458] 
[0.27800212733585056, 0.5252500448744629, 1.2164909711213783, 1.1348730510930007, 0.7867052436289649, -0.033401094059569314] 
[0.27981839903518546, 0.5317771531208654, 1.2131579656746767, 1.1358476385769738, 0.7834005296838754, -0.027103543939216976] 
[0.2820308801177215, 0.5380758701785711, 1.2098453788784787, 1.1365597448373603, 0.7800450121504618, -0.021001822228517084] 
[0.28395683382143055, 0.5442195248724013, 1.206539222448662, 1.1377199683809893, 0.7772007448505555, -0.015147609047160178] 
[0.2859239128254506, 0.5500747669013669, 1.2033459197623158, 1.1389457346125142, 0.7746398680560953, -0.009313575508935495] 
[0.28769095475810536, 0.5552953586779855, 1.2000476864174225, 1.1403624888215989, 0.7725658045037908, -0.0036017740470313288] 
[0.28940487267178444, 0.5604631025541237, 1.197107781177693, 1.1418225887629512, 0.7705946192266734, 0.0019501460648233826] 
[0.29106560793839914, 0.5653361556179746, 1.1942896117192625, 1.1435529170030263, 0.7689870247658548, 0.007587305135741247] 
[0.29265622051802587, 0.5691688685145185, 1.1913074803290167, 1.1457336358463739, 0.7684844464290815, 0.013173804288476896] 
[0.29404393734483836, 0.5726262029359525, 1.1886944170299079, 1.1478073229305177, 0.7682271939808767, 0.018499126004664183] 
[0.29565112418444417, 0.5760993947689681, 1.1860324868010017, 1.1497538603904347, 0.7681025090368717, 0.023709123702773272] 
[0.29725677485885915, 0.5799161555964462, 1.1834983980796905, 1.1514841828543871, 0.7675948817933084, 0.028760873508690294] 
[0.2990338687260469, 0.5833858254194155, 1.1804954009135409, 1.1531736149191896, 0.7672557601064732, 0.034219030014114735] 
[0.300815075601411, 0.586622096754514, 1.1774514144932828, 1.1550527285719923, 0.7671807357018163, 0.0396978571993262] 
[0.30249495422618955, 0.5896158814428707, 1.1746910332191653, 1.1570408453984853, 0.7673403621370862, 0.045043685420054325] 
[0.30411188376313325, 0.5925307375242761, 1.1721824061203405, 1.1590281095849886, 0.7675733598124519, 0.05028539322525517] 
[0.3056741266952386, 0.5953577366754744, 1.1698740414163131, 1.1610174607279249, 0.7678831959749371, 0.055443384610658925] 
[0.30716918032282076, 0.5981408630021553, 1.1677455992759123, 1.1630118292385687, 0.7682392034274883, 0.0605225516958935] 
[0.3086567602288005, 0.6009995951577243, 1.1657269422844485, 1.164935958852204, 0.7685083759445155, 0.06547577999246272] 
[0.3101262816158141, 0.6037143752074803, 1.1638364187679047, 1.166904242213814, 0.7689168145666094, 0.07036433023495627] 
[0.311595340794585, 0.6062025737144641, 1.1619612037686835, 1.1689420072448478, 0.7695259905161664, 0.07526703924960418] 
[0.313022224053667, 0.6085990506641181, 1.160333365198033, 1.1710004971602306, 0.7701906342731828, 0.08001099448121392] 
[0.314244446235381, 0.611208062328723, 1.1590711015223982, 1.1728800695054442, 0.7706274204424429, 0.08444602998999409] 
[0.31563081327986536, 0.613287989933086, 1.157765664639808, 1.174875861291602, 0.7715833450303624, 0.08886367116556368] 
[0.3170154603199448, 0.6151399408229032, 1.1563596534577634, 1.176991227735666, 0.7727746581960764, 0.09334354151117441] 
[0.3184189477847039, 0.6167264946537604, 1.1547999611519582, 1.1791918876781875, 0.7742306213436603, 0.09793506568058531] 
[0.3195917081371638, 0.6188015910176468, 1.1536902060963325, 1.1810953813115674, 0.7751142236140085, 0.10216408986739767] 
[0.32073123845830054, 0.6202310862741371, 1.152299014107362, 1.1833277519342544, 0.7766414081860143, 0.10648267166202552] 
[0.3218366818047052, 0.6216298004089347, 1.1509949151622048, 1.1855557885885042, 0.7781750920192411, 0.1107370617115475] 
[0.3229029021848806, 0.6229981984718511, 1.1497862588017942, 1.187770939766568, 0.7797058384089067, 0.1149320083694309] 
[0.3239489628091565, 0.6243281214067324, 1.1486253064053977, 1.1899900521492006, 0.7812624659774938, 0.11907915547374544] 
[0.3248416166259497, 0.625903768263017, 1.147393185113947, 1.1920584620232544, 0.7827365243649717, 0.12307980548545094] 
[0.3257596712629926, 0.6273656916320612, 1.1461397393584312, 1.194168872070655, 0.7842835872127856, 0.12709512527729847] 
[0.3266684906945202, 0.6288114924423024, 1.1449556404239047, 1.1962573958859224, 0.7858115890785107, 0.1310677128926749] 
[0.3276666634190306, 0.6302026708618029, 1.1437136967295252, 1.1983113203096603, 0.7874122979402908, 0.13500071212914463] 
[0.32862912558156576, 0.6314587124717966, 1.1425016955495841, 1.2004211287626751, 0.7891105484122954, 0.13890423659002482] 
[0.32954373023721045, 0.6327815293882318, 1.1411517539492304, 1.202449486432723, 0.7906736201599157, 0.14290118624177675] 
[0.33035250487536816, 0.6338414815030516, 1.139906598508716, 1.2044454080376694, 0.7923966589936213, 0.14679341715989208] 
[0.3310824987561358, 0.6347527558699381, 1.138544442663904, 1.2065531874047009, 0.7942159253375695, 0.15079245890999862] 
[0.3319592140559695, 0.6353798414305019, 1.1370219213396964, 1.2086397750403357, 0.796246066592121, 0.15481028454985632] 
[0.3327933307074727, 0.6359229980960711, 1.1355418880530737, 1.2107615842772257, 0.7983440165898774, 0.15879271722738295] 
[0.3335702589713231, 0.6362740113413646, 1.1338532389224636, 1.2130365331125323, 0.8005869520719158, 0.1629723990371154] 
[0.33437824276422845, 0.6365030247266422, 1.1321985049888752, 1.2153448664168434, 0.8029748710167512, 0.16713343854392118] 
[0.33514747403725526, 0.63672042623008, 1.1306501591003428, 1.2176175859007528, 0.8053627163066844, 0.17121811608883747] 
[0.3358796818819509, 0.6369367787440167, 1.1291658018312876, 1.219864394201929, 0.8077253855702569, 0.175257395956184] 
[0.3365831020738007, 0.6371396961620955, 1.127730649437496, 1.2220967315048599, 0.8100793524210267, 0.17925441305201506] 
[0.3372943793321868, 0.637459112359612, 1.1263619289156492, 1.2243149938427411, 0.8122931978108986, 0.18312314395309678] 
[0.33797691278184044, 0.637772599421543, 1.1250552011314712, 1.2265120568154686, 0.8144910071719412, 0.18694404623525976] 
[0.33863843429555107, 0.6380844920594823, 1.1238257957306041, 1.2286980186899041, 0.8166812412100518, 0.19070012729809555] 
[0.33927000738711915, 0.6382629976229792, 1.1225788542805242, 1.2309479213283083, 0.8190125168307842, 0.1944501211167693] 
[0.339887565874977, 0.6386322897722205, 1.1213266811248292, 1.2330336941194286, 0.8210586086614446, 0.19808142498624634] 
[0.34048318440153896, 0.6389851691741929, 1.1201283309940122, 1.2351031781895314, 0.8230961118661372, 0.2016694684069924] 
[0.3410608212383974, 0.6393228264819955, 1.1189756649818934, 1.2371581070340367, 0.8251263824502281, 0.2052160449802148] 
[0.34162538779381435, 0.6396676121101922, 1.1178561857996827, 1.2391982592774409, 0.8271286879629364, 0.20871500647528224] 
[0.3422290203536781, 0.6399464113895023, 1.1166572135643889, 1.2412645504510322, 0.8290992851183419, 0.2121689056333115] 
[0.3428110392842219, 0.6402179453709217, 1.115527465523334, 1.2432935888093741, 0.8310467641779, 0.21557860993119649] 
[0.3433765865417872, 0.6404635885857096, 1.1143798051433307, 1.2453086816326544, 0.8330000949851359, 0.21902953447314844] 
[0.3439339546700347, 0.6406809653559852, 1.1133382263199463, 1.2472614722888011, 0.8349097223855702, 0.22243024129014297] 
[0.344386014128024, 0.641055397541689, 1.112425900490356, 1.2490875082946375, 0.8365992680803589, 0.2256646548000788] 
[0.34483844959444154, 0.6414146640549069, 1.1115368826430385, 1.2509159434114083, 0.8383006440505548, 0.22885283936475512] 
[0.34528090107355314, 0.6417972078253383, 1.1106204210716253, 1.2527245625279493, 0.8399694825482632, 0.23202609936674945] 
[0.3457404567339205, 0.6421959747290632, 1.1096990943429879, 1.2545270274301676, 0.841624060534229, 0.2351494616797976] 
[0.34618189235480623, 0.6426110254674153, 1.1088001395065736, 1.256322612943573, 0.8432565609633853, 0.23824657376773695] 
[0.3466250108553568, 0.6429908997303185, 1.107918034702803, 1.2581154466237086, 0.8449097040749748, 0.24131405043866155] 
[0.34699941388104016, 0.6432705287555294, 1.1071885763200042, 1.259853200691406, 0.846601080752874, 0.244248819883047] 
[0.34738379871370095, 0.6435112556641462, 1.1064809610141895, 1.2616043548878575, 0.8483232119052225, 0.2471385421318518] 
[0.347757950368154, 0.6438394481108136, 1.1057267205574772, 1.2632995437866035, 0.8499819907495422, 0.2499674585926843] 
[0.3480828473734134, 0.6441837566631593, 1.1049354363374664, 1.265004459569226, 0.8515655480011793, 0.25274232253213297] 
[0.3483865317831074, 0.6443524967910007, 1.1041007131792342, 1.2668151133948904, 0.8533241803137497, 0.25551051225928023] 
[0.34868794981410905, 0.6445060164945894, 1.1032848147948506, 1.2686086147911562, 0.8550774120537428, 0.2582545583955766] 
[0.3489869655889726, 0.6446419406308175, 1.1024853648954045, 1.2703882303706069, 0.8568287423179433, 0.2609744834170661] 
[0.3493701701767448, 0.644642999615604, 1.101611892757906, 1.2721308227189951, 0.8586756368438389, 0.2636879337708163] 
[0.34976750000422263, 0.6446245431599633, 1.1006855944711762, 1.2738287338792154, 0.8604944397968729, 0.2664366894081665] 
[0.35014021819649876, 0.6446225122121559, 1.0998200123222248, 1.2754971015513021, 0.8622871932427463, 0.2691316844055802] 
[0.3504766933965815, 0.6446079306473621, 1.0989760250009406, 1.27717668966517, 0.8640807260745802, 0.27179929018965754] 
[0.3508014718071116, 0.6445864840565234, 1.0981479688385705, 1.2788433424683556, 0.865863575786368, 0.274441669420616] 
[0.35112690682610426, 0.6445345276885628, 1.0973294359756696, 1.2805334094289895, 0.8676231139344338, 0.2770293638184171] 
[0.35143659618471323, 0.6444786926639149, 1.096523014459412, 1.2822035139636707, 0.8693699329462121, 0.279598596012215] 
[0.35171479531061234, 0.6443881664358185, 1.0957114950715547, 1.2838698324248676, 0.8711273671839634, 0.28214392763482454] 
[0.3519806814128466, 0.644283093046164, 1.0949049892477427, 1.2855283925999401, 0.8728864611283037, 0.28467222820202737] 
[0.3522720108471211, 0.6442719429546553, 1.094058991999728, 1.287181434545348, 0.874545057403319, 0.2871495621771186] 
[0.35255492885868955, 0.6442629637884949, 1.0932379759939104, 1.288818055826331, 0.8761920202507912, 0.28960196003363164] 
[0.35282457730491773, 0.6442481658992305, 1.092441399641059, 1.2904334860944184, 0.8778291083727665, 0.29203118346355045] 
[0.3530710253078504, 0.6442086635036006, 1.0916931665360707, 1.2920469091587286, 0.8794797336280139, 0.2944195110177726] 
[0.35329383743487947, 0.6441211000811136, 1.0909571027333405, 1.2936599332821321, 0.8811663925208357, 0.296796453084554] 
[0.35349642171052664, 0.6440355847124475, 1.0902369786996373, 1.295261607352176, 0.8828295565791916, 0.29914313222117755] 
[0.35371103044210284, 0.6438590654803718, 1.0893862671164858, 1.296866497089554, 0.8845395519384561, 0.301586967651723] 
[0.35391616006028404, 0.6436803942596308, 1.0885564098925786, 1.2984522488640275, 0.8862410923269286, 0.3040054599790626] 
[0.3540728704369697, 0.6433850106733975, 1.0876723365507663, 1.3000033716629797, 0.8880246010951106, 0.3064087773419707] 
[0.35422409008131667, 0.6430857924982982, 1.0868100692224878, 1.3015399083331702, 0.8898010180847266, 0.3087864087998137] 
[0.35437750450745564, 0.6428030838033778, 1.0859431436508324, 1.3030451188192382, 0.8915446607632036, 0.3111547752268561] 
[0.35452400443762433, 0.6425118658654504, 1.085093059244715, 1.3045316922749446, 0.8932880985924107, 0.31349581734998067] 
[0.3546687287131995, 0.6422152668962705, 1.0842475112575405, 1.3060040593264706, 0.8950225422417641, 0.31582229970235626] 
[0.3547959492185767, 0.6418672259224323, 1.0833873042667772, 1.3074628777052704, 0.8967973264853157, 0.31813334418438327] 
[0.35495310907030764, 0.6415141121430843, 1.0824949280213554, 1.308917765702834, 0.8985337541269547, 0.32041754100056785] 
[0.3551026636658273, 0.6411626315025967, 1.081626423286467, 1.3103505371911752, 0.900254280582004, 0.3226788139176129] 
[0.3552462290188251, 0.640823756774747, 1.080792704427032, 1.3117545699261224, 0.9019465736296451, 0.32490395084989276] 
[0.35534778801013805, 0.6404814507242954, 1.0800281080574776, 1.3131225206898662, 0.9035892815106521, 0.327092495720054] 
[0.3554407822374169, 0.6401313192880115, 1.079212504181039, 1.314458058841326, 0.9052028527240007, 0.32931042502715707] 
[0.3555375984639627, 0.6397894925329006, 1.07840606424014, 1.3157839608925943, 0.9068032085292056, 0.3315075204611661] 
[0.3556543103537803, 0.6394357725317157, 1.0776392814570068, 1.3170753023645163, 0.9083754478251611, 0.333676137471473] 
[0.3557692882959777, 0.6390844604058258, 1.0769194864966616, 1.3183503810706312, 0.9099531357738098, 0.3357895438401] 
[0.35588069590977683, 0.6387378375038771, 1.0762035063022266, 1.319619986662102, 0.9115227304076301, 0.3378798641827951] 
[0.35600235281507997, 0.6383473115575442, 1.0755205794444593, 1.320916175039702, 0.9131407746344821, 0.33992715724472655] 
[0.35604189427031796, 0.6379904137505078, 1.0749217011023107, 1.322096490819025, 0.9146054528622352, 0.3418588909787395] 
[0.3560794544289937, 0.6376599834679216, 1.0743374976380455, 1.3232745077490975, 0.916046028725113, 0.34374931852463203] 
[0.35612204705651657, 0.6373333751258253, 1.0737416262396677, 1.3244466622392734, 0.9174788832552766, 0.3456253957576652] 
[0.35617909662129255, 0.6370090796052881, 1.0731399109274955, 1.3256030694169203, 0.9189193314831532, 0.3474988913142961] 
[0.35624772420955336, 0.6366840546101753, 1.0725223032641682, 1.326768375861162, 0.9203680939602278, 0.3493548151982382] 
[0.35632271511462066, 0.6362994570762586, 1.071892556197296, 1.3279526580072838, 0.9218732506370482, 0.3512091224258614] 
[0.35639440400071626, 0.6359216574339905, 1.0712549114369239, 1.3291249092401454, 0.9233631035331015, 0.3530531567224001] 
[0.35647738885596536, 0.6355324877155654, 1.070647650582258, 1.3302776424734197, 0.9248547673229353, 0.3548594894134615] 
[0.3566025742389421, 0.6351275551239947, 1.0699283325594116, 1.331415707162683, 0.9263439350202333, 0.3567361217296936] 
[0.35670739960130976, 0.6347484899916306, 1.0692227402758208, 1.332548123609132, 0.9278060377787477, 0.35859186645520985] 
[0.35680865055460154, 0.6343611446031198, 1.0685318822365386, 1.3336818332333114, 0.929273394136621, 0.3604235925878805] 
[0.3569026523899992, 0.6339805257071901, 1.0678434069492262, 1.3348046982762585, 0.9307274318979487, 0.3622403127276389] 
[0.3569759426589248, 0.6336328820308872, 1.0671510915685178, 1.335913157600567, 0.9321539551353489, 0.3640294274040332] 
[0.35706371815527194, 0.6332752482975328, 1.06646125921498, 1.3370121005652587, 0.9335944761474838, 0.36581022989748563] 
[0.3571450655880735, 0.6329199788007442, 1.065772570875026, 1.3380993853061025, 0.9350205868229642, 0.3675798675725739] 
[0.3572284698254064, 0.6325611961670244, 1.0650777973523526, 1.339176905523123, 0.9364431526904604, 0.3693460365268644] 
[0.3572982606990735, 0.6321906674116924, 1.0644056964555488, 1.3402603853564097, 0.9378728430591557, 0.37108538597506496] 
[0.3573558230805869, 0.6318093445631615, 1.0637526361238339, 1.341348804182937, 0.9393083062195862, 0.37280029679040183] 
[0.3574504266332296, 0.6314701074849178, 1.0630610655287716, 1.3423649434674192, 0.9406529585176745, 0.3744903602638435] 
[0.357530892909151, 0.631119951835794, 1.0623922786196525, 1.3433856776454889, 0.942003903082535, 0.3761551765368039] 
[0.35760907332674224, 0.6307918047866824, 1.0617385426998436, 1.3443796142224338, 0.9433201149309975, 0.37780261493842016] 
[0.35766224001324487, 0.6304711353988685, 1.0611047313266304, 1.3453497755498194, 0.9446498639516993, 0.3794577190716869] 
[0.3577133127074735, 0.6301471421987409, 1.0604671823751661, 1.346315690871893, 0.945969922713412, 0.3811027969780904] 
[0.3577362378285429, 0.629863183954905, 1.0598649234599429, 1.3472412349030845, 0.9472242953935164, 0.3827208767331995] 
[0.3577668191034786, 0.6295679260630797, 1.05927401289192, 1.3481547075608862, 0.9484613945785962, 0.38432397423945663] 
[0.3578139221626159, 0.6292612204563761, 1.0586425366285903, 1.3490467443163379, 0.949682282066756, 0.3859460789088808] 
[0.3578613404065033, 0.6289550258717275, 1.0580176046396594, 1.3499407341938434, 0.9508997895323033, 0.38754525096102194] 
[0.35791033036315295, 0.6286233389914796, 1.0573556162676867, 1.3508343126473739, 0.9521549812832659, 0.38917965239086605] 
[0.3579651928966059, 0.628281758027943, 1.0566898918334515, 1.3517251436603228, 0.9534111604560063, 0.39079744641717257] 
[0.3580276563806857, 0.6279274761459336, 1.0560203648556097, 1.352609732320268, 0.9546727726773399, 0.3923993775511313] 
[0.3580622428697202, 0.6275921585176648, 1.055405916390461, 1.3535141686943721, 0.9559386577218273, 0.39393825278809996] 
[0.35812064322635473, 0.6272367834035744, 1.0547267807891672, 1.3543837648720645, 0.9571798506176533, 0.3955235801755994] 
[0.35817880912726624, 0.6268749916250578, 1.0540488046758811, 1.35525014619841, 0.9584173552181589, 0.3970982212298032] 
[0.3582561615432695, 0.6264819390692491, 1.053355967348104, 1.356104928315209, 0.9596793839313775, 0.39866118781438703] 
[0.3583264531183998, 0.6260906713500161, 1.0526679079181638, 1.356955833509722, 0.960930981872914, 0.4002091302166373] 
[0.3583921717519277, 0.625697016189901, 1.0520032801079935, 1.3577984338297213, 0.962181215840858, 0.40172812943095104] 
[0.35843108257960254, 0.6253370734230751, 1.0513699416607052, 1.3586076664626645, 0.9633745635736022, 0.40322189710649947] 
[0.35846030848471366, 0.6249954101682932, 1.0507180011211117, 1.3593998100158564, 0.9645357170221298, 0.4047158072940128] 
[0.35847547976381194, 0.6246359491874539, 1.0500914344369239, 1.3601836095789033, 0.9656992685313108, 0.40617415163911863] 
[0.35849216092357494, 0.6242745814972683, 1.0494617521362597, 1.360966552331536, 0.9668580160285214, 0.40762130012329617] 
[0.3585109791728566, 0.6239080355896222, 1.0488309972847214, 1.3617475230978993, 0.9680140300253822, 0.4090542786396136] 
[0.3585271677593266, 0.6235418656151288, 1.0481988601517083, 1.3625287220462432, 0.969161480137004, 0.41047634639758235] 
[0.35856840959580344, 0.6232096071385338, 1.047640419188911, 1.3632793109848818, 0.9703100589380625, 0.41181962023889274] 
[0.3586063149018325, 0.622876643985692, 1.0470812280984156, 1.3640283153381978, 0.9714466094243669, 0.4131517065546104] 
[0.3586483571720511, 0.6225948191386369, 1.0465746006747156, 1.3647894192931815, 0.9725222206700763, 0.414410481888165] 
[0.35868761984064973, 0.6223119638812316, 1.0460703326428609, 1.3655475820264718, 0.973589035527973, 0.4156580093972272] 
[0.35872011678290733, 0.622029821063301, 1.0455703178442888, 1.3663039945173945, 0.9746466831075521, 0.4168925325340251] 
[0.3587426197844441, 0.6217502293427634, 1.0450815247028051, 1.3670625500310278, 0.9756976279135865, 0.4181079344527442] 
[0.3587634488062934, 0.6214698447254201, 1.0445894808801512, 1.3678149525997538, 0.9767374309891108, 0.41931770272900576] 
[0.3587815438559907, 0.6211892225110475, 1.0440944874433795, 1.3685628972423645, 0.9777669779350552, 0.420520524017466] 
[0.358799069111939, 0.6209020240044899, 1.0435945478244686, 1.3693102168815066, 0.9787942219204265, 0.42171736958593] 
[0.35881842983775564, 0.6205936748274764, 1.043080510263075, 1.3700568030507965, 0.9798472184725303, 0.42293616644453064] 
[0.3588320630082307, 0.6202880822218381, 1.0425739584733429, 1.370782326528302, 0.9808739803831394, 0.4241526868824644] 
[0.3588441571490707, 0.6199814781936114, 1.042065193168992, 1.3715029236403784, 0.9818913709706285, 0.4253611249956873] 
[0.3588548486882082, 0.619670814901219, 1.0415501696831426, 1.3722210630283826, 0.9829062332224932, 0.42656350659175324] 
[0.3588616241905687, 0.6193853008394107, 1.0410438451716728, 1.3729113565165134, 0.9838809047213442, 0.4277606338444471] 
[0.3588660011791043, 0.619102424383148, 1.0405323491263336, 1.3735951048855344, 0.9848432021020902, 0.4289510896670704] 
[0.35887342235532377, 0.6188121427305614, 1.0400121867798031, 1.3742750281273892, 0.9858113675913427, 0.4301447909492539] 
[0.3588796711998454, 0.618519856288038, 1.0394922107719622, 1.3749518727704129, 0.9867725723859305, 0.43132827469811164] 
[0.3588848102827741, 0.6182255829224034, 1.0389722449417211, 1.3756251809377902, 0.987726845498415, 0.4325020933731647] 
[0.35889506076837313, 0.6179228532961331, 1.0384317223074577, 1.3762634543877466, 0.9886377308584199, 0.4336534943099503] 
[0.35890320555990635, 0.617618636618141, 1.037893179523257, 1.3768984697479447, 0.989543851459498, 0.43479521590024534] 
[0.35891641651577777, 0.6173005146346481, 1.0373541292983386, 1.3775344078684684, 0.9904461635258767, 0.4359469701411019] 
[0.35892609315260554, 0.6169803974813842, 1.0368173161251675, 1.3781670439123437, 0.9913463645356406, 0.4370892230315042] 
[0.35893379498638817, 0.6166612399827708, 1.0362815545564974, 1.378798389685349, 0.9922441346235779, 0.438220209198543] 
[0.35893326077354376, 0.6163269568002561, 1.0357418570579842, 1.379422529549652, 0.9931530681537464, 0.43934011655676797] 
[0.358937176773648, 0.6159865753437724, 1.0351623709392919, 1.3800411719336358, 0.9940626829880664, 0.44048893044369086] 
[0.3589335366578836, 0.6156458238892965, 1.034582408660338, 1.380661486974484, 0.9949606511735627, 0.4416215093282371] 
[0.3589171155322538, 0.6153005251080447, 1.033975181008109, 1.3812784477821465, 0.9958582587384094, 0.4427745699203077] 
[0.3589022973411365, 0.6149537174453243, 1.0333796993957318, 1.3818799511141906, 0.9967431153046649, 0.44392131835336385] 
[0.3588864957638328, 0.6146057662101988, 1.0327889431894932, 1.382478511996898, 0.9976256268487016, 0.4450563658160169] 
[0.35888547578038466, 0.614248301861602, 1.032187363556894, 1.3830805151293302, 0.9984944155492339, 0.446172313331391] 
[0.35887925473921717, 0.6138935475745254, 1.0315951868515605, 1.3836777881047087, 0.9993578771610113, 0.447274246082285] 
[0.3588701357692191, 0.6135417155294541, 1.031009121402276, 1.3842714788422281, 1.0002158552766343, 0.4483633281523748] 
[0.358863255247343, 0.6131834604103431, 1.030426009506031, 1.384858613344445, 1.0010766158784496, 0.44944344455920143] 
[0.3588533358941071, 0.6128250154102722, 1.029848214638522, 1.3854409676488786, 1.0019344577815528, 0.45051399715024676] 
[0.358835590097388, 0.6124777730282492, 1.0292636835197462, 1.386009896635443, 1.002775389023784, 0.45158452510718705] 
[0.3588140123654724, 0.612131768207513, 1.0286863667700836, 1.38657583759342, 1.0036116220295446, 0.45264477252571933] 
[0.3587956673603249, 0.6117789224072979, 1.0281121227639116, 1.3871362833450338, 1.004450379063768, 0.45369604085492904] 
[0.35879162960002975, 0.6114349200212325, 1.0275307508942384, 1.3876741212724355, 1.0052635892779829, 0.45473013691165703] 
[0.35878516241491254, 0.6110898691655353, 1.026947002959289, 1.388208771825138, 1.0060750684835738, 0.45575894515401666] 
[0.3587685433809453, 0.6107455741760149, 1.0263643628903367, 1.3887566981292583, 1.0068981861298625, 0.45677357275225206] 
[0.3587500687003534, 0.6103972838210318, 1.0257873297741535, 1.3893009563822138, 1.0077206004727686, 0.45778069573159264] 
[0.35873745574819405, 0.6100594728713927, 1.0252084343383192, 1.3898307948861754, 1.0085387026171069, 0.4587743004378296] 
[0.35871471082121287, 0.6097348674676302, 1.0246198405478704, 1.390344592703579, 1.0093348479495805, 0.4597741463914949] 
[0.35869130930282067, 0.6094088239583472, 1.0240415563422758, 1.3908544033582029, 1.0101264643489, 0.46076241634012655] 
[0.3586668794815247, 0.6090795883657956, 1.0234699213155793, 1.391360248027978, 1.010915506878291, 0.4617426556600412] 
[0.35864209541055947, 0.608749351738869, 1.02290597809902, 1.3918629370008213, 1.0117000488395136, 0.46271454987702604] 
[0.3586157729961057, 0.608419778274387, 1.0223410296032878, 1.3923622872779904, 1.012480292453659, 0.46368401204520215] 
[0.3585882546655212, 0.6080814987968621, 1.0217784302349098, 1.3928647281126911, 1.0132683616940463, 0.46465280496928396] 
[0.35856100892743825, 0.6077396972245142, 1.021221379747012, 1.3933625467178554, 1.0140553839473727, 0.4656137886292128] 
[0.358532496156237, 0.6073956168901116, 1.020669857276588, 1.3938567996132343, 1.0148396576880965, 0.46656679647240284] 
[0.3585038281356028, 0.6070479851224065, 1.0201230654874545, 1.3943460710959912, 1.0156235024748226, 0.46751238723093436] 
[0.35847353889234174, 0.6066980376226766, 1.0195833171370592, 1.3948313465082878, 1.0164048536607981, 0.4684519670525824] 
[0.3584328933865026, 0.6063287725587778, 1.0190465145307535, 1.3953287045803429, 1.0172032657705783, 0.46938513762268513] 
[0.3583943150957237, 0.6059550990522963, 1.0185120678760566, 1.395820517662798, 1.0180017376028623, 0.470311912812679] 
[0.35835601205136647, 0.6055697636173886, 1.0179768150739816, 1.3963098501393114, 1.0188078892296062, 0.471241205094409] 
[0.3583164467659524, 0.6051845133057006, 1.017444467214687, 1.3967954999096424, 1.01960981716796, 0.47216360927693535] 
[0.35827168800587733, 0.6048022172885518, 1.0169043550477121, 1.3972888989914314, 1.0204118697036728, 0.4730794944696567] 
[0.35821542086908315, 0.6044152165513906, 1.016361777504826, 1.3977863976342784, 1.0212011475261726, 0.47398260412227805] 
[0.35815906344227716, 0.6040276926426369, 1.0158229457283874, 1.398278295095853, 1.0219868101301202, 0.4748802519120559] 
[0.3581024607753504, 0.6036402974707508, 1.0152888896116943, 1.3987645361881034, 1.022767679880925, 0.4757724107766462] 
[0.3580492101223721, 0.6032205586209942, 1.0147237717959345, 1.399248854036883, 1.0235788164902788, 0.476697131100982] 
[0.35799546334212273, 0.6028017956876949, 1.0141622662084706, 1.3997282294255537, 1.0243857253567115, 0.47761544818182483] 
[0.35793152404171763, 0.6023641282518896, 1.013602542695061, 1.4002193734051807, 1.0252106756645185, 0.4785297924649515] 
[0.3578707997450608, 0.6019268787758351, 1.0130452712935818, 1.4007091261796396, 1.026032351987257, 0.47943833913365325] 
[0.35780957890756193, 0.60149190615828, 1.0124901581346994, 1.4011941791925577, 1.0268493143562956, 0.4803412278980711] 
[0.35775318772411524, 0.601060067389893, 1.0119406437977498, 1.4016680385460665, 1.0276662348123538, 0.48124262684343977] 
[0.3576982646012786, 0.6006284933514039, 1.0113913548705802, 1.4021369748234354, 1.0284810369144097, 0.48214136826208526] 
[0.35764190955730746, 0.6001994802780135, 1.010844110874623, 1.40260112634975, 1.029289590555143, 0.48303472524720215] 
[0.35757772322758846, 0.5997557316485339, 1.0103003769367047, 1.403064363829586, 1.0301098898570322, 0.4839263643134676] 
[0.3575180175509838, 0.599300176832632, 1.0097693559904106, 1.4035317500071143, 1.0309404499331198, 0.48480390282313446] 
[0.3574541822635793, 0.5988464669986253, 1.0092374641866484, 1.4039980151208875, 1.0317623284443467, 0.48567433281807004] 
[0.35738005551145785, 0.5983752260669759, 1.0087053209761176, 1.4044755111566598, 1.0326015887793187, 0.4865429932661902] 
[0.35730605888080186, 0.597908054430052, 1.0081735587311573, 1.4049471014821873, 1.0334336679010983, 0.48740730834758994] 
[0.35723357829670227, 0.5974418852129587, 1.007641502394119, 1.4054130466344898, 1.03426078481494, 0.4882693257129654] 
[0.35716249820915624, 0.5969834838804698, 1.0071078634928219, 1.4058726362722915, 1.035079999659322, 0.4891245231823409] 
[0.35709128912159643, 0.5965281581241192, 1.0065754944183567, 1.4063270201348228, 1.0358927509124343, 0.4899751388188754] 
[0.3570217662940865, 0.5960771509020218, 1.0060404555858329, 1.4067768141736514, 1.036697905273894, 0.4908241447555957] 
[0.3569511238271811, 0.5956308348788205, 1.005505209245344, 1.4072201919722735, 1.0374954512475516, 0.4916693517173322] 
[0.3568747385877687, 0.5951834767946931, 1.0049787484205703, 1.4076550598643867, 1.0382820582310899, 0.4925093928121559] 
[0.3567958853608344, 0.594740772393901, 1.004444409727511, 1.408095739936355, 1.0390676096709646, 0.4933450950581621] 
[0.35671700663453726, 0.5943019574557115, 1.0039102568008096, 1.4085301308246831, 1.0398463282692494, 0.49417700066045395] 
[0.3566451130018073, 0.593863293004711, 1.0033738351657275, 1.4089656121987135, 1.0406147779933397, 0.4949991826270279] 
[0.3565701201035715, 0.5934295296207943, 1.0028428873170316, 1.4093973972399554, 1.0413745489474415, 0.4958157529652134] 
[0.35649515116571534, 0.5929966087901948, 1.002314215189828, 1.4098237535223228, 1.0421306905886036, 0.49662867685703177] 
[0.3564249364093223, 0.5925632158973357, 1.0017602611907168, 1.4102440715287425, 1.042886524954416, 0.49746259736777754] 
[0.35635536244526067, 0.5921362791323352, 1.0012116834696247, 1.4106590141156905, 1.043632812369329, 0.49829163060558324] 
[0.356291145614117, 0.5917066907783198, 1.000665752291568, 1.4110711050719473, 1.0443748335034133, 0.49912087246713865] 
[0.35622350796446633, 0.5912540945616672, 1.0001212543799296, 1.4114776297088791, 1.0451378455636389, 0.4999617681616415] 
[0.35615417077756806, 0.5908017105443213, 0.9995813666719394, 1.4118834978303225, 1.0459001623670952, 0.5007943844748599] 
[0.35608271081709747, 0.5903510595739994, 0.999044389415682, 1.4122823837537977, 1.0466548340591268, 0.5016220962573177] 
[0.35601937876574674, 0.589900102367748, 0.998529502712999, 1.412676409918435, 1.047395086134297, 0.5024236423202342] 
[0.3559552217135423, 0.5894558441625958, 0.9980109599320491, 1.4130671532913204, 1.0481287922143405, 0.5032233004140766] 
[0.3558964139005872, 0.5890135485870237, 0.9974891135563826, 1.413459501811986, 1.048853353840098, 0.5040132325332479] 
[0.3558337482313642, 0.5885795455269783, 0.9969671786021755, 1.4138463813984445, 1.0495723555585919, 0.5047954392389279] 
[0.3557707988132383, 0.5881511679747456, 0.9964528988190616, 1.4142300423994085, 1.0502886078537097, 0.5055672104270115] 
[0.3557054493624357, 0.5877249831950276, 0.9959392486559273, 1.4146115205565029, 1.0509988039482128, 0.5063332666481826] 
[0.3556399669330787, 0.5873002901473433, 0.9954295265799867, 1.4149876636533503, 1.051701043317839, 0.5070908397662718] 
[0.3555751032983048, 0.5868795004077482, 0.9949184682429549, 1.4153608167018281, 1.0523980476733366, 0.5078460262621649] 
[0.35551049747601887, 0.5864622798846995, 0.9944085142723609, 1.4157287206381421, 1.0530897293538408, 0.5085977473826063] 
[0.35544614723344115, 0.5860467293427666, 0.9939018383873355, 1.4160916959935579, 1.0537778810684162, 0.5093442181206312] 
[0.35539202327045, 0.5856433783188707, 0.9933902541904268, 1.4164417900176154, 1.054460818991568, 0.5100811391044939] 
[0.3553392316826577, 0.5852372041399027, 0.992880047208555, 1.4167910340726606, 1.0551446165170864, 0.5108152161625219] 
[0.3552866004563294, 0.5848356076063618, 0.9923706862139803, 1.4171354861175984, 1.0558231893442616, 0.5115441589543778] 
[0.355234600102756, 0.5844388248641282, 0.991866759763458, 1.4174779502480903, 1.0564959450716727, 0.5122675195994332] 
[0.35518031093476077, 0.584041099551667, 0.9913632796252675, 1.4178165779117364, 1.0571660672154686, 0.5129882221795464] 
[0.3551261477080458, 0.5836473063534344, 0.9908635298545515, 1.4181505034530888, 1.0578292155790445, 0.5137045495556996] 
[0.3550729297686241, 0.5832581861747087, 0.9903688447218517, 1.4184827627529657, 1.0584868176229236, 0.5144153254833624] 
[0.3550210916326932, 0.5828705928326777, 0.9898799073522655, 1.418804389327171, 1.0591341309678157, 0.515125285399434] 
[0.3549728523491015, 0.5824776896833873, 0.9893938706337393, 1.4191266227543877, 1.059777215372798, 0.5158369721920191] 
[0.354915127965241, 0.5821001551284137, 0.9889220981819985, 1.4194504035908004, 1.060404458019665, 0.5165300200781802] 
[0.3548578478842621, 0.5817240779947226, 0.9884521495974448, 1.4197705180239653, 1.0610283395548912, 0.5172190817858927] 
[0.3548011848130616, 0.5813507437383165, 0.9879810017823099, 1.4200888532390672, 1.061648052580105, 0.5179057241497959] 
[0.35474589109608085, 0.5809795759986202, 0.9875116882081804, 1.4204025316701034, 1.0622650490609513, 0.5185896175947668] 
[0.3546905800683746, 0.5806136451466145, 0.9870416280867635, 1.4207104791859229, 1.0628799078731606, 0.5192672461902281] 
[0.35463507325528265, 0.5802490351976719, 0.9865733257794604, 1.4210155849563757, 1.0634912547911313, 0.5199413706926745] 
[0.3545747172920763, 0.5798920999995764, 0.9861103815883931, 1.4213205357443113, 1.064092866151363, 0.5206106083024403] 
[0.3545257378305301, 0.579532387682161, 0.9856421568757495, 1.421611450397337, 1.0646811018953786, 0.5212719989193414] 
[0.35447637155894174, 0.5791691431492494, 0.98517570865318, 1.421897893729601, 1.0652713559267728, 0.5219304959290505] 
[0.3544249285672482, 0.578813843820361, 0.9847134975853506, 1.4221842025825897, 1.0658522230404586, 0.5225860447679899] 
[0.35437187647555707, 0.5784615002611664, 0.9842541327418234, 1.4224695280779738, 1.066429948173168, 0.5232358522712652] 
[0.3543198087003557, 0.5781108973953505, 0.9837951955313865, 1.4227540770467735, 1.0670062661434796, 0.5238816461075136] 
[0.3542679086345645, 0.5777608001305174, 0.9833392241372185, 1.423035545022755, 1.0675802389168199, 0.5245231438288299] 
[0.354218398716935, 0.5774123639839391, 0.9828819247997899, 1.4233156014758221, 1.068152201034213, 0.5251618787182363] 
[0.3541687475834312, 0.5770653730866443, 0.9824259197962483, 1.423593329129825, 1.068721000309798, 0.5257977847909743] 
[0.354118790228738, 0.5767195484285024, 0.9819718149504193, 1.423868540796859, 1.0692869137979684, 0.5264304056967228] 
[0.3540695793243303, 0.5763731243543956, 0.9815222912578387, 1.4241390976776966, 1.069847918726621, 0.5270598021967692] 
[0.3540193930394025, 0.5760277811483459, 0.98107569702624, 1.4244075157526372, 1.0704068951226398, 0.5276846794084925] 
[0.35396913544226516, 0.5756837936053921, 0.9806306802698757, 1.4246736678156273, 1.0709630862658677, 0.5283061793034933] 
[0.3539188080219255, 0.57534282234106, 0.9801871570315565, 1.424938343452037, 1.0715148950285136, 0.5289231867488497] 
[0.35386730918916853, 0.5749984063821517, 0.9797408270379949, 1.4252007361972057, 1.07207039780454, 0.5295382987686619] 
[0.35381142493136175, 0.5746606850269897, 0.9792945451083376, 1.4254573430864241, 1.0726234980876304, 0.5301463788126604] 
[0.3537561784050591, 0.5743247396341414, 0.9788516197544465, 1.425710992489571, 1.0731730385945888, 0.5307500455397027] 
[0.35370184253219555, 0.5739886410422395, 0.9784093026595456, 1.4259623499608811, 1.0737195680253582, 0.5313522051447539] 
[0.35364799852862183, 0.5736530850344161, 0.977968744040744, 1.426212045610082, 1.074263393053237, 0.5319513408510099] 
[0.35359789275173215, 0.57331323004949, 0.9775311208297219, 1.4264625885430917, 1.0748035660444295, 0.5325516408537516] 
[0.35355008088634865, 0.5729734859009832, 0.9770789469184941, 1.4267111003111634, 1.0753427845979178, 0.533163949496782] 
[0.3535020278019288, 0.5726326271214922, 0.9766268300136857, 1.4269608971844143, 1.0758838865257567, 0.5337762580497992] 
[0.3534480767451093, 0.5723005801442332, 0.9761805113559803, 1.427208734162577, 1.0764141896792419, 0.5343860608690625] 
[0.35339467174249756, 0.5719694432927201, 0.9757358816413684, 1.4274548500695157, 1.076942304941619, 0.5349923258150986] 
[0.35334191639740165, 0.5716391666524524, 0.9752927122587339, 1.4276993956090989, 1.0774680344955907, 0.5355949935107186] 
[0.3532910776152197, 0.571311414034898, 0.9748490500858202, 1.4279381272216982, 1.0779862016512296, 0.5361919903058829] 
[0.353239561132111, 0.5709843331965551, 0.9744072620968386, 1.428175852101731, 1.0785035555419624, 0.5367865760664661] 
[0.3531881633929092, 0.5706586304020904, 0.9739666982086385, 1.4284115286709391, 1.0790181808301438, 0.5373783364606044] 
[0.35313729848362607, 0.5703337121368942, 0.9735277191061209, 1.4286457067932363, 1.0795305682122618, 0.5379666952588855] 
[0.3530858374491519, 0.5700101546291074, 0.9730890308969471, 1.4288799521011892, 1.0800423816788864, 0.5385514875597617] 
[0.3530378705158951, 0.5696913150988228, 0.9726496804024645, 1.4291090994817348, 1.080551976513261, 0.5391308402915546] 
[0.3529870979916934, 0.5693786845690599, 0.9722060875880173, 1.429332311864833, 1.0810522281248294, 0.5397130129386354] 
[0.352937992177156, 0.5690675315433956, 0.9717630308079745, 1.429552835714802, 1.0815489391020565, 0.5402934002993935] 
[0.3528934873903591, 0.5687644953311665, 0.9713252199306605, 1.4297747211710088, 1.0820359095830976, 0.5408721123251986] 
[0.352850439298905, 0.5684612107488622, 0.9708878097688666, 1.4299972062754813, 1.082519583617198, 0.5414460510243996] 
[0.3528079504908211, 0.5681550360123777, 0.9704522090012162, 1.4302199457338345, 1.0830052312303335, 0.5420190154414131] 
[0.35276372700552666, 0.5678476637156976, 0.9700264099866988, 1.4304409492690202, 1.0834858616303382, 0.5425818324690327] 
[0.3527192825759128, 0.567540589500175, 0.9696034479387644, 1.4306598654978824, 1.0839651703253979, 0.54314099513285] 
[0.35267423155928157, 0.5672340419616104, 0.9691835886846414, 1.430877145819075, 1.0844434225947628, 0.5436961623634726] 
[0.35262950134470694, 0.5669285379242575, 0.968764990489794, 1.4310928469040587, 1.084919752644388, 0.5442488085408251] 
[0.3525874809143789, 0.5666189824002046, 0.9683532682458136, 1.4313105518164688, 1.0854002257975872, 0.5447939434529585] 
[0.35254556166271245, 0.5663113829236621, 0.9679403244604626, 1.4315265749546449, 1.0858769485152169, 0.5453387670011601] 
[0.35250354699079245, 0.566004417159013, 0.9675297852131438, 1.4317403938115214, 1.0863519637797527, 0.54588036216429] 
[0.3524572760933287, 0.5656918475656101, 0.9671202239220884, 1.431958629998183, 1.0868327798840212, 0.5464200807457016] 
[0.35241093357387004, 0.5653805835815224, 0.9667120311184543, 1.432174902779423, 1.0873113355184083, 0.546957398125276] 
[0.3523646821277483, 0.5650714536609658, 0.9663065341403066, 1.4323884781308582, 1.0877872919738705, 0.5474910515813768] 
[0.3523212559825595, 0.5647592996000115, 0.9659034429968545, 1.4326023573253457, 1.0882602899683342, 0.5480256565711428] 
[0.35227841837169327, 0.5644484056231824, 0.9655022284139932, 1.4328130818327827, 1.0887302836060433, 0.5485580968558399] 
[0.35223610508024, 0.5641388212418016, 0.9651027579142688, 1.4330208739865788, 1.089197366275923, 0.5490883107154976] 
[0.3521934578526256, 0.563831002538009, 0.9647042377678763, 1.4332270434581682, 1.0896623647085697, 0.5496158763705269] 
[0.3521554988448302, 0.5635228309401261, 0.9643067873147751, 1.4334261164419821, 1.0901204458902507, 0.5501372623860953] 
[0.3521168656742445, 0.5632165255570266, 0.9639103773052594, 1.4336237489392065, 1.0905765165758625, 0.5506561188844484] 
[0.3520773856898812, 0.5629117200970964, 0.9635153632677853, 1.4338202303309855, 1.091030962210456, 0.5511721876349862] 
[0.35203694057604357, 0.5626090658050749, 0.963121818020318, 1.4340156229786127, 1.0914832169082425, 0.5516855450048206] 
[0.3519961119455362, 0.5623080393300816, 0.9627292854114701, 1.4342096235882869, 1.0919334609467124, 0.5521964924668854] 
[0.35195633481168526, 0.5620074418859756, 0.9623380487026045, 1.43439906487337, 1.0923786584965176, 0.5527027671820891] 
[0.35191698601417565, 0.5617081081436859, 0.9619462871189105, 1.434587747415164, 1.0928232910623543, 0.553211114429826] 
[0.3518825026994181, 0.5614143796020452, 0.9615541501040892, 1.434771212382521, 1.0932681693395827, 0.553713490650102] 
[0.351843981767166, 0.5611201265229195, 0.9611642444614934, 1.4349552074540426, 1.0937100164950362, 0.5542159939576875] 
[0.3518082361813135, 0.5608329785761604, 0.9607777310272264, 1.4351368722819342, 1.0941436974593286, 0.5547176602711112] 
[0.3517698607516609, 0.5605460679348442, 0.9603926018850348, 1.4353182955855432, 1.0945783288930537, 0.5552170001977657] 
[0.35173188369778985, 0.5602607107059391, 0.9600076464823553, 1.4354997644161993, 1.0950118589113045, 0.5557135949237776] 
[0.3516930225088234, 0.5599773010896798, 0.9596246819880782, 1.4356801031535769, 1.095442623574004, 0.5562069280541984] 
[0.35165400796461543, 0.5596949701234926, 0.9592427646527472, 1.4358593358148874, 1.0958714937283274, 0.5566979819102184] 
[0.35161995687565023, 0.5594117033360598, 0.9588587577215012, 1.436032725636705, 1.0962939270328642, 0.5571848077651685] 
[0.3515858659288672, 0.5591285411247654, 0.9584771907690448, 1.436205848927567, 1.0967159168963587, 0.5576683974323098] 
[0.35155113187895387, 0.558846631303334, 0.9580968335789184, 1.4363778813620027, 1.0971360993624037, 0.5581498855147727] 
[0.3515165514820367, 0.5585655350302011, 0.957717165091365, 1.4365488346262754, 1.0975553596868015, 0.5586302231738981] 
[0.351481425670329, 0.5582848791458, 0.9573377989140128, 1.4367195486601898, 1.097973251826663, 0.5591089083533537] 
[0.3514457806659244, 0.5580039366934533, 0.9569508607848387, 1.4368941036810965, 1.0983905389173412, 0.5595931730508928] 
[0.35140737877586786, 0.5577232891083368, 0.9565661590347022, 1.437066575536015, 1.0988039225479762, 0.5600731146988386] 
[0.35136822442576165, 0.5574444360330287, 0.9561831835776206, 1.4372371959715593, 1.0992159158477937, 0.5605516828384182] 
[0.3513301861645676, 0.5571631682872256, 0.9558017534459127, 1.437405857221485, 1.099629768504007, 0.5610306580293732] 
[0.3512937350161858, 0.5568800490401771, 0.9554114411701313, 1.4375755817623606, 1.1000491411804063, 0.5615175838512252] 
[0.35125684183643024, 0.5565980347480324, 0.955022599460782, 1.4377442393272448, 1.1004668357863578, 0.5620023227556373] 
[0.3512173230846136, 0.5563171691981658, 0.9546349235438195, 1.437914127293732, 1.1008839937209147, 0.5624867628792427] 
[0.3511751883524418, 0.5560361782957625, 0.9542470143093015, 1.4380857867205707, 1.101297752292894, 0.5629672739836232] 
[0.35113643321845794, 0.5557540190176724, 0.9538680958224807, 1.4382554069043123, 1.1017066277989533, 0.5634385018365137] 
[0.35109806973253427, 0.555474788220115, 0.9534906984992199, 1.4384225464493656, 1.102112281203691, 0.5639066921205429] 
[0.35105938968046563, 0.5551968911082056, 0.9531146369718392, 1.4385883635431553, 1.1025163493218304, 0.5643729253591296] 
[0.3510241468865687, 0.5549187602685154, 0.9527397402698905, 1.438748892748509, 1.1029153563686682, 0.5648345625766655] 
[0.35098887457400874, 0.5546417951993697, 0.9523652577764645, 1.4389083632522346, 1.1033134553935438, 0.5652951300664996] 
[0.3509530540545133, 0.5543662448233941, 0.9519920861069908, 1.4390666638606113, 1.103710009774513, 0.5657537873302135] 
[0.3509168908418931, 0.5540917747781796, 0.9516206929116824, 1.4392235832639901, 1.1041052311221524, 0.5662101786530866] 
[0.3508789473724677, 0.5538179970597271, 0.9512494865201028, 1.439381011764284, 1.1044978997553194, 0.5666637620032102] 
[0.3508410920512043, 0.5535449601533823, 0.9508798062046572, 1.439536738623594, 1.1048879511094436, 0.567114376723638] 
[0.3508029946955693, 0.5532732068952999, 0.9505113587466816, 1.439691344862218, 1.1052765019134398, 0.567563172726095] 
[0.35076583161741903, 0.5530017435679762, 0.9501464059777127, 1.4398435566523315, 1.1056646239922174, 0.5680084788291152] 
[0.35072954628266245, 0.5527333406010786, 0.949783343685136, 1.43999325180521, 1.106050280484491, 0.5684504364102432] 
[0.3506912069758308, 0.5524647295422329, 0.949423861052109, 1.4401391068705593, 1.1064322649930929, 0.5688917854571385] 
[0.3506528730374684, 0.5521975541899583, 0.9490652901969014, 1.4402841670145272, 1.106812839755103, 0.5693313360395623] 
[0.35061418825509916, 0.5519298316842791, 0.948697847014189, 1.4404273313828846, 1.1071911216289656, 0.569778820789541] 
[0.35057635126200737, 0.5516615210917107, 0.9483312403714608, 1.4405694533002424, 1.1075707037408662, 0.5702263791825407] 
[0.35053941945333006, 0.5513929201600293, 0.9479579340470886, 1.4407150833217315, 1.1079498616114443, 0.5706785774521795] 
[0.35050216438027915, 0.5511260486787392, 0.9475854201132443, 1.4408596603929558, 1.1083273326373615, 0.5711291202511873] 
[0.35046536764390596, 0.5508606173235769, 0.9472146630551377, 1.4410028002959603, 1.108704083055057, 0.5715779304412549] 
[0.3504301813639634, 0.55059533144977, 0.9468435292050108, 1.4411463582593331, 1.1090785581225213, 0.5720236957322435] 
[0.35039486062872954, 0.5503313331749997, 0.9464739645057832, 1.4412888179264605, 1.1094520066076594, 0.5724675861425342] 
[0.35035819831782683, 0.5500692596906046, 0.9461061488928935, 1.4414312996207153, 1.1098231511792984, 0.5729082726911819] 
[0.35032219425904415, 0.5498077597846047, 0.9457389094762744, 1.4415737494215008, 1.1101926778238358, 0.5733465921716303] 
[0.3502869868371618, 0.5495452350402571, 0.9453712684582254, 1.4417149532085298, 1.1105625870704838, 0.5737837762451389] 
[0.3502519688364671, 0.5492838244135827, 0.9450051266618658, 1.4418554864340154, 1.1109319123498937, 0.5742196348183375] 
[0.35021778325661806, 0.5490221994773352, 0.9446408323368618, 1.4419956454986953, 1.111299920525374, 0.5746545307551683] 
[0.3501835888347953, 0.5487605900818767, 0.9442740719673703, 1.4421355808312153, 1.1116692990934909, 0.575091462258444] 
[0.3501510871203785, 0.5485010432539473, 0.9439100229902667, 1.4422724041760147, 1.1120387005211805, 0.5755279260119821] 
[0.35011812895432637, 0.5482426427106436, 0.9435472976745538, 1.4424085586529434, 1.1124067721417459, 0.5759624836359741] 
[0.35008401863054606, 0.5479788840464086, 0.9431859978712157, 1.4425432921506238, 1.1127796236280827, 0.5763999524214051] 
[0.35004875270568364, 0.5477174762122768, 0.9428260656859797, 1.4426783337186098, 1.1131506441953998, 0.5768343237028192] 
[0.35001373984812895, 0.547457139867362, 0.9424663589646085, 1.4428129533634226, 1.1135206883951878, 0.5772675483480031] 
[0.34998062507233635, 0.5471989212319099, 0.9421089889411358, 1.442944822960648, 1.1138907276925563, 0.5777002954498014] 
[0.3499459698582208, 0.5469406067225715, 0.9417532007353083, 1.443077280520846, 1.1142587780302857, 0.5781322471024731] 
[0.34991081815739966, 0.5466817294903852, 0.9413958335800101, 1.443209394491875, 1.11462833107912, 0.5785630193414131] 
[0.34987738185093376, 0.5464225393710002, 0.9410411782531326, 1.4433391695415527, 1.1149948531753913, 0.5789926654089057] 
[0.34984465824281125, 0.5461668778767867, 0.940683565721655, 1.443469236377597, 1.1153582617104147, 0.5794233209999141] 
[0.3498118211855531, 0.545912696376547, 0.9403266493773532, 1.4435986883900491, 1.1157199757256688, 0.5798522827554662] 
[0.3497784056764616, 0.5456530560725829, 0.9399701158375937, 1.4437281030705635, 1.1160872124659886, 0.5802799805995981] 
[0.3497464642980669, 0.5453939833988308, 0.9396144748244042, 1.4438560976448453, 1.116451224965026, 0.5807043178873648] 
[0.34971785022767843, 0.5451355596867757, 0.9392531889655353, 1.4439833421085777, 1.1168143850991767, 0.5811331563858269] 
[0.34968854801273486, 0.5448784974193069, 0.9388932252516933, 1.444110098319891, 1.11717600616135, 0.5815603022837047] 
[0.3496586226723688, 0.5446228287566595, 0.9385343992946101, 1.444236392465128, 1.1175360879481882, 0.5819856064101225] 
[0.3496294496785847, 0.5443690169370188, 0.9381752091806919, 1.44436312066644, 1.117895395975293, 0.582408915333896] 
[0.34960062727336116, 0.5441163654722435, 0.9378167063403202, 1.4444900699756487, 1.1182544664345495, 0.582833297204758] 
[0.34956748802179893, 0.5438696961186164, 0.93746450739459, 1.4446184715194192, 1.1186074394786059, 0.5832499219164455] 

Time 
63.9512255191803 
