Energy 
 
3.8998005448887016 
3.6797859538587083 
3.4577121487619067 
3.241672023958033 
3.011366153258549 
2.812496714911322 
2.546375717411049 
2.4222105322103267 
2.0002691890438626 
2.201118699805831 
1.7428832093818993 
2.5152887292057153 
0.38786303726321125 
-1.0745467321615942 
-2.551240134983074 
-4.027744915450988 
-5.50379826795597 
-6.978910018634188 
-8.45205774831031 
-9.921108864760932 
-11.381615143910132 
-13.265079977330554 
-14.372632092359144 
-16.439290055923692 
-17.031228000770074 
-18.59218664608546 
-16.510652678408995 
-18.03433446896627 
-20.46702630997347 
-20.04804700108101 
-20.783510856193743 
-20.315317355642087 
-21.05776664077763 
-20.398467370343745 
-21.203170820081567 
-20.236534207933342 
-22.051412829192163 
-22.085972741244078 
-21.758122881523924 
-21.54624406896779 
-20.816823445630302 
-21.75867947035189 
-21.457179939122888 
-21.73565649599207 
-21.495360137632026 
-21.798825270730532 
-21.33619740783014 
-22.21689252790087 
-21.301195126522288 
-22.412011664967473 
-22.06256200119587 
-21.84589984067754 
-20.808285122841458 
-21.913485584068514 
-21.24950910126232 
-21.172231520083376 
-21.5587123421555 
-22.782078210128898 
-22.051729694303823 
-22.432055620355353 
-20.89034117576494 
-21.839450185595755 
-22.272743752399652 
-23.097268544496437 
-23.01820576484726 
-23.17112023385616 
-23.14465086093566 
-23.06327139365121 
-23.04050018961629 
-23.133663735676976 
-22.905845156276502 
-22.97766494322692 
-22.83866682533398 
-23.373222785149686 
-23.269950930410612 
-23.179365624367378 
-23.366727229173527 
-23.756829286820803 
-23.695358423537133 
-23.52293844186902 
-23.82381211354535 
-23.48828412818444 
-23.589768673936838 
-23.57377463415773 
-23.84185905166205 
-23.658043555897972 
-23.949785936865783 
-23.62472082582247 
-24.0598346130296 
-23.60014938876293 
-24.018098634287107 
-23.485436238126404 
-23.8653182738318 
-24.11511499197232 
-24.053940611991838 
-24.000085462082705 
-23.938982839118886 
-24.0836824118514 
-24.0106170796089 
-24.047309170800546 
-24.27377157628242 
-24.20828948198114 
-24.19506275166904 
-24.195349863607717 
-24.34708517931257 
-24.329605305217047 
-24.44472989526975 
-24.457177860511432 
-24.653460599002848 
-24.58422371067023 
-24.635712677637557 
-24.60838196146038 
-24.589951121962496 
-24.720343165338324 
-24.71911024608416 
-24.542548098852503 
-24.743395634074435 
-24.695261537915236 
-24.72098890562494 
-24.726216097636048 
-24.74225679201598 
-24.65050203815761 
-24.73952262615562 
-24.666064309532928 
-24.760466373068784 
-24.760208786100016 
-24.78242057664826 
-24.700665171821846 
-24.74615317108729 
-24.75314764099614 
-24.67847504367525 
-24.695700051910446 
-24.741696575958613 
-24.763458058166496 
-24.72888941913768 
-24.668491535374436 
-24.735801421632324 
-24.766039471005325 
-24.809311569464036 
-24.818283226885523 
-24.834505512525027 
-24.829815988464155 
-24.84575134261416 
-24.82636693818656 
-24.847790133886438 
-24.79588991036429 
-24.877833804238165 
-24.910719232837828 
-24.896163229918997 
-24.95618498051353 
-24.95441701681599 
-25.00488565721188 
-24.979455043901755 
-25.071445647384966 
-25.077891484753014 
-25.064982496392975 
-25.069874248105577 
-25.070962344584444 
-25.079819865940426 
-25.063524628697703 
-25.100005922625947 
-25.095889305299067 
-25.090514849826313 
-25.085251544623826 
-25.10926254660179 
-25.084384540400606 
-25.08374883232119 
-25.12292911710675 
-25.149768731318957 
-25.12623432259405 
-25.158539188440688 
-25.173767654492686 
-25.14799911774289 
-25.168319116192464 
-25.157540299135732 
-25.131663328221286 
-25.157875282984158 
-25.188551449488507 
-25.17705994599593 
-25.171682833290344 
-25.190989867379205 
-25.176859927782434 
-25.192645277242615 
-25.224431349196415 
-25.22143426338471 
-25.203320526197487 
-25.236454674005646 
-25.222288903452604 
-25.23026661387165 
-25.242170339936827 
-25.245903963999538 
-25.23467149474704 
-25.245600534525636 
-25.196722730758395 
-25.247304892054398 
-25.244951212746976 
-25.234760320577983 
-25.242940341590106 
-25.23147088386451 
-25.231553172012752 
-25.24332864202858 
-25.21019934924913 
-25.24906033270704 
-25.245090383443827 
-25.253184594685465 
-25.244868571465375 
-25.248851855850667 
-25.25588179011485 
-25.253462514175567 
-25.253868596779505 
-25.24922114153653 
-25.250841385546458 
-25.26829662111356 
-25.254401376404573 
-25.270414106696343 
-25.27087867098966 
-25.271849203884344 
-25.267848903871407 
-25.26770598383014 
-25.278012927579418 
-25.283422201772556 
-25.285156448487506 
-25.278765008042154 
-25.272764979628615 
-25.277193848976392 
-25.289712485771762 
-25.294263335162125 
-25.306656333186282 
-25.305571240512226 
-25.307200946134706 
-25.30419616569282 
-25.304867110776115 
-25.307011053630948 
-25.30446087277415 
-25.308491373398134 
-25.312231567203742 
-25.308344302059535 
-25.31717318644958 
-25.314393863027114 
-25.308504265018982 
-25.315397113452875 
-25.328677380021034 
-25.326876559300928 
-25.325230045519046 
-25.327004444711626 
-25.333594918652448 
-25.33102557538076 
-25.333688463058248 
-25.33283179136732 
-25.325000412524464 
-25.331180936068783 
-25.328695247201594 
-25.328699658505613 
-25.333828845861788 
-25.331496770888723 
-25.330676849469324 
-25.332083580483882 
-25.334640492635444 
-25.331611066331913 
-25.333258563536397 
-25.33411914840151 
-25.327662248523207 
-25.336262083661385 
-25.338637714086467 
-25.33757120219498 
-25.343539365220636 
-25.337882837574575 
-25.33932323309775 
-25.342154147886884 
-25.337230808759212 
-25.337769770910636 
-25.343645312692512 
-25.343110749139846 
-25.34713311254219 
-25.345628884636074 
-25.341565561368697 
-25.344042904030523 
-25.349616742574995 
-25.346897894227354 
-25.348723386641435 
-25.348583533516557 
-25.350315156311357 
-25.346210134012065 
-25.349745578133945 
-25.347964198953225 
-25.34478111594663 
-25.34769229739168 
-25.341551597939493 
-25.34972105969528 
-25.34535365747659 
-25.35087299256762 
-25.349724434392712 
-25.353905716610083 
-25.350574680276964 
-25.34956135433425 
-25.348484089153192 
-25.352523125060294 
-25.352070939539132 
-25.352110073387216 
-25.3480094667349 
-25.355666005417778 
-25.35499782945405 
-25.35616925091444 
-25.35506832759537 
-25.357144281592106 
-25.357381919121735 
-25.357529856587412 
-25.3572902279498 
-25.355457331936826 
-25.35765122474408 
-25.35805314456401 
-25.35507682674588 
-25.358695307115614 
-25.358788440050766 
-25.360022709007552 
-25.35932647105202 
-25.359344289517967 
-25.358765866781724 
-25.362327677338012 
-25.361674893186652 
-25.36378775692166 
-25.36310227837213 
-25.362561767988737 
-25.36275662199856 
-25.363591806645143 
-25.36270892414331 
-25.363683172448752 
-25.362559855249625 
-25.362308472405285 
-25.363138139186425 
-25.364771801195616 
-25.36353267479505 
-25.36529707342942 
-25.364736904595873 
-25.364033875141907 
-25.36547781133948 
-25.36503962455508 
-25.36435384913886 
-25.3654909621275 
-25.36576168326628 
-25.364501043003166 
-25.365054120196877 
-25.364895593244192 
-25.365400793374352 
-25.36349946416467 
-25.36519399657113 
-25.36463761522714 
-25.364601631841584 
-25.366143704174952 
-25.366243754911444 
-25.364811667666842 
-25.3661618558695 
-25.365041845442377 
-25.3660926020206 
-25.365316105148157 
-25.36600707498738 
-25.36505734016199 
-25.366612584796986 
-25.365240765154166 
-25.366163760062747 
-25.36601818721938 
-25.366050174762925 
-25.36483544816058 
-25.365797454096786 
-25.366108093837468 
-25.366447035111513 
-25.366185083152914 
-25.36687120329188 
-25.366670286561195 
-25.367588896489877 
-25.367424908503786 
-25.367207539130913 
-25.367366228691797 
-25.367071617989875 
-25.367738350362927 
-25.367698375915634 
-25.367714711834516 
-25.367733065310873 
-25.367849722189444 
-25.368103393262174 
-25.367603632380145 
-25.368481653519716 
-25.368301393064584 
-25.368103556636758 
-25.368365974403915 
-25.368818261260586 
-25.368761740099732 
-25.368571573566356 
-25.368659841683197 
-25.369332763155622 
-25.369260761134587 
-25.368936694729694 
-25.36937633799515 
-25.369182758974112 
-25.36918352176866 
-25.36921516259131 
-25.369191258383896 
-25.369157251733828 
-25.369041816044067 
-25.369251710529948 
-25.369234130922017 
-25.369413088196325 
-25.36952369252854 
-25.368826169543418 
-25.36944852963733 
-25.369134738008885 
-25.369294013648787 
-25.369415817014456 
-25.369490749208072 
-25.36920601551916 
-25.369422939452576 
-25.369509179708764 
-25.369649579319194 
-25.369629871898333 
-25.369681813758188 
-25.369528445730978 
-25.369721600511802 
-25.36964030278441 
-25.369532396896606 
-25.36957152331229 
-25.369763223959524 
-25.369662101848288 
-25.36972672894789 
-25.369639902677456 
-25.36971300592513 
-25.369698921852244 
-25.369737095674072 
-25.36965829527694 
-25.36999455050941 
-25.37019605307972 
-25.370302329674086 
-25.370256341016635 
-25.370305600887963 
-25.37034028325956 
-25.37038890713378 
-25.370377998413534 
-25.37041337076265 
-25.37045321166187 
-25.37038767220775 
-25.370429737831106 
-25.370381233515964 
-25.370461254126745 
-25.37043464883942 
-25.37049298270549 
-25.37039771535414 
-25.370438188119252 
-25.370546534013545 
-25.370564997368376 
-25.37056913519715 
-25.370533076665502 
-25.37054168426502 
-25.370473943671282 
-25.370635337345398 
-25.370623067558203 
-25.370430593785564 
-25.370629496924764 
-25.37063830903675 
-25.37060940888091 
-25.370543744380974 
-25.3705886553739 
-25.370613797063495 
-25.370650980807778 
-25.370605523998083 
-25.3705718998383 
-25.37072300959438 
-25.370730528413013 
-25.370743678348322 
-25.370773122536527 
-25.370792765690304 
-25.370816207386472 
-25.370832281430488 
-25.370811349394522 
-25.37076395839341 
-25.370874589272344 
-25.370727734114165 
-25.370796083792744 
-25.370873037251073 
-25.370932584550538 
-25.370870923284386 
-25.370879924481038 
-25.37096194394306 
-25.37094397106861 
-25.370917152582432 
-25.370934313612686 
-25.371008731259202 
-25.37103009006227 
-25.37094417914888 
-25.37096010827495 
-25.370984084825498 
-25.371012182362904 
-25.370898488310964 
-25.371013595661655 
-25.370912074301668 
-25.371006244231722 
-25.370971204498293 
-25.371013179241405 
-25.37102670509835 
-25.37102870600158 
-25.370932991274692 
-25.370989877312 

 Time 
80.18435049057007 
