Energy 
 
-3.7267852579537815 
-4.301827735404654 
-4.498420226684254 
-4.5422645620559345 
-5.432376067446933 
-5.492948813084819 
-5.978761522869564 
-5.911514581300205 
-6.614308449652222 
-6.644490750495544 
-6.2777819951642275 
-6.225766808649325 
-6.264744976403462 
-6.1507093883867325 
-6.155009304556371 
-6.316111105707534 
-6.330013981408167 
-6.315427610723241 
-6.304655183285332 
-6.230893237536709 
-6.2006275068176295 
-6.186495695423446 
-6.318620719071277 
-6.477789100568116 
-6.366353227773342 
-6.373788854096765 
-6.338837526535855 
-6.410798002357215 
-6.38475102860064 
-6.385416162092094 
-6.443475463969225 
-6.51826177425218 
-6.497508801945855 
-6.408285705931154 
-6.404756551418422 
-6.802016270723273 
-7.194230395632246 
-7.230417946239187 
-7.302640900988355 
-7.2814697223979445 
-7.292136939409231 
-7.583255778376742 
-7.50509289053759 
-7.713007459706627 
-7.716892902387195 
-7.76970982781121 
-7.731690561088469 
-7.711469767390432 
-7.7988161320389 
-7.796474654468723 
-7.810934767986053 
-8.077889604237729 
-8.143422409773434 
-7.953665149008804 
-7.999029792861527 
-7.903305046308968 
-8.324548878242345 
-8.427487191198411 
-8.162330125393652 
-8.246996124253016 
-8.580385718082233 
-8.569580250339753 
-8.569591937825646 
-8.615929049261679 
-8.54906603338385 
-8.593894184598168 
-8.593560951841795 
-8.586387879853232 
-8.576822993391241 
-8.543574702283975 
-8.675935688194649 
-8.767610035208184 
-8.86614975603247 
-8.694643864714104 
-8.704822869096525 
-8.641068170587882 
-8.708952347036334 
-8.691792019532748 
-8.721193330463816 
-8.826639953007653 
-8.974017185645621 
-9.082494397633125 
-9.101747089790589 
-9.276945720392906 
-9.048296868971528 
-9.049305271691882 
-8.986776998658936 
-9.21610954240835 
-9.285316992747726 
-9.223247764812688 
-9.209972324041523 
-9.243145224004286 
-9.220614555982257 
-9.253942524410675 
-9.226155101220108 
-9.374195779507847 
-9.384422107860866 
-9.323308711243799 
-9.425733778712402 
-9.318116075169259 
-9.35426015572317 
-9.277434157485597 
-9.385098831769065 
-9.47454744758809 
-9.39135904497231 
-9.457141248779191 
-9.346829215923895 
-9.28921589964645 
-9.385978764246186 
-9.379358783680608 
-9.374898018839124 
-9.357741722196728 
-9.376429136208198 
-9.392332676662358 
-9.40374930883904 
-9.387715644176868 
-9.411800022255843 
-9.39944634869723 
-9.711096335960937 
-9.477716764275554 
-9.43643848325919 
-9.322235478216975 
-9.309582970889569 
-9.175779604692316 
-8.973497008861948 
-9.373609876976221 
-9.246916102397517 
-9.216937598545377 
-8.976753137164271 
-8.892107150654875 
-9.016241973149178 
-8.910583963040219 
-9.338148299950609 
-9.240012170592287 
-9.221630994790797 
-9.25495607092386 
-9.237087855168859 
-9.234697703038476 
-9.562787905180109 
-9.691970226108621 
-9.683673866126666 
-9.739827996869582 
-9.821331277406548 
-9.805787250431486 
-9.89023482391446 
-9.89739340189383 
-9.936841763050161 
-9.966603095498673 
-9.919787228073481 
-9.980295277287983 
-9.961715214264736 
-9.972214487432458 
-9.972000802916257 
-9.996645121739904 
-9.982035380769888 
-10.062279921937193 
-10.02227414617683 
-9.975356129360721 
-9.973475414046543 
-9.963695656072641 
-9.956175683648743 
-9.956228544695904 
-10.159231208087192 
-10.18688782600518 
-10.198935340627722 
-10.026289948452229 
-9.918911338047216 
-9.740858673957273 
-9.848232945345327 
-9.633641767247555 
-9.847751265131688 
-9.725205118504963 
-9.684889652845484 
-9.728688365309829 
-9.734153108239305 
-9.787724230868362 
-9.914563755795472 
-9.915609010034316 
-9.870339344340467 
-10.09664831647575 
-10.114767582346893 
-10.20721482597929 
-10.193111218298256 
-10.024005812176256 
-10.02329587781634 
-9.976789665504857 
-9.858050879227367 
-9.859900558042641 
-9.764402128106099 
-9.634427887567092 
-9.534238099471972 
-9.675602606923126 
-9.62470773392476 
-9.928767247570073 
-9.92752942783474 
-9.968293434115816 
-10.06190446533605 
-9.879536183688165 
-10.222998677328164 
-10.119026349007223 
-9.982937896367435 
-9.962568286029622 
-9.969330521981648 
-9.882056066348238 
-10.069464030625415 
-10.055493867952846 
-10.092948994070559 
-10.082709910622723 
-9.991940333038126 
-9.989734641203377 
-9.902305699126602 
-9.965556468353249 
-10.113608885881597 
-10.0160553821892 
-9.985533480109419 
-10.0688711948289 
-10.110001527436244 
-10.236905514495295 
-10.272646853353343 
-10.260533110330961 
-10.154549900272006 
-10.03404924643338 
-9.964488813499077 
-10.239719226280133 
-10.180278947362297 
-10.07237892727683 
-10.21716355108721 
-10.280208439364259 
-10.280036853712781 
-10.26476432670601 
-10.309541651140346 
-10.83142784196212 
-10.875579460482468 
-10.812605201731795 
-10.8187422775273 
-11.109660244711504 
-11.10660918639237 
-11.073236043030759 
-11.167197844863358 
-11.184192921250306 
-11.177790725547892 
-11.176714190545662 
-11.16631406281315 
-11.168037252219294 
-11.27385775464672 
-11.251169029942647 
-11.32161331394835 
-11.304270456944783 
-11.306898024202379 
-11.273260432104378 
-11.261787453285892 
-11.37754309949438 
-11.38669612405013 
-11.32912033545846 
-11.327309297878788 
-11.290571008327838 
-11.28902370421306 
-11.318779983341694 
-11.31677569735035 
-11.296231770451227 
-11.39594439616708 
-11.393639865660496 
-11.509840762051205 
-11.466574990591996 
-11.487858465662654 
-11.503378218049843 
-11.503383741152629 
-11.505006953182642 
-11.547686473115636 
-11.53290446747463 
-11.545395737023165 
-11.555187160696548 
-11.564737455439023 
-11.561183333816816 
-11.55604741120641 
-11.557843087401471 
-11.56156146464807 
-11.574484665920146 
-11.578761960524334 
-11.61092373145396 
-11.633177135129012 
-11.665140656872882 
-11.673131504398974 
-11.622592639190422 
-11.606014778442908 
-11.783604129544495 
-11.889666798684708 
-11.886069310213239 
-11.886713158043797 
-11.88707883387211 
-11.884983093407305 
-11.886055634861448 
-11.888497676725537 
-11.896382587289017 
-11.889871015846442 
-11.912013111628998 
-11.893799361259687 
-11.892604470874252 
-11.895654790598448 
-11.953957853391127 
-11.950094848964296 
-11.953905082679405 
-11.95361891643684 
-11.959790359650048 
-11.95947826161651 
-11.961117550562994 
-11.970825361824007 
-11.973985188722125 
-11.9797740489869 
-11.978404571378665 
-11.999331657643014 
-12.047518733789758 
-12.085625374717623 
-12.048315112168186 
-12.049554474588916 
-12.09754008935988 
-12.103410276729964 
-12.132106786362863 
-12.121381122858903 
-12.135740849847428 
-12.171140021924488 
-12.168866325611022 
-12.211318784601112 
-12.266452124074053 
-12.271486397813904 
-12.283445215877826 
-12.293171083692057 
-12.273185061643952 
-12.312288977829938 
-12.298389534663213 
-12.310484570229784 
-12.305021888649229 
-12.286458626088312 
-12.310111388870471 
-12.300501984655183 
-12.338068121667401 
-12.349014389279699 
-12.345486351161265 
-12.355035672013054 
-12.353283844282982 
-12.361439953441424 
-12.361780049502205 
-12.36362637393432 
-12.382471045965211 
-12.3848176119879 
-12.393005122414673 
-12.39305827264565 
-12.39432613970059 
-12.386161899446073 
-12.390728188254082 
-12.38989976168322 
-12.408921701956277 
-12.40835914453241 
-12.409079638008343 
-12.410620425834102 
-12.410999592824746 
-12.410422114125582 
-12.412047713584915 
-12.410367295171056 
-12.417333720237576 
-12.417335012448522 
-12.417081477083256 
-12.427164769858825 
-12.431242488960724 
-12.435211241867625 
-12.436517067343528 
-12.436228492783528 
-12.438263134333736 
-12.437732490356764 
-12.4382845923511 
-12.438305430671855 
-12.43949642897134 
-12.438859544638012 
-12.440647756075757 
-12.441400060777358 
-12.441148029540745 
-12.441851941367485 
-12.442508812906889 
-12.443436771007601 
-12.443604385899697 
-12.4430281022412 
-12.4436459179512 
-12.446539314311623 
-12.452381014846809 
-12.451959197561335 
-12.451383621863727 
-12.458290956005316 
-12.45768566437511 
-12.457846591202857 
-12.4562044434364 
-12.46279452698165 
-12.462388120430347 
-12.462350311442965 
-12.46221584565497 
-12.461839611878812 
-12.462423972954378 
-12.463406039620999 
-12.463497817293572 
-12.465985792383345 
-12.467460386707314 
-12.468734054161462 
-12.470041974187538 
-12.469688643263902 
-12.470713592635896 
-12.470905371116057 
-12.471038087892726 
-12.470300820785958 
-12.471013952957644 
-12.471131065108219 
-12.471085571673697 
-12.471326883949532 
-12.471452607819895 
-12.47205182614499 
-12.4741276486305 
-12.474515624507939 
-12.474481226089592 
-12.474628317453968 
-12.474693682106158 
-12.475287436753476 
-12.47671215778499 
-12.476767640138073 
-12.477267417606688 
-12.478043754416435 
-12.478071017930795 
-12.477964449206025 
-12.478268015075676 
-12.478270358636586 
-12.478740457419425 
-12.47872128221381 
-12.478930679187373 
-12.47950127762305 
-12.480353989171633 
-12.480373244885232 
-12.480330151514424 
-12.480204114758676 
-12.480227704056917 
-12.48041889012662 
-12.48105992612446 
-12.4810524868763 
-12.481417398871137 
-12.482099262995947 
-12.482280990560476 
-12.482284338682236 
-12.482340753205072 
-12.482521543802637 
-12.482706451189262 
-12.48271762880993 
-12.48273329559381 
-12.482713627547888 
-12.482745606733332 
-12.482825709661048 
-12.482787785314942 
-12.482943815615773 
-12.482985339043992 
-12.482997892629847 
-12.483050602292753 
-12.483071344948764 
-12.483069332065304 
-12.483076475828183 
-12.483152400647782 
-12.483155493168914 
-12.483166360656911 
-12.48324481171042 
-12.483298648761197 
-12.483287744032605 
-12.483343407970615 
-12.483346644207186 
-12.483332295950058 
-12.483511335169172 
-12.483550555391345 
-12.483527981887374 
-12.483592500534234 
-12.483610513070216 
-12.483609764839766 
-12.483705177463397 
-12.48372854362759 
-12.483784603074403 
-12.483793612333743 
-12.483843615154912 
-12.483855021256781 
-12.483846022323013 
-12.483838354206899 
-12.483856109465426 
-12.483868532943424 
-12.483867775366548 
-12.483862983682073 
-12.483904144634776 
-12.484013343982806 
-12.484029235405469 
-12.484140732088918 
-12.484131138068117 
-12.484130517857574 
-12.484142205185117 
-12.48415102963205 
-12.484158447714975 
-12.484166179260727 
-12.484175954742508 
-12.484172514801568 
-12.484182806927537 
-12.484185434155041 

 Time 
204.43985295295715 
