Energy 
 
2.3901426789892715 
2.3901426789892715 
1.7696938695554416 
1.1564402295299259 
0.55130167046633 
-0.04488223780821721 
-0.631355834652333 
-1.2074496368224297 
-1.77258132225331 
-2.3262554744035566 
-2.8680621607332593 
-3.3976744445534055 
-3.914844951108656 
-4.419401625395441 
-4.911242830271857 
-5.390331938642024 
-5.856691573018589 
-6.310397640050146 
-6.7515732973739535 
-7.180382976347369 
-7.597026567842386 
-8.001733860393548 
-8.3947593015472 
-8.776377135124186 
-9.146876949985423 
-9.506559660314885 
-9.855733923764914 
-10.194712992247885 
-10.523811980768178 
-10.84334553241555 
-11.153625852347933 
-11.454961080081844 
-11.747653967449438 
-12.0320008289212 
-12.308290731391173 
-12.576804891735165 
-12.83781625227381 
-13.091589206506775 
-13.338379449976346 
-13.578433933729713 
-13.811990900476921 
-14.039279986100846 
-14.260522371606912 
-14.47593097286309 
-14.685710657546817 
-14.890058480572078 
-15.089163930913392 
-15.283209184178999 
-15.472369356518866 
-15.656812756503333 
-15.836701132485326 
-16.01218991368435 
-16.183428443819324 
-16.3505602065868 
-16.513723042648863 
-16.67304935807574 
-16.828666324394824 
-16.980696070545253 
-17.129255867134663 
-17.274458303454566 
-17.416411457735617 
-17.555219061131318 
-17.690980655902855 
-17.8237917482527 
-17.95374395621954 
-18.08092515300882 
-18.205419606088736 
-18.32730811234171 
-18.446668129517988 
-18.563573904199423 
-18.678096596445023 
-18.79030440125685 
-18.900262666975678 
-19.00803401068957 
-19.11367843071783 
-19.217253416213183 
-19.31881405391145 
-19.41841313204479 
-19.51610124142676 
-19.611926873710594 
-19.70593651681751 
-19.79817474753042 
-19.88868432124713 
-19.977506258888383 
-20.064679930957684 
-20.15024313875348 
-20.234232192737185 
-20.316681988065024 
-20.397626077296316 
-20.477096740296133 
-20.55512505135427 
-20.63174094354799 
-20.70697327038157 
-20.7808498647395 
-20.853397595195183 
-20.924642419721543 
-20.994609436854233 
-21.063322934361047 
-21.130806435475257 
-21.19708274275461 
-21.26217397962745 
-21.32610162969449 
-21.388886573851867 
-21.45054912530658 
-21.511109062554937 
-21.57058566039629 
-21.62899771905458 
-21.68636359148124 
-21.74270120891322 
-21.79802810475894 
-21.852361436885325 
-21.905718008379058 
-21.95811428685244 
-22.00956642236563 
-22.060090264034596 
-22.10970137539222 
-22.158415048570575 
-22.20624631736824 
-22.253209969267317 
-22.299320556461133 
-22.344592405952426 
-22.389039628780793 
-22.432676128434238 
-22.47551560849952 
-22.517571579602954 
-22.558857365691434 
-22.59938610970131 
-22.639170778661107 
-22.678224168271406 
-22.716558907003268 
-22.754187459755208 
-22.791122131105546 
-22.827375068196222 
-22.86295826328128 
-22.897883555971948 
-22.93216263520775 
-22.9658070409826 
-22.998828165850643 
-23.03123725623841 
-23.063045413584614 
-23.09426359532987 
-23.124902615776186 
-23.154973146834514 
-23.184485718677458 
-23.213450720313144 
-23.24187840009415 
-23.26977886617588 
-23.297162086935252 
-23.32403789136161 
-23.3504159694295 
-23.376305872462712 
-23.40171701349728 
-23.42665866765091 
-23.45113997250555 
-23.475169928508443 
-23.498757399396855 
-23.52191111265043 
-23.544639659975786 
-23.566951497825514 
-23.588854947954594 
-23.610358198016364 
-23.631469302199875 
-23.652196181909304 
-23.672546626487087 
-23.69252829398047 
-23.712148711952477 
-23.731415278336478 
-23.750335262334577 
-23.768915805358848 
-23.787163922015143 
-23.80508650112767 
-23.822690306804116 
-23.839981979539605 
-23.85696803735784 
-23.873654876988635 
-23.890048775079407 
-23.906155889439788 
-23.921982260317055 
-23.937533811700632 
-23.952816352654338 
-23.967835578673967 
-23.982597073068888 
-23.997106308365147 
-24.011368647729036 
-24.025389346408687 
-24.039173553192114 
-24.052726311879773 
-24.06605256277013 
-24.079157144156266 
-24.092044793831892 
-24.10472015060509 
-24.117187755818343 
-24.129452054873138 
-24.141517398757344 
-24.153388045574847 
-24.165068162074643 
-24.17656182517953 
-24.187873023511454 
-24.19900565891432 
-24.209963547970947 
-24.2207504235142 
-24.23136993613151 
-24.241825655660662 
-24.25212107267685 
-24.26225959996947 
-24.272244574008393 
-24.282079256398024 
-24.291766835319272 
-24.30131042695834 
-24.310713076921324 
-24.319977761635013 
-24.32910738973176 
-24.338104803419633 
-24.346972779836122 
-24.355714032385247 
-24.36433121205814 
-24.372826908736233 
-24.381203652476636 
-24.38946391478004 
-24.397610109840354 
-24.405644595776 
-24.413569675842524 
-24.421387599626776 
-24.429100564222516 
-24.436710715386287 
-24.444220148675168 
-24.451630910565033 
-24.45894499954997 
-24.466164367222255 
-24.473290919333873 
-24.480326516838527 
-24.487272976914948 
-24.49413207397098 
-24.500905540629695 
-24.507595068695558 
-24.514202310103222 
-24.520728877847148 
-24.527176346893206 
-24.533546255072174 
-24.539840103955026 
-24.546059359710657 
-24.552205453946016 
-24.558279784528814 
-24.564283716392584 
-24.57021858232564 
-24.576085683742374 
-24.581886291438455 
-24.58762164632979 
-24.593292960174892 
-24.598901416281944 
-24.604448170199763 
-24.609934350393832 
-24.615361058906707 
-24.620729372003986 
-24.626040340805325 
-24.63129499190102 
-24.636494327954708 
-24.6416393282919 
-24.646730949475142 
-24.651770125865283 
-24.656757770170223 
-24.661694773980106 
-24.666582008290373 
-24.671420324012097 
-24.676210552470348 
-24.680953505890077 
-24.685649977871485 
-24.69030074385242 
-24.694906561560735 
-24.699468171455155 
-24.703986297155524 
-24.70846164586225 
-24.71289490876602 
-24.717286761446804 
-24.721637864263553 
-24.725948862733677 
-24.730220387903703 
-24.73445305671023 
-24.738647472332218 
-24.74280422453426 
-24.746923890001238 
-24.75100703266484 
-24.755054204021604 
-24.759065943442852 
-24.76304277847717 
-24.76698522514507 
-24.77089378822592 
-24.774768961538054 
-24.778611228211307 
-24.782421060953062 
-24.78619892230703 
-24.78994526490613 
-24.793660531717784 
-24.797345156284237 
-24.80099956295592 
-24.804624167118774 
-24.808219375416428 
-24.81178558596581 
-24.815323188568065 
-24.818832564913162 
-24.822314088780182 
-24.825768126231626 
-24.829195035803412 
-24.832595168689203 
-24.835968868920876 
-24.83931647354362 
-24.84263831278695 
-24.84593471023095 
-24.849205982968662 
-24.852452441763894 
-24.855674391205195 
-24.858872129855882 
-24.86204595039982 
-24.8651961397841 
-24.868322979357302 
-24.87142674500491 
-24.874507707280557 
-24.8775661315345 
-24.88060227803833 
-24.883616402106703 
-24.88660875421592 
-24.889579580119367 
-24.892529120960027 
-24.895457613380266 
-24.898365289628575 
-24.90125237766347 
-24.904119101255215 
-24.90696568008449 
-24.909792329838652 
-24.912599262305584 
-24.915386685465222 
-24.918154803578457 
-24.92090381727416 
-24.92363392363366 
-24.926345316273256 
-24.92903818542444 
-24.931712718012527 
-24.93436909773253 
-24.937007505124058 
-24.939628117643274 
-24.942231109734085 
-24.944816652896673 
-24.947384915754782 
-24.949936064121175 
-24.952470261061354 
-24.95498766695583 
-24.95748843956085 
-24.95997273406727 
-24.962440703158368 
-24.964892497066007 
-24.967328263625465 
-24.96974814832867 
-24.97215229437654 
-24.974540842729596 
-24.976913932157537 
-24.979271699287654 
-24.981614278651733 
-24.983941802732087 
-24.986254402006434 
-24.98855220499147 
-24.99083533828563 
-24.99310392661047 
-24.995358092851383 
-24.997597958097145 
-24.999823641678375 
-25.002035261205286 
-25.004232932604378 
-25.006416770154367 
-25.008586886520938 
-25.010743392790957 
-25.012886398505923 
-25.015016011694115 
-25.017132338902556 
-25.01923548522775 
-25.02132555434601 
-25.023402648542874 
-25.02546686874168 
-25.027518314531925 
-25.029557084196338 
-25.031583274737862 
-25.03359698190567 
-25.035598300220432 
-25.037587322999478 
-25.039564142380918 
-25.04152884934729 
-25.043481533748857 
-25.045422284326005 
-25.04735118873139 
-25.049268333551552 
-25.05117380432772 
-25.053067685576632 
-25.054950060810324 
-25.05682101255581 
-25.05868062237429 
-25.06052897087973 
-25.062366137757074 
-25.06419220178018 
-25.066007240829098 
-25.067811331907095 
-25.069604551157354 
-25.071386973879065 
-25.07315867454339 
-25.07491972680882 
-25.07667020353646 
-25.07841017680454 
-25.080139717923153 
-25.081858897448193 
-25.083567785195154 
-25.08526645025256 
-25.08695496099534 
-25.08863338509731 
-25.090301789544128 
-25.091960240645296 
-25.093608804046344 
-25.095247544740417 
-25.0968765270799 
-25.098495814787466 
-25.100105470967122 
-25.101705558114944 
-25.103296138129394 
-25.104877272321772 
-25.10644902142603 
-25.108011445608668 
-25.109564604478187 
-25.11110855709464 
-25.112643361978446 
-25.114169077119623 
-25.11568575998636 
-25.117193467533667 
-25.11869225621167 
-25.120182181973714 
-25.121663300284492 
-25.1231356661277 
-25.124599334013915 
-25.126054357987833 
-25.127500791635512 
-25.128938688091925 
-25.13036810004754 
-25.131789079755407 
-25.13320167903765 
-25.134605949292133 
-25.13600194149899 
-25.13738970622652 
-25.138769293637633 
-25.14014075349586 
-25.141504135170937 
-25.14285948764478 
-25.144206859517 
-25.14554629901049 
-25.146877853976733 
-25.148201571900902 
-25.149517499907425 
-25.150825684764637 
-25.152126172889716 
-25.153419010353947 
-25.1547042428869 
-25.15598191588131 
-25.157252074397693 
-25.158514763168547 
-25.15977002660289 
-25.161017908790306 
-25.162258453505444 
-25.163491704211538 
-25.16471770406494 
-25.1659364959188 
-25.16714812232677 
-25.16835262554682 
-25.169550047545123 
-25.170740429999245 
-25.171923814302037 
-25.173100241564732 
-25.17426975262066 
-25.175432388028273 
-25.176588188074504 
-25.1777371927779 
-25.178879441891734 
-25.18001497490713 
-25.181143831055852 
-25.182266049313448 
-25.183381668401854 
-25.184490726792447 
-25.185593262708664 
-25.186689314128728 
-25.18777891878826 
-25.188862114182818 
-25.189938937570584 
-25.19100942597472 
-25.192073616185965 
-25.193131544764636 
-25.194183248043487 
-25.195228762129716 
-25.196268122907192 
-25.197301366038754 
-25.198328526968428 
-25.199349640923458 
-25.200364742916374 
-25.201373867747147 
-25.202377050005087 
-25.203374324070992 
-25.204365724118738 

 Time 
89.32505512237549 
