Energy 
 
1.993154094178081 
1.0176028739145255 
-0.4644796710480301 
-0.7982698905576943 
-4.437519544601928 
-4.302403259723071 
-4.673667620117023 
-5.525504346758921 
-5.529591596449291 
-6.215591135429385 
-6.202965127853502 
-5.124995020900839 
-5.663290947338843 
-5.632280603778078 
-5.625997954696927 
-5.666105013354187 
-5.661580622131352 
-6.676580608216644 
-6.623323169586575 
-6.760418486433791 
-6.91009677333332 
-6.970220086558974 
-6.9581460610185975 
-7.122599770905025 
-7.1418038284427645 
-7.027759852296337 
-7.206275907604115 
-7.549217545380186 
-7.986225917074338 
-8.043963409775719 
-7.349673173073758 
-7.347589160476687 
-8.404667798882405 
-8.444010439264563 
-8.569775470781693 
-8.775879330473021 
-9.104559734059194 
-9.06767371696564 
-9.428504420749992 
-10.074689905084028 
-9.897660871450844 
-9.918948230189143 
-10.477786057401918 
-10.593363339884027 
-10.94217295000758 
-10.806265906623093 
-10.793744777601656 
-10.775163273589914 
-11.076646762815123 
-11.802011230649 
-11.250809639404991 
-11.80995464120863 
-12.410389032484765 
-12.479240156138875 
-12.521870663224917 
-12.546939887159567 
-12.498284768958753 
-12.659105899016469 
-12.656524719320496 
-12.607382020498926 
-12.694028268507864 
-12.69399685107004 
-12.727246911772799 
-12.743522746567912 
-12.909705033572315 
-13.224968225259902 
-12.936608870767833 
-12.711771181044032 
-12.79912922604115 
-12.798642253531519 
-12.735783318669112 
-12.620448311661573 
-13.39061879263097 
-13.476604976063271 
-13.751798404709803 
-13.940810628270215 
-13.398050297239193 
-13.386322218346173 
-13.574938241687594 
-13.570170062901008 
-13.705477238492122 
-13.806581947257085 
-14.112198045720326 
-14.23407811183512 
-14.244348523088945 
-13.992885394847859 
-14.201313287316289 
-14.19965320405196 
-14.282896226819252 
-14.246643424168983 
-14.396797561313223 
-14.334671179330574 
-14.247614129824235 
-14.277002684535661 
-14.644627837731498 
-14.575545791870635 
-14.433398160980584 
-14.390846656672132 
-14.21555004288805 
-14.20006242206208 
-14.171419623274254 
-14.136873562349022 
-14.42454242917769 
-14.248395073680065 
-14.105126958731617 
-14.16798151431633 
-14.192275192185898 
-14.38981075357244 
-14.275710398045875 
-14.183378977647328 
-14.223254443880625 
-14.45216098500656 
-14.37257120133087 
-14.586417894300858 
-14.471825003356416 
-14.40974499020491 
-14.684143241703174 
-14.545761219718631 
-14.474317528384107 
-14.397389400104418 
-14.251740804145799 
-14.13880101767597 
-14.07389490442021 
-14.114966043167112 
-14.128462046223344 
-14.03030373781441 
-14.135994942282498 
-14.33554354282161 
-14.342272228015162 
-14.298370012909997 
-14.55938903275062 
-14.670787223183916 
-14.848463883567351 
-14.520261932375817 
-14.213113585174181 
-14.231902352604074 
-14.495351842691989 
-14.533541742384452 
-14.66516289406584 
-14.730783046104523 
-14.7666214693266 
-15.065265724052983 
-14.73660397065662 
-14.760330016186163 
-14.84545674382183 
-14.782032859311467 
-14.67750094590647 
-14.815761598406667 
-14.759378593469696 
-14.655719166360829 
-14.592563227307563 
-14.481752138626007 
-14.652286323091813 
-14.609524926626584 
-14.548668963448995 
-14.495263379077102 
-14.492584165848415 
-14.484974266779806 
-14.505324209868665 
-14.570614486461649 
-14.743080078068735 
-14.665683719618324 
-14.492917868331999 
-14.471880164259685 
-14.466116021882335 
-14.530517457704939 
-14.505406686080313 
-14.677809607010465 
-14.543160947660244 
-14.542753203827894 
-14.719139811931946 
-15.007450796470708 
-14.759770052524665 
-14.58083038634121 
-14.485792848390178 
-14.634104342592767 
-14.343813907504684 
-14.270558895648806 
-14.246212800026962 
-14.674675495724982 
-14.90713032956764 
-15.30250176182687 
-14.886769057245829 
-14.848664134065102 
-14.586346766358762 
-14.61142195656682 
-14.593381073374283 
-14.393786093151757 
-14.229114343125675 
-14.441658684842272 
-14.525330338400682 
-14.553852743598917 
-14.497789519479989 
-14.270754121825759 
-14.361877786957363 
-14.158586490164737 
-14.168489189377222 
-14.502481896235977 
-14.378326052260629 
-14.383399261791944 
-14.385308867482161 
-14.4211924125717 
-14.469948615850708 
-14.526290785761189 
-14.634859007480559 
-14.616693864664237 
-14.885849087533467 
-14.838215727695134 
-14.8824313673394 
-14.679144851422723 
-14.699932610291022 
-14.694282604138868 
-14.536478815065411 
-14.83582060303991 
-14.885392299367194 
-14.922801377026161 
-14.848940326938811 
-14.858345506129336 
-14.813670574344469 
-14.977815698601932 
-14.9555222302585 
-15.166539172883454 
-15.02715772351862 
-15.264906305442716 
-15.205105715103777 
-15.131132542774184 
-15.12764780667608 
-15.176093644424686 
-15.125705586244107 
-15.280261868312317 
-15.24278283426155 
-15.131935990536284 
-15.109142787188626 
-15.176474777556983 
-15.153535562922707 
-15.248177831740204 
-15.201226561656132 
-15.163344416803426 
-15.34695357633617 
-15.314884722802322 
-15.467119301666905 
-15.431169824359303 
-15.555568744668083 
-15.567286730993539 
-15.464096373093886 
-15.69468453402437 
-15.995130883982085 
-15.994057087670004 
-16.28690852358891 
-16.02492021846052 
-15.707133503784954 
-16.200749624079425 
-16.18695211049555 
-16.33310088187662 
-16.3339544702704 
-16.38062667476585 
-16.410280850632287 
-16.275309932268073 
-16.413235798653066 
-16.44479995236801 
-16.427447456360277 
-16.37545772350578 
-16.269572750943453 
-16.373293750483796 
-16.33727441916468 
-16.305546224716615 
-16.553773898453247 
-16.391260143337732 
-16.333353999575117 
-16.19550229644844 
-16.201361700787636 
-16.242189394272515 
-16.673012869727568 
-16.64195930081105 
-16.666453554895867 
-17.026825522773887 
-16.71262824576492 
-16.56280859887125 
-16.28039549636866 
-16.268169854322224 
-16.37251842494662 
-16.351678306808516 
-16.319301031729157 
-16.33828027135101 
-16.40155783040715 
-16.401359687561275 
-16.40313462012015 
-16.450714827079455 
-16.418128343868705 
-16.48628668044148 
-16.540009389817325 
-16.465172898621326 
-16.435629843512565 
-16.39953735505204 
-16.457934122647544 
-16.5270633089865 
-16.546847069170525 
-16.85807789051889 
-16.550835886921124 
-16.73176259441122 
-16.736575113432167 
-16.875355436711764 
-16.758284467236855 
-16.790054933358704 
-16.796738047306143 
-17.017097277028746 
-17.08828966909715 
-17.045039249797526 
-17.053231357388885 
-17.1641241167484 
-17.27026504926218 
-17.375899812441773 
-17.493974378818198 
-17.488305828048404 
-17.474220902859734 
-17.583319321943577 
-17.62384782503701 
-17.71789332995696 
-17.803094294539275 
-17.669024537932625 
-17.65608037426754 
-17.61950868050447 
-17.68234207775829 
-17.739588765676665 
-17.705836030522367 
-17.82290641130183 
-17.82626553724618 
-18.04253370411867 
-18.072326288798042 
-18.114241680217212 
-18.16188138582276 
-18.10964554067034 
-18.1340840821751 
-18.120358990208235 
-18.12622812185063 
-18.16252987817577 
-18.184465814865856 
-18.14479326389311 
-18.15062282410688 
-18.160976989733538 
-18.182177290759988 
-18.18324956525689 
-18.204780034378633 
-18.270169486461715 
-18.25138240850632 
-18.2854401907289 
-18.422393084918156 
-18.421350880704374 
-18.40008583812466 
-18.447843156944526 
-18.444081966029415 
-18.43469403651235 
-18.43214623606578 
-18.505317172357174 
-18.552774803337634 
-18.694595129339877 
-18.637052736840598 
-18.455659959449346 
-18.425805053559422 
-18.46551094446013 
-18.536264092388343 
-18.643886269232876 
-18.60339093098956 
-18.59472109134215 
-18.602331476404906 
-18.64938350843587 
-18.73405584994381 
-18.690968414930694 
-18.632337356873464 
-18.565871706842017 
-18.64532587747443 
-18.865438582070304 
-18.824288160848432 
-18.85579212472884 
-18.83177554455199 
-19.074219454387553 
-19.0599788654327 
-18.9802392973777 
-18.884139541168455 
-18.87895818339995 
-18.90766269725671 
-19.08532421648584 
-19.085911965826778 
-19.05322475420693 
-19.00265967738543 
-19.02516269263951 
-19.017024668111766 
-18.97849928807689 
-18.96920338547579 
-19.060604095505965 
-19.065125602911454 
-19.115551709010415 
-19.102924902345787 
-19.15700060788158 
-19.162052608717886 
-19.098777411052144 
-19.096154156612585 
-19.329918023693075 
-19.33677786767899 
-19.369646320946657 
-19.35341510739602 
-19.324129701137096 
-19.327760283783523 
-19.312043181920206 
-19.39539030361135 
-19.338891409968593 
-19.343484043266695 
-19.41071274339501 
-19.399683826904216 
-19.403992133950076 
-19.39524684484513 
-19.400459028450474 
-19.41392148627808 
-19.403784525771222 
-19.40998601757852 
-19.408160780046266 
-19.406302508213532 
-19.411328106218107 
-19.447202079535415 
-19.476675857981327 
-19.50558316866615 
-19.48239464390805 
-19.484294386826157 
-19.478720888925356 
-19.476833027602027 
-19.495332973058034 
-19.49608084188282 
-19.503424387192503 
-19.550846101789404 
-19.625410306048718 
-19.625767246872094 
-19.584453420424456 
-19.570544411308102 
-19.569614740049786 
-19.565279363620768 
-19.55793844376691 
-19.58463957294409 
-19.571360325013906 
-19.578165908857912 
-19.576723051013115 
-19.60436671462123 
-19.62182504876897 
-19.61970302977415 
-19.611027476630596 
-19.61100320838389 
-19.62111879948525 
-19.640180682410083 
-19.625739399233257 
-19.627480400445695 
-19.658806933310085 
-19.65925700562299 
-19.64817874302502 
-19.64213999566108 
-19.726545304559643 
-19.73944175266717 
-19.732524447130974 
-19.74393634519391 
-19.71734489434872 
-19.718521880739573 
-19.729789493979155 
-19.714920318338425 
-19.718594697801702 
-19.730757798203253 
-19.76217839638422 
-19.777069993970052 
-19.766545253164225 
-19.772085003291824 
-19.935918435917966 
-19.92109740202956 
-19.938676501106492 
-19.92886182782128 
-19.976755735702394 
-19.977986093478755 
-20.053151295562554 
-20.0542846638889 
-20.048733088194478 
-20.045581814003377 
-20.017265400763335 
-20.022460332364336 
-20.036919518059058 
-20.03679491277467 
-20.03658940966205 
-20.033264473872038 
-20.049922538876945 
-20.059986916485062 
-20.07160383891995 
-20.102322809304333 
-20.0907992401919 
-20.090330835339124 
-20.117226861684017 
-20.128094539781795 
-20.136832764221182 
-20.124048293220444 
-20.12267258805353 
-20.128811926302404 
-20.14882871042942 
-20.156371873685224 
-20.165427885761815 
-20.15659854459053 
-20.155100244782183 

 Time 
337.9241600036621 
