Energy 
 
3.8998005448887016 
3.774628873323468 
2.745331026915712 
2.6131516377176043 
-1.5954659947142567 
-2.087823092385194 
-1.7099903234141105 
-6.45984224606131 
-6.020559980158664 
-6.276525372681279 
-5.571365254304248 
-6.505336470083383 
-6.490662903592012 
-6.506854766857951 
-6.073370087814546 
-6.30223989996513 
-6.457798367525913 
-7.2831372567635615 
-6.978012619443146 
-8.087986360353806 
-8.82315691376984 
-8.634809683555874 
-8.599989395826146 
-8.620163137058352 
-9.489768776707823 
-9.220290152525262 
-10.046760564289526 
-9.303452836262409 
-9.560179589896387 
-10.465607458255018 
-9.641741662055317 
-10.48607242256234 
-10.209837758720674 
-10.196124559661433 
-9.948915928429109 
-9.710305059439722 
-9.443303348570455 
-9.596684628128651 
-9.324130526268311 
-9.961123585905176 
-10.4842218054031 
-10.813703820068366 
-10.396180851868793 
-10.491674000431315 
-10.144808196508507 
-10.368345323853607 
-10.052904853497042 
-10.06422111864746 
-9.988474613750867 
-10.89174203417769 
-11.275453312029857 
-11.64699034833988 
-11.802832628384417 
-11.767997785631753 
-11.79808065897286 
-11.899639050262827 
-12.474952988262096 
-12.38741941252054 
-12.227877566468516 
-12.523315973623385 
-12.84017226089406 
-13.10604991481786 
-12.551582456137933 
-14.068555498929543 
-13.96239556758994 
-13.760483461082782 
-12.777893630347547 
-12.415226117700506 
-11.70174832245917 
-11.704537544683186 
-12.865970051448178 
-13.113815119179105 
-13.251016697927575 
-13.360786787030976 
-13.429026571087828 
-13.06523161755857 
-13.668537860344527 
-14.511112148741088 
-14.185924214919158 
-14.27382986299597 
-14.529499223885075 
-14.881436545929283 
-14.828968154550838 
-14.870172034851539 
-15.32348301885418 
-15.424187017646961 
-15.267307625556267 
-15.555321227996288 
-15.444765700871095 
-15.40108267092221 
-15.539554134583684 
-15.939221776186873 
-15.63625536893194 
-16.138016971002656 
-16.237107643024796 
-16.22723625178851 
-15.934907836716224 
-15.677142845433902 
-15.910959954868202 
-15.681397174524196 
-15.49596694135402 
-15.458842372045867 
-15.467414921647626 
-15.41873765526415 
-15.309188283752745 
-15.497882194379642 
-15.44984687210092 
-15.478883261931964 
-15.4645781976222 
-15.39256431779625 
-15.331611418750033 
-15.32729816157307 
-15.389018783761811 
-15.379701287876005 
-15.668464570554718 
-16.745236887807835 
-16.430252862022055 
-16.43402683228486 
-15.847863848931667 
-15.391590519168432 
-15.257710414712504 
-15.477685100080848 
-16.008308220895337 
-15.7656480025614 
-15.957186042637026 
-15.812638529044692 
-15.569192258209766 
-15.591748070106462 
-15.478019854671972 
-15.71215597464593 
-15.497738439833713 
-15.721216112833783 
-15.762352583615579 
-15.648243175694144 
-15.861304596187335 
-15.745677800326373 
-15.793503601319113 
-15.820206159823964 
-15.795736938042937 
-15.780155532296545 
-15.778442861221153 
-16.016892212378053 
-16.044461649522585 
-16.146203382239133 
-16.233543474406687 
-16.109652718314017 
-16.36485893362747 
-16.330287437920138 
-16.25122060052458 
-16.519408611343966 
-16.514925013026073 
-16.580775268704976 
-16.555089771730298 
-16.546025539361107 
-16.49935498904121 
-16.487394852678147 
-16.47315427384213 
-16.67182934960425 
-16.614752076686994 
-16.538432964024494 
-16.56155679699755 
-16.607010773781496 
-16.588579681922077 
-16.6009389691316 
-16.690593586458796 
-16.846538070967135 
-16.89207244368692 
-17.142799385593868 
-17.104108805452306 
-16.926016534424303 
-16.821319475154674 
-16.7241387001226 
-16.885706406356626 
-16.790852350495417 
-16.83642810443129 
-16.73974894155873 
-16.74057444480164 
-16.723445606145656 
-16.7219470611558 
-16.64430387471908 
-16.57415327599461 
-16.679715086545354 
-16.66570052570462 
-16.617377137178647 
-16.54761517483859 
-16.547916856546216 
-16.798528187931048 
-16.742377950334237 
-16.54274124804413 
-16.332948809020518 
-16.282733419284753 
-16.376386505068787 
-16.048213808046942 
-15.94846310442468 
-15.989411250564864 
-16.239577285053656 
-16.245520596350875 
-16.067106944562713 
-16.22975184762166 
-16.11596086655757 
-17.156895175272208 
-16.808850637175386 
-16.065476701180046 
-16.47994294480651 
-16.285150156252897 
-17.266317994463577 
-17.10186722965576 
-16.224749584512523 
-16.898484701939942 
-17.090840525570773 
-16.57333852689557 
-16.882628733028426 
-16.47949352667397 
-17.11990064097858 
-17.6563684103217 
-17.726570457615182 
-17.489319999908275 
-17.494665891251334 
-17.537112402873174 
-17.564034845747997 
-17.495507869595684 
-17.454718048332413 
-17.393209867089677 
-17.394094551513284 
-17.29260383877522 
-17.447736803860412 
-17.72171503797014 
-17.450716861566217 
-17.449231408832258 
-17.417441218167042 
-17.21370248511643 
-17.82288265531081 
-17.917564490432806 
-17.588593899005282 
-20.248842346491756 
-20.323111757458104 
-19.983937478725863 
-17.848652433126112 
-17.046845500874426 
-17.119941090414546 
-17.98899761506834 
-17.291585985070007 
-17.787343738550106 
-17.974750620908694 
-17.957667344845284 
-18.60976325770689 
-18.585884163971723 
-18.605390751892593 
-18.76957786042247 
-18.784929508958196 
-18.659976135756644 
-18.637724260498523 
-19.633971448656474 
-19.304807314742227 
-19.455489934095798 
-19.447557773038326 
-19.56679963298463 
-19.458660880780773 
-19.5655541586435 
-19.48736355734303 
-19.455636177117288 
-19.380308308405976 
-19.47553716776456 
-19.396220927247438 
-19.796507567374295 
-20.05915259648724 
-19.913051804672865 
-19.872484533105414 
-19.841202067020866 
-19.991845270459805 
-20.00885531111623 
-20.047017311734784 
-20.097285425068772 
-20.340421868900687 
-20.369545011688672 
-20.19231739684569 
-20.19381337834452 
-20.112235085559877 
-20.10371322361995 
-20.14302709494271 
-20.3723847023762 
-20.673852498667493 
-20.694582840415578 
-20.694565443903773 
-20.559487135850443 
-20.54580486041838 
-20.570659201068537 
-20.61088316901094 
-20.625862227271575 
-20.889269978905254 
-21.000366902823757 
-21.157196057336744 
-20.93463925241381 
-20.812249286086804 
-20.86372147645018 
-21.121073536367977 
-21.253307516770914 
-21.22092284750874 
-21.176042755252727 
-21.24008021677857 
-21.3279454569867 
-21.317067282265384 
-21.283575995178126 
-21.715593701575358 
-21.705128093814444 
-21.642712982656573 
-22.088103281977272 
-22.065434005260588 
-22.00755312171349 
-21.96119837918635 
-21.959536633095926 
-22.024790472953867 
-22.151078179604905 
-22.409616398627616 
-22.098301346873292 
-22.133517340858006 
-21.936042131846065 
-21.856849804816346 
-21.89012944272132 
-21.6745637850415 
-21.604819630355614 
-21.663898906615756 
-21.876179946239724 
-21.876543756816652 
-21.88958618532822 
-22.05247475212306 
-21.876739843280202 
-21.90143455223923 
-22.1069550555213 
-22.421306228284834 
-22.728034182292166 
-22.60783487227473 
-22.749352575733326 
-22.751327531157322 
-22.797544242924648 
-22.800261064881255 
-22.759664938113115 
-22.78842023487144 
-22.8093409394123 
-22.809332914246543 
-22.809944234043776 
-22.96098539361032 
-22.964808751168743 
-22.951634333843845 
-23.013720519744552 
-22.99049147422347 
-22.969955418083376 
-23.1506776838937 
-23.148555835486025 
-23.223844576389688 
-23.22530910784506 
-23.296298535394428 
-23.27123684863547 
-23.28171937989172 
-23.287532266173905 
-23.285932800709034 
-23.288822430136758 
-23.322848838351923 
-23.342746873417617 
-23.334534612374068 
-23.318820062361354 
-23.33892272441391 
-23.336651899792866 
-23.39137593923661 
-23.391676106696774 
-23.38137887478218 
-23.467190358029033 
-23.41809718465308 
-23.588568464863695 
-23.531919975179186 
-23.546095252539423 
-23.530536737086713 
-23.53268063703393 
-23.507721285063795 
-23.51086618650588 
-23.51612903947935 
-23.54594568795618 
-23.600280461810748 
-23.590923461792016 
-23.6168189276734 
-23.714314351637416 
-23.710329786903362 
-23.755754956625864 
-23.8576251842434 
-23.743246575724932 
-23.743317145934963 
-23.64459649147269 
-23.603379751624047 
-23.685026126441226 
-23.692903547184663 
-23.750551144226126 
-23.80285568902458 
-23.757831986737536 
-23.793778482132492 
-23.725431896632305 
-23.767296675049433 
-23.822512838920094 
-23.87251103822239 
-23.979190547277963 
-23.93475916552024 
-23.91529351979228 
-23.93304339595518 
-23.93642047484298 
-23.941448632761013 
-23.934084290087103 
-24.016640894491022 
-24.021199044948112 
-24.026739533187406 
-23.98020484641482 
-23.9785167614734 
-23.967850824631487 
-23.976812821609037 
-23.973640170009922 
-24.009733542098793 
-23.988248865103156 
-23.995433888584323 
-23.99137748437599 
-23.988233989045575 
-23.99067688282819 
-24.011161445631743 
-23.995328228030676 
-24.002645902438058 
-23.988398697938226 
-24.153911487605804 
-24.202713022847046 
-24.133474636193483 
-24.16553769844872 
-24.220790275726912 
-24.202466637246566 
-24.186434428107294 
-24.1874820644018 
-24.16518564308811 
-24.177062300427657 
-24.16794731288642 
-24.210040642546275 
-24.22506924091269 
-24.20458030286644 
-24.277741442139636 
-24.27654711657309 
-24.278778925826856 
-24.288338781974943 
-24.29166027153504 
-24.313115927528102 
-24.322034190138094 
-24.31144753238328 
-24.341789805967156 
-24.361487463152432 
-24.3507433029043 
-24.341808246702332 
-24.340187527222632 
-24.360911056119363 
-24.363682846896502 
-24.354882871988817 
-24.335846000276806 
-24.341410497597913 
-24.347431726537028 
-24.360217402295113 
-24.369774232208222 
-24.356839544284533 
-24.349252561648804 
-24.391365195085903 
-24.371555933977163 
-24.374478635339198 
-24.40119950801074 
-24.402560833214594 
-24.41634710675071 
-24.393921019054332 
-24.385746472509176 
-24.44316725757053 
-24.41013912500695 
-24.453404546649377 
-24.452049233971728 
-24.448644665418254 
-24.440565423014338 
-24.446360893862057 
-24.437280213985638 
-24.475356467186337 
-24.47217964683473 
-24.471496028477084 
-24.464920608629665 
-24.461255414798266 
-24.482464521584294 
-24.480550661330746 
-24.51621077060853 
-24.513497900602438 
-24.507037853053337 
-24.526023698393942 
-24.518203487697512 
-24.546393594804414 
-24.569232276329657 
-24.548514113321737 
-24.540573994392105 
-24.54662176562332 
-24.548391514795554 
-24.576880636690092 
-24.581086497165998 
-24.58360702986932 
-24.576364616857372 
-24.576970868428543 
-24.60313159705856 

 Time 
648.4144744873047 
