Energy 
 
2.878301087752058 
2.0111666572474025 
-1.1788339311855076 
-2.0766657199895886 
-2.0684645421363212 
-2.1607392484690013 
-2.4645441553537433 
-2.887770362194188 
-2.8271756447298486 
-2.7963335329438683 
-2.792131863943127 
-2.9281847154558207 
-2.9488083984396583 
-3.4728707297237444 
-3.472437146437107 
-4.0422695013047365 
-3.758309661932261 
-3.5463431748714043 
-3.5479811359286044 
-3.6229323375668914 
-3.48073354862464 
-3.9589605640869965 
-3.945296826310804 
-3.8399309347424317 
-4.115168063339712 
-4.0276905163740855 
-4.335551386491696 
-4.396420744487267 
-6.469916471193523 
-5.6964340396203506 
-6.078371596357993 
-6.079706866279185 
-8.998198947109733 
-8.901924411860923 
-8.747418975035348 
-8.112723704188726 
-8.184369176102841 
-8.022584355176159 
-10.107688858597982 
-10.13526877376924 
-10.139749615155816 
-9.980718514586624 
-9.963671995836355 
-10.210199432546807 
-10.292448155131337 
-10.961952099300843 
-10.520998677996506 
-11.05109580315654 
-11.233094939490648 
-11.667223713921494 
-11.669903807867595 
-12.130502599375832 
-12.20749959201637 
-12.368181009050216 
-12.549580757636381 
-12.612935005531495 
-12.58248268549268 
-12.458132181550152 
-12.302555303998535 
-12.095201077981379 
-11.934320155515863 
-11.915991924234806 
-11.818178484491426 
-11.690690696697997 
-11.670238607333776 
-12.243610172229287 
-11.980485793893378 
-11.91354969800518 
-11.954755169515888 
-11.844244445461179 
-11.835075014604142 
-12.027992449637933 
-12.201535231463517 
-12.429930245735536 
-12.0535025990285 
-12.100174629984101 
-12.481912307237465 
-12.525479443076206 
-12.310290118633926 
-12.233492797000642 
-12.661529788608016 
-13.077298920491556 
-12.790034041088143 
-12.662054088248222 
-13.183495350434299 
-12.98872761889682 
-13.12194374528712 
-13.45226781190274 
-13.382354150151532 
-13.475731975685534 
-13.28408075888068 
-13.302131829694822 
-13.28587958569634 
-13.774897421738649 
-13.607035299352596 
-13.620363358468724 
-13.697070214853383 
-13.753029547722555 
-14.428769896109388 
-14.0795947862766 
-14.063421106581918 
-13.828369691883768 
-14.35953669286 
-14.392021579171335 
-14.00078548419845 
-13.923256472777023 
-13.926903109271066 
-13.752993743844534 
-13.738411635104722 
-13.742739095244517 
-13.776601772685746 
-13.931148884172956 
-13.933308799435189 
-14.104086232520794 
-14.267859955992622 
-14.0985308780956 
-14.034260207155398 
-13.92280813176131 
-13.93621093057794 
-13.846070517159484 
-14.464125585230828 
-14.157800698791043 
-13.78828975471666 
-13.722376827068567 
-14.428533904014248 
-14.528702828844372 
-14.28000144300589 
-14.333636365329246 
-14.01676080885226 
-14.099219477964066 
-14.512016147716386 
-14.501473431068458 
-14.431729354427592 
-14.381890677467556 
-14.649162070573192 
-14.71410639593026 
-14.832907919617655 
-14.821609602764173 
-14.80763133969624 
-15.078670349727988 
-15.115800603226717 
-15.229671153269688 
-15.058453117530428 
-14.975209878372453 
-15.135581081024542 
-15.152127067350438 
-15.22482381221154 
-15.561936892742267 
-15.636684817892432 
-15.571645192868132 
-15.322233352775658 
-15.582227837246421 
-15.584163623270033 
-15.38139467932948 
-15.42519118207449 
-15.549422717499866 
-15.748947347673637 
-15.754719932490048 
-15.7578763582141 
-15.798841300542414 
-15.785824304504386 
-15.813768876968664 
-15.773332820360665 
-15.778447248798695 
-15.952845105413651 
-15.948192533435169 
-15.905920274661892 
-16.03631590658991 
-15.98727594095462 
-16.033628730478185 
-15.955499388502092 
-15.969937447630755 
-16.11606801122398 
-16.119263771699 
-16.1591653017211 
-16.114204662168053 
-16.06448175075169 
-16.108799509769575 
-16.07670432009092 
-16.077662083574772 
-16.15570058579577 
-16.219732121378435 
-16.149613431914727 
-16.214989962402928 
-16.212960950600664 
-16.313985307128075 
-16.243401465820877 
-16.24654794549985 
-16.25920530639514 
-16.257393190846088 
-16.217485032001292 
-16.22210179337772 
-16.21117686660859 
-16.34641248869823 
-16.34655392947129 
-16.29195131331969 
-16.335912080897543 
-16.34402460535357 
-16.35761069971292 
-16.352692164511396 
-16.367501513501093 
-16.50760859874329 
-16.488177401911148 
-16.383858118457333 
-16.44897798956925 
-16.407910724811853 
-16.398269723567495 
-16.39838482453101 
-16.480353196425632 
-16.55679804957766 
-16.523540745442226 
-16.618856935173557 
-16.58572894287853 
-16.637334396035822 
-16.603292760935847 
-16.65081042948018 
-16.635281623263452 
-16.631621475282223 
-16.619674650539935 
-16.610797999091172 
-16.592328138093933 
-16.675887685517615 
-16.67530786503044 
-16.685303304127174 
-16.6770725657285 
-16.673663341764623 
-16.681179858872493 
-16.722479463457038 
-16.71142715337197 
-16.733612169589474 
-16.721039370487993 
-16.715601526747825 
-16.730239265967036 
-16.731585058699032 
-16.73166168857421 
-16.72951990965328 
-16.729506191891495 
-16.73315402565985 
-16.74977530501449 
-16.763853059563644 
-16.752579835067916 
-16.754010579858054 
-16.76998240171895 
-16.769882625826273 
-16.77789008082024 
-16.77803211495903 
-16.77779160925072 
-16.780159876547494 
-16.776194025720148 
-16.79334527742069 
-16.799416994040012 
-16.807254149075 
-16.810138145273513 
-16.810804611057137 
-16.805436611289235 
-16.80770207101337 
-16.80726212956861 
-16.811875423638043 
-16.814741566434133 
-16.812676562700556 
-16.81521462700835 
-16.81678032108076 
-16.824095379627675 
-16.82481134989374 
-16.824805828142814 
-16.822797600907148 
-16.825878329569232 
-16.824829868029934 
-16.825126807799876 
-16.82424624468176 
-16.831939348639626 
-16.83203864586963 
-16.83292942609686 
-16.839242702035545 
-16.836838895597555 
-16.839111673673997 
-16.840587987206685 
-16.841505966883815 
-16.84137160295871 
-16.841754985597746 
-16.840527714277634 
-16.84283746973381 
-16.84602200731775 
-16.848712426792844 
-16.848974396658452 
-16.85185181721105 
-16.84948808149078 
-16.85388230516522 
-16.855521065666785 
-16.85675847770782 
-16.859335817525526 
-16.859291574079094 
-16.85949781848204 
-16.859253019692144 
-16.859969760014234 
-16.860062384788968 
-16.860131791328563 
-16.86025267255742 
-16.860115911370187 
-16.860095866199387 
-16.860039676564952 
-16.860478040465118 
-16.860509264466188 
-16.861283891091638 
-16.86139771036749 
-16.861403603685712 
-16.861438628155017 
-16.861461289575782 
-16.86157983698768 
-16.861694820703036 
-16.861601576746857 
-16.86169361200115 
-16.861560008800097 
-16.861556896996564 
-16.861559235832146 
-16.861759585885537 
-16.861750454257667 
-16.861997032879103 
-16.862147159492817 
-16.862133997437383 
-16.862383555690794 
-16.86250698846418 
-16.862635462452758 
-16.86261374249055 
-16.862695539984376 
-16.862735064574473 
-16.862867224944285 
-16.862894901310487 
-16.863181528485303 
-16.863901783851677 
-16.863902346800067 
-16.863970257649665 
-16.863825738461003 
-16.863700401504584 
-16.863610640995066 
-16.863649936600932 
-16.86367293089406 
-16.863571441468444 
-16.863728477480603 
-16.86376286321546 
-16.863790632021193 
-16.863813503410647 
-16.863869670131532 
-16.863866970819817 
-16.864096995629136 
-16.8646696453215 
-16.864722025838457 
-16.864952776667906 
-16.865052972467858 
-16.86516253022843 
-16.865411700082838 
-16.865506608744784 
-16.865508725245505 
-16.865517169444132 
-16.865510372298946 
-16.865486518184017 
-16.865591086756062 
-16.865596552990667 
-16.865601554563746 
-16.865595348807286 
-16.865596477620798 
-16.86559210432944 
-16.865792260895933 
-16.86578286322458 
-16.865762996834828 
-16.865773110469135 
-16.865758374625447 
-16.865823862435015 
-16.865823218731478 
-16.865861742702904 
-16.86584575593184 
-16.865845455845257 
-16.865843006880063 
-16.86585183694091 
-16.865905338974166 
-16.86594089731737 
-16.865942901572677 
-16.865933434295084 
-16.86606201878415 
-16.866044252266637 
-16.86604742686903 
-16.866024824309477 
-16.86604573926087 
-16.8661902215442 
-16.86620214886048 
-16.866200500086354 
-16.86620086002937 
-16.866191468043986 
-16.866223729786732 
-16.866273604821743 
-16.866359198884023 
-16.86636889870076 
-16.86641466341014 
-16.866414453058614 
-16.866413440758635 
-16.86641097879084 
-16.86645428892009 
-16.866571978385636 
-16.866665869080514 
-16.866680362979913 
-16.8666883986667 
-16.86669923757486 
-16.866703056782367 
-16.866704996208203 
-16.866730317060867 
-16.86672145544013 
-16.866714022922306 
-16.866720973048654 
-16.866719468933397 
-16.86671872140117 
-16.86673950506364 
-16.866740653633205 
-16.866828583423732 
-16.86683005318779 
-16.866823853324604 
-16.86682019987288 
-16.866824674263952 
-16.866859051033266 
-16.86687531573874 
-16.86687844894714 
-16.866886765962803 
-16.866892151285825 
-16.866902986092466 
-16.866913652004133 
-16.866933453018568 
-16.866987216419073 
-16.86698332204272 
-16.867042148063856 
-16.867045084523145 
-16.867045305158484 
-16.86706749431718 
-16.86706261798403 
-16.867094444322 
-16.867100511325525 
-16.86710937631762 
-16.867100675631402 
-16.867104667064496 
-16.867109775527155 
-16.867107784074392 
-16.867105942609175 
-16.867109455842456 
-16.867162352956033 
-16.867163152942375 
-16.867161698721365 
-16.867171849633035 
-16.8671946706871 
-16.867200311472978 
-16.86720931597735 
-16.867209177758152 
-16.86723883857863 
-16.867257828032912 
-16.86726259906349 
-16.867271202078683 
-16.86727124608513 
-16.867272833030174 
-16.867301610703997 
-16.867322820034595 
-16.86732483087202 
-16.867323661738943 
-16.867356931876607 
-16.86735486930306 
-16.867356874492703 
-16.867383020778878 
-16.86738300072326 
-16.867394629253404 
-16.867407017241025 
-16.867427105412794 
-16.867428676391487 
-16.867437431240486 
-16.86743616876651 
-16.867434904204107 
-16.8674594686733 
-16.86745853770893 
-16.867455482885536 
-16.867451288302483 
-16.8674813096248 
-16.86748555813553 
-16.867483971344054 
-16.867520005563406 
-16.86752510119546 
-16.867550305662363 
-16.86758427181898 
-16.867587326848405 
-16.867599454207394 
-16.867598144459812 
-16.867598486103475 
-16.867605136924308 
-16.86760615068491 
-16.86761071825163 
-16.867619400006433 
-16.86761873705554 
-16.867618581422736 
-16.867619527755696 
-16.867637279050435 
-16.86763534078286 
-16.8676446482728 
-16.867650697406948 
-16.86765081890739 
-16.86765335943111 
-16.867659570627726 

 Time 
30.39091920852661 
