Energy 
 
-0.8668155818878509 
-0.9327312670238772 
-1.552557530066584 
-2.180909399030944 
-2.065165684052969 
-3.525595595143329 
-3.748460337808617 
-3.685559479578127 
-3.5302611507662687 
-4.51969073183835 
-3.8595472877111234 
-3.6667582571688784 
-3.488822660637307 
-3.9677370233637523 
-5.012120839910416 
-5.013701902912962 
-6.193656178492319 
-5.180291840968416 
-6.011037524558397 
-5.401162105007469 
-5.411047882630307 
-5.68434317796378 
-5.510705714901842 
-6.218624354493389 
-6.06323407298468 
-5.837731541435503 
-5.7899184177054455 
-5.966258291901612 
-5.920513258805547 
-5.77776257800601 
-6.024931002425854 
-6.0901870937054055 
-7.664986678513669 
-7.523238954827745 
-7.759096378116613 
-7.78924582802941 
-7.6006459704248455 
-7.712027669715474 
-7.743443111107675 
-7.844637111816252 
-7.876407088925873 
-7.710331731474693 
-7.746236837496889 
-8.208724109048468 
-8.194174270088315 
-8.119603616616402 
-8.222881617328115 
-8.823162778834298 
-8.84244054256791 
-8.910219467763795 
-9.131610394313713 
-8.550862785038518 
-8.8633443151777 
-8.840679290862678 
-8.833402986478973 
-8.8786077791852 
-8.790129222518202 
-8.790341091708198 
-8.941263004022414 
-8.944423482122788 
-8.959362832638927 
-8.931231612850109 
-8.984804269070164 
-9.233950233934284 
-9.280668065662548 
-9.124586297991781 
-9.474518453337748 
-9.496301395923144 
-9.438485767968857 
-9.303624848429049 
-9.469289369258384 
-9.398214183132179 
-9.38670778004374 
-9.276031786625285 
-9.174304089241893 
-9.00241928628795 
-9.13560917236576 
-8.97128985349333 
-8.991283828181652 
-8.950018593037052 
-9.125217329739806 
-9.278415058751726 
-9.24585371319424 
-9.208552596469948 
-9.225109309648717 
-9.47233522981851 
-9.585257263421504 
-9.611553111654167 
-9.37225586268572 
-9.482779389968233 
-9.45279054049245 
-9.965126388941583 
-9.96584432428067 
-10.025711861566437 
-10.017511881953004 
-10.011277751110256 
-10.301008822889473 
-10.392270020811496 
-10.342540683165147 
-10.436183888838467 
-10.541746106435 
-10.464960690884052 
-10.394046851312078 
-10.864830567050703 
-10.854810340138394 
-10.803720137310926 
-10.782697477816667 
-10.766174156224158 
-10.886228787205825 
-10.814274553535256 
-10.974985308190275 
-10.84283819127217 
-10.788275169862574 
-11.00024445783389 
-10.85681007366106 
-10.850747810642847 
-10.771907037401544 
-10.7238804484662 
-10.710356186279576 
-10.646664872816391 
-10.575797800035474 
-10.607346450518842 
-10.559046904855323 
-10.520964101840494 
-10.481750707283211 
-10.484946174918658 
-10.404315026739201 
-10.762364534430796 
-10.611609106934695 
-10.516512989345614 
-10.553638187519052 
-10.767969686326488 
-10.901930986278519 
-10.917150789722232 
-10.709404089695091 
-10.910250036261086 
-11.147761807125848 
-11.026276454242012 
-10.985048927796164 
-11.111276078114445 
-11.103765706061468 
-11.101025657637594 
-11.087512990775329 
-11.04273192912933 
-11.277925695576094 
-11.276796887379687 
-11.331668746158336 
-11.496202136602049 
-11.611984673889484 
-11.546503372415408 
-11.544429444667081 
-11.543123287420478 
-11.540257056670761 
-11.537049535285847 
-11.550251386125906 
-11.547334005152111 
-11.609465167482467 
-11.58424010115466 
-11.570600612258978 
-11.577552938729196 
-11.606739983791796 
-11.59714462025967 
-11.582554112914657 
-11.566804123107898 
-11.595158443321974 
-11.613826766872329 
-11.685142655088649 
-11.63688583468712 
-11.59036856213317 
-11.529015112188837 
-11.457033348102154 
-11.385610381746188 
-11.615538960624685 
-11.531617127356963 
-11.624751387016419 
-11.50262269774196 
-11.575658048974168 
-11.546055530662837 
-11.527786805647622 
-11.541200185519305 
-11.681268064108522 
-11.976972177733844 
-11.648220326903237 
-11.667505950073298 
-11.457087167966407 
-11.502054209172286 
-11.229321417372129 
-11.599344483715907 
-11.682091873708263 
-11.748176122089415 
-11.722290028100845 
-11.391931784899327 
-11.2513522787609 
-11.260759034591747 
-11.269652862637692 
-11.152481306883613 
-11.014922030320236 
-11.077627769506547 
-10.90540064221861 
-10.899019051547015 
-10.72778859362957 
-10.771874580792934 
-11.277119658900235 
-11.190140715476744 
-11.27859404897695 
-12.37462711020638 
-12.365571414548207 
-12.194086636881416 
-12.024947478891278 
-11.704973162929647 
-12.026805614994275 
-11.856584024228537 
-12.23538020337029 
-12.506084072394739 
-12.462929728878155 
-12.48101392591373 
-12.460421523577761 
-12.463905478387225 
-12.469284948822256 
-12.561071237968173 
-12.58572497823947 
-12.602311103412733 
-12.556294947828015 
-12.622563407476312 
-12.623066602669752 
-12.646517518038655 
-12.73106081643265 
-12.68931942355559 
-12.788454189000891 
-12.7893184550337 
-12.706763116715724 
-12.723226973579106 
-12.783819224397886 
-12.848664129220646 
-12.86202160279333 
-12.866148315930023 
-12.848944671477309 
-12.850309048522153 
-12.85625776924707 
-12.843945704597292 
-12.856795402874258 
-12.847962172224557 
-12.872977991639798 
-12.870361312506077 
-12.887267181976815 
-12.88129255249903 
-12.913984290990168 
-12.907408143768388 
-12.907375942023748 
-12.940044535437748 
-12.984662228412256 
-12.999893213961853 
-13.042906525001776 
-13.103771331160264 
-13.021174767199147 
-13.020407865192658 
-13.088747451338229 
-13.093618827053742 
-13.102842792820123 
-13.244438267837204 
-13.1271950895856 
-13.183449103729012 
-13.137667925974906 
-13.238329883370128 
-13.218240785689577 
-13.22253761595192 
-13.166160388870395 
-13.122466092150326 
-13.054810062416172 
-13.191321409334726 
-13.341741170042829 
-13.345472118446672 
-13.385711190586353 
-13.31539854205826 
-13.309584796479363 
-13.296572836414027 
-13.411708095170777 
-13.49616234485799 
-13.553306351902517 
-13.524677319185773 
-13.585045844823226 
-13.554612826455713 
-13.548768536060207 
-13.511410846815185 
-13.510902789987389 
-13.47648131382685 
-13.471998772971842 
-13.443072953649454 
-13.707687031995265 
-13.582488154980005 
-13.599156414356585 
-13.584163359948183 
-13.679194292447226 
-13.6933768778167 
-13.702310023619097 
-13.712298256332401 
-13.704710059877142 
-13.69656993266786 
-13.692535340044522 
-13.80083876824974 
-13.851880888724803 
-13.824238811328392 
-13.776787172724946 
-13.77509038650603 
-13.843723849001497 
-13.843316456546242 
-13.877424829909419 
-13.848283494832218 
-13.858877916356192 
-13.844368888507658 
-13.940802444999635 
-14.044473281424624 
-13.908945259635066 
-13.860971282351803 
-13.83193927056173 
-13.848250771864622 
-13.943730794211458 
-14.052503559538943 
-14.010790513069725 
-13.968669274861215 
-13.959493792245596 
-13.976972502871316 
-14.219560148611007 
-14.358287151351433 
-14.394077803224306 
-14.101634508844848 
-14.329509397692751 
-14.332487841866453 
-14.323012388017693 
-14.326895491341963 
-14.245453563173376 
-14.24465991074883 
-14.245877091231653 
-14.225051609083742 
-14.214389625338518 
-14.21421755950976 
-14.33818417563507 
-14.321596155115014 
-14.358490588773522 
-14.322226951931306 
-14.413447196203233 
-14.410409283734394 
-14.33759292136471 
-14.30527158364251 
-14.410614222622387 
-14.431634394919719 
-14.460360503676226 
-14.450713860262379 
-14.502576227138983 
-14.503371603627818 
-14.497159031957642 
-14.481704889129423 
-14.481252126596793 
-14.464894243016314 
-14.471324541240158 
-14.466420411554013 
-14.476019803468573 
-14.550118824830871 
-14.56443163854803 
-14.603652119155802 
-14.602279659849444 
-14.60936184052056 
-14.62686113038377 
-14.62653241661854 
-14.638507976283938 
-14.638697780482529 
-14.65158522985225 
-14.66412984744526 
-14.663947006117327 
-14.644340546179732 
-14.627607098001478 
-14.627107628902731 
-14.632856752687433 
-14.660550219943104 
-14.657776062896923 
-14.66273493936117 
-14.662950923008731 
-14.6516367236527 
-14.66093765832912 
-14.652707630093019 
-14.660225833557336 
-14.655181160007851 
-14.678950991335482 
-14.679970344182237 
-14.686455095768256 
-14.688133089713062 
-14.686271005281963 
-14.708687950649475 
-14.709614457004927 
-14.708732421314378 
-14.706439910160102 
-14.714828336268658 
-14.716766020727476 
-14.715339306270678 
-14.712676814706182 
-14.711360431322724 
-14.70937891647496 
-14.707847552900434 
-14.710384375319531 
-14.710163068422368 
-14.71461746401109 
-14.72059352580142 
-14.719803182667137 
-14.716557921365013 
-14.717480649572856 
-14.721809253850783 
-14.726827274982481 
-14.727937015008806 
-14.728983295512002 
-14.728861715710984 
-14.740643720367611 
-14.756287913302488 
-14.758292341628717 
-14.765791504450283 
-14.764403812927421 
-14.76335557264707 
-14.770823406124865 
-14.76645874368222 
-14.767121416500283 
-14.767008214069408 
-14.76693068825991 
-14.768831955719971 
-14.768601651543827 
-14.76940650358585 
-14.769830594910902 
-14.771185080289621 
-14.77153409339615 
-14.775294937032603 
-14.779633761396724 
-14.803655342351105 
-14.804333071077549 
-14.811107246574796 
-14.810931280886043 
-14.810934325596987 
-14.811858489913206 
-14.813759541924247 
-14.816087204055144 
-14.816114496209444 
-14.816824149391504 
-14.814093724082301 
-14.816527434848194 
-14.816131244359118 
-14.816038670249279 
-14.815948576906012 
-14.818479745876793 
-14.819371548388393 
-14.819386506712753 
-14.817524032937634 
-14.818851635778275 
-14.823045512079705 
-14.824160646331856 
-14.826929538768448 
-14.826996900992603 
-14.827708278460427 
-14.828376772505491 
-14.828813416707051 
-14.82872145151959 
-14.82872511425805 
-14.828373381952177 
-14.832966421591532 
-14.833253889000934 
-14.833726568900127 
-14.833878381491957 
-14.835145345567495 
-14.834842193688683 
-14.83621360399359 
-14.836269830761456 
-14.83630318925643 
-14.836538036264304 
-14.835983468599512 
-14.836601581081847 
-14.836923260647648 
-14.836935387040942 
-14.838350140294454 
-14.844912332921906 
-14.845131072215759 
-14.845190512793643 
-14.845192596483036 
-14.845496635396325 
-14.845426943490105 
-14.845955656876956 
-14.847042423109633 
-14.847886614151054 
-14.847819904265421 
-14.848061452454745 
-14.848054193531 
-14.849804446415266 
-14.849397893912542 
-14.85191948894289 
-14.853891129545007 
-14.853908313531257 
-14.854429499458178 
-14.854706874763158 
-14.854705796738605 
-14.85543314863606 
-14.85659575614405 
-14.85679575597761 
-14.857188875367171 
-14.857272365621576 
-14.858739742485545 

 Time 
215.94562673568726 
