Energy 
 
-1.8201388072431606 
-2.4344395108332773 
-3.0091437606235925 
-3.5978075250532324 
-4.155789073406294 
-4.773480018377313 
-5.353534575769105 
-5.863554738508899 
-6.350893805874442 
-6.712557270732795 
-7.067693937254179 
-7.361846808784964 
-7.64516060786214 
-8.06483987063282 
-8.426275372379461 
-8.752301178722888 
-9.001419333141445 
-9.230472048669206 
-9.443855526694188 
-9.649078842839101 
-9.802268714452538 
-9.94214392201938 
-10.133816413405295 
-10.303953471162705 
-10.42181147208532 
-10.526947641922895 
-10.62472963928014 
-10.716894288386833 
-10.803541050332857 
-10.890769462744514 
-10.973453017786692 
-11.055139812787862 
-11.140336045693903 
-11.219202053576128 
-11.294771388580656 
-11.367106755143599 
-11.437682463524657 
-11.510566160599685 
-11.593460847230359 
-11.660746981597606 
-11.722446177189019 
-11.781499528713246 
-11.838133265323034 
-11.903842916701986 
-11.96253946296205 
-12.016687598951622 
-12.06913198990003 
-12.116906664627427 
-12.166300821853085 
-12.211844444071229 
-12.25532640423587 
-12.297180145118107 
-12.337770018773066 
-12.384605184702602 
-12.42555752018898 
-12.465432142023383 
-12.503692733808444 
-12.54125127277457 
-12.576932511257718 
-12.611630251258292 
-12.6454349315746 
-12.67834661598819 
-12.711077370843974 
-12.742552123554953 
-12.773209388561163 
-12.803783221651532 
-12.833284534740546 
-12.861966035073785 
-12.888501830736836 
-12.922814366090117 
-12.951620408203615 
-12.980280543162747 
-13.00759495792045 
-13.034172112795275 
-13.060311917804041 
-13.086487341282746 
-13.111559089694932 
-13.135612208038559 
-13.159294617995133 
-13.182782826324793 
-13.20552214464331 
-13.227316512653168 
-13.24878176224061 
-13.269780839065277 
-13.290237197706654 
-13.310149076505612 
-13.329592393181043 
-13.349761717739963 
-13.369054382103984 
-13.387504900394147 
-13.405493250839013 
-13.421240216567046 
-13.42625243541235 
-13.439888390833397 
-13.465669508099358 
-13.485022959173882 
-13.501878374730982 
-13.517627369333285 
-13.531729689489653 
-13.545204987608498 
-13.558246486074648 
-13.570951820684844 
-13.583131367787924 
-13.595232223442304 
-13.607534215354342 
-13.6194261881054 
-13.630757070626714 
-13.64212370089874 
-13.653291912632007 
-13.663922445388115 
-13.674111666648594 
-13.683995710004893 
-13.693573454118079 
-13.703015047591855 
-13.712109383782716 
-13.720899496462557 
-13.72972130748424 
-13.737910411181982 
-13.73885405411133 
-13.753854875608711 
-13.763314460750498 
-13.770953338233163 
-13.778201835765856 
-13.785169159239864 
-13.79193694934093 
-13.798534858690694 
-13.80493044053331 
-13.811063882786062 
-13.816987210424164 
-13.82273024891931 
-13.828331357550564 
-13.8336529368669 
-13.836760424906226 
-13.840114943860973 
-13.84717193902045 
-13.85310409764673 
-13.858141356926815 
-13.862769411304212 
-13.867157445257575 
-13.871379537674855 
-13.875388482999483 
-13.878800552521097 
-13.879776832924257 
-13.88610825420128 
-13.890077552031267 
-13.893573823412094 
-13.896969032360614 
-13.900168808772559 
-13.903258096178277 
-13.906254361705646 
-13.90886778384069 
-13.906217699992023 
-13.912877328131145 
-13.908827937179565 
-13.909261413658774 
-13.91258116602272 
-13.92150472761245 
-13.925330297736188 
-13.928135216518442 
-13.91870499290233 
-13.911909417769209 
-13.929367479466803 
-13.935205301407311 
-13.938411163650013 
-13.940420161042066 
-13.942253949596402 
-13.94400928595999 
-13.94569709022229 
-13.9473213550204 
-13.948886368337154 
-13.95039516428759 
-13.951846588471486 
-13.95324703363615 
-13.95459831149757 
-13.955900858385696 
-13.957151161434343 
-13.958362437428187 
-13.959534358947472 
-13.960669033475416 
-13.961763264001062 
-13.962818714774123 
-13.9638409612353 
-13.964829791679387 
-13.96577944843573 
-13.966691169188088 
-13.967565258452854 
-13.968384625815052 
-13.969171240516864 
-13.969929682065375 
-13.9706613079732 
-13.971375906237757 
-13.972062132804904 
-13.972706284626154 
-13.973332278383266 
-13.97393542946282 
-13.974518737843852 
-13.975084603578377 
-13.975630363023779 
-13.976157188853774 
-13.976665769659139 
-13.977159267445238 
-13.9776345493861 
-13.978093323819051 
-13.978536392028898 
-13.978963762431325 
-13.979377671393458 
-13.979777894228976 
-13.980164357180465 
-13.98053574892809 
-13.98090422517956 
-13.981258402238105 
-13.981600595320737 
-13.981929959106363 
-13.9822488493505 
-13.982554515479562 
-13.982848965512073 
-13.983130054576351 
-13.983400315967236 
-13.983660249950743 
-13.98391090379895 
-13.984152431016433 
-13.984385450084334 
-13.984610151791689 
-13.984826969057488 
-13.985033486115956 
-13.985232926619153 
-13.985425527813867 
-13.985611551900547 
-13.985791269430896 
-13.985965024126001 
-13.986132590668163 
-13.98629459716769 
-13.986451507886748 
-13.986600923346636 
-13.986744867383505 
-13.98688375668502 
-13.987018139122775 
-13.987147996787487 
-13.987273769214745 
-13.987396423826144 
-13.987514837320374 
-13.987629202748941 
-13.987739365644629 
-13.987845748158005 
-13.98794865929496 
-13.988048038347808 
-13.988145010964429 
-13.98823792549367 
-13.988328244755742 
-13.988415020976028 
-13.988498657470913 
-13.98857963765248 
-13.98865779906738 
-13.988733323729463 
-13.988806219530217 
-13.988876488348177 
-13.988944436709835 
-13.989009831317203 
-13.989072940174026 
-13.989133856262256 
-13.98919266425514 
-13.989249488469717 
-13.989303975707788 
-13.989356259827407 
-13.989406280048328 
-13.989455000128972 
-13.989501944919141 
-13.989547364529232 
-13.989591166476183 
-13.989633443025816 
-13.989674231003352 
-13.989713587267286 
-13.989751613087165 
-13.989788096664562 
-13.989822527194324 
-13.989855711098022 
-13.989887572880999 
-13.989918368664918 
-13.989947900854975 
-13.989976255341045 
-13.99000359894894 
-13.990029981009908 
-13.99005551003102 
-13.990080200118607 
-13.99010397844109 
-13.990126849231363 
-13.990148756098367 
-13.990161690120345 
-13.990163292028203 
-13.99014947846812 
-13.990135195043427 
-13.990171106877778 
-13.990240063247695 
-13.99028126938801 
-13.990301487638185 
-13.990317703733425 
-13.9903334319841 
-13.990348639596832 
-13.990363323476718 
-13.990377446091468 
-13.990390962622504 
-13.990404023834603 
-13.990416657628227 
-13.99042888209367 
-13.990440702226481 
-13.990452146484108 
-13.990463230605242 
-13.990473956249943 
-13.990484318130916 
-13.990494363591724 
-13.990504091569727 
-13.99051350964138 
-13.990522610182046 
-13.99053139712163 
-13.990539965464206 
-13.9905482437506 
-13.990556242575279 
-13.990563972315119 
-13.990571439734264 
-13.990578610844103 
-13.990585535881634 
-13.990592227810604 
-13.990598688875716 
-13.99060493255256 
-13.990610909427017 
-13.990616666041277 
-13.990622228447183 
-13.990627603426288 
-13.990632797594477 
-13.990637819269883 
-13.990642675311502 
-13.990647366970625 
-13.990651881945698 
-13.990656246902974 
-13.990660465696498 
-13.990664532046484 
-13.990668453841039 
-13.99067224883461 
-13.990675917013185 
-13.990679460637308 
-13.990682894814139 
-13.990686221026964 
-13.990689434325478 
-13.990692547513872 
-13.990695554491307 
-13.990698478735888 
-13.990701324430152 
-13.990704077152596 
-13.990706740535087 
-13.990709322279848 
-13.990711808881606 
-13.990714209188845 
-13.990716509066646 
-13.990718731355795 
-13.990720871277816 
-13.990722939472082 
-13.990724939574271 
-13.99072687311212 
-13.990728740190248 
-13.990730543489187 
-13.99073229435806 
-13.990733975676637 
-13.990735603839735 
-13.990737174408476 
-13.99073868924441 
-13.990740154395 
-13.990741565203438 
-13.990742928180898 
-13.990744242502661 
-13.990745519282298 
-13.990746750883323 
-13.990747933353974 
-13.990749073064224 
-13.990750158938011 
-13.990751209975238 
-13.990752225563831 
-13.990753205656524 
-13.990754152731215 
-13.990755065254353 
-13.990755947412515 
-13.990756798807087 
-13.990757617661261 
-13.99075840799154 
-13.990759170817507 
-13.99075990851076 
-13.990760626674623 
-13.99076133196142 
-13.990762016313038 
-13.990762674555603 
-13.99076330704739 
-13.99076391672313 
-13.990764507095628 
-13.990765077369854 
-13.990765623829454 
-13.990766151227383 
-13.990766660067743 
-13.990767149784386 
-13.990767622167917 
-13.99076807737385 
-13.990768516196722 
-13.990768939860464 
-13.990769347120464 
-13.99076973856803 
-13.990770116355588 
-13.990770480780338 
-13.99077083291986 
-13.990771171378832 
-13.99077149521208 
-13.990771805204545 
-13.990772103601419 
-13.990772391688267 
-13.990772669546486 
-13.990772937440422 
-13.990773195813844 
-13.9907734449552 
-13.99077368456361 
-13.990773914668306 
-13.990774136859773 
-13.990774351378333 
-13.990774558878913 
-13.990774759114238 
-13.990774952312059 
-13.990775137964759 
-13.990775316773341 
-13.990775489293267 
-13.99077565575349 
-13.990775816381241 
-13.990775971614967 
-13.990776121443632 
-13.990776266053752 
-13.990776405830486 
-13.990776540541445 
-13.990776670624914 
-13.990776796208328 
-13.990776917465068 
-13.990777034956697 
-13.99077714825561 
-13.990777257248626 
-13.990777361145348 
-13.990777461569781 
-13.990777557388583 
-13.990777650025272 
-13.990777739602905 
-13.990777825967783 
-13.990777909336808 
-13.990777989233026 
-13.990778066540683 
-13.9907781411563 
-13.990778213049508 
-13.990778282786554 
-13.990778349855388 
-13.990778414584002 
-13.990778476727032 
-13.99077853670271 
-13.99077859454384 
-13.990778650396052 
-13.990778704218167 
-13.990778756165982 
-13.990778806313852 
-13.990778854434843 
-13.99077890095693 
-13.990778945872862 
-13.99077898935412 
-13.990779031355151 
-13.990779072003047 
-13.990779111253644 
-13.990779149175284 
-13.990779185582106 
-13.990779219995158 
-13.990779253039024 
-13.990779284965786 
-13.990779315838783 
-13.990779345652468 
-13.990779374608175 
-13.990779402589304 
-13.990779429617367 
-13.990779455711321 
-13.990779480838416 
-13.990779505106165 
-13.990779528551606 
-13.990779551166865 
-13.990779573019472 
-13.990779594144621 
-13.990779614521896 
-13.990779634010861 
-13.990779652840638 
-13.990779671012453 
-13.990779688577996 
-13.99077970554507 
-13.990779721960658 
-13.990779737821828 
-13.990779753095815 
-13.99077976786121 
-13.990779781905246 
-13.990779795490372 
-13.990779808612654 
-13.99077982128829 
-13.99077983355006 
-13.99077984539691 
-13.990779856851992 

 Time 
2.678051710128784 
