Energy 
 
1.03983086882277 
1.0314216041825415 
0.8688386670858815 
-2.9384996720947973 
-3.003896891705229 
-2.852183604874643 
-2.758705052486142 
-2.8190634206477507 
-3.0941967162737054 
-3.3050980866866713 
-6.291858994421542 
-5.529683453913048 
-5.501093292366298 
-5.264352039085816 
-5.191603986260062 
-5.159064893522212 
-7.02577518471156 
-8.043109356698498 
-8.165904418298112 
-8.529194787889246 
-8.532214674126179 
-8.98696051443013 
-9.038166506574335 
-8.950278919772765 
-8.919708608524193 
-8.857643162766855 
-9.116308590343586 
-9.187232963688867 
-9.126083170140753 
-9.012502060738077 
-9.014315333897079 
-9.074903756764254 
-8.959588577805675 
-9.265115795081032 
-9.24504034031987 
-9.391143953676112 
-9.134826311972075 
-9.14170631899811 
-9.035317912239556 
-9.205828757951842 
-9.194207692969437 
-9.182471088904387 
-9.175280198404655 
-9.230002519154286 
-9.192012911437812 
-9.208893587870739 
-9.24505532753484 
-9.233356544281147 
-9.22661974125506 
-9.231159909695702 
-9.23961551994944 
-9.682089409263982 
-9.68027678705202 
-9.678120695480379 
-9.400946086661127 
-9.05922862604566 
-9.580484079821668 
-9.53476993934321 
-9.548145071761065 
-10.140147724458025 
-10.085544905634551 
-10.471289897342658 
-10.85668114572985 
-10.818529752736994 
-11.181119592715577 
-10.848454882838208 
-10.641080597712278 
-10.34322815293741 
-10.314360367870194 
-10.1741443946329 
-10.119505770995868 
-10.26507904907979 
-10.488170107868177 
-10.301072868787253 
-10.242826969736008 
-10.226954015054782 
-10.301182488399155 
-10.137950871302424 
-10.337434060697394 
-10.521209327770453 
-10.53563115597065 
-10.774892482090944 
-10.777640288853158 
-10.805151159016823 
-10.783212077412195 
-10.681056442023342 
-10.955826454775226 
-10.958772306706262 
-10.912393696750275 
-11.133686865101609 
-11.258965981223659 
-11.39376122760123 
-11.442507123733815 
-11.484114828351634 
-11.439024296731212 
-11.460867963656026 
-11.530191737927613 
-11.52319765323101 
-11.50828017903526 
-11.540591566349343 
-11.528374304915799 
-11.55848385850634 
-11.610562642063122 
-11.60552942932911 
-11.663857954364373 
-11.610010835737453 
-11.570429157157788 
-11.600369089844936 
-11.646637808837179 
-11.687453944103344 
-11.638098199726722 
-11.654685336129162 
-11.812299507231494 
-11.820355456877007 
-11.680104596033345 
-11.595849879977568 
-11.741708116367292 
-11.588111117765076 
-11.481230386385853 
-11.38937700640239 
-11.395238036382949 
-11.705873661891294 
-11.944374352232835 
-11.560331231129702 
-12.017232649465917 
-11.898088292977425 
-11.780207439488006 
-11.906473375726648 
-12.609651861140936 
-12.596758755659426 
-12.586048082910427 
-12.636557619266034 
-12.686595748603972 
-12.892817669955402 
-12.876266691141254 
-12.734671677134338 
-12.808365493314929 
-12.760914655121232 
-12.965325088002492 
-13.10732616389899 
-13.014247195070125 
-12.921447100983523 
-12.961927095456922 
-12.949056964382475 
-12.97932684457661 
-12.996386538083957 
-13.177117979787985 
-13.287584560793201 
-13.268654941912423 
-13.307787358444543 
-13.089713056421326 
-13.295811433827891 
-13.31373044742753 
-13.203128983954938 
-13.110412548265783 
-13.29950776143491 
-13.217072883133296 
-13.257067403687234 
-13.269328708684636 
-13.219675761797811 
-13.254513698638323 
-13.307852201125295 
-13.37428858562825 
-13.284162229468073 
-13.348973178266167 
-13.39526954227059 
-13.323778766724802 
-13.33955629274032 
-13.440832270135395 
-13.982159571967083 
-14.061512392955807 
-13.53455518847879 
-13.341033230905236 
-13.24319856461392 
-13.265183883359201 
-13.265291632665345 
-13.235562478672414 
-13.191514251302301 
-13.20638034507886 
-13.505483551546767 
-13.534226103702416 
-13.50234097353798 
-13.486707434578923 
-13.84311246449242 
-13.903719148795249 
-13.597771833102266 
-13.499926834118515 
-13.40322987683245 
-13.523889140788969 
-13.528289685474107 
-13.606755610317085 
-13.622209956844078 
-13.770442848656183 
-13.708042617707946 
-13.714111515981307 
-13.779405190102459 
-13.808422334601229 
-13.734657023155135 
-13.78874167419882 
-13.849117964713068 
-13.774734646915716 
-13.700767457785624 
-13.700682449103319 
-13.70027103616542 
-13.696914492330315 
-13.737217998993748 
-13.747853505923999 
-13.798509300737814 
-13.764391448761119 
-13.9938846899114 
-13.837023568749085 
-13.9845890371582 
-14.106948682460738 
-13.916589785823053 
-14.120410608884184 
-14.049554918278124 
-14.287643748142134 
-14.283699445375511 
-14.399245492296092 
-14.490902239246813 
-14.368122176748766 
-14.519537562716401 
-14.514483038702128 
-14.454817089536112 
-14.508906666024183 
-14.526294300346763 
-14.754551129277917 
-14.76488788298075 
-14.735396712783746 
-14.905772018877213 
-14.777746189558284 
-15.083709640889698 
-15.083929904821673 
-14.877439079223361 
-14.913015959763523 
-14.785135820257091 
-14.928155471791301 
-14.762986604161622 
-14.758025479173568 
-14.70137662594609 
-14.638700894899978 
-14.535254163181213 
-14.809392807138467 
-14.733471625305075 
-14.73138322112844 
-15.137007074246252 
-15.2033810240234 
-14.96320871266554 
-15.978112012316785 
-15.933357974415456 
-15.264590391227063 
-15.450563016259455 
-15.449071559516321 
-15.607551786628296 
-15.768466196924665 
-15.70934241413889 
-16.06583224299062 
-15.939423063300897 
-15.741847175065208 
-15.741932460880452 
-15.787139414464122 
-15.82188933760358 
-15.886438157192012 
-15.887384359743479 
-15.927552758119454 
-15.930076212246847 
-15.892720201957777 
-15.895646216964593 
-15.867997415043908 
-16.10792594265732 
-16.15335000150101 
-16.09376311800504 
-16.078379741532775 
-16.01155311637088 
-16.08242706814953 
-16.153221447650168 
-16.216842729259415 
-16.274620112362612 
-16.29130077191218 
-16.16389443454639 
-16.29859693784781 
-16.216707228124168 
-16.15646775001594 
-16.193494587766303 
-16.116010574549925 
-16.290657213434038 
-16.51186628522734 
-16.506013284657346 
-16.412243709860387 
-16.37271091026962 
-16.30943441786323 
-16.185039184034313 
-16.29130794111509 
-16.652120509311633 
-16.701813198837364 
-16.59755117220647 
-16.645170907392412 
-16.924326747323352 
-16.912691449641887 
-16.9450768294785 
-17.080812469571224 
-17.092068708333393 
-16.97483666514819 
-16.963437288659915 
-16.984560182893368 
-17.334619884462363 
-17.33812315192609 
-17.364928495090318 
-17.357044622650424 
-17.23587922300876 
-17.22403762386925 
-17.261367822159844 
-17.238352110487984 
-17.199689054839272 
-17.331674667177733 
-17.32195305941685 
-17.39677668310826 
-17.357131470304445 
-17.279700142730697 
-17.42820178796346 
-17.444523942427658 
-17.622713466137043 
-17.622818104183075 
-17.58877515880117 
-17.451363834828463 
-17.490452664868656 
-17.673040796745838 
-17.690552212346027 
-17.69938060778498 
-17.692742845104135 
-17.636171742655577 
-17.649478081827848 
-17.65527586204452 
-17.692417409881887 
-17.78285787960641 
-17.783137999876185 
-17.78341858345272 
-17.724727075069115 
-17.721616905658443 
-17.673012685968594 
-17.60875247911561 
-17.70247141219803 
-17.657742792158828 
-17.68927980873937 
-17.747104040767177 
-17.78992141987233 
-17.83547760574646 
-17.87919213577146 
-17.88665579066456 
-17.89257646524365 
-17.82117635532714 
-17.797352357242744 
-17.795432988571456 
-17.77181583811199 
-17.761575890240458 
-17.736987304984005 
-17.736132014856455 
-17.76332436459244 
-17.78172184595527 
-17.7880171853947 
-17.93726400316281 
-17.942211783313624 
-17.91290284758372 
-17.891801770365447 
-17.89782592839388 
-17.912323519010407 
-17.917862904760206 
-17.933420885725262 
-17.968906249975873 
-17.97238157596981 
-17.963977604150234 
-17.98681546669665 
-17.99599930049443 
-18.020641591487742 
-18.10476737526108 
-18.10398723487608 
-18.166183701714473 
-18.164904744966414 
-18.1640679043702 
-18.206205785207718 
-18.208029764956322 
-18.18124677713873 
-18.180995953594056 
-18.167876246710335 
-18.16977016179092 
-18.174260805661724 
-18.178896563514815 
-18.181608282592556 
-18.194349667525596 
-18.210510370965306 
-18.2301645549423 
-18.24928333811647 
-18.28189744929478 
-18.293063102126805 
-18.284658603222823 
-18.293442706049444 
-18.29719970066568 
-18.309139678770315 
-18.33765181199877 
-18.341780396012663 
-18.343809189750708 
-18.34053461435848 
-18.366723397197045 
-18.37885914686866 
-18.373278062856453 
-18.39819598259056 
-18.398341244170375 
-18.410031437667715 
-18.412136265872476 
-18.426111275570374 
-18.435841586795224 
-18.435424135625013 
-18.439472535810136 
-18.43784940800859 
-18.44333097853298 
-18.443678346697716 
-18.441197856374245 
-18.440961876419742 
-18.453455373691455 
-18.469135789224964 
-18.46276975789728 
-18.48332342165534 
-18.475515358033604 
-18.459129552782844 
-18.463632819851956 
-18.474441876828752 
-18.471581459604344 
-18.47170237690921 
-18.477944416220716 
-18.51063753240543 
-18.509873981719373 
-18.510146725873266 
-18.516118006296715 
-18.521681071095596 
-18.515779112613544 
-18.51801391951445 
-18.523867171826698 
-18.524689074765195 
-18.52254196751577 
-18.52072651231948 
-18.523047872880678 
-18.548276577826577 
-18.55063518742844 
-18.558362992615386 
-18.55088688469929 
-18.551680252911066 
-18.54561675375691 
-18.556069091376298 
-18.560972770418942 
-18.565745452224142 
-18.56262730769963 
-18.558271203155687 
-18.56406274844742 
-18.56183075556318 
-18.56362500178628 
-18.573082587998496 
-18.587384159026243 
-18.587161713158604 
-18.58851270737128 
-18.592267569762647 
-18.593331543899254 
-18.590520848133934 
-18.591045681075677 
-18.588417638172018 
-18.58587807269856 
-18.588995053241135 
-18.5914651424165 
-18.592817858154763 
-18.5953981037881 
-18.59639287547686 
-18.5965864852 
-18.596737541043012 
-18.594513486272167 
-18.594158547143437 
-18.598099238753846 
-18.607963034512434 
-18.622237656623746 
-18.62052694815525 
-18.62964364250067 
-18.638991877168866 
-18.644737874544678 
-18.647738859177906 
-18.648301273038538 
-18.64829013065278 
-18.648827115100442 
-18.65020774178804 
-18.657577681768693 
-18.657778040532037 
-18.657303071560555 
-18.659181655586515 
-18.6591179558765 
-18.662431856936006 
-18.66315704289123 
-18.664016319059673 
-18.66376232186122 
-18.665918593983935 
-18.666845228721403 
-18.666978897062343 
-18.66687101448623 
-18.667118395612707 

 Time 
257.67959094047546 
