Energy 
 
-4.680108483309092 
-5.116727785046594 
-5.1582516117828225 
-5.2569937798939055 
-5.682102095103852 
-6.103500805141956 
-7.605009134276808 
-7.7829694339771915 
-6.980278124930992 
-7.5887495720806015 
-7.560145675895412 
-7.510348612494149 
-7.272088031436499 
-7.240661034791841 
-7.2893320413978575 
-7.194473752202263 
-7.239501758953918 
-7.193563980740716 
-7.473560815545596 
-8.004444850967365 
-7.391431125216238 
-7.4702085561043425 
-7.1861986331459144 
-7.197159711165538 
-7.192180225790522 
-7.264857056635286 
-7.7948120731604975 
-7.780873309464168 
-7.246234840360005 
-7.240645564080386 
-6.8227609660961095 
-6.941353002496502 
-6.9381552072810475 
-6.937830319419839 
-7.202639993499704 
-7.179101163145053 
-7.241007287425138 
-7.318981566617502 
-7.3380711862274275 
-7.422129698217654 
-7.424555117376529 
-7.4056937650236 
-7.365022358632596 
-7.364518007833795 
-7.478704716646119 
-7.42063153743822 
-7.512923159486487 
-7.529171703884923 
-7.446606843021039 
-7.434425030621446 
-7.366716716158784 
-7.331490216481042 
-7.202854441457805 
-8.324235886810355 
-8.316644246465708 
-7.706890357504004 
-7.023620840731604 
-8.1398316768132 
-8.031997707033007 
-7.615176451107483 
-7.672305625809889 
-7.099581832949078 
-6.570961496347726 
-6.588434536285632 
-6.929580625322959 
-6.972115810917246 
-7.121483594184158 
-7.110294904595683 
-7.101182579211735 
-7.101680611304487 
-7.407179683624605 
-7.355514852197403 
-7.225703929023921 
-7.119132043055786 
-7.455914063669513 
-7.334429431300055 
-7.40002334832171 
-7.228513654601771 
-7.184017494236785 
-7.031412583648173 
-7.010580484068008 
-7.069574511057236 
-7.0634678003417894 
-7.471734052506767 
-7.601423249398999 
-7.317233472389929 
-7.2476572106346095 
-7.279586943562751 
-7.387790337289535 
-7.422423007063068 
-7.407174031920707 
-7.855587463628969 
-7.857615981102572 
-7.655933309168526 
-7.529881511515858 
-7.607948458966458 
-7.917723238125013 
-7.920935386408923 
-8.09245687837643 
-8.058808018973915 
-8.027734681145507 
-8.526538475636523 
-8.799549287289533 
-8.95733714435216 
-8.713227259301268 
-8.69446380917721 
-8.634218548803522 
-8.942269305072875 
-8.987534458784847 
-8.984721268182314 
-8.933981050090464 
-8.749388228640601 
-8.927117244728977 
-8.964210160129143 
-8.936107127906599 
-8.84544682817224 
-8.832472253961484 
-8.874312080079124 
-8.880532534607404 
-8.864757152285842 
-8.859834037944445 
-8.882293917949797 
-9.065170739732062 
-8.962740245269162 
-8.902701472171092 
-8.865580127787425 
-9.345004104021625 
-9.3597592165135 
-9.37646698531461 
-9.371551095831695 
-9.416975112134928 
-9.436120869669178 
-9.397395268832778 
-9.410511769755567 
-9.410821723311312 
-9.417324284804998 
-9.416241902357845 
-9.456796262143865 
-9.463461051987668 
-9.437064622852926 
-9.4322022449068 
-9.44841611864003 
-9.425286556334727 
-9.45075093515784 
-9.433280376525646 
-9.430278432793587 
-9.414364760856818 
-9.531274642583968 
-9.515540890089262 
-9.494973923431049 
-9.492950412619855 
-9.418161372583477 
-9.415870328461605 
-9.409465958992582 
-9.433828763750189 
-9.435371541417068 
-9.433579305241723 
-9.520606815743367 
-9.489710124124903 
-9.49195520534077 
-9.441754080436539 
-9.438292674998575 
-9.6429432616508 
-9.635961704081478 
-9.619308103275717 
-9.480151102553005 
-9.569910543726822 
-9.685572727856613 
-9.631433773519772 
-9.699199426509285 
-9.694279989454897 
-9.675874210181448 
-9.69967795735058 
-9.697489433718292 
-9.691140684591465 
-9.683087958792798 
-9.683300094926437 
-9.68730208292503 
-9.709517647826758 
-9.708484096905437 
-9.697869959668825 
-9.688030298809531 
-9.689904425225604 
-9.689798412528418 
-9.689857713593904 
-9.696776293370752 
-9.702609518063932 
-9.709141566542769 
-9.74641318280651 
-9.710112155947796 
-9.719477047706318 
-9.888417754631936 
-9.947024062725337 
-9.980769341310852 
-9.925896976293016 
-9.769864138925316 
-10.037820737249456 
-10.11832184091662 
-10.101123679217443 
-10.083636300311099 
-9.97204070895098 
-9.934520466066502 
-10.002489811674108 
-9.962756646239974 
-9.91647262143241 
-9.943048221596156 
-10.191408569008942 
-10.295622094618576 
-10.298067727050583 
-10.29410839430197 
-10.293079052031656 
-10.326019196665673 
-10.340656432786423 
-10.413269580539795 
-10.413832155902803 
-10.439566725022969 
-10.441691275986472 
-10.451770447565876 
-10.435848546687602 
-10.475695054691025 
-10.474843828907153 
-10.459368071622361 
-10.435635528516343 
-10.43448804524016 
-10.438268958040677 
-10.491642040275513 
-10.484175835454243 
-10.50284584118988 
-10.605582944400945 
-10.591338513558705 
-10.582134228601257 
-10.493341833744706 
-10.455970675852958 
-10.606000021948539 
-10.515425998100035 
-10.451261870213022 
-10.37237315122502 
-10.26902727754035 
-10.301901208256774 
-10.392456946738077 
-10.387115982809563 
-10.309487224164979 
-10.641456885913806 
-10.633153628736405 
-10.661111270231142 
-10.641896739624157 
-10.434316043775558 
-10.412178040021741 
-10.54949138301085 
-10.558384469169718 
-10.589483056645047 
-10.572659704436347 
-10.489161169384031 
-10.686060339204548 
-10.669669045341083 
-10.653164765721627 
-10.690404062378521 
-10.58790849810038 
-10.639061648337377 
-10.778007369462543 
-10.697625350488003 
-10.585605477901881 
-10.746266781255802 
-10.750647171662099 
-10.689926828070318 
-10.750410752803596 
-10.794051969190797 
-10.79500851396932 
-10.801543434969764 
-10.743882215273564 
-10.768099384211547 
-10.76984424677963 
-10.773062723527902 
-10.884741046054476 
-10.948937850471433 
-10.95838153051114 
-11.029232392408256 
-11.028915360826598 
-10.998226491090465 
-11.067791919289068 
-11.049298554675145 
-11.064134099800759 
-11.033251134134456 
-11.03769405203781 
-11.06629181410066 
-11.06200680724332 
-11.040613875968836 
-11.051979369882137 
-11.039759693282265 
-11.053565853463839 
-11.049764086941313 
-11.066828833981937 
-11.05242948533744 
-11.049855438864537 
-11.043603992509782 
-11.037865242961203 
-11.028612256202276 
-11.056252920453089 
-11.126497474098972 
-11.093460478873853 
-11.069928838403241 
-11.107835105081433 
-11.114802827500563 
-11.119312800481378 
-11.230904973442405 
-11.225107224966278 
-11.22989911020508 
-11.229365812958267 
-11.228776997960237 
-11.237560657344916 
-11.302531859957572 
-11.284837740735751 
-11.294121451546804 
-11.314928079250603 
-11.335933580569911 
-11.317222144950977 
-11.328561875337956 
-11.326565423151582 
-11.351575602718826 
-11.361759868301643 
-11.385594529620091 
-11.371509844511484 
-11.362549259117328 
-11.41180390921294 
-11.432179667924325 
-11.431112572574852 
-11.440420656621496 
-11.428034276698634 
-11.422527979981366 
-11.434097818953914 
-11.452439584766703 
-11.479611071004655 
-11.475706744328335 
-11.479164372490294 
-11.48057188937416 
-11.474469435291518 
-11.543363144727731 
-11.542037403550541 
-11.56185984434285 
-11.612137365023244 
-11.62218784181876 
-11.62024612485396 
-11.614135747117457 
-11.59414832530384 
-11.610992288473861 
-11.635454936475789 
-11.641271698542786 
-11.66805453632877 
-11.669198677313174 
-11.672539177509094 
-11.690223629801974 
-11.700716222342342 
-11.700557159326161 
-11.712983217850587 
-11.726973870860338 
-11.731292711216689 
-11.732347917197579 
-11.742256490244674 
-11.745955007647913 
-11.756384091894898 
-11.76663194960667 
-11.767701447679379 
-11.753716298977052 
-11.749162608775812 
-11.754447212055227 
-11.76421857352865 
-11.756266717743756 
-11.822838200210578 
-11.825004435752 
-11.821892635417102 
-11.844412186590478 
-11.81174593464279 
-11.83093595202138 
-11.865737033317016 
-11.830226669438318 
-11.832663171887521 
-11.835687695092727 
-11.835729416615786 
-11.859748942279019 
-11.910398353552262 
-11.92260391537976 
-11.920490661587737 
-11.920276879844064 
-11.91900639826773 
-11.926117449222199 
-11.93109997478216 
-11.931746478460608 
-11.931587201391265 
-11.932418147848141 
-11.931732399818712 
-11.93190312499914 
-11.983406088270323 
-11.981269984305154 
-11.996361186869597 
-12.005430189901693 
-11.99199307256726 
-11.99472072048869 
-11.993619341883575 
-11.997745608981187 
-12.004503051684889 
-12.032904737127314 
-12.040593399481404 
-12.040804386214345 
-12.040714867949413 
-12.042032189264301 
-12.041243047976401 
-12.048167982028431 
-12.049081129878886 
-12.049586569382203 
-12.048969345923974 
-12.049416630810825 
-12.04926216683063 
-12.05067238515238 
-12.053472640323601 
-12.052197362713144 
-12.064609059196895 
-12.066834664558256 
-12.066596221213821 
-12.055064596763332 
-12.055284713260326 
-12.055020453948712 
-12.056623570662135 
-12.0676427231258 
-12.067704143285631 
-12.070112625716584 
-12.071473376169406 
-12.06778859883512 
-12.067302516014399 
-12.066895212604013 
-12.077292357564769 
-12.07747622530091 
-12.078340404567912 
-12.081295875355135 
-12.081304385950022 
-12.091905538728112 
-12.09382823441531 
-12.092524453128094 
-12.095365553304516 
-12.094709515497948 
-12.09435220680679 
-12.094229334957795 
-12.094297263333962 
-12.094415523694 
-12.0948744142184 
-12.095590738408609 
-12.095685735340933 
-12.096873132084196 
-12.09717300865308 
-12.098679888620929 
-12.098792248953993 
-12.098576525646571 
-12.098573848875215 
-12.09873912675016 
-12.09867842664177 
-12.101559450257414 
-12.105504355013947 
-12.106615093365274 
-12.107160972344639 
-12.106799054305089 
-12.10674183896054 
-12.106442857523062 
-12.10656348439476 
-12.106580151724927 
-12.106609384043486 
-12.10717525912269 
-12.107605493016036 
-12.107740052387257 
-12.10831688955802 
-12.108287155473354 
-12.108199831393005 
-12.107918870028863 
-12.107841908957454 
-12.109172586138781 
-12.108787120131804 
-12.109245515115425 
-12.109547794914775 
-12.109475887384924 
-12.111920005689152 
-12.112749274600436 
-12.11272388717289 
-12.11258819207173 
-12.112405489251021 
-12.113790730496538 
-12.114852217241898 
-12.114818323160707 
-12.11477610027336 
-12.114763700070363 
-12.115130579724136 
-12.115233546656683 
-12.116069110576436 
-12.116005000401207 
-12.11615648221605 
-12.116115840820004 
-12.117439052440394 
-12.117453218657882 
-12.117502140367524 
-12.117615799295937 
-12.11823837600066 
-12.118236759069621 
-12.118337431880551 

 Time 
160.37065505981445 
