Energy 
 
-3.7267852579537815 
-4.263176059076036 
-4.979859022805489 
-5.879847354853434 
-6.898690298498527 
-7.793704075985349 
-8.608835521982089 
-9.284866816090675 
-9.82345581732363 
-10.177881736061144 
-10.511448437195076 
-10.725429006766152 
-10.869801570306151 
-10.996929905142801 
-11.138465122439433 
-11.263329609695447 
-11.367842622719891 
-11.46319457711184 
-11.546631004086452 
-11.62153104183041 
-11.688210520707361 
-11.747144484457174 
-11.799967255092355 
-11.847730979116497 
-11.888702566608458 
-11.933146757808206 
-11.966614840187471 
-12.001870199003507 
-12.033189528615043 
-12.06034974330766 
-12.091350717443566 
-12.114852234461175 
-12.136088653457502 
-12.154776005068362 
-12.17196195721368 
-12.188450927886894 
-12.203720791100178 
-12.221637327144556 
-12.235659260613064 
-12.250554989653907 
-12.263238519261117 
-12.274949378717434 
-12.286105506944844 
-12.296453926528523 
-12.303381418069339 
-12.313483886757497 
-12.32239849073715 
-12.330748074046967 
-12.338528251666657 
-12.346660371090728 
-12.35410163983738 
-12.361641300514629 
-12.368289769949973 
-12.374373410858377 
-12.380060413183786 
-12.385913533801167 
-12.390806967156953 
-12.395539307498293 
-12.399996330107507 
-12.404220690742966 
-12.403987635644272 
-12.411434412872273 
-12.416250220593275 
-12.420113843289299 
-12.423614512039968 
-12.426965648470716 
-12.429654371637852 
-12.432664844639458 
-12.428624653203894 
-12.437359800404066 
-12.440020091011213 
-12.442236465466216 
-12.444299305862717 
-12.446226446677446 
-12.448033715779198 
-12.449751068905124 
-12.45143651833588 
-12.452892861139011 
-12.454245989025281 
-12.453928154601943 
-12.456672362123387 
-12.45783935123568 
-12.45897779937037 
-12.459404760401373 
-12.460813619316102 
-12.462083499633602 
-12.463326609458504 
-12.464291045433523 
-12.4651817160254 
-12.466025366215648 
-12.466844055891604 
-12.467625528925879 
-12.468357667786 
-12.469002673332472 
-12.469886007436028 
-12.470569629585412 
-12.471217645312866 
-12.471510529210875 
-12.47234175336916 
-12.472888168001381 
-12.473411007933699 
-12.473895228558346 
-12.47437810055674 
-12.474813031808448 
-12.475225038772457 
-12.475664005157611 
-12.476065530034559 
-12.476445168401739 
-12.476804811081188 
-12.47714846454293 
-12.477475719803405 
-12.477788013864734 
-12.478084299098 
-12.478327074138917 
-12.478253200246774 
-12.477965885686075 
-12.477696480266088 
-12.479066875930117 
-12.479481421321198 
-12.479748750488412 
-12.479966328209443 
-12.480163063564644 
-12.480345852840417 
-12.480519652724535 
-12.480684896928254 
-12.480844235567051 
-12.480996235084481 
-12.481143822848907 
-12.481283819764776 
-12.481414641614244 
-12.481539103892029 
-12.481657612200118 
-12.481770978089433 
-12.48187923524544 
-12.481982981146892 
-12.482082867869801 
-12.482178649090848 
-12.482270232614365 
-12.482358132566011 
-12.482441168056726 
-12.482520692214974 
-12.482596891293833 
-12.482670729585118 
-12.482742178840862 
-12.482810707791321 
-12.482876542236367 
-12.482939904605065 
-12.483000714528098 
-12.483060388060522 
-12.483117319893616 
-12.48317220564111 
-12.483224661787313 
-12.483272280852287 
-12.483291128434844 
-12.483323493378045 
-12.483401478183367 
-12.48344360544577 
-12.48348377787033 
-12.4835223156301 
-12.483559318520012 
-12.483594946689424 
-12.483629025734732 
-12.483662630543769 
-12.483695263486961 
-12.483726317313025 
-12.48375592797598 
-12.483784188117374 
-12.483811285231043 
-12.483837479824496 
-12.483862953930368 
-12.48388717506858 
-12.483909605438157 
-12.483931040032015 
-12.483951527601398 
-12.483971118515603 
-12.483990322048115 
-12.484008681086971 
-12.484026183315015 
-12.48404289232026 
-12.48405907050714 
-12.484074421154284 
-12.484089177540724 
-12.484103240869716 
-12.484116663379611 
-12.48412943842435 
-12.484141829592236 
-12.484153735228036 
-12.484164679867241 
-12.48417498816928 
-12.484184775797146 
-12.484194145262778 
-12.484203140296023 
-12.484211624471532 
-12.484219616536274 
-12.484227241146318 
-12.484234425005713 
-12.484241292133925 
-12.484247862170252 
-12.48425431680347 
-12.48426042834118 
-12.484266261418872 
-12.484271831614125 
-12.484277115636276 
-12.484282087768179 
-12.484286844157316 
-12.4842912692394 
-12.4842954906227 
-12.484299538666283 
-12.484303341155373 
-12.484306994842314 
-12.484310504622325 
-12.484313845954905 
-12.484317050666723 
-12.484320120651052 
-12.484323079000863 
-12.484325928526511 
-12.484328667174642 
-12.484331314559721 
-12.484333889500403 
-12.484336353508011 
-12.484338701055176 
-12.484340952724256 
-12.484343123885077 
-12.484345207050826 
-12.484347210842103 
-12.484349131153284 
-12.484350974510543 
-12.484352745647604 
-12.484354457974911 
-12.484356096719495 
-12.484357677337302 
-12.484359198728288 
-12.484360624417183 
-12.484361991513445 
-12.48436329827684 
-12.484364549727772 
-12.484365749990173 
-12.484366901163185 
-12.484368003535605 
-12.484369063056356 
-12.484370082225173 
-12.484371062811638 
-12.484372016104945 
-12.48437292957707 
-12.48437380608921 
-12.484374640036984 
-12.484375437187888 
-12.484376205614957 
-12.484376945431569 
-12.484377644969978 
-12.4843783249771 
-12.48437897816873 
-12.48437960716333 
-12.484380212030189 
-12.484380790969837 
-12.48438134828391 
-12.484381883858735 
-12.484382399295429 
-12.484382895181085 
-12.484383370561286 
-12.484383827615728 
-12.484384268735072 
-12.484384694108398 
-12.484385102788208 
-12.484385490202156 
-12.484385862432479 
-12.484386219642694 
-12.484386564320609 
-12.484386895302771 
-12.484387213318012 
-12.484387518472897 
-12.4843878122199 
-12.484388096046072 
-12.484388370681122 
-12.484388634323501 
-12.48438888725966 
-12.484389130112985 
-12.48438936309743 
-12.484389586851298 
-12.4843898018059 
-12.484390008279904 
-12.484390206845125 
-12.484390397578512 
-12.484390581293408 
-12.484390757772232 
-12.484390927277225 
-12.48439108952691 
-12.484391246317506 
-12.484391396981305 
-12.484391541769202 
-12.484391680770583 
-12.484391814297165 
-12.484391942432614 
-12.484392065837781 
-12.48439218475464 
-12.484392298192477 
-12.484392406661975 
-12.484392510612752 
-12.484392610448554 
-12.484392706084972 
-12.48439279802115 
-12.48439288746565 
-12.484392973177595 
-12.484393055469265 
-12.484393134621284 
-12.484393210678219 
-12.48439328328763 
-12.484393352753468 
-12.484393419451605 
-12.484393483515259 
-12.484393545022314 
-12.484393604242182 
-12.48439366112533 
-12.484393715766679 
-12.484393767998048 
-12.484393818162186 
-12.484393866411423 
-12.48439391273271 
-12.484393957101659 
-12.484393999718526 
-12.484394040551603 
-12.484394079671532 
-12.484394117222797 
-12.484394153345683 
-12.484394187998179 
-12.484394221279542 
-12.484394253135406 
-12.484394283962718 
-12.484394313955468 
-12.484394342720327 
-12.484394370304228 
-12.484394397117656 
-12.484394423077047 
-12.484394447936541 
-12.484394471750369 
-12.48439449454909 
-12.484394516288619 
-12.48439453709673 
-12.484394557034646 
-12.484394576161941 
-12.484394594514056 
-12.48439461210899 
-12.48439462895919 
-12.484394645103128 
-12.484394660575047 
-12.4843946754289 
-12.48439468939233 
-12.484394702786673 
-12.484394715618079 
-12.484394728009207 
-12.484394739839495 
-12.484394751189637 
-12.48439476207762 
-12.48439477253327 
-12.484394782528796 
-12.48439479206289 
-12.4843948012074 
-12.484394810007915 
-12.484394818442661 
-12.484394826514729 
-12.48439483425735 
-12.484394841682208 
-12.484394848819893 
-12.484394855674799 
-12.484394862233039 
-12.484394868517974 
-12.484394874541588 
-12.484394880320504 
-12.484394885857105 
-12.484394891178042 
-12.48439489628434 
-12.484394901179257 
-12.484394905856943 
-12.484394910324854 
-12.484394914589638 
-12.48439491867776 
-12.484394922613166 
-12.484394926388047 
-12.484394930012884 
-12.4843949334857 
-12.484394936812938 
-12.48439494001293 
-12.484394943041195 
-12.484394945931305 
-12.484394948700944 
-12.484394951355132 
-12.4843949538959 
-12.484394956337859 
-12.484394958679381 
-12.484394960923037 
-12.484394963077449 
-12.484394965141542 
-12.484394967121684 
-12.484394969018854 
-12.48439497084197 
-12.484394972587172 
-12.484394974255736 
-12.484394975853938 
-12.484394977385309 
-12.484394978850984 
-12.484394980254207 
-12.484394981600264 
-12.48439498287574 
-12.484394984091844 
-12.484394985255063 
-12.484394986370523 
-12.484394987437884 
-12.484394988461466 
-12.484394989449763 
-12.484394990398302 
-12.484394991307347 
-12.484394992179459 
-12.484394993012085 
-12.484394993809792 
-12.48439499457597 
-12.484394995310735 
-12.484394996022198 
-12.484394996704307 
-12.484394997358295 
-12.484394997985412 
-12.484394998586668 
-12.484394999164412 
-12.484394999718328 
-12.484395000250446 
-12.484395000761483 
-12.484395001250217 
-12.484395001718754 
-12.484395002165757 
-12.484395002594239 
-12.484395003004504 
-12.484395003397722 
-12.484395003773622 
-12.484395004134097 
-12.484395004480533 
-12.484395004812749 
-12.484395005132392 
-12.484395005438458 
-12.484395005732189 
-12.4843950060137 
-12.484395006283503 
-12.48439500654196 
-12.484395006788397 
-12.484395007024675 
-12.4843950072517 
-12.484395007469342 
-12.484395007677652 
-12.484395007877339 
-12.484395008068786 
-12.48439500825225 
-12.484395008428747 
-12.484395008597659 
-12.484395008759703 
-12.484395008915394 
-12.4843950090648 
-12.484395009208205 
-12.484395009345983 
-12.484395009478161 
-12.484395009604869 
-12.484395009726427 
-12.48439500984291 
-12.484395009952173 
-12.484395010056943 
-12.484395010157277 
-12.484395010253191 
-12.484395010345166 
-12.484395010433136 
-12.484395010517451 
-12.484395010598357 
-12.484395010676053 
-12.484395010750562 
-12.484395010822059 
-12.484395010890632 
-12.484395010956273 
-12.484395011019284 
-12.484395011079329 
-12.484395011136971 
-12.484395011192273 
-12.484395011245354 
-12.484395011296128 
-12.484395011344862 
-12.484395011391618 
-12.484395011436416 
-12.484395011479448 
-12.484395011520853 
-12.48439501156055 
-12.484395011598606 
-12.484395011635117 
-12.484395011670136 
-12.484395011703766 
-12.484395011736044 
-12.48439501176703 
-12.484395011796773 
-12.484395011825356 
-12.48439501185279 
-12.48439501187913 
-12.484395011904365 
-12.484395011928552 
-12.484395011951749 
-12.484395011973996 
-12.484395011995328 

 Time 
929.69056224823 
