Energy 
 
-4.680108483309092 
-5.118219963995451 
-5.711195758019808 
-6.440445556971385 
-7.217293409523966 
-7.98799840836054 
-8.692508343048216 
-9.288133200041292 
-9.628069468648578 
-9.902303734424784 
-10.125535777385037 
-10.260780335979504 
-10.377617545533731 
-10.480091418909238 
-10.57102884431894 
-10.656675032310591 
-10.730332044008872 
-10.798169019124439 
-10.874656393550168 
-10.935593531570355 
-10.994539429135694 
-11.049878332031433 
-11.135358986146555 
-11.190286438257807 
-11.238167844879637 
-11.283778996735844 
-11.326176551287757 
-11.367530179827932 
-11.408132072806163 
-11.44697207787602 
-11.48368892203979 
-11.517683082340028 
-11.549159692708853 
-11.579065566905173 
-11.607476968780293 
-11.634095828379673 
-11.660863612623865 
-11.688556899312347 
-11.716392429721488 
-11.753126372185845 
-11.778415320491735 
-11.799409181908544 
-11.818276303169263 
-11.840058248196636 
-11.859017979695002 
-11.876779674854001 
-11.89259481318157 
-11.907816265068307 
-11.924601409888563 
-11.936383166873373 
-11.946249324287022 
-11.931418662939768 
-11.958074917200316 
-11.97462702037739 
-11.98605283480205 
-11.994768887068624 
-12.00126657643737 
-12.006599951503565 
-12.01279684943066 
-12.017562851784755 
-12.022586868361904 
-12.026600936270283 
-12.030355186479847 
-12.033808723426203 
-12.037094814542263 
-12.04021607988001 
-12.043130485267996 
-12.045908004190778 
-12.048555312031537 
-12.051078516573465 
-12.053489605997171 
-12.0551409397273 
-12.056929767400241 
-12.059853129306125 
-12.062130050121 
-12.064205732751628 
-12.066197393722629 
-12.068152259836538 
-12.070024661788388 
-12.071857822524882 
-12.073611017597145 
-12.075296300415554 
-12.076927496658099 
-12.078505688357955 
-12.080032386114404 
-12.081509741204309 
-12.083003364179932 
-12.084415297040675 
-12.085613157806684 
-12.085851521523363 
-12.086872914791098 
-12.08820261384406 
-12.089240519818492 
-12.091206396261759 
-12.092857685529108 
-12.091514570892182 
-12.094807758932928 
-12.095896266472101 
-12.096851201609365 
-12.09754813516702 
-12.098594998950327 
-12.099514831714684 
-12.10034529061807 
-12.101132664809485 
-12.101945332163462 
-12.102721054262709 
-12.103542378646067 
-12.104151149374772 
-12.104426599201627 
-12.105119770759675 
-12.105927824429155 
-12.10688798055886 
-12.107491313602063 
-12.108058070967935 
-12.10859853319725 
-12.109124057069488 
-12.109626207211907 
-12.11010624485755 
-12.110564032342175 
-12.111005997554894 
-12.111423301351687 
-12.111727872691503 
-12.111419430262444 
-12.112407070766691 
-12.112937250538316 
-12.113271395904643 
-12.113580664657166 
-12.11387508202362 
-12.1141547947988 
-12.114422409915251 
-12.114679097004148 
-12.114927151295122 
-12.115161929968538 
-12.115382740709792 
-12.115601436109532 
-12.115807752311104 
-12.116006393445844 
-12.116197702841308 
-12.116380317362804 
-12.116554788955252 
-12.116721124777486 
-12.116879867679154 
-12.116688018139632 
-12.117123753747803 
-12.117299019823493 
-12.117442316898524 
-12.117578968262777 
-12.117705124374126 
-12.117824773871702 
-12.117937150191523 
-12.118043673125806 
-12.118144532539736 
-12.118240542477642 
-12.118332095183169 
-12.118419464644878 
-12.118332058185574 
-12.118542215701607 
-12.118659296825248 
-12.118734475670603 
-12.118805331787957 
-12.11887068869928 
-12.118916741844261 
-12.118969818700828 
-12.119037676891322 
-12.119106059867319 
-12.119157757411783 
-12.119192201950852 
-12.119265524221715 
-12.119313265359349 
-12.119358230366919 
-12.11940151219563 
-12.119442660909659 
-12.119482156824771 
-12.119519694998306 
-12.119555685292847 
-12.119590478679845 
-12.119624207073251 
-12.11965563659492 
-12.119685636740718 
-12.119714292449022 
-12.119742627213936 
-12.11976909608402 
-12.119794067862628 
-12.119817779532225 
-12.11984034889396 
-12.119861976142786 
-12.119882797150764 
-12.119902526769934 
-12.119921198233175 
-12.119938969720526 
-12.119955822377117 
-12.119971803821498 
-12.119987016231919 
-12.120001438808847 
-12.120015168530069 
-12.120028213318797 
-12.120040614361038 
-12.120052404951041 
-12.120063724872786 
-12.120074266226084 
-12.120084416399523 
-12.120094084473688 
-12.120103227621236 
-12.12011189781702 
-12.120120138351151 
-12.12012798450674 
-12.120135427258386 
-12.120142512705586 
-12.12014927045124 
-12.120155716109206 
-12.120161859977488 
-12.120167599577929 
-12.120172974071524 
-12.120178030632045 
-12.120182827876528 
-12.120187394791525 
-12.120191738862877 
-12.120195864573454 
-12.12019978394827 
-12.120203541699176 
-12.12020711294376 
-12.12021051633051 
-12.120213730336081 
-12.120216787075448 
-12.120219693677441 
-12.120222458646577 
-12.120225087705137 
-12.120227597119127 
-12.120229982476394 
-12.120232249837898 
-12.120234408942737 
-12.120236496889746 
-12.12023847960897 
-12.120240373697342 
-12.120242174699165 
-12.120243880850039 
-12.12024549985617 
-12.120247111914242 
-12.120248627106294 
-12.120250057004615 
-12.120251410991443 
-12.120252690508778 
-12.120253893843895 
-12.1202550340039 
-12.120256115691998 
-12.120257137858141 
-12.120258108740599 
-12.120259026036006 
-12.120259889695195 
-12.120260715141171 
-12.12026149519935 
-12.12026223878948 
-12.120262940462428 
-12.120263590935666 
-12.120264204894688 
-12.120264778153247 
-12.12026531974969 
-12.120265830847252 
-12.120266314124505 
-12.120266773054215 
-12.120267207368387 
-12.120267618169926 
-12.12026800685268 
-12.12026837474245 
-12.120268722461875 
-12.120269051402495 
-12.120269362560586 
-12.120269658620892 
-12.120269936914916 
-12.120270200160522 
-12.120270447258418 
-12.120270681203388 
-12.120270902170352 
-12.120271111291725 
-12.120271308448698 
-12.120271496922069 
-12.120271675307727 
-12.120271845080918 
-12.120272006649362 
-12.120272160009366 
-12.120272304807477 
-12.120272441834828 
-12.120272571322205 
-12.120272697003918 
-12.120272815711418 
-12.120272927813788 
-12.120273034752568 
-12.120273135558945 
-12.120273230710504 
-12.120273320391263 
-12.120273404967236 
-12.12027348468052 
-12.120273559803794 
-12.120273630682012 
-12.120273697480448 
-12.120273761016453 
-12.120273821227572 
-12.120273877442525 
-12.120273930784213 
-12.120273981284402 
-12.120274029282616 
-12.120274074722039 
-12.120274117759447 
-12.120274158490377 
-12.120274197058313 
-12.12027423356813 
-12.12027426813904 
-12.120274300874916 
-12.120274332008458 
-12.12027436141025 
-12.12027438948566 
-12.120274415879415 
-12.120274440778081 
-12.120274464318689 
-12.12027448659901 
-12.120274507738776 
-12.120274527750892 
-12.12027454670367 
-12.120274564646072 
-12.120274581613007 
-12.120274597700469 
-12.120274613052555 
-12.120274627645772 
-12.12027464142821 
-12.120274654485804 
-12.120274666808527 
-12.12027467858088 
-12.120274689718658 
-12.120274700245966 
-12.12027471021366 
-12.120274719646906 
-12.120274728563132 
-12.120274736992723 
-12.120274745007038 
-12.12027475261357 
-12.120274759794937 
-12.12027476657394 
-12.120274772987468 
-12.120274779056919 
-12.120274784778738 
-12.12027479020819 
-12.120274795264425 
-12.120274800068675 
-12.12027480462008 
-12.120274808931338 
-12.12027481302807 
-12.120274816918167 
-12.12027482059846 
-12.120274824092336 
-12.12027482734379 
-12.120274830423217 
-12.120274833340762 
-12.12027483611103 
-12.120274838684285 
-12.120274841124596 
-12.120274843438805 
-12.1202748456361 
-12.120274847743213 
-12.12027484971874 
-12.12027485159812 
-12.120274853391935 
-12.120274855087207 
-12.120274856694905 
-12.120274858215542 
-12.120274859661668 
-12.120274861030625 
-12.120274862307635 
-12.120274863519073 
-12.120274864668273 
-12.120274865755713 
-12.12027486678216 
-12.12027486775819 
-12.120274868684529 
-12.120274869564868 
-12.120274870404064 
-12.120274871200657 
-12.12027487196601 
-12.120274872693928 
-12.120274873383869 
-12.120274874037394 
-12.12027487465874 
-12.120274875248601 
-12.12027487580862 
-12.120274876340261 
-12.120274876845661 
-12.120274877324226 
-12.12027487778046 
-12.120274878214161 
-12.12027487862598 
-12.12027487901632 
-12.120274879386589 
-12.120274879738348 
-12.120274880073465 
-12.120274880392111 
-12.12027488069643 
-12.120274880986434 
-12.12027488126174 
-12.120274881523182 
-12.12027488177155 
-12.120274882007362 
-12.120274882231055 
-12.120274882442722 
-12.120274882643734 
-12.120274882836052 
-12.12027488301856 
-12.120274883192124 
-12.120274883356828 
-12.120274883513211 
-12.120274883661617 
-12.120274883803553 
-12.120274883938245 
-12.12027488406618 
-12.120274884187564 
-12.120274884302784 
-12.120274884412067 
-12.120274884515796 
-12.120274884614291 
-12.12027488470768 
-12.120274884796428 
-12.120274884880676 
-12.120274884961248 
-12.120274885037638 
-12.120274885109868 
-12.120274885177857 
-12.120274885242402 
-12.1202748853036 
-12.12027488536142 
-12.120274885416329 
-12.12027488546849 
-12.120274885518054 
-12.12027488556501 
-12.120274885609627 
-12.120274885652409 
-12.12027488569349 
-12.120274885732474 
-12.120274885769506 
-12.120274885804593 
-12.120274885837885 
-12.120274885869623 
-12.120274885899699 
-12.120274885928204 
-12.120274885955386 
-12.120274885981118 
-12.120274886005417 
-12.120274886028492 
-12.120274886050385 
-12.120274886071236 
-12.120274886091016 
-12.120274886109808 
-12.120274886127612 
-12.120274886144527 
-12.120274886160544 
-12.120274886175668 
-12.120274886190021 
-12.120274886203616 
-12.120274886216503 
-12.12027488622872 
-12.120274886240368 
-12.120274886251435 
-12.120274886261916 
-12.120274886271835 
-12.120274886281267 
-12.120274886290144 
-12.120274886298539 
-12.12027488630652 
-12.120274886314077 
-12.12027488632123 
-12.120274886327996 
-12.120274886334402 
-12.120274886340493 
-12.120274886346227 
-12.12027488635162 
-12.120274886356725 
-12.120274886361566 
-12.1202748863661 
-12.1202748863704 
-12.120274886374457 
-12.120274886378308 
-12.120274886381955 
-12.120274886385433 
-12.120274886388744 
-12.120274886391869 
-12.120274886394848 
-12.12027488639766 
-12.120274886400301 
-12.120274886402807 
-12.120274886405177 
-12.120274886407447 
-12.120274886409591 
-12.120274886411636 
-12.12027488641356 
-12.120274886415375 
-12.120274886417107 
-12.120274886418747 
-12.1202748864203 
-12.120274886421777 
-12.120274886423196 
-12.120274886424502 
-12.12027488642579 
-12.120274886426971 

 Time 
1189.5539393424988 
