Energy 
 
2.3901426789892715 
1.1822262767945289 
-0.3358027458528676 
-2.1832117142045213 
-4.178468147879299 
-6.174380689962464 
-7.9073451014073015 
-9.563782127086785 
-11.042072404001793 
-12.370951326840476 
-13.52004959268788 
-14.562071792540086 
-15.483686986751533 
-16.274962381729576 
-16.956527869309816 
-17.528935657904356 
-18.00202926907953 
-18.38329956269119 
-18.68989569170557 
-18.939404534790647 
-19.14651320318744 
-19.32180306516835 
-19.472675702623096 
-19.598092323875115 
-19.708674497634224 
-19.806156674767156 
-19.89583952072966 
-19.98068595801977 
-20.063467047180744 
-20.14327241575734 
-20.22050883935603 
-20.295782254444873 
-20.372264971776946 
-20.448506711466823 
-20.521193290728764 
-20.593609619175982 
-20.665193328496 
-20.738601312332385 
-20.817239410632272 
-20.889958495430314 
-20.95831405165203 
-21.026641827568824 
-21.093413744075153 
-21.15950559179599 
-21.22517772874641 
-21.290380165044915 
-21.364071473988883 
-21.466190527010056 
-21.539440319097665 
-21.612271019591336 
-21.683473174172693 
-21.753318766083215 
-21.823227466998603 
-21.889647883635327 
-21.957631322696248 
-22.02579530581943 
-22.093606905432583 
-22.160712472201595 
-22.226875540967846 
-22.29321933645852 
-22.358761010512335 
-22.421294151450535 
-22.481291172878887 
-22.539823591725018 
-22.59636506343281 
-22.583202505607957 
-22.59226549177937 
-22.700769276902836 
-22.635015768286934 
-22.749691074005018 
-22.83432654926972 
-22.904894848303897 
-22.968506005630424 
-23.026158796262386 
-23.07896486953447 
-23.129431779845866 
-23.18641141464534 
-23.23308630507458 
-23.275558395571917 
-23.315823332648364 
-23.354117433031618 
-23.390752023890823 
-23.42596776198022 
-23.460426644230218 
-23.49361293210607 
-23.525511474864373 
-23.556316578748334 
-23.58607399194534 
-23.616671525612734 
-23.645586945183858 
-23.671557147543172 
-23.691633370762904 
-23.714774724692177 
-23.743959315400804 
-23.772191572205937 
-23.797610141332758 
-23.820168570908045 
-23.841759471114653 
-23.86277937038677 
-23.8830415376866 
-23.90470622848528 
-23.92517242384835 
-23.944769742623343 
-23.963643666297397 
-23.981213424490086 
-23.99913023136111 
-24.017190990236394 
-24.034317042206897 
-24.05333474773539 
-24.06977049859119 
-24.086920807666154 
-24.10322059474545 
-24.11683741493944 
-24.134623721172105 
-24.14993875290416 
-24.165096203522094 
-24.180171765542678 
-24.188244041144692 
-24.201815942361232 
-24.2196974849754 
-24.231975398902595 
-24.243855127133898 
-24.256020082259568 
-24.268786146202515 
-24.281428592785282 
-24.29353908330745 
-24.304972606863096 
-24.316175508073094 
-24.326931015714894 
-24.337490605489414 
-24.350264910043407 
-24.362350244942146 
-24.37364160653651 
-24.384361850571928 
-24.394614688217565 
-24.398076598001566 
-24.374875627623894 
-24.417727601462687 
-24.42909884327386 
-24.43812226087156 
-24.446469878339094 
-24.45458582043477 
-24.46262223365733 
-24.470423131208722 
-24.478087997951476 
-24.48562390724128 
-24.4941599280437 
-24.501865170487783 
-24.50931839099523 
-24.517097497528674 
-24.526177893949605 
-24.53368998596499 
-24.541022541424546 
-24.548130807693276 
-24.554905305948072 
-24.561594681372657 
-24.568116141463403 
-24.574597373421508 
-24.580622619870855 
-24.587727848724267 
-24.594242916056714 
-24.600390674822407 
-24.60635419956588 
-24.612282370817923 
-24.618087618990792 
-24.62374922908999 
-24.629315879419728 
-24.63476883998536 
-24.640131829925338 
-24.645771699982802 
-24.650740004326448 
-24.655377360974235 
-24.66176039861141 
-24.66658060035026 
-24.66968430442845 
-24.675557997581194 
-24.680850315315407 
-24.68565854973613 
-24.69045835012359 
-24.695063394619577 
-24.699685971316843 
-24.704271521948662 
-24.708781276986407 
-24.71329507551693 
-24.71774602892991 
-24.72208684688042 
-24.726429285699464 
-24.730696368530232 
-24.734898379326886 
-24.739110711980306 
-24.743243403158132 
-24.747353644908713 
-24.751385159405956 
-24.75535467515608 
-24.759280537131378 
-24.763188063054383 
-24.767053961186807 
-24.770965607904703 
-24.774853859614833 
-24.778684988969772 
-24.7824734545497 
-24.786306240008773 
-24.790043161960483 
-24.793750222572683 
-24.797385982666736 
-24.800861533835636 
-24.804324258604584 
-24.80767598481525 
-24.810606256872706 
-24.812441409777872 
-24.808910261337076 
-24.813607150410018 
-24.81778935947 
-24.824057079521836 
-24.826732417699333 
-24.827621618841537 
-24.82891978027922 
-24.83920823593465 
-24.840923372421138 
-24.846731732908488 
-24.837192449099028 
-24.846459580554914 
-24.850137777766463 
-24.855712566691977 
-24.85953986929556 
-24.863605321363895 
-24.867404722522746 
-24.870376811787164 
-24.872867476034283 
-24.876134214614982 
-24.879016852519797 
-24.881852940380117 
-24.884674689119144 
-24.887530524644614 
-24.89037706092247 
-24.89320775004187 
-24.89601986780788 
-24.898802107065954 
-24.901557437067705 
-24.904300642521903 
-24.907017204329264 
-24.909752675314188 
-24.910909899493106 
-24.914463749629075 
-24.917676270004534 
-24.920532402826453 
-24.923216755908655 
-24.92583231552238 
-24.928402299982253 
-24.930947728809684 
-24.933450265594892 
-24.93576754161705 
-24.936369997485123 
-24.93440195665026 
-24.942611135894175 
-24.945295321297156 
-24.948043939785133 
-24.950405245476713 
-24.952440309697103 
-24.955565353796104 
-24.958038798047696 
-24.96042136889501 
-24.9624417378456 
-24.96245020111232 
-24.966852325964982 
-24.96951381385189 
-24.97142941512842 
-24.972820645660658 
-24.97636455749815 
-24.978694783543215 
-24.980718700280946 
-24.97710485776532 
-24.985192475557014 
-24.987831922494866 
-24.990115099838572 
-24.992360067323283 
-24.994602617004006 
-24.99681949644961 
-24.99901446111048 
-25.001204846378588 
-25.003381894897924 
-25.005554489707016 
-25.007707955454574 
-25.00981427699974 
-25.01202164304933 
-25.014119046920104 
-25.01618602355468 
-25.018231460016587 
-25.020263297224982 
-25.0224004477956 
-25.024472562037122 
-25.026513937570307 
-25.028533239794502 
-25.030532973097085 
-25.03251833667305 
-25.03460984649992 
-25.036045439981663 
-25.038556938648703 
-25.040623737512227 
-25.042639383349993 
-25.044533674927226 
-25.046399161995282 
-25.04822244341494 
-25.05002199989118 
-25.051792201610823 
-25.053467310271294 
-25.05489834694313 
-25.05618553694402 
-25.058619784311713 
-25.060135350638657 
-25.059595081488453 
-25.063684024106482 
-25.06547385184996 
-25.06712903838755 
-25.06874788802221 
-25.070356207307768 
-25.071956986231896 
-25.073544621131262 
-25.07509747299417 
-25.07666840188756 
-25.07820604816957 
-25.0797205829032 
-25.081208546865586 
-25.082072347845603 
-25.08356220195873 
-25.08535305477704 
-25.086345530575553 
-25.087854232628843 
-25.08765289934705 
-25.087327783811478 
-25.088171278737203 
-25.09155474427178 
-25.093393959701146 
-25.096010158950406 
-25.098383400837328 
-25.098196800353577 
-25.096454578334626 
-25.09363956722471 
-25.094365865534915 
-25.09335061853253 
-25.1062175356513 
-25.10864397259384 
-25.1102279203904 
-25.111647382784092 
-25.113011170291177 
-25.11440276388038 
-25.115744387561758 
-25.117085821131496 
-25.118409307495906 
-25.119846097728885 
-25.121148091038297 
-25.122436929901916 
-25.123653149163292 
-25.124617364870026 
-25.12525604304092 
-25.12692898466049 
-25.12815347349883 
-25.1295796571189 
-25.13112220475095 
-25.13245397510849 
-25.133802889839867 
-25.135075318253467 
-25.136292002553567 
-25.1374879361956 
-25.138670798434834 
-25.13983895681652 
-25.14097168017788 
-25.140989365953153 
-25.141722178033532 
-25.14361912578555 
-25.145254843295582 
-25.144341877725125 
-25.144404042836328 
-25.14664448501962 
-25.149704489550835 
-25.150863858554153 
-25.15192189577883 
-25.152987189802772 
-25.154017566898254 
-25.155028839658765 
-25.156034053509497 
-25.15702235053935 
-25.15799727823831 
-25.158971771103175 
-25.159911626530402 
-25.160839051654932 
-25.161755474918998 
-25.1626573687903 
-25.16354383382978 
-25.16443162328017 
-25.165296450511065 
-25.166154656413703 
-25.166998499263247 
-25.16783194015057 
-25.168656382181634 
-25.169455120198045 
-25.17026817610301 
-25.171061702193477 
-25.171844467217863 
-25.172589804676363 
-25.173328578962515 
-25.1740560610628 
-25.174774850582583 
-25.175482361519013 
-25.176182250881094 
-25.176876388504887 
-25.17756144787177 
-25.178239981889536 
-25.178911593935755 
-25.179577632969433 
-25.180239650884012 
-25.180895609933188 
-25.181535134613245 
-25.182167236453633 
-25.182790043233794 
-25.18340665108089 
-25.18400632542679 
-25.184598634307516 
-25.18502314081072 
-25.185220005991837 
-25.186221928311564 
-25.186871543065312 
-25.187448847402752 
-25.188014623424223 
-25.18857222476257 
-25.189122533995505 
-25.189667717311284 
-25.190217346419626 
-25.190758968354217 
-25.191282833336853 
-25.191794374137444 
-25.19230090180133 
-25.192802055267336 
-25.193297219415886 
-25.193787761878347 
-25.194264557409245 
-25.19462043830632 
-25.193924838579342 
-25.194850268088278 
-25.19598719588012 
-25.19658746193167 
-25.197052983391703 
-25.19750756104669 
-25.197956153868525 
-25.198400009981327 
-25.198839567632003 
-25.199275141083884 
-25.199705441941575 
-25.20013738539532 
-25.200572289844462 
-25.2010066693906 
-25.20143295341709 
-25.20185136885651 
-25.202264888182174 
-25.202673838025657 
-25.20307881220697 
-25.203478732447472 
-25.203879192754403 
-25.204275301295986 
-25.204667949647554 
-25.205057472798963 
-25.20544460763858 
-25.205827905416673 
-25.206206917773933 
-25.20658291322807 
-25.2069581742201 
-25.207333272462936 
-25.207704788441784 
-25.20807151010956 
-25.20843593188365 
-25.208797795821635 
-25.20915720195778 
-25.209514438955907 
-25.209869544587498 
-25.210222659289816 
-25.21057319927115 
-25.210921566167784 
-25.211267666049093 
-25.21161155841786 
-25.21195406310123 
-25.212294493588495 
-25.2126325162657 
-25.21296815915723 
-25.213301885338133 
-25.213633359876706 
-25.213962917069303 
-25.214290123469812 
-25.21461446784185 
-25.21493680926205 
-25.21525722903907 
-25.215575840471338 
-25.215892385890257 
-25.216207634910102 
-25.21652109107026 
-25.216832488910885 
-25.21714509829864 
-25.217455798482074 
-25.217764244238392 
-25.21807068179009 
-25.218376462521725 

 Time 
496.665620803833 
