Energy 
 
-5.6334317086644035 
-6.013506250505894 
-6.541575774955307 
-7.189125610466182 
-7.815698943118944 
-8.449691133502261 
-8.962638063200615 
-9.399278312026139 
-9.711745087954334 
-9.957359399710718 
-10.135749749004823 
-10.260424220193118 
-10.37034575151077 
-10.467074233023927 
-10.554722832254106 
-10.624654482968879 
-10.689532019632084 
-10.746667665674458 
-10.801555002463875 
-10.853131093143695 
-10.91327211200015 
-10.973001822553176 
-11.02950371618942 
-11.081741026255719 
-11.131881025901496 
-11.182023041643495 
-11.225903824077312 
-11.268157130893533 
-11.3081091442454 
-11.35062135968977 
-11.326698360621617 
-11.415350383353859 
-11.452634403889924 
-11.485086039442624 
-11.51505908003187 
-11.54261828023231 
-11.568683497355655 
-11.594518284077804 
-11.618606127505364 
-11.640210110683027 
-11.660481716776784 
-11.679651739430822 
-11.69959492623017 
-11.707766889689786 
-11.731996549978362 
-11.75157386774288 
-11.766220213566921 
-11.780015152092215 
-11.792735278002064 
-11.807768523540814 
-11.81939802118305 
-11.830119455879291 
-11.83994582230707 
-11.849154434727936 
-11.857709618791397 
-11.866702399789288 
-11.87448433192365 
-11.881290909707472 
-11.886747812429705 
-11.890290575756643 
-11.89781284671209 
-11.906860269419184 
-11.913158006715085 
-11.918692427560373 
-11.923611027386782 
-11.928050766996458 
-11.932172022606972 
-11.936017513728517 
-11.939743131522965 
-11.943135083734791 
-11.94635623796673 
-11.949335453564215 
-11.952147281899947 
-11.954874435927554 
-11.957422932054337 
-11.95974708507118 
-11.961816176971723 
-11.963300238627637 
-11.96546477099874 
-11.96750058280831 
-11.969198159615749 
-11.97085681301366 
-11.972341114150064 
-11.973734476206092 
-11.97504736582889 
-11.97624429255072 
-11.977608461789146 
-11.97886683648644 
-11.979990182079677 
-11.98104603246899 
-11.981996273921432 
-11.982908857107272 
-11.983743639216462 
-11.984524956010198 
-11.985256849373211 
-11.98595152688419 
-11.986616205714515 
-11.98724813695982 
-11.987853275613316 
-11.988420421991885 
-11.98895877505875 
-11.989470390489762 
-11.989957434938251 
-11.9904183119245 
-11.990856856413574 
-11.991270734381922 
-11.991305447845063 
-11.99196444757688 
-11.992425224976746 
-11.992813318468405 
-11.993160959153524 
-11.993490211386606 
-11.993797852518174 
-11.994087999541858 
-11.994363176255009 
-11.9946268444549 
-11.994877489434923 
-11.995114310356488 
-11.995337063581498 
-11.995549899886251 
-11.995691079162752 
-11.995916196191516 
-11.996095874731251 
-11.996274779796734 
-11.996440196800988 
-11.996566873370247 
-11.996720449362758 
-11.996878202389931 
-11.997055261762684 
-11.99719211571775 
-11.9973236084847 
-11.997448832345901 
-11.99756802309567 
-11.99768189708795 
-11.997790947734293 
-11.997895077687629 
-11.997995206775984 
-11.998092564145992 
-11.998184709610197 
-11.99827241183741 
-11.998355662985539 
-11.998434814378806 
-11.998510585043803 
-11.998581533776246 
-11.998649036933534 
-11.998713241043529 
-11.99877510307401 
-11.998833868825104 
-11.998889959753457 
-11.998944612542854 
-11.99899568882435 
-11.99904424920194 
-11.999087455137595 
-11.999100886366634 
-11.99913325256602 
-11.999207551146528 
-11.999254939687361 
-11.999294025609302 
-11.99932938475427 
-11.999360286926994 
-11.99939737254912 
-11.999428224572375 
-11.999457153001334 
-11.999484587391784 
-11.999510694354342 
-11.999535450147766 
-11.999558999550338 
-11.999581468142148 
-11.999602731198182 
-11.999622845177036 
-11.999642405606071 
-11.999660632468597 
-11.999677953719297 
-11.999694293969323 
-11.999709699569312 
-11.999724331795946 
-11.999738156463524 
-11.999749624504567 
-11.999736366184662 
-11.999713914415652 
-11.999753770627574 
-11.999765654806922 
-11.999785683920097 
-11.999807517667302 
-11.99982001517549 
-11.999829977640452 
-11.999841202237556 
-11.999849694145434 
-11.99985732612055 
-11.999864499799598 
-11.999871243197674 
-11.999877615614922 
-11.99988359171696 
-11.999888533393742 
-11.999890265466886 
-11.999891748594651 
-11.999895134896562 
-11.999907520091593 
-11.999913632901166 
-11.999918178096804 
-11.999922213772065 
-11.999926001358464 
-11.999929499984523 
-11.999932309253142 
-11.999931962937142 
-11.999937572529513 
-11.999941430514882 
-11.99994432981644 
-11.99994693632747 
-11.999949437525421 
-11.999950642503514 
-11.99995037310517 
-11.999947904021692 
-11.999945216110568 
-11.999956243377005 
-11.999961621567381 
-11.999963431209745 
-11.999965154706388 
-11.999966765964547 
-11.99996830930925 
-11.999969783261939 
-11.999971193739954 
-11.999972537531267 
-11.999973811268243 
-11.99997502288431 
-11.999976179237143 
-11.999977282422414 
-11.999978332587343 
-11.999979326833268 
-11.999980158170573 
-11.999980813641494 
-11.999981351585939 
-11.99998247103444 
-11.99998351275047 
-11.999984111927363 
-11.999984680674745 
-11.999985010066078 
-11.999985339688356 
-11.99998576255898 
-11.999987609903892 
-11.999988182439255 
-11.999988725127086 
-11.99998924136833 
-11.999989736771415 
-11.999990209053685 
-11.999990660715733 
-11.999991091408981 
-11.999991500348964 
-11.999991890083082 
-11.999992261964975 
-11.999992617127587 
-11.99999295626946 
-11.999993279911443 
-11.999993588928143 
-11.99999387977073 
-11.999994157909583 
-11.999994423609726 
-11.99999467539377 
-11.99999491548354 
-11.999995144038618 
-11.99999536182473 
-11.999995570114297 
-11.999995768279646 
-11.99999595708561 
-11.999996139041876 
-11.999996312908223 
-11.999996479319561 
-11.999996638463323 
-11.999996790516265 
-11.999996935756663 
-11.99999707455248 
-11.999997207201432 
-11.999997335284824 
-11.999997457561262 
-11.999997573423716 
-11.999997684081087 
-11.99999779001668 
-11.99999789126396 
-11.999997987979032 
-11.999998080369878 
-11.999998167537631 
-11.999998250935473 
-11.999998330711845 
-11.999998407034205 
-11.999998480278956 
-11.99999855032314 
-11.999998617209688 
-11.999998681432684 
-11.999998742750309 
-11.999998801699698 
-11.999998857870013 
-11.999998911371906 
-11.999998962451679 
-11.999999011165935 
-11.999999057614744 
-11.999999101961007 
-11.999999144440146 
-11.999999184948166 
-11.999999223705892 
-11.999999260637018 
-11.999999295843155 
-11.999999329422144 
-11.999999361407156 
-11.999999391770404 
-11.999999420864198 
-11.99999944852699 
-11.999999474834125 
-11.99999950021576 
-11.999999524377923 
-11.999999547307947 
-11.999999569156367 
-11.999999589967842 
-11.99999960979696 
-11.99999962903177 
-11.999999647093947 
-11.99999966430344 
-11.99999968068589 
-11.999999696362865 
-11.999999711215354 
-11.99999972533913 
-11.999999738671075 
-11.999999751379066 
-11.99999976341943 
-11.999999774892006 
-11.999999785759746 
-11.999999796086438 
-11.999999805920899 
-11.999999815274156 
-11.999999824244485 
-11.999999832763615 
-11.999999840861296 
-11.999999848580924 
-11.999999855882495 
-11.999999862833173 
-11.999999869484379 
-11.999999875816656 
-11.999999881846945 
-11.99999988758752 
-11.99999989305848 
-11.99999989833077 
-11.999999903387428 
-11.999999908196749 
-11.999999912767223 
-11.999999917108125 
-11.999999921234583 
-11.999999925134382 
-11.999999928845948 
-11.999999932381277 
-11.9999999357407 
-11.999999938942294 
-11.999999941978466 
-11.999999944870058 
-11.999999947623452 
-11.999999950240754 
-11.999999952736779 
-11.999999955110582 
-11.999999957359748 
-11.999999959498968 
-11.999999961537515 
-11.99999996347354 
-11.999999965308144 
-11.999999967051147 
-11.99999996871232 
-11.999999970292322 
-11.999999971796134 
-11.999999973225005 
-11.99999997458196 
-11.99999997587533 
-11.999999977099264 
-11.999999978260956 
-11.999999979359952 
-11.999999980404358 
-11.999999981396787 
-11.999999982339794 
-11.999999983236028 
-11.999999984088173 
-11.999999984897704 
-11.99999998566284 
-11.999999986389177 
-11.999999987079313 
-11.999999987732844 
-11.99999998835456 
-11.999999988944635 
-11.99999998950804 
-11.999999990046266 
-11.99999999055699 
-11.999999991042387 
-11.999999991502861 
-11.99999999193925 
-11.999999992351205 
-11.999999992742046 
-11.999999993113088 
-11.999999993465737 
-11.999999993800364 
-11.999999994117992 
-11.99999999441956 
-11.999999994702437 
-11.999999994970983 
-11.999999995227265 
-11.999999995470294 
-11.999999995700856 
-11.99999999591982 
-11.999999996123623 
-11.999999996317005 
-11.999999996500835 
-11.99999999667533 
-11.999999996840899 
-11.999999996998135 
-11.999999997146928 
-11.99999999728858 
-11.999999997422716 
-11.999999997549827 
-11.999999997670507 
-11.99999999778612 
-11.999999997895877 
-11.999999998000186 
-11.999999998099302 
-11.99999999819284 
-11.999999998281709 
-11.999999998366093 
-11.999999998446354 
-11.999999998522597 
-11.999999998595278 
-11.999999998664348 
-11.99999999873004 
-11.999999998792392 
-11.999999998851559 
-11.999999998907853 
-11.99999999896142 
-11.999999999012292 
-11.999999999060663 
-11.999999999106628 
-11.999999999150335 
-11.999999999191946 
-11.999999999231532 
-11.999999999269258 
-11.999999999305134 
-11.999999999339272 
-11.999999999371507 
-11.99999999940225 
-11.9999999994315 
-11.99999999945907 
-11.999999999485295 
-11.999999999510207 
-11.999999999533932 
-11.99999999955652 
-11.999999999577959 
-11.99999999959828 
-11.999999999617598 
-11.999999999635998 
-11.999999999653523 
-11.99999999967029 
-11.99999999968624 
-11.99999999970143 
-11.999999999715891 
-11.999999999729697 
-11.999999999742837 
-11.99999999975534 
-11.999999999767228 
-11.99999999977855 
-11.999999999789326 
-11.999999999799577 
-11.999999999809333 
-11.999999999818597 
-11.99999999982743 
-11.999999999835758 
-11.99999999984368 
-11.999999999851207 
-11.999999999858412 
-11.999999999865274 
-11.99999999987182 
-11.999999999878051 
-11.999999999883979 
-11.99999999988962 
-11.99999999989501 
-11.999999999900146 
-11.999999999905041 
-11.999999999909697 
-11.999999999914134 
-11.999999999918355 
-11.999999999922368 
-11.999999999926192 
-11.999999999929807 
-11.999999999933253 
-11.999999999936538 
-11.999999999939657 
-11.999999999942597 
-11.999999999945388 
-11.99999999994805 
-11.999999999950585 
-11.99999999995299 
-11.999999999955298 
-11.99999999995748 
-11.999999999959558 
-11.999999999961517 
-11.99999999996338 
-11.999999999965157 
-11.99999999996686 
-11.999999999968445 
-11.99999999996996 

 Time 
145.73803615570068 
