Energy 
 
0.08650764346746026 
-1.052892902764722 
-2.1824023715663983 
-3.286913580307519 
-4.352510536210645 
-5.368162098976118 
-6.326666666056679 
-7.224573787875859 
-8.061335680392826 
-8.838208348672042 
-9.55732816874841 
-10.221134918238826 
-10.832109658705164 
-11.392713938618009 
-11.90542061771896 
-12.372763182963899 
-12.797367234611507 
-13.181953382606206 
-13.529314720293847 
-13.842277594190552 
-14.12365501716601 
-14.3762003485177 
-14.602566396301178 
-14.805272750286111 
-14.986682302015385 
-15.148986637355774 
-15.29419923590236 
-15.424155062788964 
-15.540515067264565 
-15.644774201662074 
-15.738271762635424 
-15.822203077578745 
-15.897631777811302 
-15.965502096980426 
-16.026650799555345 
-16.081818478420008 
-16.131660064458718 
-16.176754468595956 
-16.21761333255953 
-16.254688903146334 
-16.28838106996918 
-16.3190436219228 
-16.346989785646006 
-16.372497112223773 
-16.39581177789022 
-16.4171523617872 
-16.43671315978165 
-16.454667088582628 
-16.47116822935919 
-16.486354055033615 
-16.500347380598082 
-16.513258071286298 
-16.525184539285103 
-16.53621505591322 
-16.546428902830396 
-16.555897382846872 
-16.56468470826222 
-16.572848782340163 
-16.580441887494352 
-16.58751129198628 
-16.594099785392416 
-16.600246151756284 
-16.605985588175812 
-16.611350075566822 
-16.616368707467892 
-16.621067981993342 
-16.625472061384237 
-16.62960300303733 
-16.63348096539953 
-16.637124391685724 
-16.640550174008457 
-16.643773800184103 
-16.646809485200745 
-16.649670289089293 
-16.652368222727457 
-16.65491434292142 
-16.65731883794874 
-16.659591104606378 
-16.661739817683586 
-16.66377299267324 
-16.665698042440102 
-16.667521828482766 
-16.669250707353317 
-16.670890572734937 
-16.67244689362258 
-16.673924749001408 
-16.675328859375536 
-16.676663615460196 
-16.677933104317727 
-16.67914113318662 
-16.6802912512277 
-16.681386769386908 
-16.682430778553986 
-16.683426166177657 
-16.68437563148176 
-16.685281699411256 
-16.686146733425414 
-16.68697294724236 
-16.687762415630097 
-16.688517084328886 
-16.689238779181935 
-16.689929214544367 
-16.69059000103273 
-16.69122265267252 
-16.691828593494954 
-16.69240916362988 
-16.692965624937273 
-16.693499166215812 
-16.69401090802358 
-16.694501907142715 
-16.694973160717133 
-16.695425610089647 
-16.69586014436256 
-16.69627760370383 
-16.696678782418985 
-16.697064431806627 
-16.697435262815127 
-16.697791948515 
-16.698135126401823 
-16.698465400541913 
-16.698783343573055 
-16.699089498570846 
-16.699384380790892 
-16.69966847929568 
-16.699942258474795 
-16.700206159466088 
-16.700460601485105 
-16.700705983069074 
-16.700942683241774 
-16.701171062604615 
-16.701391464359375 
-16.701604215267064 
-16.70180962654755 
-16.7020079947238 
-16.702199602414673 
-16.702384719079713 
-16.70256360171899 
-16.70273649553126 
-16.702903634533016 
-16.703065242141015 
-16.70322153172072 
-16.703372707102872 
-16.703518963070163 
-16.70366048581615 
-16.703797453377582 
-16.703930036042873 
-16.70405839673713 
-16.704182691385686 
-16.704303069257644 
-16.70441967329041 
-16.704532640396277 
-16.70464210175249 
-16.704748183075456 
-16.704851004880364 
-16.70495068272674 
-16.705047327451105 
-16.705141045387272 
-16.70523193857512 
-16.70532010495838 
-16.705405638572284 
-16.70548862972158 
-16.705569165149083 
-16.705647328196203 
-16.705723198954907 
-16.705796854412093 
-16.705868368586923 
-16.70593781266124 
-16.706005255103364 
-16.706070761786144 
-16.706134396098854 
-16.706196219054004 
-16.706256289388733 
-16.706314663661402 
-16.706371396343638 
-16.706426539907977 
-16.70648014491124 
-16.706532260074248 
-16.706582932357456 
-16.706632207033483 
-16.70668012775585 
-16.706726736625 
-16.706772074250974 
-16.706816179813334 
-16.706859091118403 
-16.70690084465392 
-16.70694147564122 
-16.706981018085113 
-16.70701950482154 
-16.707056967563236 
-16.70709343694305 
-16.707128942555894 
-16.707163512998417 
-16.707197175907183 
-16.707229957995235 
-16.707261885086943 
-16.707292982151472 
-16.707323273334858 
-16.707352781990707 
-16.7073815307095 
-16.7074095413469 
-16.707436835050643 
-16.707463432286485 
-16.707489352863092 
-16.7075146159557 
-16.70753924012907 
-16.707563243359406 
-16.707586643055368 
-16.707609456078252 
-16.707631698761375 
-16.70765338692872 
-16.707674535912794 
-16.707695160571777 
-16.707715275306118 
-16.707734894074253 
-16.707754030407965 
-16.707772697426993 
-16.707790907853127 
-16.70780867402369 
-16.707826007904703 
-16.70784292110333 
-16.707859424879985 
-16.707875530159857 
-16.707891247544197 
-16.707906587321 
-16.70792155947544 
-16.707936173699714 
-16.70795043940279 
-16.707964365719604 
-16.707977961519905 
-16.70799123541699 
-16.70800419577589 
-16.70801685072135 
-16.708029208145586 
-16.708041275715644 
-16.708053060880616 
-16.70806457087844 
-16.70807581274274 
-16.70808679330906 
-16.708097519221155 
-16.708107996936963 
-16.708118232734392 
-16.70812823271689 
-16.70813800281881 
-16.70814754881062 
-16.70815687630391 
-16.708165990756257 
-16.708174897475967 
-16.708183601626434 
-16.708192108230694 
-16.708200422175562 
-16.708208548215712 
-16.708216490977698 
-16.708224254963618 
-16.708231844555012 
-16.708239264016314 
-16.70824651749824 
-16.708253609041314 
-16.708260542578884 
-16.708267321940482 
-16.708273950854597 
-16.708280432951806 
-16.708286771767497 
-16.708292970744676 
-16.708299033236575 
-16.70830496250923 
-16.708310761744002 
-16.708316434039972 
-16.708321982416198 
-16.708327409814146 
-16.70833271909973 
-16.708337913065506 
-16.7083429944327 
-16.708347965853246 
-16.708352829911636 
-16.70835758912687 
-16.70836224595424 
-16.70836680278713 
-16.7083712619586 
-16.708375625743233 
-16.708379896358537 
-16.708384075966652 
-16.708388166675803 
-16.708392170541735 
-16.708396089569206 
-16.7083999257133 
-16.7084036808808 
-16.70840735693143 
-16.708410955679252 
-16.708414478893673 
-16.708417928300914 
-16.70842130558482 
-16.708424612388303 
-16.70842785031423 
-16.70843102092654 
-16.708434125751268 
-16.7084371662775 
-16.708440143958427 
-16.708443060212208 
-16.708445916422892 
-16.708448713941344 
-16.708451454086042 
-16.708454138143974 
-16.708456767371402 
-16.70845934299471 
-16.7084618662111 
-16.708464338189426 
-16.708466760070774 
-16.70846913296939 
-16.708471457973154 
-16.70847373614433 
-16.708475968520265 
-16.708478156113916 
-16.708480299914537 
-16.708482400888293 
-16.708484459978735 
-16.70848647810749 
-16.7084884561747 
-16.70849039505965 
-16.708492295621234 
-16.708494158698493 
-16.70849598511101 
-16.708497775659556 
-16.708499531126424 
-16.708501252275923 
-16.708502939854828 
-16.708504594592807 
-16.708506217202835 
-16.70850780838157 
-16.708509368809832 
-16.708510899152916 
-16.708512400060968 
-16.708513872169437 
-16.70851531609927 
-16.708516732457486 
-16.708518121837244 
-16.708519484818424 
-16.708520821967817 
-16.70852213383941 
-16.708523420974807 
-16.708524683903416 
-16.708525923142822 
-16.70852713919898 
-16.70852833256655 
-16.708529503729174 
-16.70853065315974 
-16.708531781320527 
-16.70853288866364 
-16.708533975631116 
-16.708535042655125 
-16.708536090158372 
-16.708537118554123 
-16.708538128246612 
-16.70853911963109 
-16.708540093094136 
-16.708541049013807 
-16.708541987759848 
-16.708542909693904 
-16.70854381516972 
-16.70854470453325 
-16.70854557812287 
-16.70854643626965 
-16.70854727929736 
-16.708548107522763 
-16.708548921255662 
-16.708549720799212 
-16.708550506449914 
-16.70855127849789 
-16.708552037226948 
-16.708552782914726 
-16.708553515832925 
-16.70855423624735 
-16.70855494441805 
-16.70855564059947 
-16.70855632504063 
-16.70855699798515 
-16.708557659671403 
-16.7085583103327 
-16.708558950197286 
-16.708559579488583 
-16.708560198425182 
-16.708560807221037 
-16.708561406085483 
-16.708561995223473 
-16.70856257483549 
-16.70856314511781 
-16.70856370626257 
-16.70856425845771 
-16.70856480188731 
-16.708565336731443 
-16.708565863166402 
-16.708566381364783 
-16.708566891495465 
-16.708567393723808 
-16.70856788821165 
-16.70856837511743 
-16.708568854596265 
-16.708569326799942 
-16.708569791877117 
-16.708570249973317 
-16.70857070123094 
-16.70857114578951 
-16.708571583785506 
-16.708572015352633 
-16.708572440621754 
-16.70857285972101 
-16.708573272775844 
-16.708573679909094 
-16.70857408124105 
-16.708574476889478 
-16.708574866969645 
-16.708575251594493 
-16.708575630874574 
-16.70857600491811 
-16.70857637383115 
-16.708576737717483 
-16.708577096678777 
-16.708577450814513 
-16.708577800222265 
-16.708578144997443 
-16.708578485233527 
-16.70857882102209 
-16.708579152452785 
-16.708579479613423 
-16.708579802589995 
-16.708580121466746 
-16.70858043632615 
-16.708580747249005 
-16.708581054314433 
-16.70858135759991 
-16.708581657181398 
-16.708581953133194 
-16.708582245528135 
-16.70858253443754 
-16.70858281993129 
-16.708583102077792 
-16.708583380944127 
-16.708583656595884 
-16.708583929097426 
-16.708584198511744 
-16.70858446490055 
-16.708584728324293 
-16.708584988842187 
-16.708585246512264 
-16.708585501391326 
-16.70858575353508 
-16.70858600299803 
-16.708586249833616 
-16.70858649409418 
-16.70858673583102 
-16.708586975094324 
-16.708587211933327 
-16.708587446396272 
-16.708587678530357 
-16.708587908381887 
-16.708588135996187 
-16.708588361417704 
-16.70858858468993 
-16.70858880585552 
-16.70858902495627 
-16.708589242033103 
-16.708589457126134 
-16.708589670274648 
-16.70858988151716 
-16.7085900908914 
-16.70859029843434 
-16.708590504182176 
-16.708590708170423 
-16.708590910433863 
-16.70859111100656 
-16.708591309921903 
-16.70859150721263 
-16.708591702910784 
-16.7085918970478 
-16.708592089654438 
-16.70859228076089 
-16.708592470396685 
-16.708592658590845 
-16.708592845371715 
-16.70859303076714 
-16.708593214804388 
-16.70859339751012 
-16.708593578910587 
-16.708593759031388 
-16.708593937897703 
-16.70859411553415 
-16.7085942919649 
-16.708594467213622 
-16.708594641303467 
-16.70859481425719 
-16.708594986097076 
-16.70859515684496 
-16.70859532652221 
-16.708595495149805 
-16.708595662748305 
-16.708595829337845 
-16.708595994938175 
-16.70859615956864 
-16.70859632324816 
-16.708596485995386 
-16.708596647828507 

 Time 
340.3300383090973 
