Energy 
 
-2.7734620325984713 
-3.3408750393944953 
-4.15431369265722 
-5.116351628031179 
-6.189537543465748 
-7.12096212926043 
-7.956231817018877 
-8.620594687279324 
-9.098541359612119 
-9.408153686633938 
-9.642754511871518 
-9.843796246712348 
-10.000399635059901 
-10.136864770862873 
-10.282467949274185 
-10.45444547868665 
-10.61252593036058 
-10.738951843864093 
-10.852280342183521 
-10.956407604979207 
-11.04897495730901 
-11.132032709530925 
-11.200987525886386 
-11.313060058196685 
-11.400600349247059 
-11.46781508735837 
-11.523071775514847 
-11.574929463505748 
-11.623275411961227 
-11.670220655590105 
-11.715022601605103 
-11.757838242373762 
-11.80247669091032 
-11.845773111482092 
-11.884570985111099 
-11.920911276975344 
-11.959539534124833 
-11.994240045150805 
-12.026624605717743 
-12.061146297956384 
-11.967386633301002 
-12.016339242694631 
-12.098200090934606 
-12.161300932655385 
-12.195130132706828 
-12.221812200357686 
-12.246396866703291 
-12.26971880814246 
-12.292062839162044 
-12.314637066151755 
-12.33600105191841 
-12.356633995637461 
-12.376331706294758 
-12.39683498675092 
-12.41665621792215 
-12.419455080522868 
-12.447947859943739 
-12.475866294802993 
-12.497537506627047 
-12.516575536120554 
-12.534296544843528 
-12.550599480039445 
-12.566535846598944 
-12.581713017020576 
-12.596264523566921 
-12.610300681167923 
-12.616415726834576 
-12.634123391876532 
-12.642661201272956 
-12.655875791988281 
-12.668413803494118 
-12.680385620318432 
-12.690892712103858 
-12.702124174740462 
-12.71322795597715 
-12.723782905597739 
-12.733906727372673 
-12.743841113683041 
-12.753473166378088 
-12.762856992362778 
-12.771982419211705 
-12.780892018191475 
-12.789617976976432 
-12.798137057532504 
-12.806459822609819 
-12.81460183406502 
-12.823070242310994 
-12.83106229443838 
-12.83885471856067 
-12.846087669741937 
-12.854178269338169 
-12.861664803401858 
-12.868931738874082 
-12.875993763979334 
-12.882882098315813 
-12.889566164174298 
-12.896081307599365 
-12.90239260517562 
-12.908544108543287 
-12.91451281267568 
-12.920244739931997 
-12.925777908796327 
-12.930756480867897 
-12.935686469790713 
-12.939337449314182 
-12.938533119901772 
-12.937968223053568 
-12.953428574670582 
-12.958753505667945 
-12.963447285437882 
-12.967759499669512 
-12.971905378251861 
-12.97615944575111 
-12.980182246828662 
-12.984073634314132 
-12.987850663271857 
-12.991471472193288 
-12.993265919947135 
-12.997411495671402 
-13.001978412025363 
-13.005337234189273 
-13.006771929600164 
-13.010731026393698 
-13.013912576549428 
-13.016887423863338 
-13.019711357605026 
-13.022419729376622 
-13.025002846456639 
-13.027532110295793 
-13.029735352026544 
-13.029423222701313 
-13.033301711203606 
-13.03386948630847 
-13.034623234189818 
-13.031010897106004 
-13.029667995556835 
-13.031241378472703 
-13.047004482923331 
-13.048955447989279 
-13.05077728549724 
-13.052523117223728 
-13.05422940436448 
-13.055864032881095 
-13.057439194693034 
-13.058878938367359 
-13.060412910787356 
-13.06181785513932 
-13.063172986344487 
-13.064486295293989 
-13.065753786280816 
-13.066944625416154 
-13.067808479391893 
-13.068107576822351 
-13.068271881667583 
-13.068781191079164 
-13.07183832346714 
-13.073014023550014 
-13.074021508400879 
-13.07490068919758 
-13.0755289452749 
-13.075881838386664 
-13.076536019973096 
-13.07763479315594 
-13.078603477344814 
-13.079958274622186 
-13.080691592814626 
-13.081399840229121 
-13.082079551830432 
-13.082735586759695 
-13.08337069294813 
-13.08398622225865 
-13.084583899168175 
-13.08516324861487 
-13.085723829475919 
-13.086268032584437 
-13.086805787344476 
-13.087323044344647 
-13.08781766712645 
-13.088294054352486 
-13.08875578578614 
-13.089202869645721 
-13.089636666144955 
-13.09005659691235 
-13.090465500488607 
-13.090861398736742 
-13.09124497990589 
-13.091616674786792 
-13.091974998094251 
-13.092320779518237 
-13.092655535551192 
-13.09297888273807 
-13.093291933808388 
-13.093593142514747 
-13.093883857668487 
-13.094165405197586 
-13.094440064870467 
-13.094706238114723 
-13.0949630299747 
-13.095213257561056 
-13.095454995826843 
-13.095688890398781 
-13.095915129358554 
-13.0961382095 
-13.096352692965004 
-13.096559186245054 
-13.096766914656312 
-13.096962222346974 
-13.097150385888868 
-13.097330138861858 
-13.097503810040104 
-13.097671654758983 
-13.097834090303126 
-13.097990650477124 
-13.098141993177814 
-13.098288305718627 
-13.098429985794903 
-13.098559568343617 
-13.098411914612232 
-13.098645625742767 
-13.098852735223396 
-13.099029716064136 
-13.099156901455645 
-13.099265900912226 
-13.09937097038085 
-13.099472187855445 
-13.09956884697997 
-13.099662276811772 
-13.09975239188971 
-13.09983951308268 
-13.09992308644982 
-13.100004171951642 
-13.10008234720106 
-13.10015657999821 
-13.100228045753951 
-13.100297067124572 
-13.100363967427569 
-13.100427963932189 
-13.100489395172506 
-13.100548521427799 
-13.10060568595443 
-13.10066100522784 
-13.100714680530402 
-13.100765730724587 
-13.100815151612611 
-13.100863897738025 
-13.100911043267603 
-13.100956711243944 
-13.101000747728413 
-13.101043427449389 
-13.101084762119653 
-13.101124853893172 
-13.101163752053338 
-13.101201295131206 
-13.101237604111851 
-13.101272746264259 
-13.10130674085778 
-13.101339629620227 
-13.101371529696472 
-13.101402364017451 
-13.10143210720293 
-13.101460870915254 
-13.101488586182585 
-13.101515479300685 
-13.10154147104921 
-13.101566779147001 
-13.10159113240321 
-13.101614672457526 
-13.10163746895184 
-13.101659636985959 
-13.10168103739369 
-13.101701676255388 
-13.101721612358999 
-13.101740998465917 
-13.101759716432278 
-13.101777797322113 
-13.101795108760452 
-13.101811549368557 
-13.101827423749997 
-13.101842697859855 
-13.101857439004352 
-13.101871672443156 
-13.101885425673865 
-13.101898606690485 
-13.101911230973828 
-13.101923417674378 
-13.101935196727771 
-13.101946581038115 
-13.101957639717709 
-13.101968324204986 
-13.101978657841206 
-13.101988653690109 
-13.10199831579367 
-13.102007635698326 
-13.102016659527798 
-13.102025360316079 
-13.102033765176122 
-13.102041852926117 
-13.102049668276816 
-13.102057232608624 
-13.102064537981807 
-13.10207164216924 
-13.102078503979476 
-13.102085137719065 
-13.102091532753041 
-13.102097690120521 
-13.102103636653098 
-13.102109369635988 
-13.10211488278201 
-13.10212020705074 
-13.102125424157002 
-13.102130454730199 
-13.10213530009312 
-13.102139959575458 
-13.102144456020321 
-13.102148795910946 
-13.102153000907993 
-13.102157054994997 
-13.102160964672821 
-13.102164738810384 
-13.102168380309903 
-13.10217188771899 
-13.102175279779063 
-13.102178574825015 
-13.102181750818367 
-13.102184811255839 
-13.102187772549875 
-13.102190625606116 
-13.102193354254265 
-13.102195991945957 
-13.102198560783668 
-13.102201034445766 
-13.10220342677407 
-13.102205730263178 
-13.102207951126271 
-13.10221009123889 
-13.102212153200645 
-13.102214136319564 
-13.102216046714497 
-13.102217887162023 
-13.102219660759962 
-13.102221374003772 
-13.102223027152908 
-13.102224623291649 
-13.10222616087459 
-13.102227641054418 
-13.10222906790071 
-13.102230452192707 
-13.102231784529655 
-13.102233067546958 
-13.10223429939904 
-13.102235486215088 
-13.1022366346112 
-13.102237740450509 
-13.102238805944463 
-13.10223983264126 
-13.102240823095638 
-13.102241780567178 
-13.102242696878937 
-13.102243578950292 
-13.102244428850831 
-13.102245246470726 
-13.10224603361745 
-13.102246790161638 
-13.102247520315942 
-13.102248223012445 
-13.10224889931806 
-13.102249550152859 
-13.10225017641021 
-13.102250778318053 
-13.102251357487846 
-13.102251914637913 
-13.10225245086815 
-13.102252968827564 
-13.102253467910872 
-13.102253948855099 
-13.102254411409568 
-13.102254854958629 
-13.102255281166592 
-13.102255691612394 
-13.102256086032506 
-13.102256465385926 
-13.102256830901204 
-13.102257182615242 
-13.102257520640205 
-13.102257843671932 
-13.102258154348748 
-13.102258453456662 
-13.102258741309953 
-13.102259018446283 
-13.102259284733966 
-13.102259540776798 
-13.102259786992683 
-13.102260023725602 
-13.10226025115439 
-13.102260469713253 
-13.102260680123562 
-13.102260882364343 
-13.102261076553889 
-13.102261265162957 
-13.102261446332474 
-13.1022616199582 
-13.102261786836328 
-13.102261947239766 
-13.102262100796374 
-13.102262248337695 
-13.102262390146787 
-13.102262526124326 
-13.102262656585346 
-13.102262781389353 
-13.10226290139434 
-13.102263016484866 
-13.102263126927431 
-13.102263233093678 
-13.102263335288907 
-13.102263433550851 
-13.102263528012998 
-13.10226361884299 
-13.102263705628914 
-13.102263788479325 
-13.102263868097449 
-13.102263944636006 
-13.102264018784513 
-13.10226408960196 
-13.102264157694073 
-13.10226422310017 
-13.10226428597429 
-13.102264346474414 
-13.102264404531722 
-13.102264460348605 
-13.102264514054873 
-13.102264565694796 
-13.102264615367403 
-13.102264663127198 
-13.102264709046251 
-13.102264753194019 
-13.10226479553735 
-13.102264836226231 
-13.1022648755697 
-13.102264913455375 
-13.10226494971848 
-13.102264984718 
-13.102265018335968 
-13.102265050679948 
-13.102265081795194 
-13.102265111710935 
-13.102265140400894 
-13.10226516799518 
-13.102265194709759 
-13.10226522039111 
-13.102265245029166 
-13.102265268723665 
-13.102265291492191 
-13.102265313437425 
-13.102265334480904 
-13.102265354764418 
-13.102265374247958 
-13.102265392961817 
-13.10226541094647 
-13.102265428236658 
-13.102265444846653 
-13.102265460806162 
-13.102265476141337 
-13.102265490870625 
-13.102265505015755 
-13.102265518634239 
-13.102265531718661 
-13.102265544284254 
-13.10226555635119 
-13.102265567931639 
-13.102265579053698 
-13.102265589745985 
-13.102265599991883 
-13.10226560983606 
-13.10226561929036 
-13.102265628436593 
-13.102265637282894 
-13.10226564574334 
-13.102265653857552 
-13.10226566164467 
-13.102265669124494 
-13.102265676305446 
-13.10226568319953 
-13.102265689815392 
-13.102265696044427 
-13.102265702032826 
-13.10226570778296 
-13.1022657133277 
-13.102265718648592 
-13.102265723755142 
-13.102265728657029 
-13.10226573338172 
-13.102265737930976 
-13.102265742296856 
-13.102265746494261 
-13.102265750521862 
-13.10226575438604 
-13.10226575809397 
-13.102265761651239 
-13.102265765015211 
-13.102265768239521 

 Time 
319.40187215805054 
