Energy 
 
3.8998005448887016 
3.8998005448887016 
2.471722474720358 
2.46511092070625 
2.289955155673182 
1.083500593360077 
1.0827276170669098 
-2.2904554382283893 
-2.3231870142156605 
-2.3904646244519903 
-2.401623156631814 
-2.6390842611935983 
-3.1867094560872515 
-3.3437061108017394 
-3.8804965778833522 
-3.8910238578703344 
-3.8917467051733694 
-5.534956229972855 
-5.621612839970083 
-5.624366356228474 
-5.9549535832333715 
-5.955824080072644 
-8.34222892235637 
-8.442009558343626 
-8.44452444709874 
-8.45062224541608 
-8.518445878768166 
-8.630131387784251 
-9.427534673634488 
-9.953544038068292 
-10.234822704466191 
-10.567814371385094 
-11.453011910189185 
-11.486193668019999 
-11.711014471549532 
-12.238693299164433 
-12.700091135920296 
-13.185885329667805 
-13.227666799747547 
-13.23812545497879 
-13.342537505043696 
-13.425485232852605 
-13.629688795706416 
-14.023711482652825 
-14.444989947199092 
-14.459130988988939 
-14.470920291879917 
-14.516483307241144 
-14.5261746148183 
-14.680937158717006 
-14.74969779886628 
-14.86271850478495 
-14.890718700494208 
-15.098127275319762 
-15.310150573866906 
-15.367395027043909 
-15.48002936729057 
-15.539117938537169 
-15.54810402143212 
-15.550510208997935 
-15.551129856370846 
-15.589590555746547 
-15.904177396141261 
-16.039824788970414 
-16.04040129257626 
-16.048321355624182 
-16.06497976556116 
-16.065136852802393 
-16.72933715386914 
-16.876116213418612 
-16.906279443317676 
-16.906911333592248 
-17.187383815461725 
-17.18791260163605 
-17.241510131191916 
-17.47543386656565 
-17.512145402791127 
-17.55579086453384 
-17.746949550377938 
-17.906719419793575 
-17.9894483179957 
-18.14614890606507 
-18.153401520983028 
-18.200408025136138 
-18.211493072714628 
-18.21164667648123 
-18.572974160382536 
-18.704362243061418 
-18.709247785236577 
-19.156574986673416 
-19.243670837107512 
-19.579958747038052 
-19.608235370388346 
-19.64970284062339 
-19.69571593647276 
-19.711144758130924 
-19.77299897245386 
-19.818253387842095 
-19.84870438537226 
-19.84900989917845 
-19.86315910208404 
-20.437184981502497 
-20.553821079559654 
-20.55452934182783 
-20.598231722012226 
-20.78258762079373 
-20.81206383739372 
-20.83583351584375 
-21.221570186307105 
-21.22182685957148 
-21.315652112657233 
-21.31736564894632 
-21.318262445435057 
-21.330231670817632 
-21.335125739659208 
-21.350583534763544 
-21.420388076705162 
-21.421610807950508 
-21.522600851918583 
-21.8016201501454 
-21.803252192973744 
-21.80333512876191 
-21.803689041371705 
-21.809046484388503 
-21.817872319686455 
-22.03823137501724 
-22.38933693106694 
-22.4033989901275 
-22.49461687766762 
-22.538239464545775 
-22.576608940858925 
-22.621737306681677 
-22.738615366456717 
-22.777982856140575 
-22.806826794775365 
-22.856771909042163 
-22.904863885925174 
-22.906326492969658 
-22.95961624735113 
-23.00202422333199 
-23.002024244219207 
-23.01052954441506 
-23.01239247937919 
-23.11869289625404 
-23.12368380825249 
-23.14413074614828 
-23.144695904821386 
-23.169153605742327 
-23.197399390749478 
-23.220108467079143 
-23.363223887801254 
-23.36548837558723 
-23.365654868771916 
-23.57669863829489 
-23.57713903876195 
-23.579690715739886 
-23.582558362121098 
-23.61571073881682 
-23.615807786022966 
-23.637472242621076 
-23.64219776695339 
-23.677427078274313 
-23.717765824729888 
-23.73383465415316 
-23.748602645689246 
-23.81686113809871 
-23.817645344866595 
-23.831805230562775 
-23.842173155073088 
-23.903315612561002 
-23.91686466718066 
-23.9188461849044 
-23.936064523712044 
-23.95793001212549 
-23.957964433346113 
-23.983456753184242 
-24.06107095477111 
-24.061126776193422 
-24.064944347513443 
-24.065348084878178 
-24.065678333591038 
-24.07772180098115 
-24.08063158588882 
-24.1114455804078 
-24.11145245773904 
-24.13019170271104 
-24.138110332520924 
-24.142433824378923 
-24.18965841125822 
-24.21230670904903 
-24.21969994489006 
-24.220726416621616 
-24.221549472850167 
-24.250773837587158 
-24.26058246075562 
-24.268286450866537 
-24.277973680541344 
-24.277978527248504 
-24.28322331114254 
-24.318726845817626 
-24.32290175113465 
-24.342791748504823 
-24.3918019267371 
-24.391911829280552 
-24.40175549763833 
-24.47730659589543 
-24.52070220162887 
-24.56737935671446 
-24.56836295446883 
-24.592415089536654 
-24.593254333875436 
-24.59380147105842 
-24.594222396046455 
-24.597591579454498 
-24.600604580306644 
-24.600654991733638 
-24.60436497273887 
-24.63948701223941 
-24.64078553248696 
-24.67336009777449 
-24.674398364127835 
-24.685195195361345 
-24.689108729267335 
-24.690855978218483 
-24.696220135571316 
-24.696221334373845 
-24.69807874386031 
-24.71685459601791 
-24.73567849995172 
-24.736996827909167 
-24.742460874251147 
-24.77832389388864 
-24.77865165816897 
-24.784202283834166 
-24.787765266341424 
-24.78777329218986 
-24.821725494936764 
-24.82219719685166 
-24.82278588363862 
-24.824539235897777 
-24.82492834787038 
-24.8250373896409 
-24.825295283413155 
-24.825808842767252 
-24.84060016997809 
-24.840645581303566 
-24.852630585116334 
-24.857456960798665 
-24.857466411576763 
-24.857761338696804 
-24.857765255413096 
-24.858528602528903 
-24.878011055412145 
-24.881144582110082 
-24.90331326514486 
-24.910541535112067 
-24.914892253952473 
-24.916731192827612 
-24.917262814978145 
-24.926508959741398 
-24.929143607172055 
-24.943341035263085 
-24.94345286506001 
-24.953939455439855 
-24.953940772712777 
-24.95729304073637 
-24.957618537308075 
-24.9588257384016 
-24.95910736171428 
-24.967562162561755 
-24.968242858651713 
-24.969132082815484 
-24.97290972336575 
-24.974804555435703 
-24.97488825937627 
-24.98127166216003 
-24.98168255436595 
-24.982691172587092 
-24.99411247692102 
-24.99488365566065 
-24.994960675447917 
-24.99572023129501 
-25.007121477873692 
-25.007268138467257 
-25.007558719049477 
-25.02377301613162 
-25.02548535377501 
-25.029937832050322 
-25.032123587837514 
-25.032510548220774 
-25.033212728997036 
-25.042785349035054 
-25.059324756525857 
-25.06239683001982 
-25.06333547524281 
-25.091663482015022 
-25.102767395555155 
-25.106803672282645 
-25.108208700205743 
-25.108509617542637 
-25.12014050990183 
-25.124055007693762 
-25.1270223073571 
-25.128529573935495 
-25.133066723621653 
-25.13308607927919 
-25.154796647483455 
-25.154980080629237 
-25.15697664943955 
-25.164259660889428 
-25.169082775064247 
-25.169151163224555 
-25.172232001227687 
-25.173112497927956 
-25.17438355645942 
-25.17593875947704 
-25.17614541604954 
-25.17678797614939 
-25.177816726785615 
-25.181649629478812 
-25.190539302447494 
-25.193990775910414 
-25.197109549252367 
-25.19739901458418 
-25.197708676676747 
-25.197709174736826 
-25.20280516848493 
-25.205489452316968 
-25.205514978257952 
-25.211014659617 
-25.21288818607475 
-25.212933513437672 
-25.21456515319876 
-25.21473320299008 
-25.215225363001423 
-25.21583977429352 
-25.219977076141966 
-25.221553494653428 
-25.22180316954655 
-25.2256554263618 
-25.22597181841105 
-25.226020703000188 
-25.22702459923514 
-25.227963591528887 
-25.229808800887803 
-25.23134981722571 
-25.237521682125127 
-25.237712610439967 
-25.23784776348122 
-25.237905535266812 
-25.238887159021992 
-25.239588491890213 
-25.239978056579556 
-25.242940972245965 
-25.24297262319715 
-25.24544301437989 
-25.24546705651691 
-25.247738137476283 
-25.251046328212045 
-25.251646947581946 
-25.253438420498536 
-25.25343979217966 
-25.253505930114272 
-25.2552183425651 
-25.255323942692304 
-25.25776032899825 
-25.264725312746933 
-25.264900237668847 
-25.265019627807142 
-25.266016367486902 
-25.266536761069496 
-25.267955504024297 
-25.26820190817928 
-25.26840315534146 
-25.268403380336167 
-25.26856047879541 
-25.272511887288427 
-25.27255655111732 
-25.2727705274534 
-25.27290375668447 
-25.274132879547615 
-25.274286949019107 
-25.28233959945367 
-25.282467751614416 
-25.282637045153205 
-25.28449942343527 
-25.28453949247367 
-25.284802887465784 
-25.2854879557784 
-25.287473198750064 
-25.28747470704802 
-25.28869824198214 
-25.289576995974084 
-25.291442914582635 
-25.291462587406834 
-25.294144970239532 
-25.295037840051066 
-25.296170735983463 
-25.29661141142892 
-25.29683325904079 
-25.296872527797227 
-25.297007878568703 
-25.298759744433532 
-25.298986744645557 
-25.302308315462707 
-25.30586031028092 
-25.3097710318493 
-25.310128662728665 
-25.310711439288312 
-25.31071242435775 
-25.31089516147141 
-25.310897041632344 
-25.31090011150619 
-25.31090111522913 
-25.310907462549316 
-25.31267784240984 
-25.314860006470063 
-25.314922634428893 
-25.31519627189016 
-25.315438117112897 
-25.315625518924588 
-25.317389214995842 
-25.318653133762922 
-25.318706078395202 
-25.31906312381475 
-25.319235556650494 
-25.31947960628254 
-25.31983144996062 
-25.3216184461169 
-25.322127575727507 
-25.32314491500623 
-25.323194514966428 
-25.32319881187086 
-25.323352249107515 
-25.32340167887249 
-25.32340338933341 
-25.323411121845204 
-25.32384418669792 
-25.32429361476331 
-25.32634514571833 
-25.32679786164691 
-25.32689989763816 
-25.329427525810203 
-25.329482402335024 
-25.32991994390513 
-25.329957899777057 
-25.329990657519062 
-25.329997978114065 
-25.331812689253947 
-25.332833414505096 
-25.333643185886494 
-25.333721467342777 
-25.33372281002102 
-25.334373933568795 
-25.33447403478463 
-25.33494165289551 
-25.33508804840418 
-25.335130871869925 
-25.335949333505216 
-25.336759842568863 
-25.337021655357237 
-25.33707665045976 
-25.3375422771863 
-25.33913355070589 
-25.339169893574518 
-25.33917065685918 
-25.339307097742047 
-25.339307466902447 
-25.339662090202957 
-25.33966940098438 
-25.340066895782634 
-25.340270286156983 
-25.340275983954978 
-25.340332985593868 
-25.34037556086218 
-25.340626235301215 
-25.340630005840687 
-25.340630076923922 
-25.34191199710851 
-25.34244141355405 
-25.342467033223397 
-25.342520159263188 
-25.342605489006207 
-25.34263724793628 
-25.34288968404238 
-25.34298470827132 
-25.34356840592379 
-25.343751807241233 
-25.3442451677794 
-25.34443127951517 
-25.344525721805674 
-25.34540145292469 
-25.345495340305067 
-25.345509422331297 
-25.34556531659237 
-25.345716681939695 
-25.34571993381246 
-25.346044052767326 
-25.346163772390554 
-25.34621255902931 

 Time 
8.485028743743896 
