Energy 
 
-4.680108483309092 
-4.768699068068644 
-5.064799246148679 
-5.897566134893249 
-5.807634744926285 
-5.860411079620308 
-5.833318373961338 
-6.286864124764914 
-6.177282083749384 
-6.472792291124067 
-7.228361407804131 
-7.348190422760608 
-6.971872405889369 
-6.829699000577122 
-7.755982713557761 
-7.689755507849082 
-7.677944108918368 
-7.417857451779863 
-7.515559037437659 
-7.419805746837443 
-7.356035309677834 
-7.402966035855813 
-7.381604487088299 
-7.575971700340618 
-7.5391341240787435 
-7.666423878441669 
-7.8254326041440585 
-7.65395426913493 
-7.656240006246199 
-7.829752196644427 
-8.00134431656472 
-8.208752783916436 
-8.13621413668236 
-8.223288337874935 
-8.193625499409658 
-8.214241249230183 
-8.214391728764861 
-8.153263429709305 
-8.278211962183843 
-8.31698777087459 
-8.284148434909469 
-8.28847538043613 
-8.332040925155226 
-8.658877300949365 
-8.756983083054541 
-8.923873934388787 
-8.801625553079608 
-8.786878536001701 
-8.628187529499405 
-8.682678774199728 
-8.835915678526405 
-8.832337236423566 
-8.832941669338453 
-8.957225938934435 
-8.855419345918905 
-8.866886601730895 
-8.81802219522623 
-8.781221009615894 
-8.717079701551908 
-8.811544101538306 
-8.837173240959466 
-8.827780650925378 
-8.74814923235762 
-9.02142118418984 
-8.917637303783378 
-8.826427284866227 
-8.71903692788863 
-8.655027641344438 
-8.719720553035238 
-8.741546171263531 
-8.707873733311825 
-8.716951401249743 
-8.769420607157606 
-8.980324606286674 
-8.863085173757193 
-8.87671206757333 
-8.772828409166513 
-8.668665413578879 
-9.017688083026 
-9.024924133162362 
-9.118859323638663 
-8.889498141766907 
-9.068778312685762 
-9.140579764753523 
-9.031964257157231 
-9.032057648723445 
-8.983302982770844 
-9.030738572137484 
-9.09066965111759 
-9.101968558944224 
-9.113883545239506 
-9.16256020671807 
-9.161750683519188 
-9.230612621525747 
-9.149379187589226 
-9.123128861400438 
-9.112378446192837 
-9.347285853841875 
-9.368294733071938 
-9.468418424575729 
-9.642489903203558 
-9.510286159146812 
-9.509306722296138 
-9.568511210660436 
-9.550395367550436 
-9.504202818666876 
-9.550794083776863 
-9.541879935638509 
-9.574968252185212 
-9.625541520659398 
-9.708486293312465 
-9.712924146694068 
-9.704799777309718 
-9.745589366550112 
-9.754441961640895 
-9.769521844219122 
-9.794685280156635 
-9.790494202668372 
-9.794032121991435 
-9.767349185375933 
-9.755767520515384 
-9.77162650202013 
-9.744918660027706 
-9.76528901662923 
-9.761428425370191 
-9.78873228068947 
-9.799548653529188 
-9.792869271421356 
-9.796070774435167 
-9.796821874986115 
-9.798618542502133 
-9.80240511120577 
-9.808605954563793 
-9.80713114491853 
-9.80457414388537 
-9.839422344052476 
-9.835872336837205 
-9.816788650598001 
-9.815376952827433 
-9.82170493532124 
-9.824516612041485 
-9.824088106789317 
-9.838506594963825 
-9.837456099164854 
-9.832099551430481 
-9.856780417967318 
-9.849702825566016 
-9.861002669363158 
-9.852910430103504 
-9.857292783283329 
-9.858794670002899 
-9.858958343013157 
-9.860628657012644 
-9.855635297442719 
-9.858876803514546 
-9.856437479473968 
-9.875252867953321 
-9.863499789941837 
-9.85530285112508 
-9.859961896883684 
-9.85861683439451 
-9.857052702956068 
-9.865024256166556 
-9.881647006987475 
-9.904947266326246 
-9.91310814167556 
-9.892308280945661 
-9.897289301962228 
-9.898200246494568 
-9.907034615655041 
-9.912872073351288 
-9.945437609392785 
-9.951518485525886 
-9.981400164804686 
-10.031978285282488 
-10.013632645727547 
-9.962327696403625 
-9.909408139033726 
-9.95129031998472 
-9.936296882122543 
-9.969860156963817 
-9.974279312730106 
-9.988832155835988 
-9.992950766740886 
-10.007794516830941 
-10.021591249462766 
-10.018286995116389 
-10.064703001094777 
-10.026134190905783 
-10.033852938811712 
-10.01457735007967 
-10.039056660311301 
-10.046658876199253 
-10.051379723760073 
-10.0569364607802 
-10.045934911988065 
-10.05831054617568 
-10.055841788801102 
-10.048083514241219 
-10.059134556122016 
-10.048719800505541 
-10.072884660045478 
-10.06580572603317 
-10.046694367330558 
-10.049719748228734 
-10.118457133948922 
-10.092219081919307 
-10.070477602958533 
-10.059977733453263 
-10.098993990523505 
-10.095391084396061 
-10.129236041524532 
-10.109372360804352 
-10.089736998266593 
-10.139731327292385 
-10.115213201048652 
-10.089276458008893 
-10.144876957563703 
-10.120764070525414 
-10.116433946252096 
-10.155401972835673 
-10.165250446049152 
-10.156270496515486 
-10.163152523091565 
-10.171517892264054 
-10.234376145714645 
-10.247018806736461 
-10.244585306430299 
-10.285798918020083 
-10.257624349909943 
-10.39845342987301 
-10.462816717011872 
-10.511548535357175 
-10.481246836986838 
-10.436795500148607 
-10.538519912627837 
-10.536125718438667 
-10.503750285956038 
-10.581685057334873 
-10.485419800995206 
-10.469010048425428 
-10.400964532015465 
-10.416644824734373 
-10.421514678996166 
-10.579063720423703 
-10.502346873094856 
-10.665625134765737 
-10.709976961617793 
-10.707216060442688 
-10.716615908016193 
-10.617625163206867 
-10.654846912873504 
-10.589874009263438 
-10.667892438948323 
-10.666670177927328 
-10.659779004970801 
-10.751814840795738 
-10.765752374421009 
-10.76593512210662 
-10.692863314268827 
-10.69075457866429 
-10.63774033095753 
-10.669262262787758 
-10.642896226595637 
-10.796932176989634 
-10.856715067732164 
-10.704087043566123 
-10.729275743162047 
-10.683441717598335 
-10.74216007856395 
-10.75402221997541 
-10.753063334935375 
-11.173590492770785 
-11.113613721256375 
-11.111480833368537 
-10.891692229182606 
-10.911385576561026 
-10.926280471305166 
-10.962040532376085 
-10.974653873036628 
-10.935626482136424 
-10.903584351623834 
-10.973138663890095 
-10.966552035935571 
-10.978068544862634 
-10.987016141812695 
-10.935720348244276 
-11.207375926802717 
-11.276698380931851 
-11.19221366069782 
-11.139966450923202 
-11.080623042476024 
-11.066889413331923 
-11.097220374124095 
-11.14327382761402 
-11.136403276192228 
-11.236907455601822 
-11.128241934730749 
-11.15678654378497 
-11.123426956424186 
-11.078426917147612 
-11.190741349576019 
-11.286431203794223 
-11.276427743573178 
-11.518258365052516 
-11.532077489792764 
-11.539444670957025 
-11.541446580562118 
-11.412660213555286 
-11.441713915894955 
-11.505428594901957 
-11.521875896477859 
-11.556729770446191 
-11.593811987460285 
-11.590751716966684 
-11.617269015947743 
-11.617265980195285 
-11.586169988098833 
-11.571791120470994 
-11.540559446858332 
-11.539595150155348 
-11.54619517183451 
-11.550755655841614 
-11.560135952359833 
-11.637839063230906 
-11.599382204167462 
-11.681838686938962 
-11.682916015432186 
-11.690270034890679 
-11.707575767294106 
-11.691137563474229 
-11.697310278617026 
-11.718830187246004 
-11.772439937718648 
-11.799025335241339 
-11.776577096706783 
-11.789410141111764 
-11.788924326229674 
-11.787315457087484 
-11.782048739643965 
-11.781059562187266 
-11.781024397088524 
-11.78974042327567 
-11.783966798184817 
-11.784796286535228 
-11.779848122474345 
-11.82181163663132 
-11.829501292228205 
-11.831675316935174 
-11.813977727037743 
-11.818640557174348 
-11.82984016005344 
-11.840108583492425 
-11.840927249516044 
-11.823834438867392 
-11.839443162631241 
-11.83145713176389 
-11.854531195126633 
-11.853073946602764 
-11.855864629517903 
-11.857666915681728 
-11.852513255026592 
-11.851833320813483 
-11.851665413018452 
-11.84840977639367 
-11.858769917636982 
-11.873263532764613 
-11.875209507538658 
-11.865570410292438 
-11.90208470616085 
-11.896334938223939 
-11.908367309533455 
-11.88249758133297 
-11.912309208708956 
-11.912522201699575 
-11.91142691027894 
-11.912009406670167 
-11.910483883744163 
-11.929627418059885 
-11.926660589442882 
-11.925597957982454 
-11.920070557495475 
-11.913162804927495 
-11.916077682691174 
-11.916084277083346 
-11.916271455747399 
-11.915605198968313 
-11.926806005012624 
-11.940121075691355 
-11.937026373706491 
-11.957592654192219 
-11.961193309929609 
-11.961278277031399 
-11.964328143882533 
-11.96435598734715 
-11.960884439022962 
-11.959829072954287 
-11.993253021750963 
-12.013628614831495 
-12.015477250679314 
-12.027278110532041 
-12.023766467415332 
-12.032479917032504 
-12.034265639586215 
-12.057317190227728 
-12.059966955357794 
-12.059535518764772 
-12.059418137973044 
-12.058464226246066 
-12.05849007115699 
-12.058562007768012 
-12.061671528452623 
-12.063651207549743 
-12.06518486500366 
-12.065163937677893 
-12.073831869572844 
-12.082980198986125 
-12.087528603561353 
-12.087482952174597 
-12.0879072360007 
-12.088059087807123 
-12.088568914065887 
-12.088583803742246 
-12.089587485507318 
-12.089682337608133 
-12.089703187264666 
-12.088964053229033 
-12.091204318768035 
-12.0911221007625 
-12.089917704872049 
-12.091229040444265 
-12.09309716345019 
-12.09278950682138 
-12.092715262632385 
-12.09272125730511 
-12.092807413755594 
-12.100685282699828 
-12.10030242875308 
-12.100271495010482 
-12.100533921102645 
-12.101767366455084 
-12.102476832964976 
-12.103365288730805 
-12.103957723005026 
-12.104676513997923 
-12.104641086714368 
-12.10491048062119 
-12.111094516735626 
-12.111982437191667 
-12.11211401903811 
-12.112126830480875 
-12.112257384919266 
-12.11200569112681 
-12.112311183406893 
-12.112472876563052 
-12.112472211579131 
-12.112345263999295 
-12.112344249062854 
-12.112338701360216 
-12.11266694082898 
-12.112667479236901 
-12.112602200427947 
-12.112689823865912 
-12.1127028313886 
-12.112904798634817 
-12.113199656220274 
-12.113161033802273 
-12.113325033130357 
-12.113309775913557 
-12.113377995080482 
-12.114550921818545 
-12.114388028076222 
-12.114209550677973 
-12.114128448263402 
-12.114140397296511 
-12.116526118963195 
-12.11662325418563 
-12.116839579042518 
-12.11683725351622 
-12.11697108332612 
-12.117055589852624 
-12.116989576571166 
-12.11698923717926 
-12.11690146499848 
-12.116995607984775 
-12.116969762244995 
-12.117032766787371 
-12.117076425037503 
-12.117105489578707 
-12.117045181730958 
-12.117441879588473 
-12.117426792068132 
-12.118005136107548 
-12.118071321515133 
-12.118136518221963 
-12.118189761105564 
-12.118146396259474 
-12.118225127092145 
-12.118249704226061 
-12.118243137314009 

 Time 
276.4569742679596 
