Energy 
 
3.8998005448887016 
2.536136023125861 
0.8662562198287015 
-1.048839584316252 
-2.865003614130676 
-4.657413299001967 
-6.372082330926948 
-7.855083961679742 
-9.151368034284722 
-9.905256204136974 
-10.59777081955913 
-11.220733490488524 
-11.686642214056512 
-12.130584472525747 
-12.536164139267205 
-12.910972282672496 
-13.278853922401986 
-13.692054659712285 
-14.09929625133396 
-14.543151963872557 
-14.974323990263136 
-15.384677105291473 
-15.781181364449823 
-16.255123790080656 
-16.635572638614057 
-16.966879693424943 
-17.347416192871503 
-17.704994059097903 
-18.042556526761196 
-18.3561726334868 
-18.645623519667556 
-18.913906154926924 
-19.170162683054105 
-19.40837326174826 
-19.62785762982377 
-19.82268822648454 
-20.00512524054422 
-20.030174881821534 
-20.241347262291136 
-20.408296522198597 
-20.716994340599754 
-20.873471047443953 
-20.980709872879167 
-21.124642315563122 
-21.254306966851498 
-21.37833400760002 
-21.502083584874647 
-21.638951201260262 
-21.757570917575983 
-21.879548248216995 
-21.987799621998732 
-22.102148465819113 
-22.20360383738145 
-22.29793813633603 
-22.38765486529543 
-22.473900709042386 
-22.556276051301552 
-22.63599976813781 
-22.71272660481244 
-22.787355811776425 
-22.857480979415566 
-22.925448047317385 
-22.980231306034455 
-22.98798345132211 
-23.085859914395996 
-23.14261619577255 
-23.176376568716833 
-23.221452339145728 
-23.2678904769148 
-23.315667828586186 
-23.344039633047124 
-23.43998372080452 
-23.499538030621203 
-23.551165916806056 
-23.599152766635246 
-23.64578500444241 
-23.690368326150903 
-23.733591526622515 
-23.777549535486862 
-23.820828077889125 
-23.732359601489488 
-22.301546616396276 
-19.91313187327646 
-23.874178800290718 
-23.968235221488605 
-24.001468752902834 
-23.71004282256716 
-20.809688314188854 
-22.865651404969135 
-23.166580408635525 
-23.723666857648524 
-23.61714462817039 
-23.957765527261092 
-24.189030135245567 
-24.294098915440667 
-24.37733537677122 
-24.419746749251598 
-24.45422644209748 
-24.48416053461807 
-24.511270703736084 
-24.53603372332313 
-24.55883952526536 
-24.582563295274973 
-24.604126665862207 
-24.62459722458204 
-24.641397375893966 
-24.661419082308235 
-24.63577100280254 
-24.692411844958617 
-24.719328635514913 
-24.736304603867264 
-24.752390061927457 
-24.7679603296069 
-24.78222525088339 
-24.792831166161022 
-24.791979268378782 
-24.79779018837889 
-24.804218733716667 
-24.852384661610632 
-24.87125307002262 
-24.885591621960444 
-24.89894250381467 
-24.91191694490431 
-24.924475675980094 
-24.936684961638193 
-24.945542257233274 
-24.940389117715885 
-24.963611521710952 
-24.979631053786694 
-24.990917948107832 
-25.00145876366372 
-25.01151040237428 
-25.02036613016513 
-25.028184004282515 
-25.033566267714477 
-25.035276405314633 
-25.020477874853967 
-25.033106196955067 
-25.049219395871045 
-25.046371755467423 
-25.04819759171699 
-25.027858923875705 
-25.08818767034793 
-25.10596421780156 
-25.113277376817585 
-25.104874460528883 
-25.093827698324127 
-25.078299412156323 
-25.082682489563595 
-25.130464213243354 
-25.120488621835854 
-25.113609741700074 
-25.113204066059545 
-25.1584023659697 
-25.169284708691148 
-25.174648852472327 
-25.18006492724976 
-25.183899006566037 
-25.187504248745046 
-25.187178896390016 
-25.182481967142216 
-25.18045905483569 
-25.184905817881624 
-25.186351299149777 
-25.185854993295994 
-25.215027829620304 
-25.22062799729288 
-25.224228508261508 
-25.22761111381423 
-25.230900803679848 
-25.23355953593097 
-25.23427377970368 
-25.227341697669313 
-25.22167946966173 
-25.21598493612567 
-25.205493933016133 
-25.213614451990313 
-25.22756724571923 
-25.22616587346918 
-25.23401111033675 
-25.24433947656822 
-25.25092291853773 
-25.254870693517706 
-25.23741304324577 
-25.216158212572054 
-25.19465244624329 
-25.16691769170249 
-25.18202458050147 
-25.20788635387006 
-25.180425767375404 
-25.178934521840624 
-25.222342639868238 
-25.249443234015683 
-25.261253783249963 
-25.249370612291543 
-25.24896482287162 
-25.25948101119327 
-25.27739190217813 
-25.27293265010707 
-25.27579718959408 
-25.275256491640118 
-25.263662101100024 
-25.198705438137264 
-25.139668653111993 
-25.050782195931006 
-25.01687171709778 
-25.004664258794975 
-25.02000842913017 
-25.207770763817216 
-25.283098184080572 
-25.313524309868342 
-25.316510722646473 
-25.317954061391163 
-25.319227806965234 
-25.32009975062742 
-25.318842303397975 
-25.317447444985895 
-25.320935261274155 
-25.320331851823074 
-25.31791908686049 
-25.316183699723833 
-25.31635540141322 
-25.31659401015642 
-25.317017292339955 
-25.320165800091097 
-25.324498101332708 
-25.325044463038523 
-25.32397551289778 
-25.32424597676469 
-25.32944856734027 
-25.333899599895645 
-25.336118361274252 
-25.3369121356543 
-25.33763849166482 
-25.338338459862666 
-25.339022859266095 
-25.33971463979669 
-25.34039231632776 
-25.341050558497138 
-25.341688199304144 
-25.342307003906626 
-25.34290563748143 
-25.343486489522185 
-25.344031576943298 
-25.344553254404943 
-25.344206139379764 
-25.31399437592699 
-24.863046080430436 
-22.606961158782106 
-18.574883730296452 
-19.67550952717475 
-18.3721632157955 
-21.560448693315223 
-22.72369038190065 
-23.866864790184668 
-24.56127108187148 
-25.077354113921125 
-25.252340731439986 
-25.323232235198468 
-25.337199233891944 
-25.343562548109706 
-25.346405592090765 
-25.34780075820938 
-25.34891801399394 
-25.34984817854956 
-25.35063752933209 
-25.351324301069806 
-25.35192583032291 
-25.351946963154113 
-25.340154915272812 
-25.1740821296643 
-23.66413464927676 
-23.17600141487391 
-23.03718900226472 
-24.05737020698429 
-23.289436502224795 
-24.069161813056116 
-24.46203972184368 
-24.8379980012451 
-25.268163164181004 
-25.3262492146617 
-25.33822028821892 
-25.343197861377583 
-25.346310154201543 
-25.348615210757607 
-25.35043119613675 
-25.351908762890716 
-25.353143560092356 
-25.35416666078087 
-25.355043644948513 
-25.355802538259383 
-25.356471466492465 
-25.357060423315353 
-25.35758537704728 
-25.35805459980627 
-25.358477590640284 
-25.35886224820193 
-25.359212482999673 
-25.35953518922244 
-25.359832059831078 
-25.36010774840236 
-25.36036289343257 
-25.360600213228423 
-25.36082253186723 
-25.36103053114774 
-25.3612257549571 
-25.361409532888313 
-25.361583123833366 
-25.361747481703812 
-25.361903275345455 
-25.362050829527178 
-25.36219119856673 
-25.362324955301535 
-25.362452914677696 
-25.362575029558915 
-25.36269195283212 
-25.362804536921082 
-25.362912789957427 
-25.363017122666054 
-25.363117787864102 
-25.363214870307402 
-25.363309838318084 
-25.363401690963276 
-25.36349044496893 
-25.363576404548837 
-25.363660084718365 
-25.36374067589564 
-25.363818777578942 
-25.363894556946246 
-25.36396845638015 
-25.364040304255973 
-25.36411001028456 
-25.36417801004906 
-25.364244237100415 
-25.36430881904677 
-25.364371757030412 
-25.364433180250394 
-25.364493142100983 
-25.364551778065195 
-25.364609120968368 
-25.364665189102215 
-25.364719164522405 
-25.364771696095584 
-25.36482307725205 
-25.364873373398986 
-25.364922631841527 
-25.364969982208 
-25.36501730266793 
-25.365063348742677 
-25.365107982648805 
-25.365151686337118 
-25.365194575589395 
-25.36523674745206 
-25.365277799193887 
-25.36531811709071 
-25.365357748778695 
-25.36539667139511 
-25.36543489048536 
-25.36547246122631 
-25.36550940456246 
-25.36554575248738 
-25.365581589222433 
-25.365617183773097 
-25.36565215266584 
-25.365686208697767 
-25.365719730342008 
-25.365752719003442 
-25.36578515184676 
-25.36581683507818 
-25.365847889413274 
-25.365878459478203 
-25.36590854018588 
-25.365938085401936 
-25.365967214720172 
-25.365995905154573 
-25.36602417215466 
-25.366051901087516 
-25.366079228644523 
-25.366106244723312 
-25.366132794036393 
-25.36615898189082 
-25.366184785109137 
-25.366210255599796 
-25.366235096965763 
-25.36625955512989 
-25.366283704614343 
-25.36630749710699 
-25.36633111886891 
-25.36635400322727 
-25.366376410605703 
-25.366398476546323 
-25.366420081682698 
-25.366441382292802 
-25.36646235644693 
-25.366483046585756 
-25.36650343188036 
-25.366523730221523 
-25.366543731541597 
-25.366563459758197 
-25.36658292092042 
-25.366602093663168 
-25.36662099941084 
-25.366639789042814 
-25.36665830493763 
-25.36667674039098 
-25.36669491966381 
-25.36671283875758 
-25.366730674250352 
-25.366748454153782 
-25.36676594701788 
-25.36678317292467 
-25.366800169049558 
-25.36681692594475 
-25.366833270263996 
-25.366849360755754 
-25.36686522650135 
-25.366880876603993 
-25.366896312732607 
-25.366911614246916 
-25.366926703370382 
-25.36694162542515 
-25.36695636146728 
-25.366970911578328 
-25.366985254369535 
-25.36699941991281 
-25.36701340046486 
-25.367027190824984 
-25.367040728394983 
-25.36705394665137 
-25.367066940483383 
-25.367079752820825 
-25.367092329671177 
-25.367104847081464 
-25.367117211818915 
-25.36712949647487 
-25.367141716241925 
-25.367153781933197 
-25.367165695493508 
-25.367177462808066 
-25.36718902372974 
-25.367200538586964 
-25.367211918643434 
-25.36722318208878 
-25.367234310121937 
-25.3672453175363 
-25.367256187434158 
-25.367266932637445 
-25.36727755401214 
-25.367288034614592 
-25.367298409639112 
-25.36730867078902 
-25.3673188223545 
-25.36732887866406 
-25.36733881417498 
-25.367348654061352 
-25.367358328702142 
-25.36736792414303 
-25.367377401872478 
-25.36738679249716 
-25.367396071098103 
-25.367405293461367 
-25.36741437253728 
-25.367423354602398 
-25.36743224243299 
-25.36744103598737 
-25.36744974722554 
-25.36745836006002 
-25.367466875136966 
-25.367475307292544 
-25.367483645514152 
-25.367491914110072 
-25.367500102468547 
-25.36750819352489 
-25.367516204025616 
-25.3675241326796 
-25.36753200771569 
-25.36753981175201 
-25.3675475487942 
-25.36755522219324 
-25.367562879414997 
-25.36757052931866 
-25.36757805578771 
-25.367585515972216 
-25.367592918805087 
-25.367600283700206 
-25.36760760934378 
-25.367614851521118 
-25.367622029918074 
-25.36762915769308 
-25.367636217358775 
-25.367643225306182 
-25.3676501699448 
-25.36765705737789 
-25.3676638943749 
-25.367670552031857 
-25.3676771268302 
-25.367683664255665 
-25.36769016433829 
-25.367696628932354 
-25.367703093164643 

 Time 
887.1351506710052 
