Energy 
 
2.3693496930821554 
2.3314671362303825 
2.3424321107315027 
2.0934817891063293 
1.9605092633932304 
1.088813090840846 
1.1855168956490016 
1.20234487399971 
1.388910726027788 
1.451259876465769 
1.4655035171003747 
0.10519324826163023 
-0.2104071234336966 
-2.670869927405157 
-3.7299897195349243 
-1.6830484690155376 
-2.301939531244793 
-2.754313401135179 
-2.2481161635215314 
-4.0476381005265 
-3.7716693856188526 
-3.226294935671933 
-3.36926363011436 
-2.415588684820264 
-2.6963560029985816 
-2.281602726925224 
-2.2518385319515475 
-2.555349634532588 
-4.244277604556656 
-4.351083520430545 
-4.262221258883967 
-4.332472645579811 
-4.1672139267630905 
-4.27749912870384 
-5.213605129838247 
-5.033540982751203 
-4.86057388590361 
-4.693822140809519 
-4.725636410237214 
-4.781338294685979 
-8.59931272334474 
-8.425029396523634 
-7.947847762693869 
-9.37384942965702 
-9.333117712852735 
-9.180029380953673 
-9.351431360803023 
-8.963676725128657 
-9.088321583399496 
-9.23350334303461 
-9.22944082336831 
-9.17902570117825 
-9.079265106084105 
-9.032125292590504 
-9.574779627552942 
-9.802940701786909 
-9.67940823275537 
-9.685329703219672 
-10.337192409511461 
-10.094259792789183 
-10.390212958406309 
-9.938225685864245 
-10.062766703260689 
-10.118337184059435 
-10.082197775670997 
-10.156560628015114 
-10.261569004997796 
-10.283792832398579 
-10.495752872994515 
-10.523225396428405 
-10.400614106522676 
-10.33809840981491 
-10.387806964197544 
-10.269950677602493 
-10.296913917207771 
-10.575383987898315 
-10.372946870321027 
-10.463453795130173 
-10.284673231535638 
-10.310629778294174 
-10.457439571532653 
-10.430930538218433 
-10.604517573545316 
-10.60800072194803 
-10.589149471909737 
-10.550668759395643 
-10.534556612762909 
-10.508072751760881 
-10.503365996357195 
-10.484307976966637 
-10.648122761756417 
-10.609908137177666 
-10.605393874589376 
-10.595770104710441 
-10.668072491593296 
-10.636871740986818 
-10.706561078964013 
-10.694778078668726 
-10.667683427718943 
-10.637284843195141 
-10.632154969948077 
-10.637342053809652 
-10.732737874726137 
-10.751937082866434 
-10.682710047881088 
-10.683504217311077 
-10.71964107751435 
-10.685380255079131 
-10.67765308281917 
-10.65772304833426 
-10.671595432625022 
-10.700163940533756 
-10.688456570270183 
-10.748524894204946 
-10.992664774440234 
-10.922854148006358 
-10.917881509573498 
-10.935800739891027 
-10.904677695947928 
-10.914288796201848 
-10.896436853176379 
-10.917063085939523 
-10.906869008057058 
-10.912439059883527 
-10.9423807605023 
-11.028177481493813 
-10.977535975852703 
-10.891635127102672 
-10.907254428038542 
-10.824049893818355 
-10.924539274945722 
-11.113638042405125 
-11.296585427882519 
-11.305397179581865 
-11.314545801266211 
-11.195053791572004 
-11.343202005968333 
-11.353678828187181 
-11.392864508705836 
-11.393251816073946 
-11.38304701583617 
-11.450881218771915 
-11.440144861843251 
-11.438374250893258 
-11.421261722498773 
-11.394250253184241 
-11.416983750777176 
-11.626836408485271 
-11.616046668460257 
-11.487495718516387 
-11.691999765710673 
-11.686178549989746 
-11.860853998203352 
-11.883804222318785 
-11.944606089140315 
-12.063902189094152 
-11.985387771958958 
-11.925060072716432 
-11.926284991712741 
-11.976457032900838 
-11.953983995056696 
-11.942432727167926 
-12.207053523716308 
-12.052472472718526 
-11.990800911188783 
-12.042124377348925 
-12.01491775456388 
-12.076574054952943 
-12.20631463019673 
-12.22980230743145 
-12.240239893427225 
-12.24002646779639 
-12.307896698089548 
-12.309734549055355 
-12.328388960129201 
-12.325214204401494 
-12.292432252029272 
-12.295150917059994 
-12.287761096940915 
-12.273760957194453 
-12.311007147805608 
-12.312134158134924 
-12.301555626629604 
-12.311320112743465 
-12.388672872988158 
-12.360859435545484 
-12.36076513584806 
-12.320484588721005 
-12.320141372505958 
-12.33285812021921 
-12.390874052966561 
-12.388165162601661 
-12.42609374205716 
-12.45198496520824 
-12.448409381100838 
-12.47723884059374 
-12.47090581344673 
-12.469729781487692 
-12.508143802376146 
-12.502519837968059 
-12.503855557962458 
-12.509280170175913 
-12.509231640246801 
-12.534736770639181 
-12.53468299403724 
-12.536616738948284 
-12.536396372641603 
-12.536606325267673 
-12.539288794280308 
-12.540626648415994 
-12.546359931332992 
-12.546568722551068 
-12.546815180393407 
-12.548132273583917 
-12.547275983789124 
-12.54736488662273 
-12.549418370220204 
-12.549490396341136 
-12.549827839493128 
-12.552013443803052 
-12.567420326462578 
-12.566369706229025 
-12.567001334383026 
-12.570000358882504 
-12.572014852368788 
-12.573363857022045 
-12.57312105570778 
-12.5771440096751 
-12.577522440149476 
-12.581509561026618 
-12.582947534740818 
-12.58305202594323 
-12.58299776473432 
-12.582503434164824 
-12.581624396230206 
-12.581293209795358 
-12.584259768998066 
-12.585288665820634 
-12.586044359566921 
-12.585835223847647 
-12.585956676429848 
-12.588648754457802 
-12.587970118523767 
-12.586743352646822 
-12.58636106679526 
-12.588574748721236 
-12.594076130155639 
-12.592752780134814 
-12.59218775377976 
-12.59464019194823 
-12.597621839701855 
-12.598473689572257 
-12.598424494397747 
-12.598412831042378 
-12.599331449525739 
-12.599844231498995 
-12.60029206960326 
-12.600249409249866 
-12.599343767743484 
-12.599353407205106 
-12.599297657371626 
-12.603364480636142 
-12.603169481196502 
-12.604772868004014 
-12.604408056589238 
-12.608434830384642 
-12.608438796176383 
-12.60877720041674 
-12.608978404331223 
-12.609929638155752 
-12.609851633954712 
-12.61038112379631 
-12.610430448361434 
-12.610434786144774 
-12.610991236580869 
-12.611459514806787 
-12.611434874928165 
-12.611759838001186 
-12.611840932763299 
-12.612444867772021 
-12.613240226807509 
-12.613495120148905 
-12.61362665182032 
-12.613624040519658 
-12.613712598226183 
-12.61387846502425 
-12.61402558970154 
-12.61470997749068 
-12.615387367653394 
-12.615414501552923 
-12.61540577947178 
-12.615556269999846 
-12.615427608262104 
-12.615369830892554 
-12.6153909870712 
-12.616569189400952 
-12.61670226056902 
-12.616696444002242 
-12.616686466583918 
-12.61677962053577 
-12.616818895504746 
-12.61682575699942 
-12.616844166836255 
-12.61726802599139 
-12.617846110071232 
-12.617840175667336 
-12.617836414553938 
-12.617851368866797 
-12.617863025888855 
-12.617868083841296 
-12.617872196922102 
-12.618039867246477 
-12.61804170883696 
-12.618166530446185 
-12.618166059249797 
-12.618209199276977 
-12.618182349186611 
-12.61815128325664 
-12.618153581430256 
-12.618179483313886 
-12.61839449036293 
-12.618326212055512 
-12.618508858529882 
-12.619028673342413 
-12.619015204674248 
-12.619035496474913 
-12.619039545880216 
-12.619046778843451 
-12.619042079570834 
-12.619334626681674 
-12.619342900425176 
-12.619292226707826 
-12.619407744883166 
-12.619485744024772 
-12.619498681679133 
-12.61952557221799 
-12.619762867898118 
-12.619779025780286 
-12.619779467273261 
-12.619780308747709 
-12.620125531413859 
-12.620134725006915 
-12.620226496979974 
-12.620227049871753 
-12.620223163299526 
-12.620223942859683 
-12.620301522533081 
-12.62033533589329 
-12.620372596418639 
-12.620388458969881 
-12.620520029933504 
-12.620547889114832 
-12.620571246407716 
-12.620582666152226 
-12.620643769203786 
-12.620682071382719 
-12.620718102334981 
-12.62072715622167 
-12.62075205644459 
-12.62074723237612 
-12.620850046367982 
-12.620850116827263 
-12.620882258421108 
-12.620911017118779 
-12.620946689367072 
-12.620975019420836 
-12.620975753750486 
-12.620977571817148 
-12.620977603158995 
-12.62098658625274 
-12.620987713464753 
-12.620995143182503 
-12.620993181396718 
-12.621010835463377 
-12.621049274788213 
-12.621052103677913 
-12.621054751654974 
-12.621065061635687 
-12.621064789977215 
-12.621084497164983 
-12.62108613962901 
-12.621089725771043 
-12.621091695521336 
-12.621093081534726 
-12.621093604353817 
-12.62110118637676 
-12.621145000304717 
-12.621145372244072 
-12.621145409848364 
-12.621154608432873 
-12.621168122703969 
-12.621168591304256 
-12.621168287055912 
-12.621191751853928 
-12.621198734415351 
-12.62120461115866 
-12.62120399005198 
-12.62120423187149 
-12.621204546573635 
-12.621211423649838 
-12.621221713002024 
-12.621227377403596 
-12.621239491544564 
-12.621239917766857 
-12.621240105544624 
-12.62124310449868 
-12.621243578868334 
-12.621256789919732 
-12.621255896142381 
-12.6212556222366 
-12.621257218113634 
-12.621259679027464 
-12.621285662034829 
-12.621285956064849 
-12.62128584976447 
-12.621286037408407 
-12.62129027957097 
-12.621291893171206 
-12.62129954809871 
-12.621334777020717 
-12.621334460738053 
-12.621334460157223 
-12.621359824281182 
-12.62136632608367 
-12.621368545947671 
-12.621368878597238 
-12.621389952768075 
-12.621391023379676 
-12.621394002200406 
-12.62141460498243 
-12.62141375205567 
-12.621429492593348 
-12.62142917720627 
-12.621439675334665 
-12.62145636184853 
-12.621491723337705 
-12.621490060986956 
-12.621495535473699 
-12.62149735942345 
-12.621497341096527 
-12.6214974297016 
-12.621504949829848 
-12.62151430868727 
-12.62151615386156 
-12.621522828041432 
-12.621544070126312 
-12.621553414136194 
-12.621562786428814 
-12.621569095229022 
-12.621580378590362 
-12.621586589680113 
-12.621586917304413 
-12.621601475132199 
-12.621603847885568 
-12.621610594436689 
-12.621610883880956 
-12.621610974759061 
-12.621610323510318 
-12.621610495554792 
-12.621616371896135 
-12.621620266001122 
-12.62162024257923 
-12.621634008467543 
-12.621636454796013 
-12.621638513769808 
-12.621647089576664 
-12.621648063784717 
-12.621648077938994 
-12.621649266442882 
-12.621650592383975 
-12.621650482439918 
-12.6216506167735 
-12.621654824683002 
-12.621658750394712 
-12.621658743310299 
-12.621662473991693 
-12.621662669214341 
-12.6216637875408 
-12.621663874618243 
-12.621664015810302 
-12.62166436223344 
-12.621664411575356 
-12.621665948217242 
-12.621682850503895 
-12.621688473672739 
-12.621688175299482 
-12.621690483655511 
-12.621690480177161 
-12.621690224843618 
-12.621690960679603 
-12.621691372871386 
-12.621693945205479 
-12.621694552847094 
-12.621695483492697 
-12.621701473190209 
-12.621707799499287 
-12.621709032114815 
-12.621709032179536 
-12.621708924272934 
-12.621709804736016 

 Time 
23.419100522994995 
