Energy 
 
2.878301087752058 
1.621419716248006 
0.3797978070556439 
-0.827272773183403 
-1.9821842278352915 
-3.0718818917256923 
-4.090302847791224 
-5.038663379866273 
-5.923248807273631 
-6.752106855241758 
-7.532355993918995 
-8.268870116499029 
-8.964162128499774 
-9.618943640953121 
-10.232903054864858 
-10.805423206126434 
-11.336111769275398 
-11.825115692288884 
-12.273245005822464 
-12.681955196613762 
-13.05324171748882 
-13.389493261055216 
-13.693338360973922 
-13.96750710517888 
-14.214718866648951 
-14.437599064540228 
-14.638623073693353 
-14.820082939994773 
-14.984071789071763 
-15.132481053983536 
-15.267006376879715 
-15.389158921554484 
-15.500279677140899 
-15.601555049666576 
-15.69403260279383 
-15.778636230293895 
-15.856180343494747 
-15.92738286330096 
-15.992876942522884 
-16.05322143010112 
-16.108910139781315 
-16.160380013274885 
-16.208018280080644 
-16.252168718602114 
-16.293137119833062 
-16.331196048259798 
-16.36658898641109 
-16.399533940729267 
-16.4302265777798 
-16.458842951634573 
-16.485541875744893 
-16.510466985846914 
-16.533748534423886 
-16.555504951953125 
-16.575844205540164 
-16.594864981520054 
-16.612657715120413 
-16.62930548726586 
-16.644884805995666 
-16.65946628771182 
-16.67311525151936 
-16.6858922382264 
-16.69785346409332 
-16.70905121813418 
-16.719534210644508 
-16.729347879641878 
-16.738534661035057 
-16.747134227572026 
-16.755183700941448 
-16.762717840807007 
-16.769769214029232 
-16.776368346867987 
-16.782543862553762 
-16.788322606261406 
-16.79372975921203 
-16.798788943359924 
-16.803522317891545 
-16.807950668564896 
-16.812093490749195 
-16.81596906688145 
-16.819594538937167 
-16.82298597641135 
-16.82615844022392 
-16.829126042895066 
-16.83190200528083 
-16.834498710114502 
-16.836927752563536 
-16.839199987983328 
-16.841325577026698 
-16.843314028250415 
-16.845174238346615 
-16.846914530116084 
-16.848542688292202 
-16.8500659933183 
-16.851491253175187 
-16.85282483335257 
-16.854072685053296 
-16.855240371717663 
-16.85633309395106 
-16.857355712936275 
-16.8583127724093 
-16.859208519274326 
-16.86004692293192 
-16.860831693390942 
-16.86156629823297 
-16.862253978494394 
-16.862897763529713 
-16.863500484915722 
-16.8640647894546 
-16.864593151330254 
-16.865087883470395 
-16.865551148163565 
-16.86598496697799 
-16.866391230026633 
-16.86677170462035 
-16.867128043348334 
-16.8674617916233 
-16.867774394726204 
-16.868067204383404 
-16.86834148490698 
-16.868598418927203 
-16.86883911274419 
-16.869064601324123 
-16.869275852963693 
-16.869473773644977 
-16.869659211101506 
-16.869832958614793 
-16.869995758559455 
-16.87014830571382 
-16.870291250351702 
-16.87042520113004 
-16.870550727786135 
-16.87066836365722 
-16.870778608034303 
-16.870881928361243 
-16.870978762289766 
-16.871069519599498 
-16.871154583992627 
-16.871234314771073 
-16.871309048404303 
-16.871379099994805 
-16.87144476464837 
-16.87150631875508 
-16.87156402118716 
-16.871618114419295 
-16.87166882557611 
-16.87171636741221 
-16.871760939228594 
-16.871802727730085 
-16.871841907827474 
-16.871878643388055 
-16.871913087937678 
-16.87194538531795 
-16.871975670301143 
-16.872004069165556 
-16.872030700234294 
-16.87205567437928 
-16.872079095493213 
-16.872101060931346 
-16.872121661925053 
-16.872140983968972 
-16.872159107183577 
-16.8721761066546 
-16.872192052750897 
-16.872207011422056 
-16.872221044477143 
-16.872234209845747 
-16.872246561822443 
-16.87225815129576 
-16.87226902596265 
-16.872279230529422 
-16.87228880689981 
-16.872297794351372 
-16.872306229700513 
-16.872314147457217 
-16.87232157997 
-16.87232855756164 
-16.872335108656415 
-16.872341259899265 
-16.872347036267517 
-16.872352461175446 
-16.87235755657242 
-16.872362343034677 
-16.872366839851466 
-16.87237106510572 
-16.872375035749677 
-16.872378767675677 
-16.872382275782588 
-16.87238557403803 
-16.872388675536705 
-16.872391592555005 
-16.872394336602287 
-16.872396918468844 
-16.872399348270903 
-16.87240163549286 
-16.872403789026674 
-16.872405817209085 
-16.87240772785618 
-16.872409528296103 
-16.872411225399404 
-16.872412825607785 
-16.87241433496082 
-16.87241575912109 
-16.872417103397805 
-16.872418372768777 
-16.87241957190128 
-16.872420705171283 
-16.872421776681712 
-16.87242279027959 
-16.87242374957185 
-16.872424657940496 
-16.8724255185565 
-16.872426334393076 
-16.872427108238 
-16.872427842705175 
-16.872428540245494 
-16.872429203156997 
-16.87242983359444 
-16.8724304335782 
-16.872431005002696 
-16.87243154964425 
-16.872432069168376 
-16.872432565136844 
-16.87243303901398 
-16.872433492172853 
-16.872433925900985 
-16.872434341405558 
-16.8724347398186 
-16.872435122201537 
-16.872435489549627 
-16.87243584279613 
-16.87243618281614 
-16.872436510430195 
-16.872436826407736 
-16.872437131470214 
-16.87243742629415 
-16.87243771151393 
-16.872437987724357 
-16.87243825548323 
-16.87243851531356 
-16.87243876770578 
-16.872439013119795 
-16.872439251986805 
-16.872439484711215 
-16.872439711672172 
-16.872439933225255 
-16.872440149703856 
-16.872440361420622 
-16.872440568668736 
-16.872440771723102 
-16.872440970841488 
-16.872441166265638 
-16.872441358222236 
-16.87244154692382 
-16.872441732569726 
-16.872441915346847 
-16.872442095430472 
-16.872442272984955 
-16.872442448164392 
-16.872442621113333 
-16.872442791967295 
-16.87244296085337 
-16.87244312789072 
-16.872443293191107 
-16.872443456859333 
-16.872443618993668 
-16.87244377968626 
-16.87244393902355 
-16.872444097086557 
-16.87244425395129 
-16.872444409688995 
-16.872444564366536 
-16.872444718046538 
-16.872444870787813 
-16.872445022645472 
-16.872445173671174 
-16.872445323913404 
-16.872445473417603 
-16.87244562222641 
-16.872445770379812 
-16.872445917915254 
-16.872446064867912 
-16.872446211270766 
-16.872446357154725 
-16.87244650254876 
-16.8724466474801 
-16.872446791974234 
-16.872446936055056 
-16.872447079745033 
-16.87244722306516 
-16.8724473660352 
-16.87244750867365 
-16.872447650997845 
-16.872447793024058 
-16.87244793476756 
-16.87244807624267 
-16.872448217462807 
-16.872448358440572 
-16.872448499187747 
-16.872448639715458 
-16.872448780034066 
-16.872448920153325 
-16.87244906008236 
-16.872449199829752 
-16.87244933940357 
-16.872449478811326 
-16.872449618060095 
-16.872449757156534 
-16.872449896106854 
-16.87245003491693 
-16.8724501735922 
-16.872450312137822 
-16.87245045055861 
-16.872450588859113 
-16.872450727043557 
-16.872450865115944 
-16.872451003079984 
-16.87245114093919 
-16.87245127869687 
-16.872451416356107 
-16.87245155391979 
-16.872451691390633 
-16.8724518287712 
-16.87245196606389 
-16.872452103270934 
-16.87245224039446 
-16.872452377436456 
-16.87245251439876 
-16.87245265128311 
-16.872452788091167 
-16.87245292482448 
-16.872453061484464 
-16.8724531980725 
-16.872453334589856 
-16.87245347103773 
-16.87245360741724 
-16.872453743729448 
-16.872453879975353 
-16.872454016155896 
-16.872454152271917 
-16.872454288324292 
-16.872454424313748 
-16.872454560241053 
-16.872454696106868 
-16.87245483191185 
-16.872454967656594 
-16.872455103341693 
-16.87245523896766 
-16.872455374535004 
-16.87245551004423 
-16.872455645495744 
-16.87245578089 
-16.872455916227384 
-16.872456051508262 
-16.872456186733015 
-16.872456321901957 
-16.8724564570154 
-16.872456592073643 
-16.872456727076983 
-16.872456862025672 
-16.87245699691997 
-16.872457131760083 
-16.872457266546277 
-16.872457401278734 
-16.872457535957675 
-16.872457670583277 
-16.872457805155715 
-16.87245793967518 
-16.872458074141818 
-16.872458208555773 
-16.87245834291723 
-16.872458477226285 
-16.872458611483104 
-16.87245874568779 
-16.872458879840465 
-16.872459013941263 
-16.872459147990263 
-16.87245928198758 
-16.872459415933317 
-16.87245954982757 
-16.87245968367045 
-16.872459817462005 
-16.87245995120233 
-16.872460084891543 
-16.872460218529657 
-16.872460352116807 
-16.872460485653015 
-16.872460619138394 
-16.87246075257298 
-16.87246088595683 
-16.87246101929003 
-16.87246115257264 
-16.872461285804697 
-16.87246141898628 
-16.872461552117432 
-16.872461685198203 
-16.872461818228643 
-16.87246195120881 
-16.872462084138757 
-16.87246221701852 
-16.87246234984815 
-16.872462482627682 
-16.872462615357176 
-16.872462748036664 
-16.87246288066621 
-16.872463013245834 
-16.872463145775583 
-16.872463278255488 
-16.872463410685615 
-16.872463543065972 
-16.872463675396602 
-16.872463807677565 
-16.872463939908855 
-16.872464072090562 
-16.8724642042227 
-16.8724643363053 
-16.872464468338386 
-16.87246460032201 
-16.872464732256205 
-16.872464864141005 
-16.872464995976433 
-16.872465127762535 
-16.87246525949932 
-16.872465391186864 
-16.872465522825166 
-16.872465654414263 
-16.872465785954184 
-16.872465917444984 
-16.87246604888666 
-16.87246618027927 
-16.87246631162284 
-16.872466442917403 
-16.872466574162967 
-16.87246670535958 
-16.87246683650729 
-16.87246696760609 
-16.87246709865604 
-16.87246722965715 
-16.872467360609473 
-16.87246749151301 
-16.872467622367825 
-16.872467753173925 
-16.872467883931332 
-16.87246801464009 
-16.87246814530023 
-16.872468275911764 
-16.87246840647475 
-16.87246853698918 
-16.872468667455127 
-16.87246879787259 
-16.872468928241588 
-16.872469058562174 
-16.87246918883438 
-16.872469319058208 
-16.872469449233712 
-16.872469579360903 
-16.872469709439816 
-16.87246983947049 
-16.872469969452936 
-16.872470099387186 
-16.87247022927329 
-16.87247035911125 
-16.872470488901087 
-16.87247061864288 
-16.87247074833658 
-16.872470877982273 
-16.87247100757998 
-16.872471137129708 
-16.872471266631504 
-16.87247139608539 
-16.87247152549138 
-16.872471654849534 
-16.872471784159856 
-16.872471913422373 
-16.872472042637106 
-16.872472171804116 
-16.8724723009234 
-16.872472429994993 
-16.87247255901893 
-16.872472687995238 
-16.872472816923917 
-16.872472945805033 
-16.872473074638595 
-16.87247320342464 
-16.87247333216317 
-16.872473460854245 
-16.872473589497883 
-16.872473718094096 
-16.872473846642933 
-16.872473975144395 
-16.872474103598545 
-16.872474232005363 
-16.872474360364926 
-16.872474488677227 
-16.872474616942316 
-16.8724747451602 
-16.872474873330923 
-16.872475001454497 
-16.872475129530958 
-16.872475257560332 

 Time 
222.9419915676117 
