Energy 
 
-2.7734620325984713 
-2.8077693279620335 
-3.6807520963653895 
-4.633552199096803 
-4.659830954559454 
-4.637074281586658 
-4.343695843930231 
-4.452728588901311 
-4.814629451802771 
-4.831261333735121 
-4.632303003477462 
-5.33171065482923 
-5.104643759936519 
-5.439823676960077 
-5.292979403206234 
-5.210038032807079 
-6.224743551877511 
-5.737120205657845 
-5.714726890833253 
-5.598507374559232 
-5.718815023403567 
-6.295240567707591 
-6.076203229641808 
-6.004297763160641 
-6.096189656908392 
-6.12780429381756 
-6.1347870829619815 
-6.244246468985651 
-6.225677351113799 
-6.226004423229373 
-6.97178456312707 
-6.9211712084238055 
-6.94472742914066 
-7.539170395891446 
-6.991142273773803 
-7.7403877997051636 
-8.265119527311667 
-8.31022285388417 
-8.19148836201608 
-8.20742139740602 
-8.286666297490726 
-8.251126069613374 
-8.495394348531047 
-8.647583775609185 
-8.616721429616167 
-8.682017608402905 
-8.633468497978859 
-8.624193215662084 
-8.603743538260025 
-8.61040210452404 
-8.64797123089604 
-8.65054594654389 
-8.638597047192892 
-8.685825448941726 
-8.883216834841207 
-8.909495407473676 
-8.847508764281184 
-8.812137570952743 
-8.870154311480213 
-9.013901653315283 
-8.901364638169902 
-9.119852648325049 
-9.103219695125585 
-8.931396198132791 
-8.935381832051476 
-8.927432582248507 
-9.059417709433875 
-9.164877531172582 
-9.01065123723248 
-8.90978100271775 
-8.846806759797849 
-8.909255698841932 
-9.099394650586083 
-8.975311670896158 
-9.101694431732566 
-9.06865895115815 
-9.104639731247705 
-9.137651776780535 
-9.043594646817757 
-9.16187498925739 
-9.10880045897194 
-9.103558711447093 
-9.156579472816524 
-9.090126672818343 
-9.058391485786727 
-9.002961783457291 
-9.005804181323212 
-8.980005535032843 
-8.947608454712704 
-9.001683405787507 
-9.008077141791237 
-9.01486477787602 
-9.077350568549374 
-9.134620617896385 
-9.07285269346269 
-9.025438369440439 
-9.320436634314063 
-9.596769943736192 
-9.759474248915907 
-9.868477606554434 
-9.88428625128446 
-9.490685350801808 
-9.446659969252265 
-9.476214569704998 
-9.264508260444945 
-9.324053645733464 
-9.31624832070325 
-9.3198297802997 
-9.368929162259324 
-9.363267158767218 
-9.360571008609838 
-9.366569548563394 
-9.366611828914248 
-9.383505657528623 
-9.382012611742756 
-9.380668450195774 
-9.381034191832764 
-9.475893067680676 
-9.42367303977181 
-9.37678793702053 
-9.408628937699214 
-9.390381202119615 
-9.588307523064099 
-9.480993063697342 
-9.555678811329253 
-9.50758570033996 
-9.641921138496453 
-9.674633638192468 
-9.545734768823625 
-9.816946828004886 
-9.799772950572308 
-9.888937502744376 
-9.65812240777874 
-9.583327020037206 
-9.67653471660922 
-9.57927725811885 
-9.3728069137227 
-9.228121896075313 
-9.563970901646384 
-9.713879978243222 
-9.700331166524245 
-9.67586320966647 
-9.637652964300763 
-9.733870444584321 
-9.83849426705225 
-9.864407511025957 
-9.828340320156657 
-9.69731523387715 
-9.797878883231077 
-9.771794920698918 
-9.722183718636645 
-9.723061310830516 
-9.67393593171332 
-9.614014734315317 
-9.70210862959794 
-9.68487871915676 
-9.682196923602326 
-9.997030509963128 
-10.01385359049658 
-10.020516880071817 
-10.058672651628413 
-10.071087726543778 
-10.062537131834953 
-10.087540466303805 
-10.102122658987069 
-10.070778242695464 
-10.109327413894677 
-10.085561023963237 
-10.090423718253964 
-10.106961775196314 
-10.109450338801194 
-10.11833943053192 
-10.11030733226881 
-10.176329649004954 
-10.151721473592831 
-10.319024424350028 
-10.307135210696437 
-10.188221035832452 
-10.234045615501817 
-10.387252634718818 
-10.340641699357393 
-10.25967427949244 
-10.1164232686861 
-9.980013337554468 
-9.974720297279038 
-9.842321139237983 
-9.570995007317206 
-9.810219622514891 
-9.945828956110539 
-9.973808440211778 
-10.091282436158044 
-10.087012459621599 
-9.980400152098172 
-9.86509541744663 
-9.907420377125247 
-9.74228264063199 
-9.688127233167963 
-9.774806136917476 
-9.672596933568565 
-9.614506709927134 
-9.838187583947478 
-9.984156359288486 
-10.01445273985798 
-9.926711725139167 
-10.053357103086645 
-9.982137291664891 
-10.138664586392666 
-10.257411650635643 
-10.240502265341037 
-10.179688011783176 
-10.086793101316221 
-10.073273060364095 
-9.978414572943565 
-10.170544473661842 
-10.221667706563133 
-10.227350577538976 
-10.09689664751677 
-10.190523045761159 
-10.208697737812498 
-10.230768209805591 
-10.230914081379114 
-10.143692159840702 
-10.149260817976637 
-10.199568936488847 
-10.186326066124543 
-10.248602750612076 
-10.177714219006203 
-10.211692810969332 
-10.576722392212508 
-10.699341203064433 
-10.500909498372478 
-10.589667873808182 
-10.637222025429407 
-10.601284290041253 
-10.689349742879111 
-10.670869001205528 
-10.653943918110015 
-10.6739548538045 
-10.823756001364712 
-10.723426456321471 
-10.76301847898556 
-10.839507567152099 
-11.029470160119908 
-11.085029905226552 
-11.022375406572342 
-10.945793660223686 
-10.911602697033693 
-10.989783750109115 
-10.986905560399798 
-10.994916576856214 
-10.948860433301522 
-10.896535102058959 
-10.967964825215134 
-10.916339129178516 
-10.98084543612015 
-10.943021690803553 
-11.179020190077607 
-11.055561718964487 
-11.115585526469932 
-11.317425198036736 
-11.310382171225099 
-11.377384229685415 
-11.23286024453406 
-11.692850968617892 
-11.721286493180138 
-11.713002957079343 
-11.548475911222509 
-11.559166431919287 
-11.503092456133826 
-11.490272147842296 
-11.452624877414877 
-11.44586151874694 
-12.150279149011004 
-12.418690942565897 
-12.395975387981157 
-12.412170730979621 
-12.319225323922717 
-12.300604737669888 
-12.219405042203938 
-12.288295241948891 
-12.292776619837353 
-12.275626537846483 
-12.275429613045812 
-12.326447186752995 
-12.328907861097397 
-12.401778901741674 
-12.387611192096768 
-12.365400964010243 
-12.332546896289275 
-12.31260605253378 
-12.315238801146025 
-12.278594706968587 
-12.299847248074277 
-12.297954081747234 
-12.334577227643893 
-12.337565396946616 
-12.335033418661457 
-12.335126931102707 
-12.351364809204448 
-12.342646421699316 
-12.341420144127708 
-12.349573522174182 
-12.346890191520817 
-12.374479513623562 
-12.376417191867592 
-12.357526098499202 
-12.463088535134203 
-12.416986750259559 
-12.43297590518148 
-12.516437247079406 
-12.510666914265528 
-12.570988757376798 
-12.563362851286525 
-12.590384338334264 
-12.563751673618462 
-12.566246708971548 
-12.56939798364056 
-12.708137673629018 
-12.682081560903612 
-12.68236673160918 
-12.720812334407665 
-12.684329317356728 
-12.680044688217532 
-12.667840124809276 
-12.654717047039771 
-12.747111833380858 
-12.801254765501312 
-12.791621635457794 
-12.790074422424656 
-12.798692021553828 
-12.79346950392712 
-12.794243029305948 
-12.846516125230117 
-12.839975348874804 
-12.814609949178873 
-12.77245365081438 
-12.833037804811825 
-12.917766041942178 
-12.952237945807303 
-12.958396410477445 
-12.964127235460788 
-12.936419608647995 
-12.906858660766536 
-12.911371346360204 
-12.911437835073002 
-12.918568396361387 
-12.944902596043379 
-12.936305664865372 
-12.960966783822226 
-12.960009174135882 
-12.972993942039883 
-12.975077262757429 
-12.992641120052651 
-12.993045655563439 
-13.00788884694232 
-13.01111095996792 
-13.005289387331112 
-13.005459840905115 
-13.01517936567694 
-13.016103361723111 
-13.017350847402946 
-13.022230186250802 
-13.02450287250529 
-13.021171010541467 
-13.020756587901559 
-13.022254212923967 
-13.020120789085167 
-13.020679613997977 
-13.019336777736095 
-13.030366213260976 
-13.05041727009854 
-13.052107101572528 
-13.060535946425832 
-13.05873544788875 
-13.06294493526128 
-13.06614957914617 
-13.066010525129254 
-13.064094471065582 
-13.064404953096659 
-13.064165968984263 
-13.063569358877144 
-13.06410930816734 
-13.06371632212266 
-13.063815165742263 
-13.064399199436009 
-13.06766678670586 
-13.068285510101388 
-13.065533034633349 
-13.063306158098808 
-13.059658971207925 
-13.068243814597604 
-13.069095678185395 
-13.07147151491741 
-13.078278710032038 
-13.078569253587716 
-13.078328063489838 
-13.080594802904699 
-13.080028579101338 
-13.080682754999101 
-13.08173869611848 
-13.083193488889087 
-13.082793380161062 
-13.082776076917025 
-13.083617632964723 
-13.08375559481909 
-13.084112770362587 
-13.084042443947375 
-13.083643793852932 
-13.083963921367351 
-13.08374685127047 
-13.084188715305574 
-13.083946172482063 
-13.083589912927954 
-13.085777676872823 
-13.084432542945915 
-13.085770706708745 
-13.086899369068753 
-13.088094643586308 
-13.087783260111413 
-13.087764750949905 
-13.087397250206303 
-13.087765979916783 
-13.087772722659228 
-13.087773995054942 
-13.087947878272681 
-13.08796265098233 
-13.08836070188559 
-13.090347630105475 
-13.091450639408109 
-13.091291097464177 
-13.09029783658785 
-13.090742280397695 
-13.091139532751827 
-13.0909966815069 
-13.090911967994751 
-13.09272842267178 
-13.093356459680903 
-13.094533058529427 
-13.095512719386738 
-13.095829229267675 
-13.097400479611263 
-13.097426963010948 
-13.098131368742255 
-13.098284174449807 
-13.0982814905985 
-13.098249554572945 
-13.098256540845743 
-13.098293046394927 
-13.098286817877595 
-13.09834302605091 
-13.098352106744095 
-13.098335374761602 
-13.098680280143409 
-13.09932352002899 
-13.099593742676806 
-13.099652767623347 
-13.099452516414093 
-13.099450008069342 
-13.099455971075615 
-13.099724040825187 
-13.099728932648917 
-13.099834488863543 
-13.099903987482975 
-13.099922968604233 
-13.099945104028142 
-13.099918772062326 
-13.099911273639606 
-13.099894199545878 
-13.099910295598427 
-13.099960242917819 
-13.100009208887293 
-13.100010940770238 
-13.100357607851427 
-13.100382325844105 
-13.100842213015131 
-13.100922898525841 
-13.100926057649176 
-13.10126946364588 
-13.101289944086608 
-13.101237547786113 
-13.101271729453963 
-13.101286783246872 
-13.101290895660942 
-13.101370349061334 
-13.101507045074829 
-13.101521430758222 
-13.101526668843428 
-13.101557372849788 
-13.10154972705603 
-13.101570867570135 
-13.101568711543651 
-13.101617116750859 
-13.10161002266873 
-13.101612294564697 
-13.101697224688673 
-13.101702438311657 
-13.10183106756775 
-13.101831199259571 
-13.101824592603748 
-13.101835410983972 

 Time 
194.93408823013306 
