Energy 
 
1.993154094178081 
-0.9918416136542381 
-2.5836284491198866 
-2.760288598390439 
-2.6105353702884386 
-1.9715575814218171 
-4.547309668291302 
-4.476342126882188 
-3.5791665381296562 
-3.4986238875990803 
-3.384621453023086 
-3.3579535480457254 
-2.9327896177473742 
-3.5945951590116394 
-4.110690257488738 
-4.458657042356658 
-4.5065875102849855 
-4.745750718150917 
-4.7936424472511145 
-4.789737255121217 
-5.200179754336152 
-6.076471875431481 
-6.057862989552811 
-6.130624225060775 
-6.850419370277348 
-6.873202095807502 
-6.923991167383428 
-6.613554574472344 
-6.904907019781012 
-6.999744415742589 
-7.028893290110356 
-7.3218414985915246 
-7.306640731791436 
-7.244722554557621 
-7.221905232532466 
-7.284389470135047 
-9.820928936775323 
-9.222464814665717 
-9.657650045555076 
-9.992059723950085 
-9.996329134930741 
-10.514108070435768 
-10.533910244887279 
-10.333557273836748 
-10.355431250166053 
-10.284503489027205 
-11.522722970830062 
-11.403338254369844 
-12.952524543988446 
-12.517286673949478 
-12.217042596987474 
-12.549289328312613 
-11.937897356135696 
-12.472372702189306 
-12.633008821228126 
-12.398695952135853 
-12.981986088685181 
-12.514892632979763 
-12.68247561641575 
-12.544951794161854 
-12.48996655953745 
-12.489141346844523 
-13.033158747740725 
-13.068321694352846 
-13.04202612417384 
-12.715441538223494 
-12.343429943965244 
-12.188187570105336 
-12.10452021094992 
-12.619799560216903 
-13.236856008994316 
-13.375460977547284 
-12.74736027747863 
-12.54881801857426 
-12.421708135466876 
-11.968906364082802 
-12.009275191048202 
-12.506497320328027 
-12.293391540139941 
-12.355510812899617 
-12.645849963528553 
-12.40665922274527 
-12.291360059465124 
-12.911352587468025 
-13.549113788448711 
-13.471546851985298 
-13.301616216412057 
-12.485037413636757 
-12.915772057889747 
-13.089553071957738 
-13.287876529355058 
-13.409950958585135 
-13.426283644187228 
-13.36029272245665 
-13.889931744092774 
-13.8642563012708 
-14.001608008179389 
-13.774060439084277 
-13.74541730399401 
-13.72125353977646 
-13.69461317828235 
-13.602429378789699 
-14.421239344264325 
-14.64276674417363 
-14.073950180466825 
-14.102660572617976 
-13.665553552553947 
-13.887226647074757 
-13.448713225526085 
-13.390552318383808 
-14.23621060270943 
-14.202446603301176 
-13.811546561270818 
-14.190650782692952 
-14.898590180292707 
-14.93910340050361 
-14.474906366916095 
-14.910209530322653 
-14.994769926595833 
-15.000613323309167 
-14.875084589069788 
-16.084387032331136 
-16.36789747407359 
-16.409502517367063 
-16.4035204182776 
-16.3915943608878 
-16.3693535396741 
-16.35850569169745 
-16.322395232017904 
-16.363877121701243 
-16.362299884606937 
-16.35533078501095 
-16.344024826905745 
-16.335471021360444 
-16.476822240608303 
-16.439235645105427 
-16.39829454275849 
-16.565758473941923 
-16.52387337101165 
-16.47868016548291 
-16.44543196631499 
-16.37396949743917 
-16.26216378581887 
-16.499593970199335 
-16.747388953090734 
-16.77601422201137 
-16.655225973130364 
-16.643352326376746 
-16.653080988329336 
-16.649574424932062 
-16.623433947156894 
-16.63365943660084 
-16.849127942163747 
-16.814801433917435 
-16.728302379231977 
-16.801888545140166 
-16.745212205045977 
-16.733206626945584 
-16.725902134707308 
-16.728594857158384 
-16.830542318590968 
-16.770781859760085 
-16.788228935131993 
-16.781089612651495 
-16.730438322284048 
-16.770798473277043 
-16.765192255477206 
-16.826644845203433 
-16.79619204064949 
-16.793016063085474 
-16.789821814425085 
-16.775798430572706 
-16.74662137002564 
-16.732963738766184 
-16.71091891535817 
-16.719186954141303 
-16.816339287252703 
-16.809664272464296 
-16.816985899380345 
-16.882503190239063 
-16.8248022051319 
-16.880762463156504 
-16.82550245458248 
-16.85686017967672 
-16.886924130152238 
-16.862515611890995 
-16.837329775876807 
-16.85408024131383 
-16.84828069493532 
-16.829845897162848 
-16.829597907532666 
-16.81656621897355 
-16.827605655113732 
-16.827501974239258 
-16.825179001120933 
-16.824062934664134 
-16.816183054299056 
-16.90086997767668 
-16.857640564758906 
-16.964162256540288 
-16.963567019049414 
-16.962882513856243 
-16.95885868860023 
-16.932328762912924 
-16.97728648397075 
-17.044062158183486 
-17.048466941524556 
-17.11733242528323 
-17.033949117633682 
-17.03428118722269 
-17.0241346455186 
-17.024179862860233 
-16.988540082882025 
-17.045900319725607 
-17.093735587820856 
-17.09152431986941 
-17.09359688843511 
-17.11941735885445 
-17.147746835807844 
-17.1146325407996 
-17.104023005701144 
-17.111007521679888 
-17.089193941852304 
-17.103054156900583 
-17.08711777708389 
-17.083701642095324 
-17.09051079148522 
-17.091143830606228 
-17.100469411784708 
-17.10814210897076 
-17.100213393083298 
-17.09664509835105 
-17.08670290145257 
-17.090953092642163 
-17.082955649390055 
-17.089895690191458 
-17.098855074464275 
-17.148165689159974 
-17.130879856054964 
-17.12943187738373 
-17.16822839881343 
-17.17087749553486 
-17.21003046255335 
-17.167996989831124 
-17.15444919572366 
-17.149390315803824 
-17.147584964857675 
-17.171582150996496 
-17.157510894345776 
-17.15294565592526 
-17.153086286339832 
-17.261121972289224 
-17.410143805876984 
-17.51944908308301 
-17.521614967786462 
-17.520063511775362 
-17.682859568166744 
-17.523132535442976 
-17.52260193767104 
-17.5383652446428 
-17.565056692330156 
-17.563962751635582 
-17.779308864632917 
-17.785174581797047 
-17.832167699845492 
-17.810028219327297 
-17.826222963984108 
-17.938258826502583 
-17.942388708769215 
-17.881143961427476 
-17.781789564791897 
-17.764843038581688 
-17.887178339357206 
-17.871250790979232 
-17.87651171696901 
-17.8513277612292 
-17.84440841302594 
-17.90640993681265 
-17.895689743039426 
-17.882187605699002 
-17.959398662633618 
-17.92951402944652 
-17.94063468496971 
-17.932871586256898 
-17.88503920610789 
-17.896705577324546 
-17.95258229396331 
-18.013227528134554 
-18.019432503541232 
-18.03471092045978 
-17.967377247722336 
-17.966919776583282 
-17.96323886126464 
-17.95327731353051 
-18.019019475597535 
-18.010467659441648 
-18.040585497604866 
-18.08186481117317 
-18.049781587005192 
-18.02995665702129 
-18.04735326207268 
-18.04932112450021 
-18.039193127091877 
-18.20562017718703 
-18.195597827114597 
-18.297320143426106 
-18.28662324681874 
-18.28555883796177 
-18.28554664444825 
-18.28857450008464 
-18.29396070717964 
-18.313079913719754 
-18.34025788225841 
-18.365443643616786 
-18.348255698342616 
-18.334253377503178 
-18.35598716846875 
-18.421563047863458 
-18.40521882123387 
-18.490442982299072 
-18.456189658263593 
-18.45483264154046 
-18.894223112405964 
-18.68459763063006 
-18.609378151519255 
-18.633915481738846 
-18.622261524432286 
-18.63769663366228 
-18.616016630439205 
-18.6550470448019 
-18.630661219128918 
-18.653904162815223 
-18.682855220337867 
-18.692206758268178 
-18.69381546082033 
-18.869712634073363 
-18.88988662566768 
-18.878514144297153 
-18.78667909148341 
-18.66768922017488 
-18.730282462446056 
-18.796941087529653 
-18.949032370779058 
-18.957261904101422 
-18.984973343351296 
-18.828204158503112 
-19.084026283209074 
-19.093536575099414 
-19.008830547031494 
-19.055335839558627 
-19.053970452097506 
-19.053726895962626 
-19.06154166560055 
-19.070135742322076 
-19.159574633906367 
-19.163457342816958 
-19.143751587572183 
-19.141845127490875 
-19.251224900012247 
-19.45010974699911 
-19.31992596743333 
-19.303800537070494 
-19.218320874494015 
-19.087162511002944 
-19.016755355184984 
-18.999531761760142 
-18.98834235481708 
-19.090711760691306 
-19.156627729525763 
-19.28595339199687 
-19.310399039565258 
-19.18399809813849 
-19.06244011531357 
-19.410067215081103 
-19.492701854596152 
-19.49361004058725 
-19.510296988245713 
-19.502641401851676 
-19.438504012196255 
-19.50049830325671 
-19.560724102647388 
-19.524913517494568 
-19.577715026509676 
-19.582603728621244 
-19.58267072494508 
-19.578355279787207 
-19.55153783551524 
-19.58048280275671 
-19.61610257780079 
-19.59111081680549 
-19.684385599079047 
-19.66681240414029 
-19.63359124037652 
-19.699253590504316 
-19.706394339883023 
-19.686258163915287 
-19.637307572892308 
-19.663197056346775 
-19.67016741134086 
-19.70082307267801 
-19.668523365232762 
-19.667381393538644 
-19.6690478995472 
-19.71201962525362 
-19.807321283182144 
-19.86588058465667 
-19.866479034537605 
-19.8525984308613 
-19.946683867554643 
-19.938231475577403 
-19.916429433287412 
-19.91909668257512 
-19.895327948464256 
-19.938466465394374 
-19.930646854581763 
-19.916585157328424 
-19.933083091524477 
-19.927860086064086 
-19.953978273752135 
-19.962677055668724 
-19.950701438642064 
-19.947821024217465 
-19.95645635693693 
-20.042457376049402 
-20.0588302830168 
-20.13208167480394 
-20.150868450466195 
-20.15124833737168 
-20.161700854399722 
-20.163462628049455 
-20.15816635928283 
-20.154313218692977 
-20.162204927028647 
-20.175132036627843 
-20.171646056990177 
-20.16438458463478 
-20.18983072814015 
-20.185880607583584 
-20.257268626527015 
-20.25723661188324 
-20.27631322783894 
-20.36051046146221 
-20.35732846975536 
-20.37019618623844 
-20.37780219977607 
-20.390659407791947 
-20.393080872065102 
-20.401456269461274 
-20.387641425453904 
-20.405262956287316 
-20.41469484617344 
-20.414326060333494 
-20.425773396171415 
-20.428692394223383 
-20.424694065555467 
-20.426771033965906 
-20.428186054580017 
-20.441779908502912 
-20.438992861302403 
-20.454532835667354 
-20.45788198719572 
-20.46422541934697 
-20.47244789055374 
-20.473308481959524 
-20.48143764264497 
-20.49945070914343 
-20.502914199707604 
-20.503093828187307 
-20.493370086450184 
-20.494771398430593 
-20.487015481591957 
-20.48818894748244 
-20.50663679241157 
-20.49823843972272 
-20.500547743429504 
-20.50508829886325 
-20.520309412221405 
-20.531733917522256 
-20.532227008134562 
-20.541078768867592 
-20.53194749958573 
-20.539041441222476 
-20.542498782523914 
-20.543490346823457 
-20.540066659733434 
-20.54030578618177 
-20.538388769775604 
-20.535604932334927 
-20.534319822335892 
-20.552239468997882 
-20.549361280001353 
-20.550704288652035 
-20.550351518790723 
-20.559288910803616 
-20.55666832210877 
-20.561937245847137 
-20.562903837774705 
-20.573912682705316 
-20.573960906584443 
-20.56682618347135 

 Time 
305.26360273361206 
