Energy 
 
3.8998005448887016 
3.935133291523959 
2.595696690871314 
2.579642170007115 
2.670313744249135 
-1.2988628205976938 
-3.175876102905136 
-1.4323779009704967 
-4.085334565171834 
-4.058463945679439 
-3.8711502680946284 
-3.7474267602080826 
-2.9989852400723382 
-4.780057733944689 
-7.358017042649163 
-8.37867052345929 
-7.922476522678544 
-7.561587909567164 
-6.077982016160986 
-6.061688799324053 
-8.047468657289123 
-9.973754868403107 
-9.785499901078609 
-8.515967778281741 
-8.735633230881513 
-8.701105157744701 
-7.980522330480305 
-8.54219454824854 
-10.439853883266514 
-10.356445322201418 
-8.761838246748331 
-8.972227463595857 
-8.67355242666498 
-8.300196110554305 
-8.009452807065351 
-8.001477752886393 
-9.14513691033602 
-8.786498766030759 
-8.583088246457637 
-8.579134790475731 
-10.634021588214258 
-10.548821321223503 
-9.40448151722838 
-9.644717858717787 
-9.200590601865525 
-9.603660502385313 
-9.408037504977607 
-9.599136554543326 
-9.44608949831319 
-9.288353579151046 
-9.481538742040195 
-10.354616738608412 
-10.015654061008206 
-11.820141031985063 
-10.127050185180936 
-10.681383663069157 
-9.813268735692525 
-9.161398081044902 
-9.908559774112645 
-10.266155222569981 
-10.42029551865954 
-10.49501021134955 
-11.04880986209775 
-11.052491204828108 
-13.897358360657424 
-13.883890230445454 
-13.291297786718204 
-12.939837512089197 
-12.042186316866779 
-12.052761642195206 
-11.356605266175142 
-11.103133259078497 
-12.299581378780715 
-13.456975676500996 
-14.135619253974689 
-12.980658551687686 
-12.581439376161349 
-12.08102002081607 
-10.848714282424478 
-9.247412978905137 
-10.074390533855656 
-10.677332703303582 
-10.36824312862994 
-10.329319428699026 
-10.05704872053289 
-10.05104486332975 
-13.190844470316089 
-13.06515867706176 
-11.667567250130997 
-11.655133879849501 
-10.12832783857548 
-9.5079871738271 
-10.005396294513302 
-8.699925496601747 
-10.83329690063993 
-11.271075579428228 
-11.40704820037698 
-11.380414065150296 
-11.342581121021787 
-11.571812242203352 
-11.470783534424594 
-11.688261749424235 
-12.028421189377537 
-11.95318941138746 
-11.866229175640957 
-12.650332383330865 
-12.306586530779287 
-12.507230165040479 
-12.830377836619936 
-12.371170114978602 
-12.523361132507416 
-12.81481199993122 
-12.759065828145388 
-13.002120168701365 
-13.13616422296158 
-13.05923827853164 
-13.63434339791724 
-13.595906576313128 
-13.65296462251584 
-13.830655972959603 
-13.581217149020512 
-13.700577623396171 
-14.250123763030764 
-14.178903730298488 
-13.870955366101837 
-14.449128652557313 
-14.122267441697826 
-14.843646434701476 
-14.869479238890156 
-14.99878535779418 
-15.879683541723663 
-15.767848517805492 
-15.739995501486616 
-15.840228442058105 
-16.19454941652726 
-15.986902044324108 
-16.138196610503957 
-16.004842687684935 
-16.0553778609196 
-16.015180573036922 
-16.008480834597513 
-15.999995977601523 
-16.001940352983606 
-16.02059162625973 
-16.047361702513754 
-16.048674053911665 
-16.037558619852987 
-16.492065560841908 
-16.45377906948961 
-16.375039920667298 
-16.413229524326844 
-16.371349890596413 
-16.36493961483063 
-16.387062893427018 
-16.396584342221843 
-16.535184401099524 
-16.57194492563078 
-16.404464301320733 
-16.48012652674119 
-16.514301445034725 
-16.681233765675614 
-16.643684979726075 
-16.470016752173024 
-16.492565256405232 
-16.534391258323204 
-16.60348438739402 
-16.56634424722 
-16.618754933849107 
-16.616272522382786 
-16.56653466827967 
-16.788296586891853 
-16.810064860008087 
-16.815107556818667 
-16.78939355934202 
-17.011173878915436 
-16.949300951061023 
-16.939249751184306 
-17.11684402034138 
-17.023765918830172 
-17.29804701556214 
-17.27412554246742 
-17.03268460219835 
-17.640619812008495 
-17.272960456646956 
-16.956279266596393 
-16.627796763615176 
-16.34349116818502 
-16.364223310174953 
-15.914890280004498 
-16.042588141085975 
-16.523503350857016 
-16.414219564937255 
-16.50498616308124 
-16.23109018355392 
-16.841183729902603 
-16.689908995155644 
-16.753032171013636 
-16.43112091963743 
-16.16486143489925 
-16.061248415074928 
-16.094504131089433 
-16.172654191966046 
-16.053162190877668 
-16.044259926855794 
-16.052386551419133 
-16.66730195174877 
-16.86472846789514 
-16.869197960744046 
-17.09995033909202 
-18.090430606477902 
-18.103643575491983 
-17.837785888918198 
-17.346268216723736 
-17.32791656229861 
-17.409719004516425 
-16.956763472259112 
-17.110150023262793 
-17.04979367111839 
-17.178359561559848 
-17.184049619925066 
-17.41493098491257 
-17.228034276933517 
-17.285035105210312 
-17.55969855476782 
-17.377200093734302 
-17.224731879006153 
-17.164019329527687 
-17.126864126230718 
-16.933794016563525 
-16.99655727150836 
-16.92907507189258 
-16.885662114840837 
-18.028369885043773 
-17.680581421150077 
-17.03205058267916 
-16.75703251489017 
-16.69490135558839 
-17.59871214191035 
-17.31356355235532 
-17.758523153189543 
-17.9706999366463 
-17.585705409140537 
-17.99986725992189 
-17.82100346780978 
-18.60332101747505 
-18.59845346868424 
-18.14083943527033 
-18.837118875656245 
-18.857339666427773 
-18.568719661740396 
-18.624855877847722 
-18.475186284105156 
-18.490521338967756 
-19.045517220152178 
-18.729106627241116 
-18.91362078802107 
-18.94700130765869 
-19.013704439834772 
-18.97654145199583 
-18.96706013401611 
-19.05452877592251 
-18.994708320187804 
-19.158180475157398 
-19.30067810705956 
-19.05932079519001 
-19.093919249533883 
-19.07201453738904 
-19.11420276425459 
-19.107270082529496 
-19.122814789844764 
-19.430125852421984 
-19.430621611801854 
-19.6294675073494 
-19.564400894366205 
-19.598896330042436 
-19.779914497322448 
-19.673498838652502 
-19.844131679283763 
-19.810774905378263 
-19.981329435814164 
-20.02132927227376 
-19.958846945209054 
-19.944508023254237 
-19.969147524723635 
-20.094956796788388 
-20.096820370333774 
-20.27953671614245 
-20.34687028177104 
-20.355312046450653 
-20.354788948756013 
-20.354361760434855 
-20.315326258734125 
-20.359586817549896 
-20.381601043179185 
-20.377976877431717 
-20.35501301220582 
-20.446457562615013 
-20.721149443078783 
-20.615702801982074 
-20.871484869725744 
-20.855435591687918 
-20.790523489651783 
-20.769721833967154 
-20.823424839970404 
-20.814582873113366 
-20.891394590991972 
-20.858094799756806 
-20.872217781144624 
-20.867373331718863 
-20.876984637707466 
-20.936923112385987 
-20.908129217115118 
-20.907933901188883 
-20.882905045829798 
-20.866272368205134 
-20.98052034772909 
-21.27786889700564 
-21.23453098984758 
-21.16925960471929 
-21.139483007306996 
-21.121547634638134 
-21.654031245636684 
-21.665575127317624 
-21.626103829359575 
-21.651777618910295 
-21.63331248711504 
-21.6644075260977 
-21.699133303140535 
-21.69841128908648 
-21.7406350209838 
-21.709017105515805 
-21.76141992710775 
-22.002030906090994 
-21.91807022662766 
-22.03478179447613 
-22.034974553916737 
-22.231715180025212 
-22.214155601803085 
-22.091521837258245 
-22.111949100183843 
-22.082072185612837 
-22.20378584152935 
-22.230854329862012 
-22.23306422768161 
-22.247491924820313 
-22.258191184695843 
-22.258265795842853 
-22.248175846907078 
-22.36316734385664 
-22.3754946497711 
-22.33055613717058 
-22.294838077941694 
-22.288790862487666 
-22.484698523002486 
-22.496730806642322 
-22.533258725113672 
-22.58392408563457 
-22.59459263539567 
-22.73480471347176 
-22.66543849892394 
-22.725317391457818 
-22.71880264565513 
-22.72475885827478 
-22.676469961199306 
-22.65892347107686 
-22.81009183529418 
-22.79999003547176 
-22.807676996239678 
-22.83525832064392 
-22.888358037349583 
-22.84958653236432 
-22.819163580586256 
-22.783165536486713 
-22.787383473636293 
-22.87452721418414 
-22.868242991061933 
-22.844545556261906 
-22.797124282829483 
-22.758301200957618 
-22.752268841763268 
-22.665788032746498 
-22.622569617872337 
-22.80003560320695 
-22.76462365527015 
-22.990040728834373 
-22.840172001325385 
-22.852027282443373 
-22.880049953825758 
-22.831379316101987 
-22.72965718664088 
-22.68775127199094 
-22.5850868491372 
-22.61392723388528 
-22.498681129955944 
-22.576076469543892 
-22.463414684290832 
-22.521521515431843 
-22.45766036983323 
-22.433839389645385 
-22.413818268131568 
-22.573660227217598 
-22.553427014191044 
-22.515368422717756 
-22.521173821558435 
-22.555323045055903 
-22.58629319691643 
-22.579294269358705 
-22.714881523534842 
-22.81225223834502 
-22.7775064110426 
-22.842679869594495 
-22.677012171161202 
-22.84213475605973 
-23.063061323635033 
-23.05601125968604 
-23.051185044136993 
-23.27013392160401 
-23.439234033604748 
-23.449972467000475 
-23.48253480292514 
-23.53518534962855 
-23.489297088109474 
-23.50145580089889 
-23.497547397338607 
-23.49547369211328 
-23.49919234191409 
-23.586879041323147 
-23.736824386683743 
-23.78888897208169 
-23.713285742332662 
-23.59729300042728 
-23.622064659576147 
-23.654932227431708 
-23.708101152726783 
-23.77370256232893 
-23.82129005886272 
-23.88013919210916 
-23.815118036387826 
-23.938531095127477 
-23.972728595188194 
-24.032431346461976 
-24.0066264790406 
-24.09589471211377 
-24.140572747404903 
-24.300692496017405 
-24.288213024182173 
-24.340202112909903 
-24.34583969952776 
-24.353173787434926 
-24.33183798977302 
-24.316526158859507 
-24.29840945538816 
-24.30025636947139 
-24.30722231675085 
-24.311804963411223 
-24.49588338156837 
-24.49406169837882 
-24.459760304451002 
-24.44928862752231 
-24.430910945832775 
-24.479602089358885 
-24.451819798763527 
-24.456351924041893 
-24.46174674782439 
-24.45351768998494 
-24.457929558447372 
-24.53289716043914 
-24.53501209815471 
-24.545516694367773 
-24.564418968907315 
-24.60507598839009 
-24.610964979495012 
-24.617796531484426 
-24.603032325844506 
-24.61182187726326 
-24.6592741879859 
-24.640350256693992 
-24.65633001585012 
-24.661308429701386 
-24.659875170306613 
-24.68093643051672 
-24.73957220635464 
-24.7402807708607 
-24.751809896037962 
-24.754108963489312 
-24.768824742040888 
-24.77172646068992 
-24.777496975727818 
-24.780858788134903 
-24.793574666719167 
-24.793630124682 
-24.84585579951228 
-24.846354951369683 
-24.8508786339184 
-24.850760536613596 
-24.84760031257808 
-24.84530087675613 
-24.891492982386715 
-24.887287357950846 
-24.912310411986557 

 Time 
237.6206920146942 
