Energy 
 
2.6208494160309734 
2.5943535426475806 
0.9994729081420239 
0.24794180956748474 
0.6317102578345433 
-0.6374754977239593 
-1.0531497678455048 
-1.141468969712798 
-0.9239284559917424 
-1.630147687236898 
-1.8091971795408008 
-1.3814994972603456 
-2.0546200375858708 
-2.093019177222867 
-2.3175165567980134 
-2.185513659591856 
-2.3205787318551296 
-2.296857002150081 
-3.2111720930565966 
-3.834285908478664 
-3.6997260072436875 
-3.611643819980907 
-3.635317072487443 
-3.567628469831636 
-3.856895480395032 
-3.6979165146881616 
-4.885423180207535 
-4.812814260438369 
-4.847509449361865 
-4.8614276877965334 
-4.631620737217836 
-4.900003286540741 
-4.875189850421506 
-4.800605913803899 
-4.84351450955944 
-5.251885211663426 
-5.016643728151244 
-5.016251173740548 
-5.021357846377 
-4.82549840317619 
-4.8127650872957 
-5.069142446307368 
-5.14184685074846 
-5.178650825619269 
-5.288674761524518 
-5.13723562880814 
-5.282788035468824 
-5.657172767306083 
-6.362509496598265 
-5.631502607800845 
-5.613309918853336 
-5.4693958173847435 
-5.581780297801883 
-5.7519854945636375 
-6.080633057798903 
-5.673426818436628 
-6.654201964939167 
-6.5766670895375094 
-6.169142030309667 
-7.107524867819654 
-7.106772635529135 
-7.246210941328317 
-7.628338368700011 
-7.986076318850781 
-8.354077067780615 
-8.301786370263896 
-7.795543845220859 
-7.783298177101515 
-8.088109797357193 
-7.776246395940299 
-7.6695692156402915 
-7.675791123999425 
-7.694047443445872 
-8.712752783553885 
-8.896741211988173 
-8.933688938310956 
-9.03433073184015 
-9.498169088835414 
-9.384651465097102 
-9.208983895745696 
-10.021948805229263 
-10.442420565374057 
-10.512977870251841 
-10.405143198606993 
-10.2352246514634 
-10.616309745254032 
-10.787803267063243 
-10.758635894699921 
-10.816249179539387 
-11.024484991254361 
-11.067328244014885 
-11.1060542472547 
-10.957633929301032 
-10.903411659733408 
-10.876076601073308 
-11.17426421666732 
-11.161628446422165 
-10.96765249978879 
-10.974945199683972 
-10.97355199442713 
-10.82087194891378 
-11.150895661121213 
-11.107996151806711 
-11.001133521671262 
-11.602758210798612 
-11.884414583869905 
-11.77902158498278 
-12.173043780657439 
-12.043142220622622 
-11.66787921464123 
-11.434422008046624 
-11.225223370207623 
-11.039826774549983 
-11.115145027614693 
-10.889762691475484 
-10.877045058216336 
-10.641683402004661 
-10.674930556566139 
-11.035212907817174 
-11.122525982185094 
-11.182690264380264 
-11.251848840650014 
-11.789904977239 
-12.00351941454537 
-11.44705228777881 
-11.354313539867896 
-11.488918095172068 
-11.547789508255946 
-11.736504829471627 
-11.539575896849462 
-11.66027406126112 
-11.681969653597294 
-11.66733744190644 
-11.655066921302165 
-11.930094904754238 
-11.904630878278676 
-11.941992419905306 
-11.742931305121589 
-11.736729110342742 
-11.608706079376578 
-11.922940439508873 
-11.867438484900266 
-11.859744429242618 
-12.184460458382038 
-12.205457394189155 
-12.289577294460981 
-12.254143770599168 
-12.15681484427817 
-12.21442632430823 
-12.397331461601228 
-12.387159741944526 
-12.447116453100318 
-12.509467424384562 
-12.580328432848914 
-12.616997211847673 
-12.606521705036098 
-12.515962842963333 
-12.583646436243743 
-12.615609516483438 
-12.583617630754567 
-13.209122453864616 
-12.992299301012274 
-12.82650226765365 
-12.859357533017521 
-12.591645191938102 
-13.537089682040056 
-13.45928068980593 
-13.330919471733512 
-13.066574050222004 
-13.094606122313275 
-13.163377978564535 
-13.492337908972623 
-13.475934479565984 
-13.546627404309401 
-13.633262565353768 
-13.774958113614655 
-13.773959268432378 
-13.685984516556918 
-13.676600250295204 
-13.649891031022731 
-13.9756163486038 
-13.949585737234505 
-14.048141178108182 
-14.013823453753865 
-13.956048391290224 
-13.958127077656632 
-13.956740880293586 
-13.972633331443213 
-14.021422477445977 
-14.113349395403496 
-14.097995604620838 
-14.102161128464884 
-14.09634038690794 
-14.112859381955083 
-14.110079923043708 
-14.103558165924722 
-14.11955565889817 
-14.119872195761728 
-14.129156527989569 
-14.151211650943969 
-14.136778438754353 
-14.14249608994121 
-14.213089976007595 
-14.20909487378841 
-14.205835282599178 
-14.220509151688654 
-14.202848363409693 
-14.199615651538172 
-14.198741546855285 
-14.183395501814353 
-14.202702719359575 
-14.202568661481143 
-14.24119226288822 
-14.23521959285059 
-14.260184382978498 
-14.266526876166509 
-14.232688331990337 
-14.24235629104734 
-14.298969470135928 
-14.299022635292495 
-14.302954625833145 
-14.275321845171955 
-14.304108321564218 
-14.285704849886203 
-14.290545023199394 
-14.282932957193157 
-14.285699119033154 
-14.287094514209944 
-14.297295115514073 
-14.304534095683977 
-14.33211490314613 
-14.328485700576897 
-14.39477228246221 
-14.395315925957126 
-14.382810270866635 
-14.417271102452181 
-14.44891870107092 
-14.448991587673707 
-14.466829658798943 
-14.464139828922866 
-14.466818339820993 
-14.466637083749607 
-14.46867720575946 
-14.469766750682837 
-14.470095755027328 
-14.472292215981552 
-14.473597036984085 
-14.473787819188756 
-14.473781068837155 
-14.473951243762933 
-14.474111182582504 
-14.482236475997823 
-14.481933024006981 
-14.484563685470507 
-14.48758942749551 
-14.490539458221663 
-14.491215946121697 
-14.491590840937752 
-14.491099119207503 
-14.491149358616607 
-14.491078077165497 
-14.491865907678577 
-14.492118963677193 
-14.494300076331097 
-14.494166256798037 
-14.493721671554315 
-14.495400801344134 
-14.495206393614609 
-14.497638491767013 
-14.49629494413603 
-14.497364945901229 
-14.499119022364416 
-14.499617164229452 
-14.504467310630883 
-14.505076121577739 
-14.504870514402 
-14.505321924292478 
-14.505474626472395 
-14.505330104287923 
-14.506014584103475 
-14.50590602132902 
-14.505861791110895 
-14.506396877360523 
-14.507013435190572 
-14.50743711878904 
-14.508691782786945 
-14.508638377421024 
-14.509234576540704 
-14.509619388462891 
-14.509824250839682 
-14.51075736493818 
-14.51086386160939 
-14.511639931850231 
-14.51240092089451 
-14.512471257139232 
-14.513531237851494 
-14.514641682263175 
-14.51484676061091 
-14.514639372360943 
-14.5145193621739 
-14.514924101488958 
-14.515053848718463 
-14.515631916648251 
-14.515949094007832 
-14.515726157436777 
-14.516121356624895 
-14.516065375401482 
-14.51608194637433 
-14.51701007024988 
-14.518097699912955 
-14.518432828138407 
-14.518870954864532 
-14.518369740150314 
-14.519369810107682 
-14.519363167383249 
-14.519362345876868 
-14.5195043843294 
-14.521898789379119 
-14.521608624998164 
-14.522227646652464 
-14.522460392962765 
-14.523639003517248 
-14.523564274647795 
-14.523578940467475 
-14.527247648325053 
-14.528123940884315 
-14.528789638724547 
-14.52898789035059 
-14.528956806874714 
-14.53010287949269 
-14.52996469207112 
-14.530455930388111 
-14.530471578131401 
-14.530556898275254 
-14.530561015982888 
-14.531031981775532 
-14.530797709185524 
-14.530804392270348 
-14.53072789862312 
-14.530970606410724 
-14.531157477841727 
-14.53150399995879 
-14.531427286688356 
-14.53290741067413 
-14.533400449588786 
-14.535214550878408 
-14.535245095137778 
-14.535726799848511 
-14.535904617019545 
-14.536473028031452 
-14.537450827715142 
-14.537638593192952 
-14.538010588352492 
-14.538050082610797 
-14.538370228766567 
-14.538280290948567 
-14.538382977835942 
-14.538471998566903 
-14.538657540827614 
-14.538684869655572 
-14.53914837867174 
-14.53980464494399 
-14.53986251141334 
-14.539890832122179 
-14.539801233939276 
-14.540886637825773 
-14.543484980387015 
-14.544817009806705 
-14.544710387502711 
-14.544541829011903 
-14.545147371074554 
-14.545277834441055 
-14.545349344685349 
-14.54612161729834 
-14.546991433541308 
-14.546994263054852 
-14.547704528955276 
-14.547659749873374 
-14.55040323071454 
-14.550786433752204 
-14.550957300674398 
-14.550958042559257 
-14.554413830622467 
-14.55444269642197 
-14.554450771829249 
-14.554545363313508 
-14.554545301326053 
-14.55484805022111 
-14.555057427007288 
-14.555145281584878 
-14.555250519768318 
-14.55550737107883 
-14.556595929862713 
-14.556479476348539 
-14.558037722336316 
-14.558182932844783 
-14.559294014995151 
-14.559574901282552 
-14.560052657263466 
-14.560134819316403 
-14.561428799617287 
-14.561854739653635 
-14.563933051965517 
-14.56400420734575 
-14.56397748871638 
-14.564194211455758 
-14.565143184776403 
-14.565531371508587 
-14.5656550376332 
-14.566425422522762 
-14.56643035578266 
-14.567800255894237 
-14.567791474300346 
-14.56779364508751 
-14.568407849534287 
-14.568381072873002 
-14.56853332819052 
-14.56866613001748 
-14.568852412137334 
-14.568835255548692 
-14.569688168502521 
-14.57030238750071 
-14.571411852484685 
-14.572033851777677 
-14.571990707516209 
-14.572423966453686 
-14.572415398705523 
-14.573365396788084 
-14.573453625958836 
-14.574232965405667 
-14.57422982267526 
-14.574256836799044 
-14.574256488994555 
-14.574238710016651 
-14.575202454599676 
-14.575265632209593 
-14.575497148413117 
-14.57551551561472 
-14.57566062553441 
-14.575700959207012 
-14.575549112252611 
-14.576035857495382 
-14.576330452948543 
-14.576370005284188 
-14.577231995713397 
-14.577338998112115 
-14.577424375299959 
-14.577379897348372 
-14.57742336225293 
-14.579479044570594 
-14.579488028898998 
-14.579484244937355 
-14.579645616178674 
-14.579654853527913 
-14.580463164736098 
-14.580767386795365 
-14.580757173960883 
-14.580758302955015 
-14.580918232534055 
-14.580923494811925 
-14.580942989638766 
-14.581384552844298 
-14.581904130247024 
-14.582070409761446 
-14.582105365025168 
-14.58241668386916 
-14.582795980131534 
-14.582847928588771 
-14.58284727787893 
-14.583474242731048 
-14.58401246981795 
-14.584612220115718 
-14.584603652389365 
-14.584612678181617 
-14.584611772644724 
-14.58471466432301 
-14.584716715547508 
-14.585026800075475 
-14.585129847392665 
-14.585312805503182 
-14.585783212191972 
-14.585904575476402 
-14.58590613998713 
-14.586613793494976 
-14.58684261203122 
-14.587045463837326 
-14.587660085961943 
-14.587692783268732 
-14.58774696646416 
-14.58836476555273 
-14.58834026598034 
-14.588806897787304 
-14.58888073155341 
-14.589426464314977 
-14.590972795083951 
-14.590934717289322 
-14.590883869589181 
-14.590918590831716 
-14.591023588793798 
-14.591245962472968 

 Time 
20.8168203830719 
