Energy 
 
2.3901426789892715 
2.388657064717843 
2.377479738086417 
2.3640665304979764 
0.612009787015088 
-1.271324880192837 
-3.186391524643386 
-1.7679372225281704 
-3.1578642203758207 
-8.045166493582972 
-7.612643471329114 
-7.413911082071793 
-5.679260668802983 
-2.455094012674627 
-2.685262356988746 
0.7954094601966026 
0.9493453659201179 
-1.8092239616297876 
-1.4638675570832662 
-2.9241567783578777 
-3.263990614801897 
-3.1228770157021204 
-3.0564609090445174 
-2.6305976468384014 
-2.2594632919652855 
-2.7583243780415585 
-2.228929527405396 
-3.0403805708019758 
-3.4686687393982876 
-2.8432524047226915 
-2.5021853872821413 
-2.6064479847183573 
-3.0635485372013695 
-3.1535874157555086 
-3.1387695346490725 
-3.1002909417844347 
-3.1068713312208645 
-3.3067731111125966 
-3.2489360144695443 
-3.293080598396841 
-3.270314304684704 
-3.57676999815106 
-3.634613933121673 
-3.7646940988009923 
-3.7750682129266315 
-4.0321975288372 
-4.023674190440095 
-3.764962239745782 
-4.514485523146089 
-5.075155020122636 
-5.07367292774544 
-4.934107534829557 
-5.9845950071819045 
-5.763048759521773 
-7.0759292856745155 
-7.072256066917095 
-7.8997894647830975 
-7.451485310470171 
-7.368460817979609 
-7.424919299824202 
-7.505004448830779 
-8.773475309021359 
-9.722693984572611 
-9.133263713591148 
-8.8863569662393 
-8.93850372528106 
-8.989520556955696 
-9.081466627493748 
-9.275226440180884 
-9.21451161163435 
-9.174634759912816 
-8.989535792676449 
-9.168433519199386 
-9.147658811359586 
-10.511533964722876 
-10.569602768076066 
-10.352155719331632 
-9.821952441915217 
-9.884201398353332 
-9.603555240233689 
-9.602339417209237 
-9.223645010674861 
-9.401683377097115 
-9.515574401789305 
-9.604838638331756 
-9.496842008982316 
-9.626391377078502 
-9.572139608251076 
-9.771438892821363 
-9.93811136712398 
-10.036675958108477 
-10.020776986200309 
-9.766741232535828 
-10.020625080469669 
-10.516919588462153 
-10.45125459913517 
-10.522682974016492 
-10.533052320536488 
-11.515196610796005 
-11.933901247427539 
-11.47862146841045 
-12.052371548042368 
-11.37228636667893 
-11.726819595589376 
-11.710272514474827 
-11.706389587436101 
-11.670855653287452 
-12.163142035703903 
-11.801196262592299 
-11.742309117500218 
-11.827531725539865 
-11.938816500710818 
-12.113085868314338 
-12.412017678176502 
-12.316912575979067 
-12.089387230548086 
-12.327656978774774 
-12.22380604149241 
-12.930139788552403 
-13.260105214032418 
-12.528259717052876 
-12.652974142021273 
-12.52482098973963 
-12.324917854698738 
-12.967660721845096 
-12.687171573499331 
-12.491406084391988 
-12.635174586328192 
-12.389520785676945 
-12.341419353719088 
-12.759861448511725 
-12.571454579773562 
-12.417667364612337 
-12.38004266104366 
-12.520189835903222 
-12.440606165014984 
-13.027995725974849 
-13.018775385418113 
-13.02627848773445 
-12.615085413223447 
-12.538696162856052 
-13.959027337528426 
-13.60929206905839 
-12.81994630137746 
-12.849925651530748 
-12.548205986095173 
-12.984852725419113 
-12.75967792274045 
-12.797481458960634 
-13.27201726227471 
-13.26607057794605 
-13.2010553499821 
-12.913856994828935 
-13.112770160193222 
-13.374993897913825 
-13.480541605890089 
-13.414998046459633 
-13.380939348679592 
-13.913740926451846 
-13.54922235137608 
-13.259207660300106 
-13.284040230176265 
-13.818493570894683 
-14.131076905433757 
-14.046677904896736 
-13.996939034790694 
-13.609471930622329 
-13.628601932809978 
-13.817320825470839 
-13.71476136737922 
-13.553671074258467 
-13.407113990702367 
-13.358042432870455 
-13.31803091106872 
-13.28083372552674 
-13.441463237198871 
-13.384847849138167 
-13.768087271297022 
-13.76947645862921 
-13.741803811760098 
-14.116361701673366 
-14.113851692706485 
-13.860513677690124 
-13.576314300187367 
-13.684851742386977 
-13.267076538791919 
-13.241399509514066 
-13.268213263671036 
-13.267487359188177 
-13.365354070631453 
-13.335380518828702 
-13.411703825245292 
-13.313586366756782 
-13.365298754972676 
-13.724837790312694 
-13.763474330711444 
-14.150016051593955 
-13.685784853610867 
-13.612292702060445 
-13.288913632819458 
-13.205319910762258 
-13.117567051771736 
-12.869618375885462 
-13.043473376993788 
-12.877971165196094 
-13.136240291761746 
-13.29084001630206 
-13.217468428314335 
-13.21999000368454 
-13.228259567701878 
-13.764270018738156 
-13.748466791453662 
-13.293093742677552 
-13.365304526080712 
-12.970957787228084 
-12.61594037799281 
-12.605476093667274 
-12.377355765773052 
-12.428982220082842 
-12.520610426471853 
-12.409300988287246 
-13.304995072614174 
-13.133966940952515 
-13.051265355546219 
-13.267909714454323 
-13.050192663981434 
-13.048337546244616 
-12.972617758248688 
-12.867795154681462 
-12.648496588163034 
-12.553065067900892 
-12.251712782939515 
-12.569020763026092 
-12.401313357026535 
-12.366535862190847 
-12.999900294810054 
-13.405854863565839 
-13.027430817653462 
-13.57196781528593 
-13.536909526955677 
-13.512844269894492 
-13.3924804557482 
-13.284643971948013 
-13.096765956075355 
-13.091953890170375 
-13.235901863700798 
-13.007802979445927 
-13.045988374892241 
-13.208404715958563 
-13.054186947853633 
-13.244870591433449 
-13.482886304737077 
-13.55026137902143 
-13.585039957105636 
-13.377548678408475 
-13.263666861700342 
-14.109590344973594 
-14.11557982181861 
-14.088381721206861 
-13.40881898343733 
-13.852355340018894 
-13.500999235161693 
-13.33237232669801 
-13.491277298348706 
-13.65833430887859 
-13.429066768347974 
-13.478256075641081 
-14.12925315423574 
-14.368125047233956 
-14.301389446836987 
-14.321019407965975 
-13.81906110977615 
-14.861866793127751 
-15.340590037627178 
-14.59049240511241 
-13.90851754409173 
-13.325971794282111 
-12.609151333609574 
-12.50991106106344 
-12.488175020386679 
-12.489785337770865 
-12.767331266797884 
-13.206704719629487 
-13.32002901154737 
-13.049932229947833 
-13.289349874013356 
-13.476037734426711 
-13.49470906458244 
-13.537490502695654 
-13.528773429245533 
-13.442201328244579 
-13.393213471922683 
-13.796471660194028 
-14.697630355452372 
-14.807039767240953 
-14.053789760443642 
-13.576835862922467 
-13.079686704796707 
-13.034915147651256 
-12.617824441083693 
-12.836775649082721 
-13.85559823806399 
-14.187497775034934 
-14.533187545508252 
-14.424095474155473 
-13.729955300363356 
-13.78637787166452 
-13.429673395924295 
-13.919279057179104 
-13.277865331663095 
-12.955499498197 
-12.826009503185778 
-13.12287529369064 
-13.051303237724794 
-13.28010846444673 
-13.044545069109867 
-13.126044371642497 
-13.214725531806206 
-13.29942402484543 
-14.109277133990055 
-14.241395499599085 
-13.84853572938103 
-13.93041153861898 
-13.578892841593794 
-13.726006992138924 
-13.714569681228479 
-13.711160440080942 
-13.64505164827476 
-13.63943311728472 
-13.582247072909643 
-13.907759468116398 
-13.843735931858074 
-13.994387425749117 
-14.003885053696575 
-13.932055434766484 
-13.922873724477055 
-14.057016884940412 
-14.246694552124852 
-14.281917282174579 
-14.155635618735088 
-14.140392966057686 
-14.117754658182884 
-14.087820730345285 
-14.230598513645864 
-14.196518762096396 
-14.196435556400282 
-14.193906735430511 
-14.429273337521646 
-14.438185374927588 
-14.417403504250421 
-14.489139296777822 
-14.478367581680194 
-14.704821280962886 
-14.827536174021684 
-14.832134712914415 
-14.56971544842324 
-14.525443448949124 
-14.578730398229824 
-14.561195150107027 
-14.566217698312625 
-14.572850262110943 
-14.662877467311969 
-14.624422796516496 
-14.614518747598646 
-14.75207339606462 
-14.637652087085984 
-14.705114526982236 
-14.641868759722573 
-14.563385787943902 
-14.455587960611506 
-14.458423376130325 
-14.666834900743671 
-14.6641450067692 
-14.690667191024012 
-14.794163155363885 
-14.794280018279142 
-14.770792131656297 
-15.026121538108805 
-15.009066315308225 
-15.140555923753464 
-15.297734468132866 
-15.270682132477996 
-15.068293222635784 
-15.132384211853706 
-15.075895173097363 
-15.79328610428309 
-15.282647053719097 
-15.705383765426113 
-15.709672593479366 
-16.40303981615199 
-17.00071113668013 
-17.07946328606218 
-17.184564721772848 
-17.016210300736187 
-16.74602762018126 
-16.46468919910317 
-16.42642983262285 
-16.40168439666709 
-16.123663161711804 
-16.0014391065515 
-16.01902250425204 
-15.714426866666377 
-15.758564154879402 
-15.562810094648095 
-15.65206537308021 
-15.456219857109177 
-15.465428345157687 
-15.413170754550515 
-15.677273567120737 
-15.903296706847012 
-15.904830982945725 
-15.92348811357234 
-16.677614833917552 
-16.09476328500981 
-16.283398351940043 
-15.999390212277602 
-16.170497409166348 
-15.840062908443072 
-15.874558019651252 
-15.57213047328074 
-15.662170306757119 
-15.754212325139441 
-16.136679732444083 
-16.114771624187945 
-15.77909250251401 
-15.933426391892795 
-16.28663436665203 
-16.03750656094779 
-15.76150296956523 
-15.602316554252882 
-15.75008544392927 
-15.497489694340874 
-15.502090262240827 
-15.938317781563278 
-16.224490365298465 
-16.196450412903626 
-16.58808115435499 
-16.087442542562723 
-16.5007018643056 
-16.49927256589159 
-16.77391375531324 
-16.99661098598526 
-16.638971495700527 
-16.32133782173346 
-16.231983361789094 
-16.287509802406202 
-16.4711030393901 
-16.74004364314739 
-16.87600231526776 
-16.752762952475234 
-16.72744527474337 
-16.685845192254277 
-16.874982747709616 
-16.950128421187472 
-17.020141155942614 
-16.8843180932405 
-16.923633723581 
-16.84119973728759 
-17.062191975310885 
-16.997109488629512 
-16.884900083397692 
-16.764416083630582 
-16.895083552313846 
-16.84123195974216 
-16.926205327371846 
-17.51839413012981 
-17.377165134656703 
-17.409235463584494 
-17.426684598439344 
-17.482540819910216 
-17.483855193013262 
-17.6362660019919 
-17.543984612081275 
-17.659395882580217 
-17.77144215776213 
-17.805347931734612 
-17.7613465055904 
-17.702717265926182 
-17.656873505880323 
-17.640723044691352 
-17.520716832502064 
-17.95333554696314 
-17.788419699418657 
-17.68722676683974 
-17.74969814132438 
-17.629945838129053 
-17.620633699642287 
-17.576435903347132 
-17.559757231447108 
-17.675939209145795 
-17.682285479359805 
-17.71809955391137 
-17.728890545344722 
-17.88432319022109 
-17.91416206914917 
-17.913467608058447 
-17.868079780986175 
-17.89238658296882 
-17.874479791585294 
-17.853232054614796 

 Time 
549.763231754303 
