Energy 
 
3.132899243227253 
3.088504995118866 
2.6994584427240023 
2.722280153019124 
1.9724901530547705 
-1.1402397915261884 
-1.7757951967047292 
-1.9506580987321198 
-1.425758335501874 
-1.8140097605954997 
-1.9060015638298313 
-2.8735180896390995 
-3.072562649458432 
-3.081088073813854 
-3.9164766234645016 
-3.885524857502092 
-3.530195457781171 
-3.540465240140487 
-5.287366133359296 
-5.439235417210932 
-6.738459730423244 
-7.803125226088499 
-8.622885887182933 
-8.815481109293989 
-8.726178600787517 
-7.987518635350253 
-8.077173438225428 
-8.512116783763192 
-9.033484369468525 
-8.959258098027432 
-9.050053750429647 
-9.062903325568744 
-8.756368958119136 
-9.224239680950438 
-10.875159313212611 
-9.486544051220527 
-10.414585538840967 
-9.57287695036375 
-11.298451298104647 
-11.339538827870836 
-11.385925509001904 
-12.298119911334723 
-12.249938970385083 
-11.527611584811282 
-11.550068398405218 
-12.54678366904433 
-13.173505288713045 
-13.877493536499614 
-15.287094780008784 
-15.569967859006297 
-13.60726284139714 
-11.800408797041504 
-15.215115555617226 
-14.850621675081884 
-12.577894865826057 
-12.406654632426392 
-12.415299655598822 
-13.247617543597842 
-13.224531451516393 
-13.441575101825244 
-14.162600549130907 
-13.188039171189418 
-13.675945204790235 
-14.044865182753533 
-14.28634894899852 
-14.160141999478487 
-14.373016898434596 
-14.26455462204137 
-14.60387708378689 
-15.16559656620522 
-14.941802665503033 
-15.256837909896209 
-15.185613144364076 
-14.938754665642575 
-14.94119721536721 
-15.353489278876825 
-15.065054144594246 
-14.78037675970729 
-14.895366950338946 
-15.206837567947268 
-15.194631967070663 
-16.068668251121338 
-16.02489332349087 
-15.917886731749212 
-15.57362002572593 
-15.82826237817553 
-15.773273120062724 
-15.571565260590619 
-15.914004469376248 
-15.771879764164153 
-15.85236463490006 
-15.949492466434647 
-15.993338097359375 
-16.040707543055117 
-16.397308067956605 
-16.416713187256768 
-16.432375059969612 
-16.472468287020632 
-16.422686115151986 
-16.431886848238342 
-16.466731115668047 
-16.471753643433956 
-16.681841416412297 
-16.629899335735495 
-16.638427787047007 
-16.586766626848494 
-16.583215697687443 
-16.622769333169813 
-16.584213284552778 
-16.588129657947803 
-16.581294130122355 
-16.551755491137172 
-16.53780245885394 
-16.531235311622407 
-16.50298412851591 
-16.45638164437478 
-16.475721744992917 
-16.458961319686658 
-16.438715638854035 
-16.429093529169695 
-16.555536878278666 
-16.557817508144375 
-16.64371340276616 
-16.665331562529044 
-16.737691800525447 
-16.6597907215727 
-16.722603965688865 
-16.711966117510094 
-16.739715107340352 
-16.752564430828897 
-16.70694838372209 
-16.86663241106107 
-16.86486880525828 
-16.93040046335839 
-16.95019193957819 
-16.894855281352207 
-16.91970580998119 
-16.917559650616745 
-16.90468566510572 
-16.872893713169923 
-16.9704108565899 
-17.038830181443466 
-16.99655466526871 
-16.913058996086402 
-16.801828504183835 
-16.67078880646994 
-16.84673779081169 
-16.634204828672708 
-16.587455320299576 
-16.673827816740694 
-16.601240810458567 
-16.536862617301807 
-16.668802760160425 
-16.717988992296977 
-16.72980921670966 
-16.73000406055261 
-16.589472027710656 
-16.55926534286871 
-16.755417266275195 
-16.670922003143588 
-16.68708660413257 
-16.698049078982724 
-16.594551099529145 
-16.66229941879907 
-16.65562065705746 
-16.651201383224556 
-16.691326372748215 
-16.688949996370546 
-16.68479785896299 
-16.712111253812978 
-16.711399638150063 
-16.710899678470906 
-16.705332383692937 
-16.709758127686843 
-16.71973520376342 
-16.729162725297357 
-16.720300086097776 
-16.777574066706165 
-16.781648658536024 
-16.789580290244885 
-16.78931039184419 
-16.828314083234194 
-16.853499918752036 
-16.853039301850526 
-16.877292058597142 
-16.868642623572804 
-16.857930488019527 
-16.863439342194646 
-16.847153994264076 
-16.84148945101769 
-16.833909088176615 
-16.85003349965436 
-16.851045467749735 
-16.84970257428673 
-16.914422734126124 
-16.884374474764826 
-16.970352275018385 
-16.910014566354548 
-16.95312298995358 
-16.899345537696092 
-16.90630999075543 
-16.933496865889744 
-16.939455061711723 
-16.943925711800066 
-16.97998995462071 
-17.003104143173488 
-16.961895010055546 
-17.11196466599225 
-17.12817992250276 
-17.04785181491186 
-17.065407399126936 
-17.04293894493554 
-17.04682549966715 
-17.02113217673637 
-17.127958994877826 
-17.1528425896892 
-17.08527720256835 
-17.082180014438535 
-17.09112290783803 
-17.080724414293975 
-17.052932859085544 
-17.051248660264633 
-17.226922153509992 
-17.29081052329683 
-17.337894420420774 
-17.286602100137248 
-17.20321501629279 
-17.202413133844317 
-17.25675673191952 
-17.212204434716444 
-17.14749616313848 
-17.222032489723244 
-17.21643903136847 
-17.197698536895917 
-17.27164078494566 
-17.465283929203355 
-17.29992033796255 
-17.359588371238594 
-17.548332410576897 
-17.737149757804655 
-17.701725519140506 
-17.433401327085846 
-17.403689163174285 
-17.326759136607507 
-17.358791846085737 
-17.097591064960678 
-17.573245985563336 
-17.538041629577215 
-17.561094481432594 
-17.556675514868562 
-17.551566044212137 
-17.543740371318712 
-17.64034682918849 
-17.58942857065059 
-17.60315425760644 
-17.637555276869044 
-17.588645968272793 
-17.71996619178336 
-17.735587600914695 
-17.860544371272546 
-17.873213415338615 
-17.81827975674029 
-17.83685608534841 
-17.841268063454287 
-17.838712736165675 
-17.914677435701346 
-17.913648491743885 
-17.856707492961228 
-17.900014626864596 
-17.902323098159727 
-17.897063793717876 
-17.932253748211025 
-17.95283248956262 
-17.966040262123855 
-17.95333279918274 
-18.007004012647144 
-18.01076961824222 
-18.008070931682333 
-18.05030158245328 
-18.14349383807787 
-18.106923971082004 
-18.098773726164026 
-18.097316788111574 
-18.116883329173945 
-18.126358865730484 
-18.12567385593074 
-18.13821206081487 
-18.17899669890144 
-18.172146064869356 
-18.18223796829737 
-18.176012182465936 
-18.244584901094512 
-18.207661885929024 
-18.237259916276596 
-18.258591437210885 
-18.259336015647794 
-18.257232536370193 
-18.281751003088008 
-18.30232174853894 
-18.296666790054818 
-18.300074030668533 
-18.30201607469867 
-18.290226655063186 
-18.332050883058216 
-18.321378759250063 
-18.325125327270793 
-18.297270510171174 
-18.276090635505806 
-18.27819743291313 
-18.281392529032637 
-18.2690673773963 
-18.29856845187656 
-18.297462770112787 
-18.304644977827838 
-18.27958424030615 
-18.30615533299558 
-18.311685511235 
-18.30061535494765 
-18.348161365610743 
-18.351026433655925 
-18.357680290438235 
-18.363370590850447 
-18.34504308669519 
-18.418012165507385 
-18.49494005296537 
-18.55319236362406 
-18.57571442746336 
-18.527473682194355 
-18.616934355688077 
-18.645805936957355 
-18.653521269069337 
-18.62449917645156 
-18.61712134909586 
-18.617053753846843 
-18.63189339295058 
-18.64797385792757 
-18.68624947098967 
-18.682787300521383 
-18.700768682515235 
-18.744515258205006 
-18.74281814324673 
-18.76150408073552 
-18.76280603647471 
-18.761583562400237 
-18.761286667721123 
-18.76186280672948 
-18.767552795926026 
-18.76803616688509 
-18.770763389334366 
-18.771961547696446 
-18.77854314012543 
-18.781020039755322 
-18.780250630065247 
-18.788029896113436 
-18.800361708203184 
-18.800993595859957 
-18.800676443742123 
-18.801194082772476 
-18.798617613077305 
-18.807398915398014 
-18.811109225709675 
-18.808219712578623 
-18.811977891284652 
-18.84697010170876 
-18.843527430100572 
-18.848199084656542 
-18.84710639782743 
-18.840427585285095 
-18.849629578044755 
-18.849434509236293 
-18.85267869611969 
-18.875707800533014 
-18.8783186621959 
-18.8721756252078 
-18.864689529849265 
-18.863539225426905 
-18.902521371788445 
-18.90243292388421 
-18.89299336923657 
-18.886984784369226 
-18.887745501108938 
-18.884750892562778 
-18.881304833672473 
-18.884767615441536 
-18.89837502162925 
-18.90008471879461 
-18.9289693099466 
-18.92852960129019 
-18.928016019269023 
-18.93077722614267 
-18.931338333438838 
-18.934769750168552 
-18.93724627975881 
-18.93808993504129 
-18.938676517582163 
-18.93759937448759 
-18.93926604640949 
-18.948363122161727 
-18.948382406862947 
-18.95315187812906 
-18.95503549554557 
-18.9556414857591 
-18.954859598375098 
-18.96377129976131 
-18.963955543767803 
-18.965731969952923 
-18.96647552241454 
-18.968100068315948 
-18.970228748573767 
-18.971470888701493 
-18.97266073806279 
-18.972508294905662 
-18.9723635123784 
-18.972271376566713 
-18.972099495354527 
-18.972022026403693 
-18.972881610837423 
-18.97475825693591 
-18.974187141836687 
-18.973952039218748 
-18.97378123222373 
-18.97399551552385 
-18.973862961578558 
-18.974170990033613 
-18.97437243394519 
-18.974924249990586 
-18.97490862798051 
-18.975046120094568 
-18.974741738466168 
-18.974835852829667 
-18.975100712462023 
-18.976482461338527 
-18.980160564129672 
-18.98012473937366 
-18.98006899361657 
-18.980276012300873 
-18.98021731655924 
-18.98147828752072 
-18.98308460486249 
-18.98283120771843 
-18.982679809189175 
-18.982803854044707 
-18.983604972066157 
-18.983845697978623 
-18.983836901727962 
-18.983869104894108 
-18.98390727957148 
-18.984441920947745 
-18.984440546015627 
-18.984764678336575 
-18.985829475592553 
-18.985839105903246 
-18.985922998301472 
-18.985923541922734 
-18.98588655750308 
-18.985941598667704 
-18.98590985104207 
-18.985920382661668 
-18.98593154470722 
-18.986109088784694 
-18.98624564367886 
-18.98631119271848 
-18.98683938751846 
-18.986834195207923 
-18.987535745737063 
-18.98757203898575 
-18.98756709784959 
-18.98777658600803 
-18.987850421295214 
-18.98792878457986 
-18.987925063876745 
-18.98826435585561 
-18.988293654165812 
-18.988340631985064 
-18.988380274991236 
-18.98837904049239 
-18.988410213390523 
-18.9884521526414 
-18.98860158518624 
-18.988627255093938 
-18.988625418289512 
-18.98888379881593 
-18.988892590926245 
-18.988884126019332 
-18.988938682495053 
-18.989008623211816 
-18.9890446094237 
-18.989033175302605 
-18.989037598026353 
-18.98904159133701 
-18.98905023455138 
-18.989111415949775 
-18.989112287769277 
-18.989111907056103 
-18.989149982037873 
-18.989245157541085 
-18.98927300772345 
-18.989284955667642 
-18.989303847362304 
-18.989316198666895 

 Time 
65.53693151473999 
