Energy 
 
1.5753837072760035 
1.1083652333319118 
-2.2489968928838717 
-2.822224202631896 
-3.029551573936814 
-3.248465545337589 
-3.4627776722151102 
-4.032313614998691 
-4.304801814954688 
-4.548101769026752 
-4.772966547524179 
-4.988453190705843 
-5.140699962245107 
-5.261145382302637 
-5.350674113750495 
-5.433207136394264 
-5.507894888431522 
-5.574702598127341 
-5.630243685200509 
-5.700807001782546 
-5.753936868350516 
-5.795636684544047 
-5.829552717930894 
-5.849256264396391 
-5.860885972155749 
-5.871084986904525 
-5.880601698392746 
-5.889753337592244 
-5.8985998822776295 
-5.90714653731659 
-5.915006235040941 
-5.923290981552656 
-5.930939399308608 
-5.937573112217464 
-5.943033292060685 
-5.947911151478274 
-5.952581903788137 
-5.957142570540297 
-5.961657746720302 
-5.965963095947172 
-5.970098166447282 
-5.974107283141178 
-5.978026747371867 
-5.981873041809248 
-5.985727785582194 
-5.989526737067781 
-5.993276500253758 
-5.996982954913646 
-6.000889882810076 
-6.00475347340295 
-6.008447361988843 
-6.011990558938026 
-6.015468616821003 
-6.019044913275379 
-6.022598787181723 
-6.026201859917505 
-6.029819945740808 
-6.033451336988357 
-6.037062811031873 
-6.0406764974383895 
-6.044303019684886 
-6.047916781562811 
-6.051536320206047 
-6.055148337071749 
-6.058723068578529 
-6.062287607127292 
-6.0658521141614345 
-6.069410373258845 
-6.072524877787481 
-6.075651502000895 
-6.078785925912358 
-6.08182921643044 
-6.084871721872062 
-6.087925285316272 
-6.090940818831464 
-6.0939588938811315 
-6.0969603034765125 
-6.100006289148323 
-6.10319267208105 
-6.106373663877707 
-6.109556592295219 
-6.1127892873014655 
-6.115899517654794 
-6.1190745068185315 
-6.122272106843291 
-6.125484058413043 
-6.128691813172522 
-6.131940676979326 
-6.135204320562346 
-6.138216419684431 
-6.141260155700824 
-6.144338997553305 
-6.14741630238138 
-6.150526161919251 
-6.153676196797795 
-6.156840317294036 
-6.160009187039639 
-6.16318026442691 
-6.166370249413728 
-6.169556570683255 
-6.172677226557022 
-6.175799719047398 
-6.178906524366793 
-6.182066449664731 
-6.18520414002475 
-6.188336850190323 
-6.191480488932507 
-6.194589677689016 
-6.197729664445475 
-6.200819686401272 
-6.203856883543531 
-6.2068210538008906 
-6.20965814991426 
-6.212464666536206 
-6.215296529963703 
-6.218037394762807 
-6.22067214418064 
-6.2232360449045 
-6.225676951337634 
-6.228034890241865 
-6.230322101821109 
-6.232457315972182 
-6.234531669994957 
-6.236583509425002 
-6.238504315433136 
-6.240287332260454 
-6.242030019224311 
-6.243736204114321 
-6.245436525870076 
-6.2471053550153774 
-6.248715895744717 
-6.2502841452786395 
-6.251813004268658 
-6.253307958100275 
-6.254763593828675 
-6.256184357869339 
-6.257574446256369 
-6.258922715777379 
-6.260209452020039 
-6.261451435993413 
-6.262675274499548 
-6.2638817279177985 
-6.265033739065036 
-6.266149217193087 
-6.26724101394936 
-6.268309641342939 
-6.269357071454828 
-6.270366645603266 
-6.271360807317281 
-6.272335842058422 
-6.273288047966317 
-6.2742194785586 
-6.27513802954887 
-6.276010496355742 
-6.276877146978963 
-6.277714064667785 
-6.278534976760361 
-6.279360808603758 
-6.2801753217635925 
-6.280971143708719 
-6.281751316414458 
-6.282516417198574 
-6.283262689306048 
-6.283994231113931 
-6.284711508783468 
-6.285417198573362 
-6.286091619089178 
-6.2867526680933725 
-6.2874007234248115 
-6.28803549762222 
-6.28864996936358 
-6.289251631100216 
-6.289847865793252 
-6.290429558443341 
-6.290983825683824 
-6.291527110539438 
-6.292059969920478 
-6.2925812768379545 
-6.293094169945098 
-6.293597082108425 
-6.294077431068397 
-6.294548299560693 
-6.295004590996879 
-6.295446110498144 
-6.295881664775171 
-6.296308909057657 
-6.296728034099704 
-6.297134484157556 
-6.2975339137585955 
-6.297924399500188 
-6.298308342973948 
-6.2986849428479825 
-6.299051696714695 
-6.29941151836025 
-6.299763094454207 
-6.300108477403766 
-6.300445339485746 
-6.300776195316962 
-6.301100668009219 
-6.301418830705714 
-6.301731812536138 
-6.302038056334539 
-6.302342725220767 
-6.302641544263496 
-6.302929636072255 
-6.303212502594368 
-6.303490088175377 
-6.303762118535345 
-6.30402941662018 
-6.304290888312154 
-6.304545460325451 
-6.304795253027634 
-6.305039444770175 
-6.305277371350494 
-6.305511300280179 
-6.30574131765338 
-6.305965925263891 
-6.306185335743546 
-6.306400786819824 
-6.306613004134563 
-6.306809137513031 
-6.3070010240271595 
-6.307189596843435 
-6.307376019725689 
-6.307559785917292 
-6.307741937994022 
-6.30792095780029 
-6.308095759308267 
-6.3082703555046935 
-6.308442083976985 
-6.308611013234207 
-6.308777008128097 
-6.308939376094857 
-6.3090997596722485 
-6.309257369343181 
-6.309412802275623 
-6.30956568814793 
-6.309716100058553 
-6.3098598252303475 
-6.310001225065945 
-6.310139584434093 
-6.310277316892255 
-6.310412773479287 
-6.310544215647729 
-6.310672851007718 
-6.310799564022166 
-6.310924038638709 
-6.311049107369588 
-6.311171933873765 
-6.311292561087674 
-6.311410665062541 
-6.311527397696703 
-6.311642338488274 
-6.311755263386127 
-6.31186627323585 
-6.311974966708141 
-6.312080363563799 
-6.3121838612453285 
-6.31228464018141 
-6.312383923042308 
-6.312481585351845 
-6.312577815612663 
-6.312670382676161 
-6.312761410495849 
-6.312848862535906 
-6.312934883982033 
-6.313019482777582 
-6.3131026486001245 
-6.3131845163982 
-6.313265122909154 
-6.313344677649853 
-6.313424610311244 
-6.313502915003647 
-6.313579980211108 
-6.313656032185698 
-6.31373026486471 
-6.313803303004901 
-6.313875803283184 
-6.313947158180897 
-6.314017397477112 
-6.31408457659318 
-6.3141507760647375 
-6.314216681278572 
-6.314281674192596 
-6.314345769530328 
-6.314408945645503 
-6.314472408831227 
-6.314534739993537 
-6.314597175113985 
-6.314658463286081 
-6.314718871289177 
-6.314777989218203 
-6.314836146494498 
-6.314893405971343 
-6.31494990500385 
-6.315005632511642 
-6.315060551791076 
-6.3151147143964375 
-6.315168176070606 
-6.315219968480525 
-6.315271211511581 
-6.315322219867246 
-6.3153726285964265 
-6.315422077854767 
-6.315470850538346 
-6.315518878013398 
-6.3155662937771115 
-6.3156130889883215 
-6.315659436384873 
-6.315705664654391 
-6.315751327582665 
-6.31579642768893 
-6.315840996425017 
-6.315885069814913 
-6.315929199703726 
-6.315972837110894 
-6.316016375271892 
-6.31605940182085 
-6.316102197278109 
-6.316144346332322 
-6.316186014263492 
-6.316227188273362 
-6.316269358043769 
-6.316311040853474 
-6.316352898256845 
-6.3163943427156415 
-6.316435327846097 
-6.316475922183507 
-6.316516166259369 
-6.316555948823622 
-6.316595698267781 
-6.316635126783289 
-6.316674088341552 
-6.316713276611923 
-6.316752011411264 
-6.31679037483037 
-6.316828225932181 
-6.316865653349463 
-6.3169027179861095 
-6.316939361116247 
-6.316975480127575 
-6.317011437748444 
-6.317046994461469 
-6.317082043547792 
-6.317116662693307 
-6.317150948666814 
-6.3171855118148255 
-6.317219623060957 
-6.317253485433688 
-6.317287713967307 
-6.317321617935896 
-6.31735510933183 
-6.317387598613107 
-6.317419812358853 
-6.317451591378325 
-6.317482982707111 
-6.317513959929287 
-6.317544614799756 
-6.317574821674899 
-6.317604775404174 
-6.317634428999661 
-6.3176637732518435 
-6.317692628316948 
-6.317721329958355 
-6.317749720268476 
-6.317777786845068 
-6.317805652718556 
-6.317833193481102 
-6.317860424228995 
-6.317887294764433 
-6.3179140347406975 
-6.317940112602471 
-6.317965951402703 
-6.317991595724131 
-6.3180170228527786 
-6.318042188790953 
-6.318067139895397 
-6.31809178238413 
-6.318115924789482 
-6.318139942290708 
-6.318163690307065 
-6.318187213535178 
-6.318210570038398 
-6.31823372093452 
-6.31825671979279 
-6.318279542658647 
-6.318302183896883 
-6.318324590544571 
-6.318346809906898 
-6.318368854033627 
-6.318390688168552 
-6.318412495360409 
-6.318434072997171 
-6.318455436847867 
-6.31847666321944 
-6.318497731138503 
-6.318518700378846 
-6.318539849921409 
-6.318560979542726 
-6.31858183963772 
-6.318602541449522 
-6.3186230848325975 
-6.318643355494012 
-6.3186635143496295 
-6.318683525690288 
-6.318703389028049 
-6.3187231425307 
-6.318742692763896 
-6.318762110395455 
-6.318781384917477 
-6.318800404750183 
-6.318819267825327 
-6.318838093061177 
-6.318856613294344 
-6.318874995943766 
-6.318893241836096 
-6.31891136840061 
-6.3189293708184575 
-6.31894727662029 
-6.318965050994399 
-6.318982878937609 
-6.319000586178392 
-6.319018137328781 
-6.31903561324408 
-6.3190529537033555 
-6.319070161787633 
-6.319087255184169 
-6.319104095760729 
-6.319120827750731 
-6.319137453830218 
-6.319153967099602 
-6.319170375498507 
-6.319186599195091 
-6.319202804478965 
-6.319218848042842 
-6.319234830904253 
-6.319250609876666 
-6.31926633846573 
-6.31928198141906 
-6.319297500281376 
-6.3193129245068995 
-6.319328169868104 
-6.319343323602419 
-6.319358388410624 
-6.319373388328612 
-6.319388322599768 
-6.31940336050576 
-6.319418261322008 
-6.319433080374004 
-6.319447883778903 
-6.3194628830708055 
-6.319477793563907 
-6.319492669484957 
-6.319507453003851 
-6.319521965865844 
-6.3195363499485975 
-6.3195506504146 
-6.319564777297418 
-6.319578846566241 
-6.319592836235058 
-6.319606741235208 
-6.319620567280351 
-6.319634287662208 
-6.319647931602419 
-6.31966147051393 
-6.319674886005804 
-6.31968820366742 
-6.319701449579375 
-6.319714800249342 
-6.3197281330637995 
-6.319741547909121 
-6.319754890094438 
-6.319768159141617 
-6.319781345237727 
-6.319794459363377 
-6.31980747814117 
-6.319820423582518 
-6.319833339706079 
-6.319846196826126 
-6.319858991430675 
-6.319871819786647 
-6.3198845801801635 
-6.319897271762983 
-6.31991003415531 
-6.319922710722421 
-6.319935336859392 
-6.319947897829594 
-6.319960405525839 
-6.319972911603145 
-6.3199853213506945 
-6.319997697072298 
-6.320010006308457 
-6.32002235914651 
-6.320034605529839 
-6.320046895093897 
-6.320059118766051 
-6.320071276416691 
-6.3200833812958725 
-6.320095465794342 
-6.320107343206204 

 Time 
63.9512255191803 
