Energy 
 
3.8998005448887016 
3.528234933354745 
-3.5473345379057717 
-3.685098051539633 
-2.7674786636560453 
-4.6783425647667976 
-4.6755150418112725 
-5.1460692822577965 
-6.01703913024072 
-6.367242566239312 
-7.1697413601609075 
-7.161340911312077 
-6.960855510734202 
-6.788842842523268 
-6.217771253466489 
-6.535804462981196 
-7.26165179213293 
-7.052863516542903 
-6.390187131116789 
-6.100154044299168 
-8.67277292025002 
-8.726599452019165 
-8.300874205713406 
-8.343172086150723 
-8.666504271153784 
-8.667851806240375 
-8.37314117611673 
-8.236096617933972 
-8.31647817095039 
-9.616900377187367 
-9.443839003097825 
-9.053852296435382 
-8.142345885441422 
-7.144400642591809 
-6.754378510176579 
-7.384225594287118 
-6.670114914705003 
-6.628063073584108 
-7.79012419916974 
-8.048266140562578 
-7.835432557823928 
-9.472412811762998 
-9.01788490741951 
-8.832513793233824 
-8.674418783478425 
-9.400691611492134 
-11.464366333285689 
-10.832612980445502 
-10.929988418264404 
-10.475661465576657 
-11.135538863521527 
-10.665421124191898 
-10.335299854061475 
-11.068605085105125 
-11.096314043085128 
-11.113655182593345 
-10.708912662197125 
-10.915339539803576 
-10.654383285449216 
-10.93203067586721 
-11.587466042450545 
-11.963765103757353 
-11.947794869632073 
-11.83580332667652 
-11.864746528255084 
-12.5808906856483 
-12.405138478607102 
-12.528767349291932 
-12.418661999545558 
-12.213892690043734 
-12.773717518707985 
-12.543023411311852 
-12.710915490898628 
-12.541748007335782 
-12.24235645302981 
-11.89496419577093 
-12.949150198609662 
-12.341111309008216 
-12.808470842159586 
-12.9491740928657 
-13.264345431150062 
-13.514605940183177 
-13.548350430035734 
-13.92605504973897 
-13.992498981751408 
-13.797177917305508 
-13.818347228782825 
-13.820183857014714 
-13.960206493518488 
-13.941044834434372 
-14.047183879931247 
-14.35200043533698 
-14.464478417550067 
-14.257344012680436 
-14.241226581259982 
-14.369849798116842 
-14.954855707518421 
-14.660636139668615 
-14.186526900890689 
-14.5153827834387 
-14.147010258053635 
-14.137520649294888 
-13.9124006432016 
-13.599340706676644 
-14.069620927883154 
-13.822674830778249 
-13.72260828790287 
-13.935263060484974 
-14.086214813244629 
-14.657010363232573 
-14.477766872529498 
-14.372066012322776 
-14.6753021603034 
-14.32636629221373 
-14.75604726248399 
-14.943554199975114 
-14.91797746738838 
-15.658455285935975 
-15.170334502008936 
-16.23781884066677 
-17.05933930475831 
-17.036706179103493 
-16.848987756724956 
-16.558269435441993 
-16.18010972887658 
-16.20231530275598 
-15.586023685563122 
-16.143655320318338 
-16.140307060284144 
-16.30756843664369 
-16.385945453501225 
-16.439412628826627 
-16.64773667584541 
-16.65563583059034 
-16.98913153407155 
-17.090483785997144 
-17.109776228160044 
-17.18026906464262 
-17.17496565899305 
-17.112858777833143 
-17.108921558013183 
-17.077752523187677 
-17.140293432255337 
-17.152515612924702 
-17.204723547837204 
-17.132791504465736 
-17.342123577748296 
-17.379605380802104 
-17.334187521117638 
-17.312014274641285 
-17.269702383009786 
-17.26461992425895 
-17.197844361122186 
-17.255938298073367 
-17.326218209871225 
-17.350575969748817 
-17.69167462103211 
-17.447487777335073 
-17.447352563931354 
-17.464263078533058 
-17.58722247695566 
-17.473451263410777 
-17.406144178731658 
-17.476992363652265 
-17.475022393805432 
-17.477076299794998 
-17.77611613135654 
-17.803757821391613 
-17.6568101613433 
-17.469899360000475 
-17.356763898042196 
-17.658106883210113 
-17.666681324847087 
-17.584631416186983 
-17.550523485605655 
-17.590770040041175 
-17.685619376605583 
-17.68439024724629 
-17.680841704525754 
-17.928536096108846 
-17.94966546828767 
-17.860064528089673 
-17.67005471656722 
-18.246878704704276 
-18.257772942809826 
-18.23242424164447 
-18.290596564694432 
-18.021666660390807 
-18.290194851775066 
-18.218224531445262 
-18.69228148886891 
-18.68106626957467 
-18.18263274552562 
-18.13305323766192 
-18.445302876426585 
-18.930029437273426 
-18.48945900742305 
-18.968160101875824 
-19.13231924801609 
-18.994197275040257 
-19.05053560084813 
-19.057214171662725 
-19.144573613506722 
-19.046191338858655 
-19.074248919568028 
-19.037962815029204 
-19.057662846999044 
-19.38577088771908 
-19.28004403772467 
-19.18097404961813 
-19.20664976424916 
-19.09120314310458 
-18.938876493854316 
-19.65012152359791 
-19.84310918596837 
-19.830721705120624 
-19.211439317956344 
-19.042715263080343 
-18.4749081661612 
-18.694676075949534 
-19.26151002002607 
-19.747179259965876 
-19.93047331247692 
-19.265422299290503 
-18.905159822454948 
-19.185525835017522 
-18.813607452354955 
-18.692942969032988 
-18.77353317933084 
-18.857194205610796 
-18.824098285406237 
-19.078961966700476 
-19.249779994665957 
-19.18589488862136 
-19.17807606666573 
-18.952648043472998 
-18.940493909496787 
-18.970531677893504 
-18.952695375789848 
-19.076538801557305 
-19.265277898831716 
-19.26906889875196 
-19.062048766596927 
-18.904292308737247 
-19.068631692324697 
-18.950465499259696 
-18.872971970537336 
-18.87230531057965 
-19.06377452604998 
-19.062484026950905 
-19.10103535638688 
-19.010200125487614 
-18.913492377708224 
-18.93781753092462 
-18.929396478308227 
-18.940541279097026 
-19.16574543796848 
-19.1998311085178 
-19.152499312000607 
-19.176847767120364 
-19.168223799297948 
-19.295045149814346 
-19.238813594645134 
-19.21140989002572 
-19.245298561574707 
-19.186323840430735 
-19.38395380086461 
-19.291441804581737 
-19.506684557694143 
-19.47493271119114 
-19.727453383165454 
-19.728216751491647 
-19.571736395012042 
-19.86255926134303 
-19.839241903270317 
-19.87246282130209 
-19.729837466338047 
-19.874809835280875 
-20.341600754748413 
-20.300281128684336 
-20.22236882750961 
-20.003371369198035 
-19.683942088764752 
-19.64382733508846 
-19.1891618186566 
-19.202405198404463 
-19.99290079280209 
-20.323994838872927 
-21.146054527749985 
-20.703896597133618 
-20.929855574931754 
-20.77296908693876 
-20.73829967953356 
-20.608063708386947 
-20.630602392345526 
-21.190732528647615 
-21.04919232746598 
-20.90919450489129 
-21.31191033908073 
-21.310337649455377 
-21.392061991381397 
-21.391755715177947 
-21.309414829285018 
-21.261972946215597 
-21.26639389531178 
-21.3968352878956 
-21.396789585701207 
-21.57765946749727 
-21.6697857717505 
-21.55974932852031 
-21.37573758285736 
-21.407470107055012 
-22.01399694303372 
-21.82546651711518 
-21.90299466896162 
-21.90628947809258 
-21.901196439357662 
-21.976828421570083 
-21.979207038309802 
-21.924791043595004 
-22.08944291674717 
-22.0946167082743 
-22.165199200354433 
-22.137414374262907 
-22.067756885598747 
-22.129666145841288 
-22.090661650416163 
-22.155585329678836 
-22.193353902059002 
-22.20149939045497 
-22.207099750811715 
-22.12263812003627 
-22.118530126772672 
-22.253706464223917 
-22.24576727550181 
-22.148374574598098 
-22.36464183985524 
-22.470565615970216 
-22.46968932866214 
-22.574612220653485 
-22.493554313038928 
-22.46171243463784 
-22.3956556792706 
-22.343734503071616 
-22.60108447691933 
-22.56572058857564 
-22.512669912040188 
-22.530397637970793 
-22.525618439427404 
-22.513074885625393 
-22.48471662065888 
-22.467714037026838 
-22.510886766522013 
-22.483177252008264 
-22.48174613116295 
-22.605619577149454 
-22.62136539746309 
-22.81860496448545 
-22.72544232375704 
-23.1259427982736 
-23.143937952890123 
-23.252996853953544 
-23.151519121894452 
-22.859488682256753 
-22.747270844378985 
-22.94915634033369 
-22.77161778871207 
-22.78678439988631 
-22.96220851024297 
-22.86387124188351 
-22.92494100492363 
-23.02311754115505 
-23.098615140201122 
-23.137420818138846 
-23.116356980054388 
-23.04357766689964 
-23.016865960412947 
-23.02022713492646 
-23.01839787985655 
-23.055202191741433 
-23.29176976973158 
-23.26301100196425 
-23.536719390860554 
-23.605289243228 
-23.52178459039579 
-23.498320210284177 
-23.461571394302556 
-23.4346545230503 
-23.38443235456467 
-23.399643893144827 
-23.472725519315734 
-23.47831317063284 
-23.447828517900277 
-23.458804762909185 
-23.66185153333645 
-23.677916497269024 
-23.697644583454203 
-23.588388165816454 
-23.51033613574819 
-23.43037151667556 
-23.602923156472492 
-23.750590661702383 
-23.758322720437317 
-23.757673782962087 
-23.847546246891095 
-23.824311283406146 
-23.811787754123426 
-23.818061660168294 
-23.799871351514994 
-23.800750315980455 
-23.800940030171148 
-23.80008828560545 
-23.80467320137039 
-23.846996813919986 
-23.843845721911055 
-23.819376074571693 
-23.846759335301076 
-23.852955298879348 
-23.865073483848924 
-23.85733375045348 
-23.94429962614347 
-23.91514292896483 
-23.94484973084998 
-23.958440947749956 
-23.915636976153785 
-23.88722596487868 
-23.87164516139573 
-23.93355627988901 
-24.00806327517586 
-24.008960974674235 
-23.979042208204753 
-23.988713317467848 
-23.997535471858395 
-24.001283061098775 
-24.004951397350954 
-24.02143456041624 
-24.027160335338483 
-24.022011707202864 
-24.059757984640285 
-24.043820957732503 
-24.015041513534996 
-24.15138537704927 
-24.152619119505708 
-24.110863477379763 
-24.041935052661856 
-24.05554014573734 
-24.033534936664118 
-23.973913362173633 
-23.970375159154898 
-24.00134571280916 
-23.943588608274872 
-23.89592364117642 
-23.98056824505752 
-23.92008917967801 
-23.958855146023378 
-23.983697796805384 
-24.09355395211895 
-24.09659329305315 
-24.044018087105385 
-24.06888087520322 
-24.09341888411859 
-24.208709130097656 
-24.2236419803807 
-24.211170291101784 
-24.266509428749522 
-24.266635899040665 
-24.26666279880113 
-24.224181649824494 
-24.377125126231434 
-24.401182589095452 
-24.40189383366997 
-24.38683925085511 
-24.36889719568228 
-24.368860009081757 
-24.371818854749176 
-24.416665809648563 
-24.394186631409372 
-24.39112796037911 
-24.37409788924681 
-24.375008791669696 
-24.3764909810992 
-24.37527767479812 
-24.417137758769552 
-24.407657520182823 
-24.376195467453556 
-24.362885186277836 
-24.404036439510943 
-24.411825307510913 
-24.399743050336124 
-24.40022130398306 
-24.388412435229554 
-24.39039854355178 
-24.523888037202575 
-24.499585931119505 
-24.498976108537313 
-24.492946198659784 
-24.49394631911892 
-24.49670580670035 
-24.552469136754123 
-24.562870817967504 

 Time 
1036.9254603385925 
