Energy 
 
2.3693496930821554 
1.520147832575348 
1.1152708407640328 
-0.8363825264478351 
-1.604095470239058 
-1.2359623597161933 
-1.830875527900799 
-3.1563261449391207 
-3.396332854658877 
-3.5232588697871625 
-4.444502616516123 
-5.455554302980229 
-5.505920782703916 
-6.086479452926499 
-6.459583625039751 
-6.441196238450793 
-6.264997966507231 
-5.901776643514246 
-5.9861358644328 
-5.997921467825273 
-5.875960876625843 
-6.169360813737744 
-6.146479956566601 
-5.9705384199879 
-5.993704030513591 
-6.086455666917146 
-6.085361078846237 
-6.243684643685713 
-6.250243717442438 
-6.450819407677231 
-6.303944172802666 
-7.835747024332251 
-6.83510026464652 
-5.977541316648846 
-6.303059506735979 
-6.4873296045853674 
-7.843792135633037 
-7.817997157689402 
-7.388580378965274 
-7.9953828656436885 
-8.23021255436056 
-7.965667576720587 
-7.940980068514284 
-8.218587662158562 
-8.074844003086804 
-8.074454776041122 
-8.180167270341592 
-8.369140151322693 
-8.442527965422093 
-8.507950433008494 
-8.230089524818247 
-8.226248351237627 
-8.172226646915925 
-8.429183638989562 
-8.439521340837594 
-8.33776825452696 
-8.272301533351165 
-8.101082183557697 
-8.17441558983753 
-8.18623254804898 
-8.436253673025842 
-8.217208921267385 
-8.465576475694595 
-8.461716583061513 
-8.631257582665818 
-8.767969703932506 
-8.765368283654322 
-8.69667406790752 
-8.66954711518024 
-8.571247576079283 
-8.474300540861629 
-8.710687676367062 
-8.706799132191277 
-8.69929811842343 
-8.584580529158485 
-8.53991272046743 
-8.496272579178825 
-8.496612442981215 
-8.519296234883168 
-8.649441208115979 
-8.67160127082 
-8.816398676804305 
-8.964049432997887 
-8.95635517760713 
-8.987558848312673 
-8.818268460013604 
-8.819415365703412 
-8.828807309302686 
-8.900330581505916 
-8.968323085035474 
-8.964964838843338 
-8.93034936447615 
-8.878087651325004 
-8.836884578179843 
-9.554234337842413 
-9.444526606139604 
-9.645138116412342 
-9.015581417284988 
-9.120558310996525 
-9.37305220839697 
-9.360097097131852 
-9.246258454056495 
-9.163155147384758 
-9.451599932641606 
-9.335505922280433 
-9.194382100285397 
-9.084103050020948 
-9.390281669650822 
-9.854236045702537 
-9.734721682134074 
-9.72062854727441 
-9.405635932706463 
-9.294010562807902 
-9.80313586046671 
-9.88539447201437 
-9.661525872959185 
-9.698529365665426 
-9.883729244051606 
-10.274973062553407 
-9.850551955173419 
-9.598995727688159 
-10.154286123136517 
-10.370966651297262 
-10.366806578125548 
-9.789501522461237 
-9.980210077531945 
-9.97911903574875 
-10.005962305654316 
-10.020702960700303 
-10.024907273954192 
-9.98832433501927 
-10.022605235179359 
-10.011756192859105 
-10.034974226135045 
-10.145601235345602 
-10.073464105617608 
-10.057174394905857 
-10.15459295179415 
-10.121687556572999 
-10.178181833564926 
-10.521421097921134 
-10.281274154832047 
-10.2107675495777 
-10.351015236852934 
-10.394585034215462 
-10.394554222338211 
-10.406624350145092 
-10.399389905071642 
-10.67235484816082 
-10.648396963892901 
-10.695538002654754 
-10.63592403568515 
-10.44787595017862 
-10.451952924407395 
-10.62269293906713 
-10.777397365557329 
-10.763422029452043 
-10.65407328649387 
-10.69825083292283 
-10.669114426415453 
-10.670118949882605 
-10.767959422777224 
-10.74651979155257 
-10.715298429833949 
-10.910320624122518 
-10.922821772134075 
-10.988080546777226 
-10.981431508932774 
-11.093318019531102 
-11.072248618408358 
-11.121837785347449 
-11.177755204715133 
-11.212452914625219 
-11.207376956211965 
-11.348426008220976 
-11.346177203132966 
-11.346610973245589 
-11.358800783175118 
-11.360509879856432 
-11.372471971715875 
-11.360282479147294 
-11.428673311548339 
-11.534335754821608 
-11.524926081659126 
-11.593948848641102 
-11.592635644867583 
-11.584992697883582 
-11.58934794486524 
-11.66279876888564 
-11.674466258068438 
-11.655675779500376 
-11.67706802773917 
-11.67246104523584 
-11.669018247380475 
-11.657252745481042 
-11.779154212591132 
-11.794058378774452 
-11.784153342162208 
-11.709074616437448 
-11.709201007101477 
-11.789148204274042 
-11.788623529818636 
-11.732433337205386 
-11.770383526275545 
-11.765869728947726 
-11.783446153014236 
-11.951327815349396 
-11.966839369578222 
-12.047619343650183 
-12.038480795525645 
-12.003274220466118 
-12.003847211651184 
-12.034485772781515 
-12.042476642079297 
-12.038422509973008 
-12.086506896537879 
-12.104321680353992 
-12.105595327110976 
-12.084900668598817 
-12.149157393170036 
-12.161522413075962 
-12.169340390278998 
-12.173723853371953 
-12.163036059371219 
-12.16720785802715 
-12.2021024208611 
-12.20065423787053 
-12.202884906202973 
-12.220912359010345 
-12.21518697238627 
-12.23857120605879 
-12.229415384473835 
-12.230673338204774 
-12.294570160217624 
-12.29432448991469 
-12.298505938096689 
-12.308425755617854 
-12.314967899241848 
-12.327558047079158 
-12.326968247897032 
-12.328082025559032 
-12.345730277523211 
-12.344733579675541 
-12.349096454373921 
-12.353553694811366 
-12.355815484469844 
-12.355935172673195 
-12.355760907954382 
-12.35501351314647 
-12.35660058956623 
-12.359311791818742 
-12.35875132624974 
-12.358728660873217 
-12.368145115604284 
-12.371725496573607 
-12.370779900297624 
-12.370647769281772 
-12.37050935089985 
-12.37904389874022 
-12.389267890855788 
-12.389001194080198 
-12.389487986013641 
-12.390759220848315 
-12.389903979104451 
-12.390070492817276 
-12.397215084508257 
-12.397507770136526 
-12.397038637442911 
-12.39712038271177 
-12.396005934963895 
-12.39609347448365 
-12.39590171413393 
-12.400294820054105 
-12.402155551784894 
-12.401254152322892 
-12.39951873195689 
-12.40843712925244 
-12.411089223028519 
-12.413873856055325 
-12.415175101390474 
-12.415073741012941 
-12.417264018042925 
-12.420954573155777 
-12.42001984606281 
-12.419896652516679 
-12.420732896719617 
-12.418814195488807 
-12.422587099907782 
-12.423221044173031 
-12.424823165783044 
-12.425399803052184 
-12.426984329193631 
-12.429582993443324 
-12.42935221348606 
-12.429385465646693 
-12.429866524133843 
-12.431946636730071 
-12.43472498195865 
-12.434160511054149 
-12.434464618588324 
-12.434740667770908 
-12.433843241576676 
-12.434262477468588 
-12.43437068624564 
-12.43487291283526 
-12.43577973993211 
-12.43598007276861 
-12.43613935464215 
-12.435698306730178 
-12.435540930135978 
-12.436706089725075 
-12.43752194589836 
-12.437601560279242 
-12.437723076727648 
-12.43783097451352 
-12.437192134621446 
-12.436981035075382 
-12.43698082297 
-12.436624747044709 
-12.436588786266633 
-12.436861705173555 
-12.437148317298412 
-12.438041044367983 
-12.43931067221939 
-12.439863823364268 
-12.44033680417646 
-12.443175541732305 
-12.44303446965119 
-12.44300617722886 
-12.445309665553971 
-12.445354949608149 
-12.444804116418926 
-12.445007396656257 
-12.44519153246469 
-12.4458795742519 
-12.448283405516444 
-12.448892214620292 
-12.449255691084307 
-12.44922105467863 
-12.449605598334138 
-12.45020948391824 
-12.451036478347309 
-12.45098902330172 
-12.45331123861012 
-12.45414891796044 
-12.454130717079256 
-12.456647497932552 
-12.456569251243243 
-12.456635905252249 
-12.457160718122847 
-12.457175481098677 
-12.457884443316482 
-12.458819258747791 
-12.459071619115637 
-12.458909594391733 
-12.460473302337856 
-12.46029734664095 
-12.461573172207896 
-12.464241646396584 
-12.464332145970365 
-12.464374578923332 
-12.464657687809083 
-12.464453928008087 
-12.464994856053837 
-12.465410270731196 
-12.465567209759707 
-12.465574299258636 
-12.46554367455613 
-12.465441732863102 
-12.465617298206553 
-12.469285626801074 
-12.469476072992478 
-12.469682644613123 
-12.469389985164913 
-12.469012583349855 
-12.468973164458916 
-12.469281942597844 
-12.469331751575371 
-12.470170920807542 
-12.470519521667512 
-12.470526679148907 
-12.47087599638159 
-12.471008876336281 
-12.47495172316937 
-12.476301485293547 
-12.476276592572981 
-12.47622557368144 
-12.476860938139593 
-12.47685273308447 
-12.479857928708842 
-12.479919298163665 
-12.480689326547786 
-12.48135939301261 
-12.481321810600102 
-12.485843845320892 
-12.486839158987072 
-12.486946425117548 
-12.487277533122043 
-12.4879669725698 
-12.488642430069602 
-12.489658068462695 
-12.491250005594956 
-12.491874307999492 
-12.491880596593072 
-12.493361063519325 
-12.493621899841507 
-12.494087774359551 
-12.494094499449043 
-12.49412757566957 
-12.493906393903089 
-12.495157750817791 
-12.495299101827676 
-12.495932505879551 
-12.495871060643482 
-12.49590455984049 
-12.496006719791737 
-12.495925695615345 
-12.496829098071867 
-12.496976531855159 
-12.497366559884167 
-12.498722066291414 
-12.498759443300472 
-12.498724836118567 
-12.499077179111104 
-12.499135320784806 
-12.499998720951206 
-12.500059092150487 
-12.500381640762773 
-12.501210120436259 
-12.501263680932702 
-12.501274295150761 
-12.501255816406449 
-12.501242497014166 
-12.502252674443334 
-12.502486706714777 
-12.502476079078017 
-12.502544953868739 
-12.50253950823175 
-12.502790339924566 
-12.502790992927206 
-12.502895021569028 
-12.502957129232488 
-12.503432922291264 
-12.503592237465185 
-12.50387506463308 
-12.50631321140592 
-12.506321183692016 
-12.506932568054564 
-12.507343042778304 
-12.507421644928472 
-12.507591049092904 
-12.507672524893868 
-12.507774214339667 
-12.507917361378732 
-12.508042059880701 
-12.509312524532971 
-12.510679476064853 
-12.510720890538359 
-12.511762637985962 
-12.511851302256291 
-12.512127882079383 
-12.512412228987504 
-12.5126453721888 
-12.51302872243436 
-12.513034389670047 
-12.51298673783881 
-12.513318283130694 
-12.513405750819876 
-12.51514680620048 
-12.515118375129935 
-12.515252676371638 
-12.515263139154426 
-12.51669561694363 
-12.516721946990653 
-12.51688954534291 
-12.517716881897234 
-12.517694831674469 
-12.518295194195382 
-12.518559539402558 
-12.519411379812158 
-12.519403928118422 
-12.519307138235423 
-12.519530228410929 
-12.520187283439878 
-12.520241431180018 
-12.520181956301755 
-12.520178452337142 
-12.52036111792506 
-12.52071200302806 
-12.521613763801883 
-12.521702608557723 
-12.521696552698726 
-12.521885823489885 
-12.522956577780603 
-12.522950346936025 
-12.522936003699344 
-12.522966180024806 
-12.523700034424905 
-12.523945420144688 
-12.524789532850395 

 Time 
22.420596837997437 
