Energy 
 
1.5753837072760035 
1.011537939108816 
0.43427291981432625 
-0.1453706332571958 
-0.7107433710339506 
-1.2429897586994887 
-1.7272961629852661 
-2.1574436742835634 
-2.5356672482129063 
-2.8691643501473507 
-3.166378306601956 
-3.4347566751453176 
-3.6799607690820295 
-3.9059004356873253 
-4.115085843608567 
-4.309035565803524 
-4.48864021816034 
-4.654451998963857 
-4.806895912304594 
-4.946407766284519 
-5.073509188398948 
-5.18883343938427 
-5.293117329001378 
-5.387173729146026 
-5.4718565248055695 
-5.548026300598911 
-5.616521567083746 
-5.678137500902522 
-5.733612240738656 
-5.783619696521166 
-5.828767394813882 
-5.869597867829832 
-5.906592299061558 
-5.940175425019268 
-5.970720976317663 
-5.998557181857615 
-6.023972044575956 
-6.047218228954393 
-6.068517488561138 
-6.088064617188383 
-6.106030939409734 
-6.122567373366755 
-6.137807105973247 
-6.151867922400491 
-6.1648542302270215 
-6.176858815591307 
-6.187964365021175 
-6.19824478285963 
-6.207766330639897 
-6.216588611507978 
-6.224765419890558 
-6.2323454740552 
-6.239373046983199 
-6.2458885090387515 
-6.251928794234308 
-6.25752780042734 
-6.262716732506146 
-6.26752439650409 
-6.271977451599768 
-6.276100626094051 
-6.279916902687989 
-6.283447677703666 
-6.286712898282862 
-6.289731181056184 
-6.292519915291499 
-6.295095353098775 
-6.297472688884417 
-6.299666129907536 
-6.301688959490256 
-6.303553594170859 
-6.305271635859242 
-6.306853919856741 
-6.308310559433198 
-6.309650987511533 
-6.3108839958909275 
-6.312017772341118 
-6.3130599358209505 
-6.314017570010217 
-6.314897255294165 
-6.31570509930166 
-6.3164467660696415 
-6.3171275038860335 
-6.317752171849177 
-6.318325265173022 
-6.318850939262269 
-6.319333032579406 
-6.319775088325802 
-6.320180374960135 
-6.320551905579855 
-6.320892456194063 
-6.321204582918938 
-6.321490638129774 
-6.321752785605931 
-6.321993014707397 
-6.322213153623165 
-6.322414881732932 
-6.322599741124534 
-6.322769147309753 
-6.322924399181252 
-6.3230666882529185 
-6.323197107225313 
-6.323316657916871 
-6.32342625860048 
-6.323526750783472 
-6.323618905467922 
-6.323703428926233 
-6.323780968025558 
-6.323852115132873 
-6.323917412630687 
-6.323977357071911 
-6.324032403000466 
-6.324082966462816 
-6.324129428233807 
-6.324172136778786 
-6.324211410972495 
-6.324247542593694 
-6.324280798613317 
-6.324311423292545 
-6.324339640106025 
-6.324365653504349 
-6.324389650528865 
-6.324411802290809 
-6.324432265325932 
-6.324451182834848 
-6.324468685818587 
-6.3244848941179725 
-6.32449991736497 
-6.3245138558531995 
-6.324526801334542 
-6.324538837747927 
-6.324550041886076 
-6.324560484005442 
-6.324570228384115 
-6.324579333832091 
-6.324587854158048 
-6.3245958385961725 
-6.324603332196555 
-6.324610376182202 
-6.324617008275529 
-6.324623262996948 
-6.324629171937882 
-6.324634764010478 
-6.324640065675924 
-6.324645101153268 
-6.324649892610373 
-6.324654460338521 
-6.324658822912138 
-6.324662997334824 
-6.324666999172926 
-6.324670842677714 
-6.324674540897075 
-6.324678105777737 
-6.324681548258707 
-6.324684878356791 
-6.32468810524477 
-6.324691237322962 
-6.3246942822846455 
-6.324697247175941 
-6.3247001384505666 
-6.324702962019967 
-6.324705723299145 
-6.324708427248628 
-6.324711078412843 
-6.324713680955247 
-6.324716238690469 
-6.324718755113738 
-6.324721233427788 
-6.32472367656752 
-6.324726087222546 
-6.324728467857822 
-6.324730820732571 
-6.324733147917559 
-6.324735451310938 
-6.324737732652764 
-6.324739993538235 
-6.324742235429881 
-6.324744459668674 
-6.3247466674842165 
-6.324748860004085 
-6.324751038262367 
-6.324753203207495 
-6.324755355709398 
-6.324757496566097 
-6.32475962650968 
-6.324761746211839 
-6.324763856288913 
-6.324765957306491 
-6.324768049783665 
-6.324770134196899 
-6.324772210983585 
-6.324774280545306 
-6.324776343250816 
-6.324778399438765 
-6.324780449420216 
-6.3247824934809325 
-6.3247845318834806 
-6.324786564869177 
-6.324788592659825 
-6.32479061545936 
-6.324792633455321 
-6.324794646820201 
-6.324796655712726 
-6.324798660278965 
-6.324800660653386 
-6.324802656959841 
-6.3248046493124095 
-6.324806637816228 
-6.324808622568225 
-6.324810603657804 
-6.324812581167452 
-6.3248145551733295 
-6.324816525745774 
-6.324818492949789 
-6.3248204568455 
-6.324822417488514 
-6.324824374930348 
-6.3248263292187055 
-6.3248282803978375 
-6.324830228508809 
-6.324832173589751 
-6.324834115676118 
-6.324836054800896 
-6.32483799099481 
-6.324839924286515 
-6.324841854702742 
-6.324843782268482 
-6.324845707007119 
-6.324847628940553 
-6.324849548089325 
-6.324851464472738 
-6.324853378108944 
-6.324855289015044 
-6.324857197207164 
-6.324859102700554 
-6.324861005509635 
-6.324862905648075 
-6.324864803128868 
-6.3248666979643495 
-6.3248685901662896 
-6.324870479745903 
-6.324872366713919 
-6.324874251080615 
-6.324876132855833 
-6.324878012049048 
-6.324879888669351 
-6.3248817627255365 
-6.32488363422608 
-6.324885503179176 
-6.324887369592764 
-6.324889233474545 
-6.3248910948320045 
-6.324892953672416 
-6.324894810002883 
-6.324896663830311 
-6.324898515161461 
-6.324900364002946 
-6.324902210361239 
-6.324904054242685 
-6.3249058956535 
-6.3249077345998135 
-6.324909571087629 
-6.324911405122874 
-6.324913236711369 
-6.324915065858876 
-6.3249168925710535 
-6.324918716853512 
-6.324920538711773 
-6.324922358151323 
-6.324924175177562 
-6.324925989795849 
-6.324927802011494 
-6.324929611829747 
-6.3249314192558295 
-6.324933224294898 
-6.3249350269520885 
-6.324936827232488 
-6.324938625141146 
-6.324940420683086 
-6.3249422138632925 
-6.324944004686715 
-6.324945793158284 
-6.324947579282897 
-6.32494936306541 
-6.3249511445106865 
-6.324952923623534 
-6.32495470040875 
-6.3249564748711045 
-6.324958247015349 
-6.324960016846209 
-6.324961784368398 
-6.3249635495866015 
-6.324965312505483 
-6.3249670731297 
-6.324968831463879 
-6.324970587512639 
-6.324972341280577 
-6.324974092772263 
-6.324975841992276 
-6.324977588945149 
-6.3249793336354205 
-6.324981076067608 
-6.324982816246208 
-6.3249845541757095 
-6.324986289860587 
-6.324988023305291 
-6.324989754514268 
-6.324991483491949 
-6.32499321024275 
-6.324994934771071 
-6.324996657081301 
-6.324998377177812 
-6.325000095064972 
-6.3250018107471275 
-6.3250035242286105 
-6.325005235513753 
-6.325006944606866 
-6.32500865151224 
-6.325010356234172 
-6.325012058776928 
-6.325013759144774 
-6.325015457341966 
-6.325017153372732 
-6.3250188472413065 
-6.325020538951902 
-6.325022228508721 
-6.325023915915958 
-6.32502560117779 
-6.325027284298386 
-6.325028965281904 
-6.325030644132491 
-6.325032320854286 
-6.325033995451401 
-6.32503566792796 
-6.325037338288061 
-6.32503900653579 
-6.325040672675232 
-6.325042336710452 
-6.325043998645512 
-6.325045658484455 
-6.325047316231321 
-6.325048971890128 
-6.325050625464902 
-6.325052276959639 
-6.325053926378336 
-6.325055573724972 
-6.325057219003523 
-6.325058862217952 
-6.325060503372212 
-6.325062142470239 
-6.325063779515968 
-6.325065414513325 
-6.325067047466208 
-6.325068678378529 
-6.325070307254166 
-6.325071934097017 
-6.32507355891094 
-6.325075181699796 
-6.325076802467435 
-6.325078421217706 
-6.325080037954422 
-6.325081652681416 
-6.3250832654024975 
-6.325084876121468 
-6.32508648484211 
-6.325088091568212 
-6.325089696303545 
-6.325091299051868 
-6.325092899816934 
-6.3250944986024855 
-6.325096095412251 
-6.325097690249965 
-6.325099283119333 
-6.325100874024054 
-6.325102462967836 
-6.3251040499543505 
-6.325105634987288 
-6.325107218070304 
-6.325108799207058 
-6.325110378401202 
-6.325111955656366 
-6.325113530976193 
-6.32511510436429 
-6.325116675824273 
-6.325118245359744 
-6.3251198129742985 
-6.3251213786715175 
-6.325122942454971 
-6.325124504328231 
-6.325126064294854 
-6.325127622358385 
-6.325129178522366 
-6.325130732790322 
-6.325132285165774 
-6.325133835652237 
-6.325135384253212 
-6.325136930972198 
-6.325138475812672 
-6.325140018778116 
-6.325141559872005 
-6.325143099097783 
-6.325144636458913 
-6.325146171958831 
-6.325147705600975 
-6.325149237388766 
-6.325150767325624 
-6.3251522954149495 
-6.325153821660151 
-6.325155346064619 
-6.325156868631723 
-6.325158389364854 
-6.325159908267367 
-6.325161425342625 
-6.325162940593972 
-6.325164454024753 
-6.325165965638294 
-6.325167475437927 
-6.325168983426964 
-6.325170489608713 
-6.3251719939864675 
-6.325173496563532 
-6.3251749973431775 
-6.325176496328684 
-6.325177993523319 
-6.32517948893034 
-6.325180982553001 
-6.325182474394536 
-6.325183964458196 
-6.325185452747193 
-6.325186939264748 
-6.325188424014075 
-6.32518990699838 
-6.325191388220858 
-6.325192867684695 
-6.325194345393065 
-6.325195821349146 
-6.325197295556105 
-6.32519876801709 
-6.325200238735255 
-6.325201707713741 
-6.325203174955683 
-6.325204640464204 
-6.325206104242421 
-6.325207566293443 
-6.32520902662038 
-6.325210485226316 
-6.325211942114355 
-6.325213397287566 
-6.325214850749022 
-6.32521630250179 
-6.325217752548931 
-6.325219200893493 
-6.3252206475385195 
-6.325222092487044 
-6.325223535742097 
-6.325224977306703 
-6.32522641718387 
-6.325227855376607 
-6.325229291887913 
-6.325230726720786 
-6.325232159878199 
-6.325233591363135 
-6.3252350211785675 
-6.325236449327459 
-6.325237875812764 
-6.325239300637431 
-6.325240723804403 
-6.325242145316615 
-6.3252435651769945 
-6.325244983388464 
-6.325246399953939 
-6.325247814876323 
-6.325249228158514 
-6.325250639803409 
-6.325252049813893 
-6.325253458192846 
-6.325254864943136 
-6.325256270067634 
-6.325257673569199 
-6.325259075450676 
-6.32526047571492 
-6.3252618743647595 
-6.325263271403037 
-6.325264666832567 
-6.325266060656171 
-6.325267452876659 
-6.325268843496838 
-6.325270232519511 
-6.325271619947461 
-6.325273005783477 
-6.325274390030338 
-6.325275772690811 
-6.325277153767668 
-6.325278533263662 
-6.325279911181545 
-6.325281287524071 
-6.325282662293967 
-6.325284035493972 
-6.325285407126816 
-6.3252867771952115 
-6.325288145701876 

 Time 
38.85616707801819 
