Energy 
 
2.6208494160309734 
1.1129225233661266 
0.6643245818692356 
0.4690822058334473 
-0.9582931310943972 
-1.139499607438235 
-1.1439654487244006 
-0.9271784806873855 
-2.4490888536967717 
-2.6190067092361513 
-2.615651321803033 
-4.13874232071727 
-4.153891246912821 
-4.059631889746766 
-4.0093467651894175 
-4.008458495304685 
-4.102453663916771 
-4.6394000625518315 
-5.180431398198519 
-6.133446347983938 
-6.17173778622465 
-6.286396297379636 
-6.199776047687148 
-5.9553101686555605 
-7.819757053799348 
-8.2307300250518 
-8.699967297832744 
-8.241715510801855 
-8.51551594108497 
-8.349855090501539 
-8.295097340931871 
-8.875395647639312 
-8.421247941593204 
-8.348616203371735 
-9.354950539390165 
-9.372466925768489 
-9.467285460658099 
-9.457317282027827 
-9.883206282606219 
-9.61361278396218 
-9.974449178073991 
-10.02503235349468 
-9.776820737620486 
-9.671048109368522 
-9.697791391786032 
-9.772617663186768 
-9.708314678350277 
-10.014003033829603 
-10.02056874604187 
-10.137092798428842 
-10.498341674307511 
-10.816436437918812 
-10.509053793252601 
-10.55360305835375 
-10.6213651957814 
-10.87839485551371 
-10.84887390096152 
-10.837733516406272 
-10.832715148345125 
-10.767175921496161 
-11.328455724520095 
-11.259424017679148 
-11.245791998463359 
-11.226573155905221 
-11.278664662634208 
-11.226624972542663 
-11.332154730462795 
-11.375986153849084 
-11.535278911214682 
-11.468029680126124 
-11.275156371273662 
-11.383700992324856 
-11.364433681510445 
-11.291491480079662 
-11.263945376157048 
-11.229260559378908 
-11.28496279507476 
-11.31402519001648 
-11.287529599381537 
-11.299785285580118 
-11.43494167358543 
-11.436270159780289 
-11.768922923917543 
-11.744316930069955 
-11.839165157965278 
-12.070329076891092 
-12.051121214268736 
-12.117819288828603 
-11.903048750588137 
-11.859889003583753 
-11.872469979547278 
-11.831053303866259 
-12.003737111690695 
-12.27203510681156 
-12.267625652572798 
-12.15684021411848 
-12.236139289382907 
-12.169777112032552 
-12.117001950785323 
-12.44770616053772 
-12.285907013606359 
-12.262979872173354 
-12.198330989111716 
-12.40719122692217 
-12.397648298048127 
-12.376624242091335 
-12.336635734178362 
-12.192680765875496 
-12.49058130702721 
-12.319475805356232 
-12.343643561979235 
-12.355007756778129 
-12.487374307041922 
-12.575665864495699 
-12.702355434056422 
-12.684941777536197 
-12.670576444095145 
-12.697861034936484 
-12.655179200806327 
-12.676467230731987 
-12.654730175565362 
-12.63605866804936 
-12.694940314526558 
-12.690172910859372 
-12.652353840946365 
-12.728011195037533 
-12.707804729906524 
-12.659769602342806 
-12.68062726936893 
-12.738901367817252 
-12.76070738935006 
-12.8209515929308 
-12.88202752400081 
-12.954490252891993 
-12.99069114296772 
-12.988442603457809 
-12.994876518668125 
-13.001446225938643 
-12.974181713871303 
-13.00794643324284 
-13.187940221775916 
-13.189845102844616 
-13.106211768890649 
-13.130054716740585 
-13.182922286680244 
-13.28410578472915 
-13.302920891675505 
-13.338684611624288 
-13.388221668038963 
-13.390239482065398 
-13.4169702940861 
-13.484355498391263 
-13.554603845877814 
-13.55162005974908 
-13.565804483853032 
-13.577095760721864 
-13.569401046929636 
-13.571936817694139 
-13.558123025628039 
-13.627924503747852 
-13.624036092754714 
-13.632801624096853 
-13.661738533104847 
-13.662732829964705 
-13.643153501610678 
-13.647856739311543 
-13.639919406957379 
-13.658959383004396 
-13.654260229206493 
-13.654175801557786 
-13.760564898383382 
-13.744429939354442 
-13.741210643427936 
-13.736248824445411 
-13.740247973856365 
-13.743549619217928 
-13.749113996630015 
-13.749822439938551 
-13.749302646348529 
-13.75600275052201 
-13.771716873602722 
-13.897957540091095 
-13.898983483527964 
-13.953167865014873 
-13.952972893044096 
-13.963770421520096 
-13.951180297135593 
-13.95579996663342 
-13.965582691584563 
-13.981627714739693 
-14.045557056153541 
-14.050321327420642 
-14.048814066720507 
-14.098840045841932 
-14.111307048062221 
-14.103845839449466 
-14.11443684678816 
-14.13073149994679 
-14.134635152415033 
-14.133079800479992 
-14.11121576218253 
-14.148607946178984 
-14.128436473515915 
-14.194954319021502 
-14.178347350429332 
-14.130211551365855 
-14.191068912866756 
-14.195295763258637 
-14.195477483698118 
-14.236825582692603 
-14.234861186616595 
-14.196189365928191 
-14.201035928531166 
-14.222527954751897 
-14.236415065406366 
-14.257429138346794 
-14.246953967002995 
-14.243322916647314 
-14.237641145967938 
-14.23828141100335 
-14.25953247526478 
-14.259284037471403 
-14.282311621566366 
-14.271714535872986 
-14.269142491430163 
-14.275513571922303 
-14.341408981211602 
-14.362889604171878 
-14.382933522743455 
-14.39899716234357 
-14.388713933554955 
-14.377230509910504 
-14.38457889723169 
-14.398565439665775 
-14.398418454278872 
-14.401721190030024 
-14.402924834088147 
-14.403014539394992 
-14.408591349790475 
-14.411413695499556 
-14.41434550611537 
-14.414263351848994 
-14.41037870409986 
-14.416104107064953 
-14.421209823112646 
-14.435478789125357 
-14.49928663741562 
-14.496863320763739 
-14.498769490689423 
-14.49339138616745 
-14.49869555567018 
-14.500301809214019 
-14.504279203270379 
-14.524278810934959 
-14.52616863257566 
-14.540661449633188 
-14.56100762509164 
-14.562243876696142 
-14.535939421339226 
-14.535372330302557 
-14.521754338271787 
-14.498623165339124 
-14.512801823488346 
-14.519120811888747 
-14.513404308879354 
-14.49963680209569 
-14.50813592526638 
-14.502521122160458 
-14.555099001485532 
-14.551933392925541 
-14.576365152782945 
-14.602820955798366 
-14.606041079344589 
-14.611463132141655 
-14.612976896872564 
-14.624374631006958 
-14.635297781804296 
-14.640771776828737 
-14.640946118738594 
-14.641633028221325 
-14.641578387802754 
-14.640596121030896 
-14.64414484497244 
-14.644708576464971 
-14.651262192519578 
-14.651305875179503 
-14.651445885063591 
-14.659717728443573 
-14.65973770683532 
-14.657472204578367 
-14.657815395514305 
-14.658431546965229 
-14.658488394082632 
-14.666305224956563 
-14.667109245935556 
-14.664599940348827 
-14.664974670644805 
-14.664982733047859 
-14.663126078217587 
-14.66322754213104 
-14.663306893338218 
-14.663109173318123 
-14.676170494490844 
-14.676580344280504 
-14.685960828601075 
-14.68523446221036 
-14.689082033684377 
-14.688978813061453 
-14.681677681375616 
-14.684178263286922 
-14.684026522958588 
-14.684968762083425 
-14.685838660510681 
-14.69540898665656 
-14.695699865784514 
-14.697294879631144 
-14.700394348252603 
-14.70057525556974 
-14.700240710317043 
-14.702909834223854 
-14.704910191817365 
-14.705041908633595 
-14.706273745943985 
-14.706739750050726 
-14.706784020019912 
-14.706784350227311 
-14.706784796205234 
-14.707264866009563 
-14.707357888149547 
-14.707353589393886 
-14.708154517660061 
-14.709411873913748 
-14.709963188672846 
-14.712518860786085 
-14.712114885286661 
-14.712301357933619 
-14.712398221245742 
-14.71246839671268 
-14.712576922565203 
-14.71240433380229 
-14.712782170835364 
-14.71289716496666 
-14.71351329351114 
-14.713415177333827 
-14.713128954086505 
-14.713335495320692 
-14.712921745633137 
-14.712831916045843 
-14.712532909218272 
-14.712681973626324 
-14.7137629723058 
-14.71499322696612 
-14.715276708140157 
-14.715430224089328 
-14.71554475452717 
-14.71789246899538 
-14.717883920556726 
-14.718023967090215 
-14.718149914582927 
-14.718614027429028 
-14.71919923186445 
-14.719195267171122 
-14.71977573315725 
-14.720141116092755 
-14.720264552996335 
-14.720239623933452 
-14.720156856257947 
-14.720353455109922 
-14.720346204326283 
-14.720265502667909 
-14.720207874059431 
-14.722053828332038 
-14.721922570576021 
-14.72236256341762 
-14.722404360816482 
-14.722560003271902 
-14.72270893210699 
-14.723211987394933 
-14.72318287399929 
-14.723531332561844 
-14.723652425282282 
-14.723632558017503 
-14.723785240075177 
-14.72557262667283 
-14.725666155564188 
-14.72569319135404 
-14.726499686946703 
-14.726491222682323 
-14.728122915509772 
-14.728222740167881 
-14.728170216916899 
-14.728594871734924 
-14.728622662705709 
-14.72872008037972 
-14.728757631015391 
-14.728770159687166 
-14.728915381728672 
-14.729000331806725 
-14.729101445270057 
-14.729114523831672 
-14.729111042478074 
-14.729228686836118 
-14.729233653682526 
-14.729210229738086 
-14.729220221727939 
-14.729221960699567 
-14.72923234307154 
-14.729281844587954 
-14.729938768144596 
-14.730012001381505 
-14.730044635653348 
-14.730200403317466 
-14.730251208946875 
-14.730290447554538 
-14.730411343474334 
-14.730412008072403 
-14.730410951995049 
-14.730667457077097 
-14.730753372498295 
-14.730658215359147 
-14.730958147266653 
-14.730936206957407 
-14.730941215597792 
-14.731143338523351 
-14.731502036417622 
-14.731494325166835 
-14.731573631019558 
-14.731604732038566 
-14.731778799550227 
-14.731930282727491 
-14.73211555629645 
-14.732218396511206 
-14.732245537252396 
-14.732667589976058 
-14.732677775171554 
-14.732821265298739 
-14.733057229944276 
-14.733089895012508 
-14.733128795729991 
-14.733185117948778 
-14.73341562398247 
-14.733537474777677 
-14.73353793073074 
-14.73357427046439 
-14.733612841483557 
-14.73363271884472 
-14.733708635005467 
-14.733770060616887 
-14.733789105543499 
-14.733858194738005 
-14.733874424783203 
-14.733930043022458 
-14.733966776149021 
-14.733977842177023 
-14.734000814263997 
-14.734002448207514 
-14.733996433890585 
-14.73400385346103 
-14.734065820038001 
-14.734033225943096 
-14.734006761696845 
-14.734139871168509 
-14.734290076221882 
-14.734310167369376 
-14.734297331774156 
-14.73439040325247 
-14.734450906232533 
-14.734449390575172 
-14.734456769467831 
-14.734674833548397 
-14.734625346119193 
-14.734738150293087 
-14.734828129326964 
-14.73482954993688 
-14.73483831409585 
-14.73487908572076 
-14.734935573233807 
-14.735268343803401 
-14.735317731517897 
-14.735463202972891 
-14.735463450874992 
-14.73553186306195 
-14.735611352610261 
-14.735656574331538 
-14.73570441746218 
-14.735816132246125 
-14.735814711736356 
-14.735817160281943 
-14.735850237106158 
-14.735853063480794 
-14.73586997112357 
-14.735959021424316 
-14.736065025665727 
-14.736104614064494 
-14.736288048906417 
-14.73628749693951 
-14.736298233443314 
-14.736305505975668 
-14.736320771035368 
-14.736378881825747 

 Time 
27.609765768051147 
