Energy 
 
-6.4476662915535154 
-13.030203082778355 
-13.076820876305966 
-12.534872396674661 
-13.062131220840609 
-13.2174613481265 
-13.793665421882363 
-13.0594637089356 
-13.125523769795176 
-13.36750709858007 
-14.27565243052884 
-14.283358053304667 
-14.510638442133347 
-14.85594282957234 
-14.924130475905987 
-14.49655787273546 
-14.513498922568107 
-14.386919073662675 
-14.563090103088447 
-14.246604905861092 
-14.284861116254973 
-14.303552862757666 
-14.50314470806979 
-14.558289160199294 
-14.438447647025615 
-14.314487385226187 
-14.337587652964872 
-14.337147886039222 
-14.325911477223718 
-15.132598435814579 
-15.146776528465011 
-15.19279263320228 
-15.324809260824942 
-14.816772435983617 
-14.95397881898336 
-14.651099552419437 
-14.474395004150466 
-14.49563159643914 
-14.880834602654971 
-14.878144033555643 
-15.031855956696434 
-14.802049877421053 
-14.991391743576488 
-14.934880158665102 
-14.797576379704934 
-14.973188273464146 
-15.002521253897868 
-15.30106890203443 
-15.319880155431848 
-15.021717255286259 
-16.090638627301377 
-17.24647809384147 
-17.53991760047472 
-16.512140990369524 
-16.527934643247143 
-16.496538729063044 
-16.41294415270637 
-17.228252492910226 
-16.837432356923685 
-17.117547852117372 
-17.831033933383484 
-18.06601344522592 
-18.069693694835898 
-18.1290402173592 
-18.495680647242967 
-18.601457506313565 
-18.670803839314548 
-18.714185092395994 
-19.394255371794223 
-19.366371392907784 
-19.578788687940595 
-19.62091416683959 
-19.48629379923009 
-19.48105644717895 
-19.474475556869685 
-19.44748428944187 
-19.436243444711533 
-19.67840455336758 
-19.714319669708708 
-19.728184199087192 
-19.634366977782125 
-19.63121450239181 
-19.592018494429322 
-19.494231294579816 
-19.804899568806206 
-19.93076161886021 
-19.825465652026843 
-19.882125817350406 
-19.930821974447632 
-19.86354019289876 
-19.81937408641964 
-19.945102949736818 
-19.887549124480934 
-19.89476430050157 
-19.91273812920899 
-20.041114166279506 
-20.072989092047006 
-20.065545205107057 
-20.0028642472887 
-19.887545159818394 
-19.77469622233264 
-19.7999045848831 
-19.939510337742277 
-20.270823323701475 
-20.035269797060156 
-19.94964517845224 
-19.653782897525794 
-19.623308808265374 
-19.303071776115754 
-19.3666477498746 
-19.25927017740097 
-19.273483987373968 
-19.544734914387337 
-19.587926320982593 
-19.90829473328805 
-19.86583140871658 
-19.866205396076353 
-19.881675979701928 
-19.932031865818683 
-19.91961155774009 
-19.883558276323516 
-19.853405497973235 
-19.870823457273172 
-19.914823210423666 
-19.99389397415468 
-19.903850976564094 
-19.829750195602276 
-19.974014505232695 
-20.083286837720323 
-19.9168974284634 
-20.08342533040114 
-20.076774082574385 
-20.10838057737495 
-20.11142417572625 
-20.111266625835018 
-20.090753069979858 
-20.131303021222834 
-20.112691854552974 
-20.097456310207782 
-20.117972299911607 
-20.106780908616862 
-20.100417289655184 
-20.101594280411884 
-20.245440548737363 
-20.234182113492007 
-20.213028754836643 
-20.227099123517565 
-20.14193812482102 
-20.182068163296318 
-20.174992030807058 
-20.254958642432143 
-20.227828168140636 
-20.228975583788205 
-20.176823065933565 
-20.117347373674477 
-20.087635714359614 
-20.063702777619504 
-20.25730619582877 
-20.118651001339803 
-20.00179511503425 
-20.055087439215697 
-20.113856330417594 
-19.950625934424004 
-19.82144860756195 
-19.65255374533158 
-19.809010978728523 
-19.76453196585005 
-19.794827954903468 
-19.989747234501845 
-19.978032092112034 
-19.958675435718444 
-19.791856859613485 
-19.92989304696702 
-19.963894418166554 
-19.97983059548489 
-20.06438200476809 
-19.972658234211806 
-19.910883594973914 
-19.999395179223104 
-20.180164961880976 
-20.201899482180316 
-20.064694970029176 
-20.062253468621932 
-20.000932556195583 
-20.016861240525536 
-20.024428582852025 
-20.033844895077614 
-20.050253318434056 
-20.092754041717818 
-20.374371502078276 
-20.36071795160367 
-20.63421098429692 
-20.49515499884214 
-20.686382837414232 
-20.538523356647712 
-20.60090527990542 
-20.6450818568672 
-20.64500880922055 
-20.703197340841886 
-20.691529881778436 
-20.65576912483238 
-20.704630294259275 
-20.69951045354189 
-20.74252110957959 
-20.885736967552273 
-20.936982006204566 
-20.906439260396002 
-20.90597519414749 
-20.95864546431066 
-20.984342717318437 
-20.968722331644628 
-21.101430225453534 
-21.052794738528778 
-21.02229587396281 
-21.054562399174007 
-21.03496411629761 
-21.01252293693638 
-21.03713665804552 
-21.03920252895821 
-21.078896888253585 
-21.10746815324582 
-21.086324696149724 
-21.05368776817914 
-21.121693916607224 
-21.154571636958178 
-21.119289173655385 
-21.13827223085886 
-21.155171720866136 
-21.153486233709312 
-21.133840456328446 
-21.14566360571003 
-21.152585750841723 
-21.173642070595754 
-21.188879183945904 
-21.191589936772164 
-21.250992122218644 
-21.21324037205008 
-21.210106078794187 
-21.215265381084595 
-21.20957928934502 
-21.255014374310445 
-21.231306703823638 
-21.270381612473393 
-21.26282325489858 
-21.24372759765649 
-21.244732093186062 
-21.220862210404917 
-21.31540524498491 
-21.380009842986425 
-21.425739207193658 
-21.426020264730766 
-21.43445405492783 
-21.40812222846734 
-21.393654230871288 
-21.443740073519955 
-21.50309423947811 
-21.475550927255448 
-21.557587642720947 
-21.583483771200385 
-21.618241340380525 
-21.6308101525939 
-21.75128215793448 
-21.681257782349146 
-21.663440947795024 
-21.71980389629096 
-21.77015075937924 
-21.746496000783633 
-21.757971014393686 
-21.778585769183763 
-21.751266287481407 
-21.78316112510497 
-21.790198825393542 
-21.766249716621225 
-21.936309297495903 
-21.93347868104649 
-21.869725868190645 
-21.80552505686647 
-21.702049675781048 
-21.74979668411325 
-21.823837604328155 
-21.778527105881565 
-21.788324131676063 
-21.805582094456824 
-21.80020068371331 
-21.889004154737208 
-22.07159817624255 
-21.958529975960094 
-21.783380392758588 
-21.917605921665853 
-21.784133271453154 
-21.644348609231137 
-21.68941112012698 
-21.751239320847226 
-21.691770177752232 
-21.595413427961695 
-21.61667030064838 
-21.64753076975925 
-21.589711062835864 
-21.595986105653136 
-21.56531974487477 
-21.51760877935186 
-21.56764697870409 
-21.884137083045488 
-21.862792092353978 
-21.85443657078356 
-21.924765290242625 
-21.696740793389626 
-21.609432277790436 
-22.19210795354601 
-22.11032343363764 
-22.041024711652355 
-21.714554389060584 
-21.646233397767148 
-21.334109584539853 
-21.263417967249975 
-20.952800367669816 
-21.26731736936583 
-21.25540897301523 
-21.501237519472905 
-21.542589954594984 
-21.714354560995783 
-21.726260202802614 
-21.541709774698813 
-21.547591399202204 
-21.692278143968846 
-21.67123080509527 
-21.67414276098265 
-21.64828024613296 
-21.673979848912452 
-21.736403628825702 
-21.74461839539697 
-21.75371981918147 
-21.73727746512958 
-21.70830326003676 
-21.682870151531546 
-21.688894411354323 
-21.75625478972165 
-21.715869086293683 
-21.77884015812147 
-21.91095677869637 
-21.878572695207883 
-21.8538468849513 
-21.923544057084374 
-21.83125546994602 
-21.837727879189558 
-21.822354490624047 
-21.817904234835165 
-21.929524086681102 
-22.274368738720106 
-21.97422468192891 
-22.06222433321624 
-22.022630394981796 
-22.16268720930051 
-22.765941137912105 
-22.786009381208007 
-22.520922631619314 
-22.332997463611648 
-22.25742034135116 
-22.0131905305942 
-22.139554501769346 
-22.02562553099186 
-21.852438798939268 
-21.88630873253743 
-22.623201113957915 
-22.713253498635037 
-22.862940625894375 
-23.225931482500762 
-23.161415540955804 
-23.182895265557406 
-23.068331436245295 
-23.301837937318965 
-23.195324425018086 
-23.36172559492118 
-23.259434909352407 
-23.260495218295105 
-23.272192737308025 
-23.462354150699834 
-23.459537519454525 
-23.46204779744335 
-23.542479183849473 
-23.61343516628137 
-23.714845145069546 
-23.707957109029678 
-23.747783989446134 
-23.793683590298247 
-23.73666100276645 
-23.688846396803545 
-23.784648143203636 
-23.8042046727486 
-23.814758213667055 
-23.798145324485855 
-23.83282924903305 
-23.854699596460122 
-23.83022261456793 
-23.798422043733332 
-23.828391799623585 
-23.815147516977362 
-23.78626115652989 
-23.918171369271523 
-23.9817318621527 
-23.920306461415286 
-23.911247365138248 
-23.908528039648505 
-24.060146953951204 
-24.08350938523585 
-23.929115346228418 
-23.981092444198914 
-23.98913422609494 
-24.000313453010566 
-24.06187104888545 
-24.074478084288803 
-24.022189449605854 
-24.061833733659704 
-24.10527719741238 
-24.060358337462816 
-24.08434375112252 
-24.058281313268623 
-24.045165266835266 
-24.06693824976072 
-24.047357016535656 
-24.0437955841688 
-24.059776338736572 
-24.042148404947934 
-24.06476732317588 
-24.156632687603214 
-24.15620422565801 
-24.228550349554432 
-24.145390692578193 
-24.151707808443405 
-24.13297367784983 
-24.13099181012596 
-24.193532570253847 
-24.228218289573835 
-24.235112698227425 
-24.150537289171325 
-24.274310221977593 
-24.41822825997699 
-24.563661639373592 
-24.55290976161643 
-24.52098787550466 
-24.767781040803882 
-24.80551850934911 
-24.8137042534968 
-24.82431821982061 
-24.823083986738855 
-24.825172369176087 
-24.814318058812702 
-24.81130241315524 
-24.841116663599465 
-24.824085228414773 
-24.80369716738159 
-24.808824870244052 
-24.80886065944063 
-24.81062201258825 
-24.827824732803787 
-24.825991705156383 
-24.836594988093744 
-24.843315773421477 
-24.87109460152185 
-24.87483393719548 
-24.879277444763094 
-24.87918116307081 
-24.87207586463898 
-24.87121467590176 
-24.897068416527837 
-24.910784193224416 
-24.909413844681787 
-24.91134312446877 
-24.913411438368605 
-24.927973211906444 
-24.932433274962438 
-24.942882199024222 
-24.98975059191094 
-24.990607525217914 
-25.00394511786704 
-25.001233266903956 
-24.997339032939287 
-25.00450606084427 
-25.013112692056556 
-25.024511863962342 
-25.02916225810791 
-25.01814693651301 
-25.026089634124336 
-25.026415817153868 
-25.04290793353874 
-25.04492998868289 
-25.043441764425495 
-25.030879652812185 
-25.03052550097624 
-25.036294461372538 
-25.036253834278334 
-25.052457157896512 
-25.052831040531288 
-25.091214521254994 
-25.105813683067524 
-25.10287527946289 
-25.107156368434598 
-25.125455326962584 
-25.126456222017314 
-25.126121604886148 

 Time 
389.5760688781738 
