Energy 
 
2.3901426789892715 
1.9675445117874506 
0.8627224499243129 
0.8544665532923709 
0.6281772160824511 
-0.3451793446821353 
-1.2952788715092112 
-1.2014822957187532 
-3.091586623945102 
-3.058443949443755 
-3.041642021504338 
-2.481855379074899 
-2.419744425664059 
-2.369743220214848 
-3.0540037875933104 
-3.0427289983900954 
-3.6054557965803347 
-3.4290539113455463 
-5.005806965130447 
-4.176399862224376 
-4.174852488088636 
-3.8065052623781255 
-4.373496186330251 
-4.421164656342194 
-4.419653835903399 
-4.515016878897136 
-4.889104359361524 
-4.976637110560028 
-5.091774895229337 
-7.276176410712248 
-6.631199755036278 
-6.893779214022452 
-6.89152060280308 
-7.359291942283577 
-7.72588657547563 
-7.712530724757085 
-7.430933233787526 
-7.519577753501707 
-7.52638643271967 
-7.3039463452159605 
-7.67147340665117 
-8.63291675060409 
-8.076722642899014 
-8.235946987746752 
-8.395750149983545 
-10.614178260240521 
-10.690405565699667 
-10.773917505391529 
-10.811330327179073 
-10.998473924426358 
-11.590852124754617 
-11.033060590635976 
-11.023223522985962 
-11.176091938148721 
-10.863117871348202 
-11.892578801472272 
-11.589130211202505 
-11.395893638552058 
-11.190694495899203 
-13.876478387252224 
-13.179514592423917 
-14.357845640025728 
-14.518878005281275 
-14.32996010071885 
-14.240971353961818 
-14.609628620000542 
-14.788697605700037 
-14.839180582123491 
-14.78861867325653 
-14.89606390453638 
-14.830463793664658 
-14.827570132650806 
-15.899287371074752 
-16.186907998773187 
-16.465200743245003 
-16.50593782550783 
-16.51219337944345 
-16.681332539255216 
-16.634358359006015 
-16.604814360885868 
-16.52235662751658 
-16.743257849655173 
-16.672415191526024 
-16.781911206190834 
-16.63406484431639 
-16.698088039938764 
-17.100324642630188 
-17.177061029948323 
-17.091860926992616 
-17.03608613253534 
-16.842265916261557 
-16.863728881729347 
-16.650521580130693 
-16.451959007527872 
-16.431981497536462 
-16.362629982201096 
-16.5560332275132 
-16.553686601139095 
-16.51973567778207 
-16.815168179765518 
-16.578435716197987 
-16.77387670764813 
-16.783444464023432 
-16.675501443899456 
-16.646710888404908 
-17.228582599822342 
-17.218243581707664 
-17.159140177796843 
-17.008539986273696 
-16.755631113304734 
-16.781572102786253 
-16.807804953480773 
-16.925623337776173 
-16.923303878292216 
-16.958147286052103 
-16.99027067268386 
-16.903407866095876 
-17.351434418606623 
-17.37729525535809 
-17.41811999769231 
-17.446568834337874 
-17.22437063226355 
-17.15193331397199 
-17.250211773426454 
-17.057008571994693 
-17.056720071634185 
-16.93597502538908 
-16.87235698035542 
-16.92029086867326 
-16.964624306378557 
-17.20557312473278 
-17.3773627642301 
-17.342602360021704 
-17.34825695565965 
-17.32784161730872 
-17.20894271157925 
-17.133438210403174 
-17.227659577664063 
-17.197880546460215 
-17.19936002552051 
-17.159876236747536 
-17.164476514677055 
-17.568335705819816 
-17.598357520765628 
-17.613636076063404 
-17.203450138243916 
-17.504118672297913 
-17.691740738392983 
-17.409832914676755 
-17.57095471304207 
-17.386325232264948 
-17.347555089216822 
-17.115488771636777 
-17.047220359841614 
-17.150878216269593 
-16.995215778996513 
-16.986160226861454 
-17.435597906975822 
-17.510023247481328 
-17.114705600209483 
-17.22958455194382 
-17.22269656562324 
-17.02151268901292 
-17.174981288785823 
-17.037996369683547 
-17.06042352048652 
-16.946160542601124 
-17.434208579954273 
-17.12791275872427 
-16.964772159422708 
-16.763062108525993 
-16.876833777191823 
-16.90789559932204 
-16.824558150364194 
-16.93547285324117 
-17.0434766659849 
-16.90868770901716 
-16.94421080894583 
-17.132694030757833 
-17.055220668558103 
-17.3683133765371 
-17.319706816110134 
-17.283939467876735 
-17.150509535948615 
-17.161980936929332 
-17.501470711024886 
-17.596501437811956 
-17.82885413104406 
-17.83952404005208 
-17.681005040811925 
-17.584887508549055 
-17.83699546277775 
-17.970711329953843 
-18.148483541815093 
-18.46539752930531 
-18.20329046942102 
-18.127276407376904 
-18.292831927855215 
-18.33392393190606 
-18.25131738083699 
-18.336934870598977 
-18.258198434407937 
-18.269207685431365 
-18.378897449068894 
-18.370092556564323 
-18.37892132139566 
-18.432450398330833 
-18.477485273168384 
-18.81305549003965 
-18.77200693731974 
-18.614092275128662 
-19.14195167958569 
-19.01377857005078 
-18.737447718548854 
-18.504830505758285 
-18.370387729432217 
-18.37886940207193 
-18.03615802213004 
-17.612457991893958 
-17.58979349409232 
-17.528636069760196 
-16.966782207056298 
-16.319115750058998 
-16.335126993521783 
-16.234711821897672 
-15.730636137638461 
-16.27850772954712 
-15.875576534245269 
-15.821925534442125 
-15.617525364023845 
-15.667430800020009 
-15.479741885320747 
-15.797956601640978 
-15.646881234663072 
-16.132110078507075 
-16.04928978671884 
-16.0158208947554 
-16.603922721250424 
-16.578596269843505 
-16.545803158420448 
-17.790889268293885 
-16.82181786356298 
-16.789807611254584 
-15.920517664907846 
-16.308076793575122 
-16.059239596906377 
-16.203385123229598 
-16.207179521495192 
-16.139937197989667 
-16.15365066079936 
-16.657985428928193 
-16.86802271309577 
-16.72277144667791 
-17.127263954960252 
-16.51353503451095 
-16.653371648588838 
-16.503482714698343 
-16.66756588033671 
-16.601051426645395 
-16.802315961678204 
-17.054304392508588 
-17.071018089182065 
-16.833628074758423 
-16.880760266166583 
-17.54437919900346 
-17.708661360265776 
-17.41078340128186 
-16.94910909344629 
-16.934469273556388 
-17.510955353778314 
-17.5602475989836 
-17.20512067213156 
-17.15443342354846 
-17.14343685168766 
-17.254420422470375 
-17.09993037022531 
-17.089886009485184 
-17.154247433459858 
-17.071290218842528 
-17.058634007285985 
-17.05139420993233 
-17.153326462753355 
-17.209300634414298 
-17.23816304817097 
-17.492072594916742 
-17.316758277596634 
-17.506403907900832 
-17.549004413177464 
-17.326704389026375 
-17.400859615545055 
-17.4100868961515 
-17.34851063630587 
-17.607025991583242 
-17.87322421931886 
-17.98227798225252 
-17.93459061580355 
-17.990720646440476 
-17.916131953797382 
-17.9802748049163 
-18.04895630961505 
-18.12840042006482 
-18.17072336406324 
-18.25212960354368 
-18.23554630556287 
-18.11135433848191 
-18.102755898044883 
-18.31022629319233 
-18.18901691874317 
-18.138538174575327 
-18.06581379713662 
-17.96457311462128 
-17.95103973326673 
-18.01639704989588 
-18.027499479947846 
-18.1543409057323 
-18.046975573051903 
-17.922292835827534 
-17.827964598598243 
-17.788749499172283 
-17.622844926128863 
-18.09859299066809 
-18.370918487330098 
-18.663477008074707 
-18.6038455695269 
-18.650804663773325 
-18.695671390540223 
-18.511285321037754 
-18.50420506716182 
-18.359945847583987 
-18.387865400542033 
-18.339019966243644 
-18.274316679823226 
-18.60959099345689 
-18.391197164411683 
-18.196677842561236 
-18.01054653136481 
-17.999580449881027 
-17.605674270720225 
-18.006251219534377 
-18.42446762248765 
-17.96476237977341 
-17.923030443308807 
-18.16743323018209 
-18.48874573156257 
-18.462215261055146 
-18.41764005778129 
-18.352659337742672 
-18.17051171973801 
-18.194918138789753 
-18.191168117583366 
-18.338730916372516 
-18.350785669097284 
-18.32509087972542 
-18.457871384069378 
-18.375245259750727 
-18.421084900324256 
-18.475917309908755 
-18.49103691512172 
-18.94990362461881 
-18.916790112118612 
-19.048814460831522 
-18.864815034236695 
-18.773181882330984 
-19.002008902446246 
-19.124602536364666 
-19.194454564018507 
-19.154251046745756 
-19.120625020418995 
-19.35083085244546 
-19.350941449653455 
-19.33724757012788 
-19.26898643423589 
-19.405320900323172 
-19.399178442691916 
-19.508571848954617 
-19.368731997592946 
-19.30549587253602 
-19.48730116784005 
-19.557202174890026 
-19.607122004100454 
-19.4352518767443 
-19.577286343198377 
-20.050903660017678 
-19.944975036170483 
-20.080481687819965 
-19.95158650175413 
-19.98262140907735 
-19.951480402118122 
-19.934052243221853 
-19.925824667932936 
-19.9739931467356 
-20.010778338119195 
-19.958689742382454 
-19.947409938099007 
-19.981361271905744 
-19.980917323763606 
-19.981515536648327 
-19.977546494978387 
-19.970807903341022 
-20.086905892746792 
-20.095498689985757 
-20.385851706894183 
-20.37746584803821 
-20.123758704796916 
-20.238991178852647 
-20.096503362678554 
-19.95457060432803 
-19.94828466424767 
-20.116867133885506 
-20.04378725359241 
-20.03966699568738 
-19.998530225275022 
-20.0799073910059 
-20.395034253869124 
-20.546048719107823 
-20.51684897179688 
-20.587146855763507 
-20.534746754867474 
-20.47750634255156 
-20.459254446637505 
-20.43835832174822 
-20.330421314899347 
-20.294458544928997 
-20.364860411153874 
-20.365466046208567 
-20.39440115448901 
-20.366727527037625 
-20.309646423382265 
-20.316068182158894 
-20.327369819951297 
-20.329274119738162 
-20.38319307029954 
-20.451718516482618 
-20.409047010253747 
-20.451657984946173 
-20.45494423392 
-20.46473643131243 
-20.48671008763345 
-20.490932242809176 
-20.494025491419336 
-20.491755447644977 
-20.481086018060704 
-20.511623806648185 
-20.495785111801624 
-20.49680542146538 
-20.496452771484947 
-20.511509018698405 
-20.52400073754045 
-20.52065739514907 
-20.586477074929196 
-20.549258843670092 
-20.616019218126883 
-20.720882729841033 
-20.696430994409354 
-20.584484617726087 
-20.67627837940574 
-20.700181728762015 
-20.708902363630692 
-20.716601036011458 
-20.71279247832097 
-20.764306230626367 
-20.924265339406446 
-20.951146241630084 
-20.943459924394908 
-20.87692160778585 
-20.7936828144853 
-20.853178084379774 
-20.904253137104966 
-20.93778160792096 
-21.017102416865377 
-21.009646638424883 
-20.96460097232435 
-20.93041839361211 
-20.887256464520252 
-20.79863351965791 
-20.769728120543054 
-20.706884086977627 
-20.709360919961895 
-20.662026374648597 
-20.62910033711627 
-20.73513254338153 
-20.78428032104813 
-20.711726452909367 
-20.74622058086025 
-20.746506440016066 
-20.74638923282485 
-20.701403342960003 
-20.737650389981845 
-20.717212110372106 
-20.74278856620373 
-20.734437982215567 
-20.783738029206134 
-20.863313801219505 
-20.75969551727911 
-20.740773163002803 
-20.738165991525467 
-20.774374355196255 
-20.732488321570337 
-20.729848909954505 
-20.698953223497956 

 Time 
741.1296730041504 
