Energy 
 
2.3901426789892715 
-0.12385435366530806 
-0.26580212168578854 
-2.191238236189621 
-2.8195665099262945 
-3.4112066955741467 
-6.420460549660787 
-6.241953438417711 
-6.279665074936539 
-6.650257462921783 
-7.410164905265988 
-7.107173118002645 
-6.462399430163299 
-6.129187045617428 
-6.029217665974425 
-6.137766839260083 
-6.192776338693979 
-6.285063238942522 
-6.888800079035197 
-7.04249929114753 
-6.335587139175862 
-7.049876900668457 
-7.701506882755096 
-7.6874341408967455 
-7.566321169956195 
-7.584258242823255 
-7.955972910713005 
-8.80403553872997 
-9.797619621315798 
-9.795940408545224 
-9.256492452400053 
-9.233050547296108 
-9.114164631431294 
-8.902780175465377 
-8.772070285127866 
-8.70828939141175 
-9.047411304654833 
-10.356795332014917 
-10.364750591091003 
-9.104996831528105 
-9.126748247487585 
-9.400780287417827 
-9.187883905103318 
-10.023208206323048 
-10.496832335300791 
-11.905171728166016 
-11.902715642017998 
-11.260083069753026 
-10.95774035541366 
-10.91476488024557 
-10.718976148304932 
-10.81290929411907 
-10.625648402018527 
-11.779899176383578 
-12.095509390816147 
-12.203367173752824 
-12.245107848530123 
-12.373321741862073 
-12.748953870961829 
-12.684979168549244 
-12.7483749998494 
-12.745999599629357 
-12.700179330705884 
-12.862149913585277 
-12.843153760763768 
-12.886366650456214 
-12.831663487821812 
-12.790829422518494 
-12.750335567279079 
-12.682900991291984 
-12.726844434796766 
-12.731690965458112 
-12.732393934216098 
-12.788536721852015 
-12.814206830619101 
-12.80864829076312 
-12.88509265895839 
-12.927471304690169 
-12.938387963118121 
-13.034810369711517 
-13.136000506854106 
-13.095717062513987 
-13.109761990522282 
-13.065219585560046 
-13.164226705485703 
-13.156279215047958 
-13.187818524880548 
-13.39645121102004 
-13.544848915473171 
-13.548562807257914 
-13.335275513198418 
-13.308623777007536 
-13.854860828651312 
-13.54017769165604 
-13.638962056669763 
-13.731679224779207 
-13.958609823119415 
-13.744748442673801 
-13.901281938957233 
-14.437547952833683 
-14.450767775121076 
-14.44638834088294 
-14.380921484300892 
-13.996339641118277 
-13.751644989987529 
-14.456102112639172 
-14.451453724115407 
-14.097635897404773 
-14.488099203396002 
-14.320328110354131 
-14.255301950335724 
-14.513223054551258 
-14.311746026080122 
-14.91005008258173 
-14.625774555401268 
-14.471991657175401 
-14.879620575603745 
-15.112397706607318 
-15.042722551371886 
-14.851207436700083 
-14.836145048660928 
-14.737646218610244 
-14.571670777493445 
-14.685501444618245 
-14.628039085672407 
-14.487084172819777 
-14.494759026271547 
-14.344339603127967 
-14.252488718445429 
-14.151930540520954 
-13.90621740345856 
-13.621481166929518 
-13.598379584531639 
-13.577938297036326 
-13.73878883901984 
-13.694631306842291 
-13.860569205664623 
-13.899947279730737 
-13.702999247122332 
-13.850366545873198 
-14.02574512712773 
-13.83458573626215 
-13.900613600259222 
-13.77173642573624 
-13.726960533109882 
-14.356149394599962 
-14.466111368513893 
-14.393869732272751 
-14.378173174140606 
-14.21124714368502 
-14.40870068332023 
-14.48210072833084 
-14.517685308746593 
-14.629676579222508 
-14.473826126928074 
-14.87990669444535 
-14.796916078927294 
-14.708349131178124 
-14.47268110241299 
-14.740682634170806 
-15.157648927277853 
-15.111072527391286 
-15.090625928841058 
-15.011943333773985 
-15.142271100705955 
-15.194351553341733 
-15.173634935447849 
-15.18878473202482 
-15.098452048601388 
-15.040715205146453 
-15.141879268836457 
-15.054984485610946 
-14.994341160611093 
-15.019458917143947 
-15.042544679169048 
-14.986127282070045 
-15.199754767007125 
-15.151086507299333 
-15.178673013725 
-15.038774575504316 
-15.076027081782712 
-15.183093230793128 
-15.135390876244356 
-15.065311868680887 
-15.063836039625956 
-15.08185775895572 
-15.03118373160126 
-15.125344272008899 
-15.25908099979963 
-15.28273899670453 
-15.342414072850012 
-15.301225824191143 
-15.377643966489421 
-15.356256974533391 
-15.33392973584828 
-15.383163035707776 
-15.392411058831934 
-15.37303615365239 
-15.378867032762294 
-15.356285474021782 
-15.352139001384211 
-15.375792019688328 
-15.42059756566359 
-15.387744541962745 
-15.411842332323108 
-15.463055491759032 
-15.460198221643234 
-15.457071576888797 
-15.518584590403085 
-15.474841760881597 
-15.455640232965797 
-15.429018076225345 
-15.646019409142578 
-15.58624340296771 
-15.591525343500711 
-15.477820481071172 
-15.415321523490583 
-15.809618320791856 
-15.596849614113877 
-15.56915549293398 
-15.598765826202916 
-15.673581844995189 
-15.696671927085239 
-15.657404484905314 
-15.911061001313536 
-15.815435029548889 
-15.734630699930312 
-15.564585429514253 
-15.555759944597153 
-15.379302173027027 
-15.792415574433733 
-15.861289938386498 
-16.082852344255322 
-15.808027788225889 
-15.652940280872764 
-15.659532080016184 
-15.659767074073594 
-15.72733626285387 
-15.76300170561881 
-15.902325140422846 
-15.795154756702063 
-15.83444372753405 
-15.927315132670033 
-15.8557435788975 
-15.860193666608765 
-15.78533986073563 
-15.739286694766212 
-15.712083963080804 
-15.798689319851269 
-15.820784932555586 
-16.034331629127433 
-15.971383862512324 
-15.98131933444953 
-15.968241709662989 
-15.979837327690813 
-15.984892926420292 
-15.984793023134358 
-15.985078637397425 
-16.001737053645712 
-16.06547376573866 
-16.06454047085678 
-16.076732724366302 
-16.077875724919224 
-16.037710335018463 
-16.07327323238993 
-16.07936800217146 
-16.111113786022663 
-16.083170801011505 
-16.08451980579995 
-16.13643303066576 
-16.12507736276502 
-16.098287758293733 
-16.131494485359017 
-16.212186924562783 
-16.1785943994873 
-16.143172091958363 
-16.078347261739093 
-16.067496962347455 
-15.964966870376365 
-15.8826537530892 
-15.901733657848549 
-15.799642831336644 
-15.881261406533518 
-15.869586858243785 
-15.85498443240924 
-15.937028317784955 
-15.963242713825368 
-15.95953138592184 
-15.958410745215412 
-15.951257061785933 
-15.981280988235472 
-16.044777299107608 
-16.012023930484894 
-15.953000997369914 
-16.02373978877385 
-16.006364961747998 
-16.005671421532675 
-16.030500324524567 
-16.026120639016888 
-16.027984527572166 
-16.02197016271591 
-16.024941933175043 
-16.029857677313085 
-16.09387517981452 
-16.096965179924148 
-16.113287215350905 
-16.0748724859471 
-16.092768703634526 
-16.07556114332127 
-16.093556894624268 
-16.074373423238647 
-16.057910705745666 
-16.094560345754097 
-16.18114805823085 
-16.116269143445653 
-16.13809413396087 
-16.144829428348004 
-16.165344388664323 
-16.16341280201889 
-16.159966041205358 
-16.15161018935673 
-16.144564948420207 
-16.14394601629242 
-16.153408534769742 
-16.154023065433854 
-16.147863930024542 
-16.17003806094812 
-16.169260817280275 
-16.200649882036632 
-16.189140460155574 
-16.217514514902675 
-16.22080845507828 
-16.201165751326457 
-16.18620987072283 
-16.177435616473026 
-16.189235137959738 
-16.196589666997486 
-16.18916890032156 
-16.226697929666415 
-16.30278219757326 
-16.249140175332393 
-16.207896741586207 
-16.205232527964988 
-16.210400603072163 
-16.19314308290255 
-16.299986000096226 
-16.37435842025327 
-16.298610222254556 
-16.204842739576634 
-16.11615253978882 
-16.247452380295076 
-16.332361113731842 
-16.213758898435856 
-16.20045889509788 
-16.31194585717118 
-16.29795464821797 
-16.21719868962653 
-16.2540090074758 
-16.265133805286368 
-16.508010010058634 
-16.549190178297213 
-16.47716542516646 
-16.327550037895247 
-16.45676279530119 
-16.47914651033941 
-16.563824311965718 
-16.56381004554734 
-16.481017170775555 
-16.47852129060659 
-16.47480819040707 
-16.417172778955653 
-16.44419175208644 
-16.44921644365449 
-16.46731205335365 
-16.45984493805616 
-16.476049839107468 
-16.467945318017215 
-16.469128811195127 
-16.482118364754623 
-16.52358128966327 
-16.48268307375895 
-16.527460908991486 
-16.61564563243603 
-16.5538899607296 
-16.54245872115811 
-16.544818399129362 
-16.592549245813508 
-16.569522492122612 
-16.598589530689768 
-16.56137408268591 
-16.5581265352608 
-16.56668687893908 
-16.585324022085274 
-16.591209123452206 
-16.595822197867427 
-16.604386574479392 
-16.629128589590223 
-16.603664749959155 
-16.60044667155095 
-16.62328802272102 
-16.649859572231648 
-16.71262362925261 
-16.70895824748085 
-16.697345298396844 
-16.69591546580645 
-16.687738098323955 
-16.72716838277499 
-16.713844899647906 
-16.73319918739193 
-16.709899355399063 
-16.767873245308323 
-16.732379956875175 
-16.74876320106412 
-16.833434132545406 
-16.875323161210474 
-16.811393111862124 
-16.79272491606466 
-16.83430396356023 
-16.809991532787187 
-16.855805859533728 
-16.832011322429505 
-16.85035877960741 
-16.847281676820554 
-16.85017478939403 
-16.87895583934095 
-16.8702087405469 
-16.857653277276523 
-16.864431836138287 
-16.874049574230636 
-16.869899611011732 
-16.882694993690574 
-16.882183554786508 
-16.891428920831896 
-16.89229422159187 
-16.87844446703536 
-16.987644486050794 
-16.97877364293238 
-16.8896762323811 
-16.865128562342008 
-16.877651221312423 
-16.873451104924527 
-16.830874791860577 
-16.815000029039112 
-16.936067996962038 
-16.941440631902243 
-16.87002521176712 
-16.903204729923548 
-16.951789068517368 
-16.893942756004 
-16.928802826083512 
-16.932981991400403 
-16.937416115889953 
-16.927347637515645 
-16.908577531083882 
-17.020596668492953 
-16.965763297368262 
-16.892026398041043 
-16.915983773411565 
-16.887168292878517 
-17.034374386923453 
-16.927119173190363 
-16.838013756783386 
-16.955926727224057 
-16.977007465011237 
-16.981587616259866 
-16.968098094738107 
-16.962807841801858 
-16.973947565256523 
-16.987644256694317 
-16.98482715540762 
-16.979407550603984 
-16.97858070998324 
-16.970340753781862 
-16.973699779508763 
-16.97385453883129 
-17.02309770329334 
-17.026974498908594 
-16.99766826999028 
-16.995781290259153 
-16.987413851999623 
-16.963751773188683 
-16.98774465622613 
-16.98281891790984 
-16.9812161590907 
-16.976017214824356 
-16.964089568515067 
-17.010891355552424 
-17.05293709680637 
-17.080641052961543 
-17.049550852745238 
-17.002173150965838 
-17.006978062060586 
-17.005953393122123 
-17.027536607807257 
-17.00112644205091 
-17.05262051353707 
-17.044237201061616 
-17.109537559033424 
-17.126707649827086 
-17.196746647534667 

 Time 
795.8912301063538 
