Energy 
 
-3.7267852579537815 
-3.7361646631927155 
-3.741345565439472 
-5.007584671320277 
-5.061423013469605 
-5.019146046833176 
-5.088684492165108 
-5.089735372479326 
-6.343236466782522 
-5.9178136761124716 
-6.253870660633981 
-6.233200573495784 
-6.140424595655247 
-6.119991139834015 
-6.240792988878486 
-6.19370888549597 
-6.1998592206991265 
-6.259484633891373 
-6.509989028245599 
-6.690239336829197 
-6.737570983616244 
-6.733051625501284 
-6.560175526657461 
-6.560195477472739 
-6.5339234600701115 
-7.000821465035989 
-7.298191636717414 
-6.801423933466083 
-6.657594082689432 
-6.412379012919966 
-6.464502325263771 
-6.484177248566405 
-6.279447461064079 
-6.212772549565434 
-6.238069757166506 
-6.137818806932231 
-6.464414149360764 
-6.45317019782976 
-6.421761223061047 
-6.740510329089885 
-6.415430054331943 
-6.746133929632127 
-6.759798638860294 
-6.440792378422037 
-7.27978960135074 
-7.203070139852042 
-7.347990914722474 
-7.290525730601633 
-6.669021425519778 
-6.7362845585537645 
-6.664410666868251 
-7.042507096929499 
-6.8916407506863955 
-6.872020201899164 
-7.302449866615418 
-7.228041594070629 
-7.2907371399141185 
-7.27649249756919 
-7.275909458800078 
-7.275286425138427 
-7.303481270988153 
-7.41146444619144 
-7.444439599438985 
-7.396924150688498 
-7.272859340536087 
-7.420440012341102 
-7.412635151251078 
-7.346803120537208 
-7.335648778461275 
-7.320477605428645 
-7.381951523969104 
-7.419153841111522 
-7.442572633184835 
-7.37704714025118 
-7.475712547666242 
-7.610835968726257 
-7.897177587984792 
-7.8828019611982185 
-7.865203157399097 
-7.845797156932617 
-7.77421988978743 
-7.791720253223005 
-7.720157313439323 
-7.694404683536604 
-7.6752079955510535 
-7.699783327032271 
-7.705467388210008 
-7.910049765868645 
-7.931902493274676 
-8.085615220681696 
-8.09227750651584 
-8.163368768288555 
-8.16421041924008 
-8.15586070908088 
-8.18911756211788 
-8.152769126334181 
-8.210225189415622 
-8.216006360444688 
-8.171039715561605 
-8.231364778332818 
-8.260540230608363 
-8.24958644567916 
-8.401342472652317 
-8.272701853331133 
-8.434041662790706 
-8.337774345540108 
-8.325791771836817 
-8.324439167414862 
-8.325653860256196 
-8.548178705183016 
-8.558667363157303 
-8.407435085613617 
-8.29944628488973 
-8.452443950084932 
-8.51990560357539 
-8.528534482303337 
-8.42654583748135 
-8.33561020187107 
-8.37943310953267 
-8.550445881373264 
-8.681521921082066 
-8.664912083267275 
-8.79583069367177 
-8.795164747597779 
-8.90367203102155 
-8.72942219028063 
-8.845261648002904 
-8.862203837921326 
-8.867652736197893 
-8.797761267570795 
-8.910150107060797 
-8.921263878647068 
-8.918557695842177 
-8.93869406730167 
-8.918132192786764 
-8.90298927070404 
-8.94386722877126 
-9.007271632405189 
-8.94342267953336 
-8.88685492505789 
-8.877078705907449 
-8.814700070032105 
-8.69303990169194 
-8.742913495166581 
-8.874257488398175 
-8.862383987221467 
-8.80981465113529 
-8.786421963336393 
-8.950752531983996 
-8.950747793955781 
-8.933036658699963 
-8.885050703315127 
-8.83515976121908 
-8.942565105613427 
-9.084168873080891 
-9.041731074612594 
-9.045061514042246 
-9.105283015409457 
-9.056066919050606 
-9.079003477941427 
-9.16692273974533 
-9.101142707944613 
-9.043303497642274 
-8.991418164991801 
-8.913580673372103 
-8.796136080238437 
-9.014797293599655 
-8.872278989996623 
-8.89583560637506 
-8.895816135201395 
-9.051900253267576 
-9.0521424223028 
-8.909784098628888 
-8.906351530348848 
-8.869594989315031 
-8.814714883176057 
-8.847027288312383 
-8.85718934490019 
-8.90282830716553 
-8.950363465023319 
-8.994323782077194 
-9.092618314066922 
-9.009596367099144 
-9.010669715554396 
-9.02014235125218 
-9.06462324089801 
-9.091285735356552 
-9.057144710293901 
-9.09446193167712 
-9.13265111961739 
-9.099233514804885 
-9.081622608995161 
-9.081316130433565 
-9.075309741257072 
-9.212596704047712 
-9.212613507780977 
-9.12221962874393 
-9.152483579561649 
-9.116023236888932 
-9.045443551566171 
-9.026586770976675 
-9.023700715315421 
-9.026644171715605 
-9.051232655794056 
-9.045343427247575 
-9.102606309182368 
-9.12868235486176 
-9.132691172129796 
-9.147574446073238 
-9.164824930879726 
-9.19330851705557 
-9.21825362186582 
-9.219624373176252 
-9.230524994379367 
-9.244950870916618 
-9.336138046303974 
-9.394978185430176 
-9.357907582449688 
-9.482510986118477 
-9.474277879682207 
-9.43968876609791 
-9.830025658909664 
-9.822668543595613 
-9.814022767554274 
-9.81451618013465 
-9.5746477430296 
-9.452183684403295 
-9.670582816199309 
-9.723284779254746 
-9.728241419934811 
-9.61567703705844 
-9.53450784526499 
-9.526534945012994 
-9.688224481143557 
-9.731374887431045 
-9.732059777744372 
-9.832600967857784 
-9.826618821343336 
-9.950280452966929 
-9.878739795965103 
-9.746683800891974 
-9.947165196651254 
-10.062456079063208 
-10.06685986417264 
-10.058849946246216 
-9.970477913137653 
-10.09114602186062 
-10.099567967820168 
-10.094753035523878 
-10.13085976183662 
-10.17527987129253 
-10.160008319835779 
-10.30143625453216 
-10.323629415234654 
-10.33219146945126 
-10.318218344536632 
-10.356408942313113 
-10.418135875395516 
-10.445796827043235 
-10.373437418562197 
-10.315287262503404 
-10.394343639942758 
-10.46143216731451 
-10.360436746422886 
-10.540166776007961 
-10.534048907123104 
-10.534837202427347 
-10.604303296607714 
-10.65211034351462 
-10.688076817459656 
-10.748553054566168 
-10.780902118804311 
-10.780403170560076 
-10.784303192637818 
-10.747447478295689 
-10.816674339361413 
-10.811047473532655 
-10.791555849290393 
-10.820479256172694 
-10.77577297491035 
-10.772474630395513 
-10.764918122062978 
-10.790298613704623 
-10.832331567886735 
-10.899961719339876 
-10.830174969226505 
-11.12111450593738 
-11.044445943680637 
-10.994199276917858 
-11.085570123268766 
-11.118185136242191 
-11.126530178485316 
-11.124265897485522 
-11.180020993753566 
-11.193059828724314 
-11.200422732965965 
-11.212857991406745 
-11.251471901611334 
-11.24095640906514 
-11.243673379783951 
-11.246318872423682 
-11.243135717189812 
-11.336116135330546 
-11.365950093783509 
-11.349166045435641 
-11.364794496435602 
-11.460018676557409 
-11.464818233896349 
-11.377919838002747 
-11.433466466683633 
-11.411496978814867 
-11.388354758512637 
-11.414046349449443 
-11.467830915568264 
-11.562057903237513 
-11.620792216806453 
-11.658945355045372 
-11.65647893117664 
-11.655614711988042 
-11.654551188755063 
-11.682061182042682 
-11.683514844921856 
-11.674703578513782 
-11.687047799062723 
-11.692664268836957 
-11.699895316135306 
-11.713271095253159 
-11.698338138187484 
-11.716653271919911 
-11.79400521126311 
-11.825107198691388 
-11.823284687871599 
-11.844789723145068 
-11.842902027517436 
-11.820399135872243 
-11.82938586261711 
-11.81529503693344 
-11.817232404271616 
-11.829509077579779 
-11.8480756316013 
-11.869560561437225 
-11.840282830301115 
-11.831098666857498 
-11.843269502362926 
-11.867168458807992 
-11.85195018303096 
-11.847206329679501 
-11.88070608803718 
-11.898917893352486 
-11.882797989255844 
-11.899965504324562 
-11.878016937297419 
-11.895098592168077 
-11.94420175870818 
-11.973381274062996 
-12.014542165937534 
-12.01342504685177 
-12.01701920739023 
-12.017107644619854 
-12.026991296795272 
-12.026134471014734 
-12.02080175920308 
-12.021361721145665 
-12.05281951871488 
-12.051217036028197 
-12.053327947424341 
-12.054119034379893 
-12.059080222791252 
-12.059557021830907 
-12.055418092761133 
-12.055456995387011 
-12.092228791244967 
-12.091244961259848 
-12.084978087696522 
-12.126836352122854 
-12.135106949979388 
-12.123370880122021 
-12.126195729564555 
-12.164947661904959 
-12.166347932852196 
-12.16598569914181 
-12.171139628232462 
-12.174785072628508 
-12.172565896996655 
-12.174680868844709 
-12.211116681834579 
-12.206388972039912 
-12.214034386947827 
-12.215728052859154 
-12.2160419730923 
-12.21671596603577 
-12.219366848211232 
-12.222932501752013 
-12.225971822358398 
-12.232500456592918 
-12.240232055669399 
-12.24256953662271 
-12.243297198142097 
-12.23101981343685 
-12.230253673056877 
-12.230118178309654 
-12.246356042800462 
-12.241408637521179 
-12.239723438909758 
-12.232012601816733 
-12.231572542346925 
-12.234923199907634 
-12.23750239176843 
-12.23998580906103 
-12.236116948605739 
-12.236167394396517 
-12.23582933068355 
-12.257039438907073 
-12.255228726252632 
-12.258912988400729 
-12.256700750398892 
-12.263433499581849 
-12.283632051387961 
-12.292903634805821 
-12.294889106438374 
-12.30700072896361 
-12.305014175689783 
-12.319223972836507 
-12.325143938887399 
-12.328132800214247 
-12.337359295762893 
-12.338302620227056 
-12.338727033527393 
-12.343939240869352 
-12.34281700325027 
-12.350586333247094 
-12.34896840941821 
-12.34720577181196 
-12.347459053250638 
-12.358445853137141 
-12.355239098841423 
-12.37271032216774 
-12.372847132749639 
-12.376732212144338 
-12.374806129644425 
-12.380050754121568 
-12.380353406298804 
-12.380365859240078 
-12.384587546575453 
-12.381242403927462 
-12.3982587001002 
-12.39872208798271 
-12.396609317977777 
-12.396996084188933 
-12.396752723903564 
-12.400755639606496 
-12.400800494549193 
-12.41200403888311 
-12.412821113390946 
-12.412717590118692 
-12.412653847626324 
-12.412661538512946 
-12.415778554915471 
-12.417480366279612 
-12.415841092454675 
-12.416656933862567 
-12.417029294719319 
-12.415867539954379 
-12.41486831552677 
-12.422353306750951 
-12.428284569865898 
-12.429250369670829 
-12.429623655531811 
-12.433284392480669 
-12.449124092689528 
-12.449298891985519 
-12.449521479332452 
-12.450386419149565 
-12.450904490528892 
-12.451013234209816 
-12.450964756099186 
-12.45147144367064 
-12.451317913239091 
-12.451408644804081 
-12.453224130364857 
-12.45354592405236 
-12.458757590291 
-12.460360352421224 
-12.460049572377589 
-12.460835420750374 
-12.461221307422127 
-12.461433156671635 
-12.46190535429192 
-12.465020632030306 
-12.469437698284661 
-12.471401787380755 
-12.47458827786396 
-12.474629234829903 
-12.47464863547143 
-12.474561201283818 
-12.474697575510772 
-12.475788999352925 
-12.476034254918284 
-12.476214898012296 
-12.477123433915931 

 Time 
169.12523365020752 
