Energy 
 
3.8998005448887016 
3.7839458024417714 
2.4970658916231274 
2.3482871704315107 
2.0054625930646615 
2.4874259009386828 
2.1023538686077075 
2.1157245652624077 
-0.552392254021258 
0.29252828979417766 
-3.3674132011011433 
-2.6583012767179346 
-3.0691963362711743 
-6.35734608560446 
-5.904132396339264 
-6.61208661334921 
-4.050230731178717 
-3.8481142344689934 
-4.776712575836792 
-5.508379445536807 
-3.7723439287463134 
-3.6377712995841667 
-5.131223536575864 
-5.3925373205690725 
-5.83224208922333 
-5.488433649329359 
-5.412906234156606 
-6.257799731988297 
-8.829187464123976 
-9.335041534745567 
-9.320465177648359 
-8.884582847511886 
-9.266484902938526 
-8.92834705824332 
-9.714084790749387 
-9.973809982390128 
-9.48043919168406 
-9.556194473078348 
-9.696706901099546 
-9.85628424756031 
-9.790472154979005 
-10.08678182183334 
-10.081711626171774 
-10.160288903243996 
-9.980209578171282 
-9.845679091717917 
-10.517897735516964 
-10.33713905253223 
-10.428468492058167 
-10.168679210880233 
-10.003004947292503 
-10.04566188338205 
-11.59714501914272 
-11.402123122201626 
-11.48383619894423 
-11.484837057565803 
-11.542562024190442 
-11.849607468831806 
-12.101981113326177 
-12.40141553024964 
-12.395227804264675 
-11.88891330566143 
-12.026116011361289 
-12.522722284648726 
-12.36747949393043 
-13.187295853183745 
-12.546942075505477 
-12.739002080741376 
-12.728183706013068 
-12.582378997678145 
-12.916364634458946 
-12.91530508781627 
-12.985488782568293 
-13.078386850156631 
-13.383678879994342 
-13.410658106745942 
-13.449203455546657 
-13.08008312439273 
-12.872977718816756 
-12.863043067095782 
-13.265369122055393 
-13.318102061952379 
-13.302411769351837 
-13.441050633217468 
-13.443190807592542 
-13.454464420773661 
-13.509816851125779 
-13.492339187528183 
-13.530750718435387 
-13.519931683663797 
-13.494973691165011 
-13.646461884555814 
-13.630817927281175 
-13.571247310580507 
-13.621992734129076 
-13.67202519366223 
-13.833345365876124 
-13.725151677935536 
-13.601600415616414 
-13.94630915577896 
-13.9368383294199 
-13.92434765283303 
-14.01023903511052 
-13.850783445123152 
-14.231017312724775 
-14.55241534152115 
-14.600622547761676 
-14.429495735084895 
-14.418203142132684 
-14.7498979131571 
-15.668716342155163 
-15.727364276695823 
-15.836145419305382 
-15.090712177053183 
-15.108632587074723 
-15.410070514220422 
-15.54202500934182 
-15.466379558832642 
-15.471344100742655 
-15.75928182826141 
-15.795891157962888 
-16.11495630978803 
-15.74657949535145 
-15.574307870274774 
-15.268590892373926 
-15.604433850032738 
-15.401907566830841 
-15.381783056672623 
-15.771034953823142 
-15.811789210892698 
-15.84751102098339 
-15.836963177726235 
-16.0218266065261 
-15.9697606658025 
-16.03245600223773 
-16.222221368534967 
-16.033014232184176 
-16.143871649760104 
-16.11743124785979 
-16.165761035207797 
-16.17861226045936 
-16.16287373031916 
-16.171258857241355 
-16.14232636228383 
-16.161578947593192 
-16.15977937929555 
-16.1763798397069 
-16.24492518552373 
-16.247895698713748 
-16.254122034693125 
-16.234168287903703 
-16.200094254031544 
-16.185789477308358 
-16.19517187036225 
-16.227788864487458 
-16.9193544897256 
-16.693655601641744 
-16.62611462052197 
-16.84550530952909 
-16.735170265331696 
-16.7536026623185 
-16.686500497382966 
-16.684935724292494 
-16.704047371772784 
-16.771337814103905 
-16.818775243897676 
-16.713443145969208 
-16.717570478385205 
-16.788101323409528 
-16.783138166061796 
-16.787488742002665 
-16.884767120852214 
-16.78154748232316 
-16.711681505531093 
-17.51260256138578 
-17.00535231156466 
-16.621259682967487 
-16.541314444224895 
-16.30470803347549 
-15.922951426948352 
-16.234304856841057 
-15.955793695419079 
-15.79259117648482 
-15.582883776214393 
-15.543596292563798 
-16.01899775326641 
-16.02303944854013 
-16.86926663314514 
-16.92676455333585 
-16.5676443049121 
-15.86157492456503 
-15.770074276381543 
-16.26760047801634 
-16.226989168205314 
-16.376092226559532 
-16.367259536397782 
-16.69890306891057 
-16.644822378920022 
-16.736359261629943 
-16.870223696962782 
-16.87780787518927 
-17.772369181194126 
-17.699872124438308 
-17.752565172107296 
-17.949473726681163 
-17.95309491371488 
-17.974004531658647 
-17.878837242654452 
-18.06293244787083 
-18.36318057639415 
-18.40663873398192 
-18.369658717186137 
-18.392394360759702 
-18.416602896545953 
-18.3961708936574 
-18.41961555831457 
-18.39055317512981 
-18.695496001965523 
-18.60067547115991 
-18.663807135101056 
-18.674885070083384 
-18.60274458594844 
-19.05746772633099 
-18.86487745187168 
-18.73887435446718 
-18.546614968871996 
-18.385097061447173 
-18.845688705498635 
-18.562045712778932 
-18.583844497835347 
-18.56958951674208 
-18.53023970693293 
-19.196315561335993 
-19.0933881234162 
-19.03370455372013 
-19.142370251292103 
-19.145667660909414 
-19.125714779361047 
-19.390964115636105 
-19.283473760293905 
-19.251992178167836 
-19.204098224714034 
-19.039646964709462 
-18.891566359817247 
-18.902844400955516 
-18.836765246612984 
-18.865406666215733 
-18.87399268243173 
-18.857566131931385 
-18.873768474111188 
-18.869716688367614 
-18.899341483520082 
-18.930810969447055 
-18.948039388900586 
-19.22689659041112 
-19.239353476148608 
-19.239994160709603 
-19.196998962584306 
-19.192249097425208 
-19.433351017992315 
-19.363601647908233 
-19.36710817928813 
-19.27798514178947 
-19.338031191086408 
-19.293609870606076 
-19.28262650699764 
-19.2952482201831 
-19.51800131878094 
-19.396851909944637 
-19.383648220251793 
-19.278643374855147 
-19.271891549331563 
-19.186758364678937 
-19.07763895429743 
-18.945326671799112 
-19.12795550293236 
-19.317209844667847 
-19.527696906135567 
-19.53246893645585 
-19.447442007023344 
-19.183086922866046 
-19.17585350143436 
-18.991699655905975 
-18.993693316585812 
-18.97149810647246 
-19.03743305624173 
-18.939644403699933 
-19.02500012445381 
-18.964209928072712 
-18.960315408296527 
-19.067111590105203 
-19.10561489886119 
-19.395980611784033 
-19.852689532433246 
-19.51323376314839 
-19.615544063322265 
-19.58022886466202 
-19.38320078140559 
-19.533953381906105 
-19.508750721107255 
-19.461380364891323 
-19.429190901926045 
-19.415850410973462 
-19.681659413164596 
-19.51693938241916 
-19.932735265230487 
-20.14160277312613 
-20.06723867152201 
-20.01974827528913 
-19.661067641578835 
-19.74496151219431 
-19.88790664548019 
-19.875308069384868 
-19.711612884394796 
-19.558813057892575 
-19.589990933188762 
-19.631632264946926 
-19.588096264489295 
-19.588279088311385 
-19.82156768406371 
-19.836227878626413 
-19.83851838527728 
-20.0034545496886 
-20.003749616745512 
-19.976434787393238 
-20.143044646857426 
-20.15224307239323 
-20.21402767988743 
-20.165138149347833 
-20.229604922207546 
-20.235156062978387 
-20.230112279528697 
-20.22028159579408 
-20.22243927590899 
-20.414424473033762 
-20.381128130408772 
-20.343080799245683 
-20.393448891811335 
-20.413810617491414 
-20.439766449734837 
-20.57705108988577 
-20.637255618697424 
-20.74902753420974 
-20.66714709339026 
-20.829905628167374 
-20.77734042256908 
-20.677924689809835 
-20.712353334563215 
-20.92312328529966 
-21.033638221339366 
-21.055400386149504 
-21.21211903378147 
-21.549840946114045 
-22.043027444637353 
-21.696187700493056 
-21.675646539957956 
-21.657245730332505 
-21.66219283447901 
-21.5025844953595 
-21.75207616674092 
-21.746420800679427 
-21.98835085050666 
-22.042535593437645 
-21.66566560665058 
-22.031056995183732 
-22.247451744943735 
-22.21254244180178 
-22.406006147855706 
-22.355218471468152 
-22.306804127708286 
-22.29453439417004 
-22.214312525144845 
-22.274408934713996 
-22.227751244987125 
-22.215461579532025 
-22.451370813152227 
-22.434308509592515 
-22.305960678047878 
-22.3918646631399 
-22.633846658343053 
-22.63451432797503 
-22.55681891998554 
-22.73848464196252 
-22.727610021039773 
-22.691464271712825 
-22.67539856710707 
-22.638438003463474 
-22.861871281986925 
-22.85768445527087 
-22.777184790137582 
-22.909260767126202 
-22.780126627513088 
-22.789939214301615 
-22.727802345292783 
-23.120266188688447 
-23.190746679882892 
-23.241173189370063 
-23.25907148082081 
-23.24439709003936 
-23.256447438843093 
-23.280342190665927 
-23.28106446932933 
-23.30101216921745 
-23.29076283633052 
-23.403041738231163 
-23.45561241877737 
-23.440195553626175 
-23.46200054492201 
-23.465770017289024 
-23.451363980622286 
-23.496603431171064 
-23.520780936718634 
-23.506740664625998 
-23.504005391211738 
-23.475208323522832 
-23.53078032511859 
-23.547719046961713 
-23.512550391039838 
-23.503052565337185 
-23.59793317961986 
-23.607711091096178 
-23.631638341093005 
-23.76792826687176 
-23.74764413783236 
-23.69795367954259 
-23.724160548597883 
-23.68920051622787 
-23.762735751782117 
-23.70842319090003 
-23.683660731846537 
-23.89155075503268 
-23.892453712800883 
-23.904616065229206 
-23.915855697234676 
-23.811587421503468 
-23.91857117434899 
-23.98726702951972 
-23.925969109767212 
-23.941564181242374 
-24.036311162675172 
-24.058842220365232 
-24.1005062074842 
-24.10006447809082 
-24.229196306326795 
-24.4218994790847 
-24.424712511566717 
-24.4178606079169 
-24.428530158672697 
-24.43957009114271 
-24.46318634327097 
-24.48169961314472 
-24.482404651853265 
-24.48579677266474 
-24.48687476824949 
-24.493300893868604 
-24.493425694898416 
-24.521698383541423 
-24.521081359171237 
-24.553670226874065 
-24.555967812178835 
-24.580562427091014 
-24.574687888879374 
-24.598837846586775 
-24.614383320439067 
-24.59945604377858 
-24.619332587741905 
-24.62971071819932 
-24.629318483365793 
-24.633382986272224 
-24.634896317512542 
-24.635154037365318 
-24.663137460365242 
-24.664760643244488 
-24.697221272878114 
-24.697216059888337 
-24.699099152328973 
-24.70069726646456 
-24.70006128550481 
-24.702266162286538 
-24.70620192821845 
-24.717581793379612 
-24.76618770210989 
-24.741915910220115 
-24.74526495401253 
-24.754089175621 
-24.785190433144887 
-24.785109780364287 
-24.78647184229478 
-24.792905061715658 
-24.773446818221785 
-24.77147391745944 
-24.7595604182125 
-24.78575154384985 
-24.801066069858468 
-24.792625504828738 
-24.805987618740392 
-24.80563517699871 
-24.81278814251456 
-24.81245596912466 
-24.814767643246093 

 Time 
244.11421489715576 
