Energy 
 
3.132899243227253 
2.8732232427117537 
0.33854961881873985 
0.39005605006147614 
0.37370532489240726 
1.324943492676864 
-0.8547220812965431 
0.5241089001458112 
-0.46158841796104144 
-0.35203995660306225 
-0.4352074613503577 
-0.300543560021847 
-0.9177353872720199 
-4.840351907868694 
-5.017586767575639 
-4.74834236931722 
-4.727468969490019 
-4.711193847586233 
-6.579811728045648 
-5.867027370520099 
-4.568315249964222 
-4.7680270983476225 
-6.7028233394405135 
-6.822855958868361 
-5.995090015977022 
-6.161536864066645 
-5.454628453415762 
-6.483516761690125 
-7.598753911357568 
-6.691328456696983 
-8.442766302207486 
-8.54661850973426 
-8.534631445532447 
-8.643865468583687 
-8.830561350909301 
-8.573610447328734 
-8.620174498607513 
-8.948592289552792 
-8.844589898512075 
-9.791944046897807 
-9.79926156966183 
-9.550238666014545 
-9.173524062485425 
-9.420561892876574 
-9.597907083954858 
-9.51888791250658 
-9.809924277505573 
-10.026063919582132 
-10.052285109658563 
-10.05297304032163 
-10.757763760206627 
-10.335538323520378 
-10.42504626751129 
-10.410174125264426 
-10.699419794153984 
-10.484518819429477 
-10.506728432257646 
-10.559847862749507 
-10.560873590260172 
-10.646933637448345 
-10.569157159399586 
-10.925729007392654 
-10.91543698605884 
-12.115432203041149 
-11.68670798038599 
-11.249344890873584 
-11.58213042924863 
-11.913252369204667 
-11.955334826391894 
-11.693912989732135 
-11.27896452135218 
-12.545358493705983 
-12.606104213836659 
-12.005470956455358 
-11.644111658152456 
-11.084673894385226 
-11.472070517457908 
-11.21971578570715 
-11.69200409725071 
-12.617585433691785 
-12.500456866524528 
-11.91440518033512 
-11.226261413238387 
-11.33148426941601 
-10.409089680318644 
-10.680667456753605 
-11.994081858581225 
-11.45264641609219 
-11.33461988333392 
-12.036020112178313 
-11.990490145936384 
-12.061494622798204 
-12.44777993966044 
-12.524913159504946 
-12.44088044430251 
-12.535068708569256 
-12.284426735420174 
-12.117545813162584 
-11.9159029129267 
-11.567371064340264 
-10.916440615340079 
-11.690798405341425 
-12.011184365060235 
-12.01047759489617 
-11.392190543992045 
-11.524654354914752 
-11.81905703481048 
-12.870323130098136 
-12.681821265205523 
-12.641045040932136 
-12.575597433583058 
-12.483470486285656 
-12.229600217852527 
-12.031617010323819 
-12.590173240059947 
-12.767838987988718 
-12.70032008930517 
-12.411114548811042 
-12.314182225325279 
-12.176472142142979 
-12.5839829393764 
-12.541557851373025 
-12.325310259134966 
-12.78878581733803 
-12.965568642380793 
-13.194353213349217 
-14.053909318729735 
-14.042357665840251 
-13.448126964774419 
-13.742601820046907 
-13.84115886337872 
-13.965971996066354 
-13.68581869014686 
-13.51305771985317 
-13.474602484354797 
-13.457687966563773 
-13.494526963280142 
-13.361670253480462 
-13.323636066278151 
-13.750835637055705 
-14.022282176760656 
-13.895534880213571 
-13.943941196333363 
-14.033837395194224 
-13.981464861843202 
-13.931935321231709 
-13.966315735747866 
-14.004173408682696 
-14.01458833961476 
-14.029742281305097 
-14.047952643247273 
-14.03167028151997 
-14.031859629138363 
-14.12213094957915 
-14.132382914851284 
-14.156277893517494 
-14.588628591004134 
-14.498891335507805 
-14.366920032492128 
-14.399736122865143 
-14.477375492346626 
-14.437859836049459 
-14.495458816960612 
-15.454642367949372 
-15.448104528714397 
-15.331420819300089 
-15.316978671563463 
-15.333193757041455 
-15.286477569835036 
-15.360939134508298 
-15.3733156564698 
-15.33686204431865 
-15.278630027587633 
-15.336904231214987 
-15.50531535438616 
-15.419473279966294 
-15.402462556274708 
-15.423250899823865 
-15.459970467261252 
-15.499804753982547 
-15.459647537404198 
-16.186339868000918 
-16.19535035624764 
-15.87509461841173 
-15.765607529061226 
-15.70073545613402 
-15.91593085690657 
-16.16748091496368 
-16.17947515103637 
-16.23049752793071 
-16.55863751131694 
-16.545372324779795 
-16.641359101570686 
-16.668620300415743 
-16.64312175945796 
-16.848178932547718 
-16.85285829430076 
-16.824821703594772 
-16.71290261235457 
-16.71740108112167 
-16.87196835503607 
-17.0235056545482 
-16.92691227523231 
-16.703608829202604 
-16.769766270729214 
-16.901523870804745 
-16.88572552456406 
-16.810191527444054 
-16.731279801634393 
-16.681273928899465 
-16.676191642949416 
-16.678649438131263 
-16.64122854341045 
-16.64805246565443 
-16.85804614909464 
-16.840274143087292 
-16.885881171233997 
-17.13293205645845 
-17.050724315642228 
-17.200810197396724 
-17.20230862039391 
-17.117972889520818 
-17.06600366176472 
-17.345626248815034 
-17.321507668327833 
-17.202117998407438 
-17.304926736839594 
-17.33759654249304 
-17.339943697430037 
-17.352797031720563 
-17.349172669156516 
-17.360089990084028 
-17.344340444385303 
-17.365183931251668 
-17.361518016856177 
-17.384440371160693 
-17.365022599773496 
-17.366785116461656 
-17.37324335875632 
-17.41218353299213 
-17.442277268130862 
-17.396163781012707 
-17.399155238969715 
-17.366319120085826 
-17.64951365558354 
-17.542236551975844 
-17.56761133663371 
-17.59481001511047 
-17.475913395118457 
-17.415859483462544 
-17.349267580274354 
-17.34741176600584 
-17.209394125716436 
-17.452834796798882 
-17.512818799754456 
-17.509965812968304 
-17.46844401432137 
-17.47206492551371 
-17.458916723757874 
-17.424750120401246 
-17.435909319310337 
-17.414522368987765 
-17.414152623578595 
-17.384896073493792 
-17.378465203524765 
-17.4202018623548 
-17.480686225439545 
-17.42291567207553 
-17.386018957818 
-17.586731754028293 
-17.611152605966033 
-17.62495601098803 
-17.55815297774086 
-17.608591489141592 
-17.612174416228264 
-17.617470248580123 
-17.63339510044926 
-17.612538829559952 
-17.61604929200625 
-17.71420824328555 
-17.66233387236995 
-17.639591233077873 
-17.649543134578675 
-17.75857772322732 
-17.832713278950425 
-17.848876706237927 
-17.862848144675365 
-17.886104779158856 
-17.97604300288934 
-17.976458787514236 
-17.984544961238115 
-17.980135141986008 
-17.988973104670542 
-17.990928008675112 
-18.03813089576422 
-18.020941049248204 
-18.034954802209334 
-18.02550229332088 
-18.058801465337083 
-18.061910992161746 
-18.068177332471564 
-18.03920527021813 
-18.05096479613281 
-18.074046372962382 
-18.07324012391311 
-18.08643715476101 
-18.091360711183288 
-18.112944852720748 
-18.114671918515352 
-18.115121363154156 
-18.141262988282108 
-18.253355827898496 
-18.211126684030198 
-18.235896296495035 
-18.215286457132 
-18.23564123492139 
-18.205951385170085 
-18.248522905528958 
-18.242951790653052 
-18.237448845581664 
-18.235137577342858 
-18.25772703486282 
-18.260445917937684 
-18.2609070674098 
-18.274852906967656 
-18.273497304947515 
-18.276539570131465 
-18.322442887684687 
-18.328972668605125 
-18.34781536023178 
-18.34250100484258 
-18.359138262579826 
-18.3646029148409 
-18.361125576689147 
-18.360736568212086 
-18.406489840775933 
-18.40962457916052 
-18.407211507903025 
-18.3852999543377 
-18.41675197810285 
-18.43965967014974 
-18.43381588078404 
-18.426393732435987 
-18.42615502572671 
-18.43494662976183 
-18.434281024217686 
-18.432245107425548 
-18.446879574693337 
-18.44563979081841 
-18.446097337789972 
-18.446661025449313 
-18.45446521360569 
-18.455660278422776 
-18.462244494698318 
-18.46805115044321 
-18.46822952071183 
-18.469115063545765 
-18.469092354271304 
-18.469195859677065 
-18.47006451998466 
-18.47010965154915 
-18.471463858465537 
-18.4706259108866 
-18.47881800386663 
-18.479783895574776 
-18.482876223235884 
-18.482988539744394 
-18.48828326270302 
-18.48617258564777 
-18.481490923523765 
-18.48162177859888 
-18.484687704479995 
-18.482266646716496 
-18.485710961224772 
-18.485788632082183 
-18.48594054593605 
-18.492276007047728 
-18.500328974127996 
-18.499943035844193 
-18.500692700733836 
-18.503609854114554 
-18.504499984956134 
-18.50576040673507 
-18.50306004219257 
-18.504586164601623 
-18.512026060389733 
-18.525448310463254 
-18.526397321951702 
-18.522060044213386 
-18.5282542157433 
-18.52721277285772 
-18.55000139415066 
-18.551082267028193 
-18.54351584736463 
-18.545156754570502 
-18.546806119893144 
-18.544575564333428 
-18.54439186821193 
-18.544869023510135 
-18.545659188947194 
-18.556495595287185 
-18.55576587396812 
-18.56057291923575 
-18.56199246321757 
-18.562183975079808 
-18.564014776925656 
-18.563296139591003 
-18.563103440743895 
-18.563611283277446 
-18.56802157376559 
-18.57343709392218 
-18.571691816620127 
-18.572343583705397 
-18.574804807258243 
-18.573181582071467 
-18.57363875979541 
-18.57351625791912 
-18.57270271957909 
-18.575450271010986 
-18.575642584251597 
-18.574824429067444 
-18.57470049022108 
-18.575520487550374 
-18.58336298545462 
-18.58566232144953 
-18.58604074565872 
-18.586136100811515 
-18.589890259876018 
-18.590658668414402 
-18.5902666268828 
-18.590319922497756 
-18.58787409559765 
-18.587350091021914 
-18.58748868973133 
-18.590148022254166 
-18.58936733973828 
-18.589058421125145 
-18.5891601192994 
-18.588741868876077 
-18.59086747766868 
-18.591427419084873 
-18.592708920713058 
-18.59306864055808 
-18.59763422458583 
-18.598584607372988 
-18.59852308192966 
-18.597936098570038 
-18.599556592558937 
-18.60242869362204 
-18.603116559168104 
-18.60382711948732 
-18.603822040921404 
-18.604127376863964 
-18.60413739515004 
-18.605884793045295 
-18.6060750793892 
-18.608069098221698 
-18.608297000700116 
-18.608663738000367 
-18.609125007420662 
-18.610533071389412 
-18.611820660969848 
-18.611904406826618 
-18.612362179895207 
-18.612365321977773 
-18.612107325130808 
-18.615429606658342 
-18.618981372615874 
-18.618990548467696 
-18.618968867738197 
-18.619044598890518 
-18.620194435274637 
-18.62058946481631 
-18.62272406141059 
-18.622717716810172 
-18.622717227761832 
-18.62265934666073 
-18.62516645958866 
-18.62602670562676 
-18.626202558185778 
-18.626447585887156 
-18.626203305452698 
-18.626293545810384 
-18.627284335107017 
-18.629747922073435 
-18.632789070029958 
-18.635090683591475 
-18.63499213806453 
-18.6350637622801 
-18.635024736115458 
-18.63541456852395 
-18.6351844559644 
-18.63541609959688 
-18.63548479790329 
-18.637014816363898 
-18.637169020308182 
-18.636780360013766 
-18.63857415858741 
-18.63984664611729 
-18.639845844916948 

 Time 
50.18851399421692 
