Energy 
 
3.8998005448887016 
2.1156605881985726 
0.3619097527051177 
-1.3412739594452212 
-2.9760106328753237 
-4.529315517146902 
-5.995387116570289 
-7.3757648951139085 
-8.676953074765073 
-9.906952394294297 
-11.072482146174764 
-12.17768528984784 
-13.224122985404367 
-14.21149472605653 
-15.138582142076231 
-16.004103171528108 
-16.807330489279188 
-17.548441040778766 
-18.228628690638914 
-18.85004192306223 
-19.415614457325358 
-19.9288480637957 
-20.39359154759043 
-20.81384349589834 
-21.193592396388194 
-21.53669757092094 
-21.846808066773356 
-22.127313486695368 
-22.38131976246423 
-22.61164320542994 
-22.820817135878016 
-23.011106564278236 
-23.184527523755584 
-23.342868618595887 
-23.487713123582754 
-23.620460552155684 
-23.74234703550627 
-23.854464152486496 
-23.957776052235708 
-24.053134843481214 
-24.14129430680405 
-24.222922034072802 
-24.298610123912816 
-24.368884571474624 
-24.434213490477568 
-24.49501429937034 
-24.551659994059456 
-24.604484618721095 
-24.65378803483362 
-24.69984007743212 
-24.742884177092087 
-24.783140516511555 
-24.82080878186693 
-24.856070561380164 
-24.889091436713674 
-24.920022806844813 
-24.94900347887957 
-24.976161055767456 
-25.001613146991055 
-25.025468424947 
-25.047827546837812 
-25.068783959392466 
-25.088424601567915 
-25.1068305185056 
-25.124077398382784 
-25.140236042370837 
-25.155372776659433 
-25.16954981440437 
-25.182825574481114 
-25.195254963063274 
-25.20688962327625 
-25.21777815749392 
-25.227966326236434 
-25.237497227085946 
-25.24641145655494 
-25.25474725741465 
-25.262540653614856 
-25.26982557459317 
-25.276633970483907 
-25.282995919483607 
-25.28893972841334 
-25.294492027333014 
-25.299677858904243 
-25.304520763067124 
-25.30904285748564 
-25.31326491412656 
-25.317206432263585 
-25.320885708139564 
-25.324319901474126 
-25.327525098968806 
-25.330516374933534 
-25.333307849141352 
-25.335912742001664 
-25.338343427134536 
-25.34061148142225 
-25.34272773261113 
-25.344702304534664 
-25.34654466003008 
-25.348263641619674 
-25.349867510030855 
-25.3513639806291 
-25.3527602578399 
-25.3540630676366 
-25.355278688172007 
-25.356412978631937 
-25.357471406388786 
-25.358459072533392 
-25.359380735861976 
-25.3602408353944 
-25.361043511498416 
-25.361792625692782 
-25.362491779200138 
-25.36314433031861 
-25.363753410678548 
-25.36432194044823 
-25.36485264255042 
-25.365348055948107 
-25.36581054805589 
-25.366242326330806 
-25.366645449092584 
-25.367021835622943 
-25.367373275588466 
-25.367701437830956 
-25.36800787856595 
-25.368294049027764 
-25.368561302597413 
-25.368810901447578 
-25.369044022736283 
-25.369261764379647 
-25.36946515043182 
-25.369655136098476 
-25.369832612408167 
-25.369998410565554 
-25.37015330600716 
-25.370298022180336 
-25.37043323406445 
-25.37055957145124 
-25.370677622001637 
-25.370787934093592 
-25.37089101947567 
-25.370987355739683 
-25.371077388624606 
-25.37116153416338 
-25.37124018068373 
-25.371313690672388 
-25.371382402512886 
-25.371446632104664 
-25.37150667437281 
-25.37156280467461 
-25.371615280111225 
-25.371664340750176 
-25.37171021076496 
-25.371753099497877 
-25.37179320245049 
-25.37183070220774 
-25.37186576929918 
-25.37189856300239 
-25.37192923209223 
-25.3719579155396 
-25.37198474316318 
-25.37200983623753 
-25.37203330806012 
-25.372055264480533 
-25.37207580439403 
-25.372095020202273 
-25.372112998242976 
-25.372129819191073 
-25.372145558432813 
-25.37216028641521 
-25.372174068972097 
-25.372186967628117 
-25.372199039883075 
-25.37221033947681 
-25.372220916636927 
-25.37223081830977 
-25.372240088376053 
-25.37224876785262 
-25.37225689508021 
-25.372264505899242 
-25.37227163381383 
-25.37227831014499 
-25.372284564173643 
-25.372290423274215 
-25.372295913039547 
-25.37230105739728 
-25.37230587871901 
-25.37231039792169 
-25.37231463456295 
-25.372318606929667 
-25.372322332121016 
-25.372325826125994 
-25.37232910389566 
-25.372332179411 
-25.37233506574604 
-25.372337775126912 
-25.37234031898707 
-25.37234270801895 
-25.372344952222118 
-25.372347060948368 
-25.372349042943796 
-25.372350906388228 
-25.372352658931973 
-25.37235430773021 
-25.372355859475196 
-25.372357320426243 
-25.37235869643782 
-25.372359992985906 
-25.37236121519242 
-25.372362367848257 
-25.37236345543468 
-25.372364482143496 
-25.3723654518956 
-25.372366368358808 
-25.37236723496396 
-25.37236805492044 
-25.372368831230506 
-25.3723695667026 
-25.372370263963855 
-25.372370925472083 
-25.37237155352636 
-25.37237215027753 
-25.372372717737807 
-25.372373257789473 
-25.372373772193633 
-25.37237426259773 
-25.37237473054309 
-25.37237517747161 
-25.372375604732387 
-25.372376013587527 
-25.372376405217842 
-25.372376780728047 
-25.372377141151723 
-25.372377487455864 
-25.37237782054523 
-25.37237814126629 
-25.372378450411013 
-25.372378748720383 
-25.37237903688773 
-25.372379315561663 
-25.37237958534915 
-25.372379846818006 
-25.372380100499576 
-25.372380346891006 
-25.37238058645746 
-25.37238081963407 
-25.372381046828174 
-25.372381268420718 
-25.372381484768265 
-25.37238169620443 
-25.372381903041315 
-25.372382105571038 
-25.372382304066857 
-25.37238249878449 
-25.37238268996325 
-25.372382877827 
-25.372383062585293 
-25.372383244434126 
-25.372383423556965 
-25.37238360012544 
-25.37238377430021 
-25.37238394623153 
-25.372384116060072 
-25.372384283917434 
-25.37238444992676 
-25.372384614203305 
-25.372384776854883 
-25.372384937982428 
-25.372385097680365 
-25.372385256037052 
-25.372385413135156 
-25.37238556905208 
-25.37238572386029 
-25.372385877627423 
-25.37238603041698 
-25.372386182288288 
-25.372386333296852 
-25.372386483494644 
-25.372386632930326 
-25.372386781649364 
-25.37238692969439 
-25.372387077105227 
-25.372387223919198 
-25.372387370171204 
-25.372387515893884 
-25.372387661117852 
-25.37238780587169 
-25.372387950182176 
-25.372388094074367 
-25.372388237571744 
-25.372388380696233 
-25.372388523468363 
-25.372388665907383 
-25.372388808031268 
-25.372388949856877 
-25.37238909139995 
-25.37238923267524 
-25.37238937369659 
-25.37238951447688 
-25.372389655028247 
-25.37238979536195 
-25.372389935488624 
-25.372390075418206 
-25.372390215159943 
-25.372390354722548 
-25.372390494114164 
-25.372390633342388 
-25.37239077241434 
-25.372390911336712 
-25.372391050115752 
-25.372391188757295 
-25.37239132726681 
-25.37239146564945 
-25.37239160390998 
-25.372391742052915 
-25.372391880082468 
-25.372392018002564 
-25.372392155816907 
-25.372392293528918 
-25.37239243114185 
-25.37239256865875 
-25.37239270608245 
-25.372392843415568 
-25.372392980660624 
-25.37239311781994 
-25.3723932548957 
-25.37239339188995 
-25.37239352880464 
-25.37239366564153 
-25.372393802402264 
-25.372393939088482 
-25.372394075701635 
-25.372394212243105 
-25.372394348714195 
-25.37239448511613 
-25.37239462145002 
-25.372394757717004 
-25.372394893917996 
-25.37239503005398 
-25.372395166125834 
-25.372395302134386 
-25.372395438080428 
-25.37239557396465 
-25.37239570978777 
-25.372395845550436 
-25.37239598125323 
-25.372396116896677 
-25.372396252481394 
-25.37239638800782 
-25.372396523476475 
-25.372396658887766 
-25.372396794242064 
-25.372396929539857 
-25.372397064781442 
-25.37239719996721 
-25.372397335097443 
-25.37239747017244 
-25.372397605192557 
-25.37239774015801 
-25.372397875069097 
-25.37239800992599 
-25.372398144728997 
-25.37239827947829 
-25.37239841417411 
-25.37239854881659 
-25.372398683405944 
-25.372398817942354 
-25.372398952425964 
-25.37239908685695 
-25.372399221235472 
-25.372399355561633 
-25.372399489835566 
-25.372399624057422 
-25.37239975822731 
-25.372399892345356 
-25.372400026411658 
-25.372400160426306 
-25.372400294389422 
-25.372400428301063 
-25.372400562161364 
-25.372400695970374 
-25.37240082972821 
-25.372400963434945 
-25.372401097090624 
-25.372401230695377 
-25.37240136424919 
-25.372401497752207 
-25.372401631204475 
-25.372401764606042 
-25.372401897956976 
-25.372402031257327 
-25.37240216450714 
-25.37240229770654 
-25.37240243085551 
-25.372402563954097 
-25.372402697002386 
-25.37240283000043 
-25.372402962948264 
-25.372403095845925 
-25.37240322869348 
-25.372403361490942 
-25.372403494238384 
-25.372403626935842 
-25.372403759583356 
-25.372403892180944 
-25.37240402472868 
-25.37240415722659 
-25.37240428967473 
-25.372404422073103 
-25.37240455442178 
-25.37240468672075 
-25.372404818970114 
-25.37240495116986 
-25.372405083320018 
-25.372405215420674 
-25.37240534747183 
-25.3724054794735 
-25.372405611425766 
-25.372405743328617 
-25.372405875182125 
-25.372406006986278 
-25.372406138741137 
-25.372406270446735 
-25.372406402103113 
-25.372406533710297 
-25.37240666526828 
-25.37240679677714 
-25.37240692823688 
-25.372407059647575 
-25.372407191009206 
-25.37240732232181 
-25.37240745358542 
-25.372407584800108 
-25.372407715965867 
-25.372407847082734 
-25.372407978150726 
-25.372408109169893 
-25.372408240140253 
-25.372408371061848 
-25.37240850193467 
-25.372408632758805 
-25.372408763534242 
-25.372408894261028 
-25.37240902493919 
-25.372409155568732 
-25.37240928614974 
-25.37240941668219 
-25.37240954716611 
-25.372409677601564 
-25.372409807988568 
-25.372409938327138 
-25.37241006861733 
-25.37241019885912 
-25.37241032905258 
-25.37241045919776 
-25.372410589294624 
-25.37241071934323 
-25.37241084934363 
-25.372410979295847 
-25.372411109199863 
-25.372411239055744 
-25.372411368863517 
-25.3724114986232 
-25.372411628334838 
-25.372411757998453 
-25.372411887614035 
-25.37241201718167 
-25.37241214670135 
-25.37241227617312 
-25.372412405596965 
-25.372412534972984 
-25.372412664301155 
-25.372412793581525 
-25.372412922814117 
-25.372413051998972 
-25.3724131811361 
-25.372413310225514 
-25.37241343926728 
-25.372413568261376 
-25.372413697207868 
-25.37241382610679 
-25.372413954958166 
-25.372414083761985 
-25.37241421251831 
-25.372414341227156 
-25.372414469888565 
-25.37241459850253 
-25.372414727069092 
-25.372414855588335 
-25.372414984060224 
-25.37241511248477 
-25.372415240862075 
-25.372415369192073 
-25.372415497474893 
-25.372415625710477 
-25.37241575389889 
-25.372415882040144 
-25.372416010134312 
-25.37241613818134 
-25.372416266181343 
-25.372416394134298 

 Time 
608.8389964103699 
