Energy 
 
1.993154094178081 
0.9572070119084346 
-0.5332948438360484 
-2.083184228391313 
-3.8541351709881138 
-5.094171534063743 
-6.31254446982083 
-7.397200507099944 
-8.436581212164437 
-9.279262009545796 
-9.919153649663388 
-10.431483693375244 
-10.857066910531257 
-11.211635749174826 
-11.502411290821085 
-11.760412489909182 
-11.093288453250866 
-11.962002809943858 
-12.31622116032288 
-12.492546597391026 
-12.660652298783836 
-12.822208612256073 
-12.978843524579752 
-13.131856492178663 
-13.282009532480203 
-13.422767868462454 
-13.562777233809792 
-13.706596010996531 
-13.849283783551584 
-13.992510518948292 
-14.144041751943249 
-14.297093440688975 
-14.446978583253944 
-14.594296782122601 
-14.744806138753138 
-14.895167115441346 
-15.036766952024958 
-15.195942277386518 
-15.34578223112489 
-15.477839123861065 
-15.632222236774187 
-15.770032783959225 
-15.897983708452205 
-15.94281696857671 
-16.15064637879943 
-16.29192238098195 
-16.41295224119516 
-16.52869498747847 
-16.6416372043632 
-16.751734788338208 
-16.859309522420553 
-16.963722935494832 
-17.06548832008134 
-17.165110367033574 
-17.26391997769453 
-17.363989406699496 
-17.459132123862496 
-17.549365609058704 
-17.653736123195657 
-17.750272914658893 
-17.844231596051173 
-17.93363284175435 
-17.99532540696066 
-18.063009704544474 
-18.178955044031312 
-18.268285184306553 
-18.352556395549804 
-18.429831053537505 
-18.50336421986253 
-18.57522423996275 
-18.64426927627761 
-18.710756975984562 
-18.778154300878708 
-18.84152534263364 
-18.90162880728511 
-18.958044856033553 
-19.011441014631053 
-19.06241753042278 
-19.119102769552082 
-19.16988215299639 
-19.20883257454385 
-19.249162536468628 
-19.2929489414044 
-19.290442999701636 
-19.37421570746615 
-19.418147363459372 
-19.442931586209927 
-19.421719518570526 
-19.507341498704786 
-19.553940088889842 
-19.5789919181486 
-19.614113681280056 
-19.644094506853897 
-19.67154249758758 
-19.700196697613002 
-19.726289228529087 
-19.747243622902936 
-19.711669244223017 
-19.7280486299162 
-19.75184699099919 
-19.751683615081514 
-19.748223608874415 
-19.839787919281676 
-19.870718631296967 
-19.893663646054065 
-19.903901078911172 
-19.904173550700996 
-19.924946997389423 
-19.954925435921364 
-19.977065839496394 
-20.00608247798685 
-20.025808786088056 
-20.041794899260488 
-20.057817529352924 
-20.073691471111697 
-20.086270963141782 
-20.100539784597714 
-20.116035456485715 
-20.13565589531947 
-20.150423309447035 
-20.163082554255592 
-20.174390684362155 
-20.19246421266378 
-20.21017227844513 
-20.225905629414992 
-20.239943418715434 
-20.250729471434617 
-20.256792699795263 
-20.267320496321684 
-20.285842467213307 
-20.30115608867279 
-20.312972676283376 
-20.324630739835627 
-20.329806798689415 
-20.300679377103755 
-20.34569390900279 
-20.335388399917523 
-20.313512396992284 
-20.299678003188088 
-20.27146479644368 
-20.300568770802784 
-20.347039651739685 
-20.39572410263418 
-20.407707825685634 
-20.416161542888698 
-20.422863447977107 
-20.429389055346075 
-20.43556496644446 
-20.441570833702624 
-20.44742330379962 
-20.453062404174 
-20.458129981840262 
-20.462270393439887 
-20.46491808745141 
-20.464558487284016 
-20.463044200531254 
-20.469108657600604 
-20.478518388546266 
-20.487329296926216 
-20.498856376329726 
-20.50488034560349 
-20.509599951643235 
-20.51415554367765 
-20.518602915859365 
-20.522971052377567 
-20.527282669619147 
-20.53155939557314 
-20.535761159153786 
-20.539875400108343 
-20.543842615043967 
-20.54768567816695 
-20.551486753170312 
-20.553113024049175 
-20.551233791132788 
-20.559952370118665 
-20.56609007535176 
-20.569980737261254 
-20.573641569566785 
-20.577236792073013 
-20.580806670763966 
-20.584325349026663 
-20.587788393129 
-20.591206779473683 
-20.594585690575826 
-20.597841215500807 
-20.60098214166369 
-20.6040605521684 
-20.607097003513598 
-20.61008129246591 
-20.61303217256465 
-20.615955273621857 
-20.61884494387446 
-20.62170316489284 
-20.624535416379356 
-20.6274265265566 
-20.630267466236976 
-20.63307090189239 
-20.63598650404112 
-20.63885550486208 
-20.641671664768637 
-20.644434246301472 
-20.6471625520127 
-20.649897960154206 
-20.652588384782636 
-20.655301281271086 
-20.65793692287035 
-20.660558406172402 
-20.663136682967252 
-20.66568696667824 
-20.66821272284514 
-20.670626093029785 
-20.672961485727576 
-20.675266695700316 
-20.67756416146772 
-20.67984252905035 
-20.682075046960072 
-20.684304935202256 
-20.686518281225133 
-20.688703717892928 
-20.690864521912495 
-20.693004687803374 
-20.69511993354334 
-20.697139908493195 
-20.699144320223642 
-20.701139277153814 
-20.70310969389317 
-20.705055617684877 
-20.706978768606163 
-20.708879065799763 
-20.710755590294713 
-20.71261159115399 
-20.71448099054958 
-20.716336545494666 
-20.71816534394379 
-20.71996471467509 
-20.721739195936557 
-20.723494900606738 
-20.72524283370179 
-20.72698414333503 
-20.72869568420708 
-20.730377962402464 
-20.73204099329522 
-20.733684197884035 
-20.73530864008053 
-20.73690925851355 
-20.738493919431004 
-20.740068525797405 
-20.74167399273781 
-20.74322991424589 
-20.744760177826265 
-20.746268092074175 
-20.747760591143578 
-20.749237616085694 
-20.75075896023748 
-20.752260218494495 
-20.75376232900613 
-20.755261743327104 
-20.756799941666884 
-20.75831521817402 
-20.759824364212026 
-20.76132378142616 
-20.762808357188483 
-20.764274249747206 
-20.765710490285016 
-20.767120649662278 
-20.76851425226347 
-20.769891984354082 
-20.771256941114622 
-20.77261202280084 
-20.77396660227004 
-20.775279982558764 
-20.776574185059097 
-20.777848696794944 
-20.779126169682403 
-20.78037993618895 
-20.78164818515953 
-20.78290166268736 
-20.784141346516723 
-20.785343109219195 
-20.786513061815896 
-20.7876698116017 
-20.788814796464926 
-20.789969263630724 
-20.791106562438806 
-20.79223192344772 
-20.793344295167806 
-20.79444170740612 
-20.795527915192867 
-20.796610734385403 
-20.797683070598 
-20.798745974739973 
-20.799786201738463 
-20.800814407178663 
-20.80183266147276 
-20.80284197895889 
-20.80384153302924 
-20.80483115610976 
-20.805813396397287 
-20.80678981318451 
-20.807774087978984 
-20.808747781412023 
-20.809711497859325 
-20.810678442733405 
-20.811635695632038 
-20.81258417353052 
-20.81351295882815 
-20.814426441243818 
-20.815341543625287 
-20.81624723481023 
-20.81714416768518 
-20.818032338358602 
-20.818924938619357 
-20.81980818269507 
-20.82068348564471 
-20.821553955424058 
-20.822414018632585 
-20.82326820509109 
-20.82411053148623 
-20.824944736135137 
-20.825781637528532 
-20.826611659751933 
-20.82743392863143 
-20.828251032425676 
-20.82906132254245 
-20.82985542040348 
-20.830639065955936 
-20.831424232509647 
-20.832204712161744 
-20.832979603317803 
-20.83372747609883 
-20.834465295570126 
-20.835199105839074 
-20.835924751193314 
-20.83665195987632 
-20.83737291342516 
-20.83808679100882 
-20.838796427022046 
-20.839496331077783 
-20.840188983985662 
-20.840871208903945 
-20.841547312173258 
-20.842217090556055 
-20.842889718480247 
-20.84355705909934 
-20.844224640196444 
-20.844883699226973 
-20.845533030829287 
-20.846176151321018 
-20.846811943901777 
-20.84744188230985 
-20.848077828030082 
-20.84870687904977 
-20.849328997459637 
-20.84994538356999 
-20.850556118757613 
-20.85116443814455 
-20.851768805649314 
-20.85236719225723 
-20.852962373828323 
-20.853550813158478 
-20.854132531909933 
-20.854706726146524 
-20.8552806002071 
-20.855845746574143 
-20.856404645410635 
-20.85695738862541 
-20.85750529209877 
-20.858045965610387 
-20.858580029768653 
-20.85911386606815 
-20.859656863295456 
-20.86019242580544 
-20.860722614511047 
-20.86123836885205 
-20.861748008700136 
-20.862252205714995 
-20.86275087394665 
-20.86324434039175 
-20.863732439387135 
-20.864215357803097 
-20.864680383775017 
-20.86513978206494 
-20.865600643540077 
-20.866050304788235 
-20.866494977121025 
-20.866937277273003 
-20.867367232583508 
-20.867791902903488 
-20.868211730043928 
-20.868626657442952 
-20.869037295218398 
-20.869442865362767 
-20.869843744900198 
-20.870240106200352 
-20.87063180182851 
-20.87101992590535 
-20.871404204944735 
-20.87178305873678 
-20.872158340211126 
-20.872529808867327 
-20.872896507758004 
-20.87325955377851 
-20.87361446133459 
-20.873964556017693 
-20.874311454280672 
-20.874656491528523 
-20.87499703177097 
-20.875334169872385 
-20.875669598502537 
-20.876006144306903 
-20.876339403442188 
-20.876673753310353 
-20.877004541697012 
-20.87733216528623 
-20.877656421555535 
-20.87796765967505 
-20.878276375695247 
-20.878582063055713 
-20.87888260442707 
-20.879180366233637 
-20.879476668225113 
-20.879770235255254 
-20.880060245067448 
-20.88034764591293 
-20.880632376129817 
-20.880914411055027 
-20.88119531582794 
-20.881470886839246 
-20.881743684668542 
-20.882013759627576 
-20.882281369789283 
-20.882546934615814 
-20.882808556230856 
-20.883067520270462 
-20.883323996311816 
-20.883578149426434 
-20.883829861766145 
-20.884079204443612 
-20.884326914555416 
-20.884573062086258 
-20.88481425479851 
-20.885046570860805 
-20.885276309095136 
-20.88550372895548 
-20.885728097270853 
-20.88595041983065 
-20.886169446911715 
-20.886385884886643 
-20.886599971273704 
-20.88681297076987 
-20.887024708629145 
-20.887234081098896 
-20.887437863371662 
-20.887640323483122 
-20.887841196469655 
-20.888040153823223 
-20.8882370924804 
-20.888432129902846 
-20.88862564832311 
-20.888818574410244 
-20.889009718479787 
-20.88919908998504 
-20.889387464982534 
-20.889574033128184 
-20.88975876941299 
-20.889940997533188 
-20.8901207651587 
-20.890298639599134 
-20.89047475602142 
-20.890648047843417 
-20.89081942700711 
-20.890988842736338 
-20.891156846610357 
-20.891323433602885 
-20.891488798981353 
-20.891653152699085 
-20.891816564476322 
-20.891978509926528 
-20.892139017396197 
-20.89229857890479 
-20.892456887607644 
-20.892613913691182 
-20.89276957882786 
-20.892924625795064 
-20.893078404776166 
-20.893230907887155 
-20.893382149342273 
-20.89353200540852 
-20.893680604099632 
-20.893828048059717 
-20.89397419265528 
-20.894119505354606 
-20.894262415132346 
-20.89440411374818 
-20.894545773212247 
-20.89468708462966 
-20.89482720550275 
-20.89496617593897 
-20.895103826786233 
-20.895240371458755 

 Time 
406.16680335998535 
