Energy 
 
3.3888654472655504 
2.270843449607013 
1.0533874810849144 
-0.4005351590472481 
-2.383628706202391 
-4.4330235016742945 
-6.565949952990269 
-8.692334792846914 
-10.493815048069271 
-12.031897027397047 
-13.240798705484572 
-14.172842073063535 
-14.914761818123187 
-15.774777364003796 
-16.391968900086045 
-16.928125915845175 
-17.285968173566342 
-17.573874955264237 
-17.841875943524457 
-18.076288958483573 
-18.28787919137662 
-18.478827477585945 
-18.644072333584134 
-18.790167599152014 
-18.929765183828994 
-19.058458510343737 
-19.175975815152047 
-19.291096397143924 
-19.398093361364044 
-19.529654847917154 
-19.635218776142363 
-19.734411386731722 
-19.829556538536327 
-19.919467460558597 
-19.994944720551242 
-20.06558419770544 
-20.126297022307387 
-20.166497613410677 
-20.205801512006143 
-20.06296035134936 
-20.256568870937773 
-20.311970120189308 
-20.34423639740089 
-20.40728042259395 
-20.442691487509826 
-20.477657395708203 
-20.510336618534424 
-20.530115314116916 
-20.563875808623973 
-20.58856176613143 
-20.610453693420922 
-20.633901853501975 
-20.65450613123786 
-20.67630008146663 
-20.686747925114332 
-20.71538681953069 
-20.733613892196765 
-20.749807955782376 
-20.765012366023015 
-20.779397716141048 
-20.79432970033964 
-20.80825945349765 
-20.82828542400678 
-20.843760370180622 
-20.85822089335327 
-20.86929467504023 
-20.879793271344422 
-20.889774098079595 
-20.898370150552264 
-20.906067057847956 
-20.91361284147335 
-20.92074609410052 
-20.92754793644801 
-20.933894666100187 
-20.94023753723001 
-20.946312399471307 
-20.95215815172175 
-20.95774164780078 
-20.96088891392545 
-20.967138315601915 
-20.97153938117834 
-20.968075067770517 
-20.97899429821393 
-20.98356724438313 
-20.987486428407298 
-20.991006977985098 
-20.994329350181086 
-20.99737524668103 
-20.99984216019911 
-21.003139609095708 
-21.006113046163712 
-21.00885000701881 
-21.011517281575557 
-21.014200116603444 
-21.015155204769123 
-21.019154613182117 
-21.022080664626866 
-21.024762261135578 
-21.02732732952254 
-21.02980087439577 
-21.032211027441928 
-21.034577114795013 
-21.036895639689458 
-21.039159225574288 
-21.041354472342533 
-21.041118565612656 
-21.041117169654658 
-21.038068881730577 
-21.04341855669866 
-21.04871291648615 
-21.053403686386034 
-21.05608562592357 
-21.058093319434406 
-21.06000726572948 
-21.061929264467356 
-21.063759729914075 
-21.06553344965435 
-21.067239263973548 
-21.06889350547701 
-21.068295773338427 
-21.065800736029328 
-21.069565638823068 
-21.07477676520327 
-21.076665943643878 
-21.078144462729373 
-21.07957429475065 
-21.08094775543082 
-21.082261115013324 
-21.0835124102243 
-21.084717404441975 
-21.085880054799723 
-21.087002224045364 
-21.08803149507356 
-21.089044860386842 
-21.090028550837786 
-21.090992688211237 
-21.09188555700652 
-21.0921802108585 
-21.092001802990836 
-21.092878057831616 
-21.0951432070186 
-21.09608631444356 
-21.09689221153845 
-21.09765815042532 
-21.098397972115084 
-21.099115964444536 
-21.099813383057054 
-21.100537567677833 
-21.10123727816638 
-21.101908017482202 
-21.10255574000394 
-21.103182246242636 
-21.10378895387757 
-21.104393866120375 
-21.104978051678817 
-21.10554337542847 
-21.106091780164906 
-21.10662214683212 
-21.10714506723745 
-21.107650476036646 
-21.108135422361443 
-21.108602851778663 
-21.10905908171993 
-21.10949788428711 
-21.109914177274664 
-21.110325282766684 
-21.110722150379402 
-21.111113114821055 
-21.11148389689807 
-21.111842688239733 
-21.11219380940109 
-21.1125339660872 
-21.112862751400147 
-21.11318119337717 
-21.11349658004025 
-21.11379922777593 
-21.114114908775157 
-21.114411669560134 
-21.114697183195048 
-21.114972690922666 
-21.115237236810746 
-21.115485167859955 
-21.115733379317767 
-21.115973776763095 
-21.116207243544878 
-21.116432124103085 
-21.116648846372478 
-21.11685479762241 
-21.117052897459388 
-21.117243848970503 
-21.11742947233498 
-21.1176056324521 
-21.117777623035394 
-21.11794431409263 
-21.118105125641343 
-21.1182635874913 
-21.118414507007643 
-21.118561837233443 
-21.118707684269314 
-21.118846679170247 
-21.118982978043807 
-21.119112357837665 
-21.119240912428904 
-21.11936338859258 
-21.11948038345739 
-21.119593062643265 
-21.11970135581583 
-21.119805820265263 
-21.11991028022618 
-21.12000680473994 
-21.120098496362786 
-21.120187004302313 
-21.120272486726044 
-21.120354720693264 
-21.120434878650375 
-21.120511851347715 
-21.120585704337458 
-21.12065684710812 
-21.120725469156223 
-21.12079160423484 
-21.120855722532806 
-21.12091824185954 
-21.12097903288915 
-21.12103807720994 
-21.121095090677265 
-21.12115026358514 
-21.121203776461673 
-21.12125477733427 
-21.121304814195533 
-21.121354560668454 
-21.121401657327546 
-21.12144722799813 
-21.121490668531706 
-21.121532542492293 
-21.121573274167826 
-21.121612597716457 
-21.12165051394529 
-21.12168726533389 
-21.12172284388197 
-21.12175719948244 
-21.121790488951017 
-21.121822056735752 
-21.1218528867431 
-21.12188302544832 
-21.12191239939428 
-21.121940863687207 
-21.121968312214978 
-21.121994858454013 
-21.12202022516476 
-21.12204472856677 
-21.122068372438907 
-21.12209120743205 
-21.12211333263588 
-21.122134831244768 
-21.12215562677518 
-21.122175351119132 
-21.12219456497439 
-21.122213330641614 
-21.122231589218664 
-21.122249282286866 
-21.122266305255703 
-21.122282791775337 
-21.12229876854128 
-21.122314040074937 
-21.122328724745092 
-21.12234294687043 
-21.12235675484502 
-21.122370155549277 
-21.122383146030813 
-21.122395826769917 
-21.12240811928211 
-21.12242005504952 
-21.122431634171576 
-21.122442710977992 
-21.12245341313198 
-21.122463773875666 
-21.122473870037837 
-21.12248368181798 
-21.122493315131806 
-21.12250263368722 
-21.122511699146447 
-21.122520528235842 
-21.122529120664524 
-21.12253749537333 
-21.122545582794356 
-21.12255344484992 
-21.122561088387968 
-21.122568520430008 
-21.12257572088756 
-21.122582649196527 
-21.122589308336504 
-21.12259589064567 
-21.122602197732327 
-21.122608274620397 
-21.12261415794284 
-21.12261984914291 
-21.122625439722494 
-21.122630841842508 
-21.12263609429006 
-21.122641192266105 
-21.122646149095686 
-21.122650844986964 
-21.1226554146372 
-21.122659851089832 
-21.12266416988787 
-21.122668371413116 
-21.122672462860724 
-21.122676397962206 
-21.12268023213871 
-21.122683970379793 
-21.12268760977799 
-21.122691141120196 
-21.12269459585316 
-21.122697954952947 
-21.122701127345366 
-21.122704244546476 
-21.12270727922634 
-21.122710236745576 
-21.12271311808391 
-21.122715920605856 
-21.122718643424278 
-21.12272129515081 
-21.122723879575275 
-21.122726427480217 
-21.12272890779366 
-21.122731324955 
-21.122733679836447 
-21.122735975051015 
-21.12273817633989 
-21.122740285760074 
-21.1227423330736 
-21.122744325772086 
-21.122746252240187 
-21.122748129704657 
-21.122749964211817 
-21.122751751724305 
-21.122753508482432 
-21.122755220915558 
-21.122756892042695 
-21.122758508814123 
-21.122760077730064 
-21.122761606493548 
-21.122763096401723 
-21.122764550062232 
-21.12276596728657 
-21.122767328411527 
-21.1227686250542 
-21.12276989344398 
-21.122771133992796 
-21.122772345447476 
-21.122773528046793 
-21.122774680604184 
-21.122775799894956 
-21.12277689016169 
-21.122777953914003 
-21.12277897742344 
-21.12277997739754 
-21.122780953658367 
-21.12278190787499 
-21.12278284943856 
-21.122783753267896 
-21.122784637379567 
-21.122785501842692 
-21.12278634353619 
-21.122787164889342 
-21.122787968128367 
-21.122788754199345 
-21.12278952172158 
-21.12279026846507 
-21.12279100399239 
-21.122791724814725 
-21.12279243106362 
-21.12279312205927 
-21.122793780623493 
-21.122794428023624 
-21.122795064364837 
-21.122795683965347 
-21.12279628911017 
-21.12279687837628 
-21.12279745630859 
-21.122798020819797 
-21.12279857170031 
-21.122799112593537 
-21.122799642044257 
-21.122800160460155 
-21.1228006675082 
-21.122801162943944 
-21.122801647403914 
-21.12280212213886 
-21.12280257871632 
-21.122803024426776 
-21.12280346025169 
-21.122803886479694 
-21.122804305448618 
-21.12280471470995 
-21.122805116189156 
-21.12280550865218 
-21.122805892639114 
-21.1228062668096 
-21.12280663123219 
-21.122806987663377 
-21.122807336743488 
-21.122807677785808 
-21.122808014702898 
-21.122808342022434 
-21.12280866013707 
-21.122808971243803 
-21.122809275255268 
-21.122809572680282 
-21.12280986409862 
-21.122810151647545 
-21.12281043444069 
-21.12281071087232 
-21.12281097953647 
-21.122811241966364 
-21.122811498142692 
-21.122811744738037 
-21.12281198595584 
-21.122812222171518 
-21.122812452455612 
-21.12281267957126 
-21.122812902617916 
-21.122813121612978 
-21.122813335867505 
-21.122813545753555 
-21.122813751378352 
-21.122813952272633 
-21.12281415068033 
-21.12281434536628 
-21.12281453773603 
-21.122814725766865 
-21.122814909790996 
-21.122815089346187 
-21.122815266210136 
-21.122815440005414 
-21.12281561032694 
-21.122815777315434 
-21.12281594089181 
-21.122816097410933 
-21.122816251021305 
-21.122816401085917 
-21.122816547614715 
-21.12281669134573 
-21.122816832463478 
-21.122816971887325 
-21.12281710958177 
-21.122817244631648 
-21.122817375931113 
-21.12281750461796 
-21.122817630668205 
-21.122817754159964 
-21.122817875204337 
-21.122817993913387 
-21.12281811065406 
-21.122818225093074 
-21.12281833689828 
-21.12281844690758 
-21.122818554860178 
-21.122818660683457 
-21.122818764488827 
-21.12281886635399 
-21.12281896627603 
-21.122819063846208 
-21.1228191597107 
-21.12281925231714 
-21.122819343160423 
-21.12281943243326 
-21.12281952012884 
-21.12281960626261 
-21.12281969065198 
-21.122819773363226 
-21.122819854663145 
-21.122819935511018 
-21.122820014935186 
-21.122820093073734 
-21.1228201697105 
-21.122820245018392 
-21.122820318849737 
-21.12282039208488 
-21.122820463935735 
-21.122820534615514 
-21.122820604036722 
-21.122820672278532 
-21.12282073923979 
-21.12282080500667 
-21.122820869517 
-21.1228209328279 
-21.12282099503799 
-21.122821056211475 
-21.122821116389584 
-21.122821176023137 
-21.122821234562657 
-21.122821291908952 
-21.122821348317157 
-21.122821403146656 
-21.122821457104862 
-21.122821510226135 
-21.122821562507866 
-21.122821613206924 
-21.1228216632368 

 Time 
482.9220139980316 
