Energy 
 
-6.4476662915535154 
-6.4476662915535154 
-6.479163014930061 
-6.978842533439487 
-9.57861849452252 
-10.29741228944652 
-10.854259673325938 
-10.941141138334793 
-11.068241557786575 
-11.080630328895994 
-13.48593646230189 
-13.666036263917047 
-14.248478077263465 
-15.192550087762733 
-15.20287702961005 
-15.208819313208386 
-15.259559253010883 
-15.295685108009321 
-15.774375998346729 
-15.831533108654147 
-16.033519253018344 
-17.00907245393613 
-17.08494682732446 
-17.35038276822053 
-17.56741578094558 
-17.765993246585147 
-17.77465300217819 
-17.991638078185424 
-18.01248460642631 
-18.057585122860303 
-18.255869795384804 
-18.25587723677066 
-18.27037647845395 
-18.390877875522154 
-18.45277183680791 
-18.7355819997264 
-18.736997238508494 
-19.108559572551073 
-19.119678752170163 
-19.12740225065317 
-19.169743490462416 
-19.17700152975295 
-19.342663490880845 
-19.366110810350857 
-19.50002206786337 
-19.522045878211287 
-19.706117928995795 
-19.746907178499484 
-19.79195881425825 
-19.829062383344148 
-19.839123485803515 
-20.2188775637587 
-20.23329364403858 
-20.23607265443473 
-20.25204999634759 
-20.258883604930052 
-20.397318130059173 
-20.44506404274991 
-20.455717309244697 
-20.6010588663565 
-20.685270677649537 
-20.979760136970626 
-21.003802669940995 
-21.00531190728723 
-21.069332912134143 
-21.070578547581743 
-21.071153373071187 
-21.16127454253276 
-21.179561918378326 
-21.20019897974977 
-21.201795780276147 
-21.206915798551652 
-21.20794230796302 
-21.210052661765502 
-21.21019837894268 
-21.246366918420566 
-21.270019314753192 
-21.270536754879625 
-21.387121995023772 
-21.421508729790187 
-21.421516247897777 
-21.423212527816293 
-21.424126648610297 
-21.435822868306303 
-21.436443220920673 
-21.450268128166236 
-21.456218907451586 
-21.458013967315093 
-21.49099756816335 
-21.4955553247323 
-21.495573548116184 
-21.502218623908917 
-21.51401116913147 
-21.520424474293968 
-21.522142086568802 
-21.5226351945598 
-21.52473705297882 
-21.528059236336333 
-21.542981045374802 
-21.562044432232174 
-21.562044813507327 
-21.615009567209476 
-21.622256762790002 
-21.62375294603857 
-21.630816667605473 
-21.64108721996948 
-21.726075946949393 
-21.731403827373928 
-21.737022807959587 
-21.73925403269132 
-21.739319469404283 
-21.74983940933991 
-21.77542085729933 
-21.811710538809578 
-21.8138988090911 
-21.851644366084383 
-21.913276626958396 
-21.914114487523104 
-21.919381155723134 
-21.92019094389849 
-21.930901215802212 
-21.96166474535818 
-21.963084723173292 
-21.965886804185907 
-21.969795500297465 
-21.98503615435837 
-21.986103511072223 
-22.006354258036005 
-22.00644268014263 
-22.039778269234183 
-22.043542357696484 
-22.04465314841939 
-22.04719925646278 
-22.05389282806335 
-22.057663541723823 
-22.08053703529272 
-22.081115661183432 
-22.083203286692733 
-22.09161075191885 
-22.099252261861704 
-22.136874996702698 
-22.137125610600428 
-22.142560469863277 
-22.142572796575568 
-22.14264143006695 
-22.160593711166637 
-22.162638779751774 
-22.163879410490757 
-22.171552721764137 
-22.175873696111896 
-22.181412567341724 
-22.181938161583602 
-22.183061340763352 
-22.20667763794039 
-22.2121758368558 
-22.212638974803767 
-22.217931558119403 
-22.217985301446998 
-22.218005412855135 
-22.228461940423898 
-22.229145277495693 
-22.235386066184148 
-22.23540202429753 
-22.258949823010294 
-22.260969614294652 
-22.280472483680864 
-22.28388839380567 
-22.291632963332745 
-22.29168068051608 
-22.29168598229222 
-22.291685990440854 
-22.295489990291983 
-22.301217863714243 
-22.30962502582491 
-22.310646026412872 
-22.310718266760865 
-22.311463271991723 
-22.31333451150027 
-22.31347699672407 
-22.324576361944366 
-22.325760763887377 
-22.325766142371208 
-22.32651725674785 
-22.32651849236783 
-22.33048664346961 
-22.330487044678534 
-22.330638091115045 
-22.331309221036832 
-22.33163166002581 
-22.331633112827724 
-22.334969521830843 
-22.335729129100358 
-22.335730992919604 
-22.336034718907296 
-22.33609028869902 
-22.337417878320483 
-22.33770714369778 
-22.338016835191336 
-22.341026914247383 
-22.34859847580183 
-22.34869788473364 
-22.349538099780446 
-22.35313265686331 
-22.35597548526139 
-22.35700145081778 
-22.357128847646948 
-22.35720592958138 
-22.358275136970846 
-22.35848964692233 
-22.36239581114433 
-22.362542443542914 
-22.3633014122898 
-22.36341162700888 
-22.364610498722254 
-22.364713669838565 
-22.364775502519027 
-22.364787228069982 
-22.36801446588606 
-22.368257616519507 
-22.368460136672283 
-22.368466538992983 
-22.36847792370221 
-22.369127864903604 
-22.36968157488978 
-22.369762588745814 
-22.36982987239438 
-22.37000128931129 
-22.370172811298065 
-22.370861020485975 
-22.372228059901143 
-22.37478303846368 
-22.37478729126 
-22.374833629431947 
-22.374880665861696 
-22.375870255591327 
-22.37658397758872 
-22.376604359971168 
-22.376826125192576 
-22.37683801106667 
-22.376857210557322 
-22.377011097562153 
-22.377303196213283 
-22.37752688196239 
-22.37894103806838 
-22.3789939656353 
-22.37911701926354 
-22.380694435363203 
-22.380791748183682 
-22.380938793190147 
-22.380966633736588 
-22.381025582702414 
-22.38126563595858 
-22.38156881701606 
-22.38187110359285 
-22.38364442168203 
-22.38394534809061 
-22.384378345483306 
-22.38469544311403 
-22.384747118156362 
-22.384975829240123 
-22.3851258478213 
-22.38529515624389 
-22.385392929259048 
-22.385438037437297 
-22.385458760634158 
-22.38551354090194 
-22.385684426225822 
-22.385786782613835 
-22.385799447371856 
-22.385806125748097 
-22.385815925236574 
-22.38588481656912 
-22.385902857252294 
-22.386185136003316 
-22.386189582333124 
-22.386252525780417 
-22.386260386724928 
-22.38631681320929 
-22.386569033435702 
-22.3866025070178 
-22.387424840944824 
-22.387639772207113 
-22.387647959850284 
-22.387715060058206 
-22.38845624126191 
-22.389624804218318 
-22.389851431501285 
-22.389930802404226 
-22.39003814612981 
-22.390171039470005 
-22.390944080022877 
-22.39098247725719 
-22.390985479576948 
-22.391018822007055 
-22.391160147313943 
-22.39116086754656 
-22.3913618711863 
-22.39144213179586 
-22.391449288256347 
-22.391516540434825 
-22.392575682390856 
-22.392577164545454 
-22.39262835667589 
-22.39286184688919 
-22.392861987453454 
-22.39304126080236 
-22.393043532475012 
-22.393213250874197 
-22.393413748878498 
-22.39392824285483 
-22.39397667999026 
-22.39402759298329 
-22.394036347622034 
-22.394282884584094 
-22.39432325308714 
-22.394505246038406 
-22.39451043618485 
-22.394548093398967 
-22.39460267821212 
-22.394692350709953 
-22.395747141495832 
-22.395749817066235 
-22.39578408535461 
-22.39578715288841 
-22.395825661909125 
-22.395905535429996 
-22.39631904371181 
-22.397937043442415 
-22.398116427550157 
-22.39827983538465 
-22.398309048296607 
-22.39833502849696 
-22.39834288443806 
-22.39844084570618 
-22.398510715137792 
-22.398670602579546 
-22.398673100890505 
-22.398674792450596 
-22.398723001906703 
-22.398797009316297 
-22.39880725581641 
-22.39884604753843 
-22.398876330557158 
-22.398880364148376 
-22.3989032660665 
-22.39890887163292 
-22.399747322805222 
-22.400017690729577 
-22.400238758118828 
-22.400252757317823 
-22.40025375614874 
-22.40025899424532 
-22.400479159751978 
-22.400707505713964 
-22.400750034015445 
-22.400861021387605 
-22.400910235726048 
-22.401034036369143 
-22.40104330956137 
-22.401251142685354 
-22.4013121330047 
-22.401383916008854 
-22.401534831047748 
-22.401543866639138 
-22.40154580229859 
-22.401548237750536 
-22.40157906990018 
-22.40160691806925 
-22.401607709650307 
-22.401684436352102 
-22.402012041238514 
-22.402526831594262 
-22.402568353000422 
-22.402600953880686 
-22.40260998931171 
-22.40267193371879 
-22.40275617796089 
-22.402971389027698 
-22.403445644668494 
-22.4034959890093 
-22.40360514077551 
-22.403897465017806 
-22.403906952263977 
-22.404558257011136 
-22.40457686890244 
-22.404586415882086 
-22.405249377187356 
-22.405349623611105 
-22.40548357920682 
-22.405660047438154 
-22.40570006826929 
-22.405880037119726 
-22.406038389435693 
-22.406107395959264 
-22.40614613432466 
-22.406156079883406 
-22.406196670613856 
-22.406487088848518 
-22.406919321929642 
-22.4069549858645 
-22.40695661576172 
-22.407048026359625 
-22.407075796474455 
-22.407125672728046 
-22.407141433892022 
-22.407206017655227 
-22.407334276091632 
-22.40733467540409 
-22.40748306069112 
-22.407527426116808 
-22.407566635260977 
-22.40759760999278 
-22.407666028843604 
-22.407813557123294 
-22.407833849825703 
-22.408013323011932 
-22.40801658104519 
-22.408057630416447 
-22.40807578653385 
-22.40821793574218 
-22.40830832058832 
-22.40832879910505 
-22.408336825410803 
-22.408372620210777 
-22.408522806474345 
-22.408523239728822 
-22.40856752765586 
-22.408568402842384 
-22.40867127254886 
-22.408761863916556 
-22.408885649774607 
-22.40919353560114 
-22.40938786279876 
-22.409690052240457 
-22.409692285655698 
-22.409692709979915 
-22.40985635619433 
-22.409864349768384 
-22.409872079725282 
-22.40987585876779 
-22.409900747600815 
-22.40990664004821 
-22.409915392055595 
-22.409925214346295 
-22.409931505080433 
-22.409960757786727 
-22.4099936003469 
-22.410001203600302 
-22.410018248967653 
-22.410612977833452 
-22.410671369903582 
-22.410723657564958 
-22.410724666815767 
-22.410777960176798 
-22.410789098891183 
-22.410876195424148 
-22.410876556737108 
-22.410937998229528 
-22.410938280739373 
-22.410989129325202 
-22.410989326832926 
-22.4110290633836 
-22.41114250544973 
-22.41118056478138 
-22.411245471873684 
-22.411258131002846 
-22.41127560995145 
-22.41132822196352 
-22.411371072151237 
-22.411381678864288 
-22.41139909214252 
-22.411399093078472 
-22.411414936928484 
-22.411521118839048 
-22.411718987537867 
-22.41179769018101 
-22.411803989581383 
-22.411805756865608 
-22.411807797410212 
-22.41181151986677 
-22.411812194932633 
-22.41184620430728 
-22.41203298784094 
-22.41204880071732 
-22.412057427162427 
-22.412138855808458 
-22.41214228597443 
-22.412167833395873 
-22.41216980309001 
-22.412348694013456 
-22.412371063313945 
-22.41237235282891 
-22.412410700020526 
-22.4124176445213 
-22.412421369494787 
-22.412605718490052 
-22.412624602270657 
-22.4126360932257 
-22.412637019602894 
-22.412721319952336 

 Time 
17.312204837799072 
