Energy 
 
3.132899243227253 
2.4705496306125143 
0.25404457239752554 
-2.4409224386267354 
-4.426082596222072 
-5.089926586766605 
-5.192476150439929 
-5.215973591808159 
-5.197167004347485 
-5.267421952860306 
-5.9999463141596845 
-6.037395413553681 
-5.965663099466779 
-6.347393204498671 
-6.465372270577215 
-6.695919030345102 
-6.5919778526773545 
-6.662074907908107 
-8.958296760529958 
-8.990829138415416 
-8.968543375191917 
-9.749222197681371 
-9.841652056723174 
-10.761119329081211 
-10.613073300088981 
-10.56240594512382 
-10.597803097135664 
-10.406763289660615 
-10.482597401987224 
-10.94097694595437 
-10.810616598991244 
-11.336485042436639 
-11.304380078002385 
-12.218289267116054 
-12.75352507638154 
-12.475918025244939 
-12.617134491970333 
-11.615768494906659 
-11.55466857813084 
-12.241701502047245 
-11.390167103119225 
-11.360452024925507 
-11.486498750578143 
-11.08591636550908 
-11.607709730038057 
-11.986284087019845 
-12.472913834888562 
-11.813166353956904 
-11.141338247237243 
-11.771062609021952 
-11.870496692066704 
-11.580660165090666 
-11.681270190665385 
-11.43548842283081 
-12.77333313622987 
-11.969456900232366 
-12.345523911611005 
-11.930069773608226 
-11.169210762690117 
-10.920544830026762 
-10.54477161019462 
-11.219811764727215 
-10.4974852871832 
-10.710862173657162 
-12.109013800292962 
-11.095553779766242 
-10.41277624619673 
-11.08539170208217 
-12.539292588194455 
-12.388248681393096 
-11.290993400488166 
-9.930419250921585 
-10.829047797879657 
-10.573988507681424 
-9.318954652249882 
-8.047998510837056 
-9.091178073414834 
-9.199427872634876 
-9.140723063804543 
-8.99798484603964 
-8.218937660345416 
-8.670232987884233 
-9.09301886862778 
-9.60831864641833 
-10.549430266435488 
-10.868110808291432 
-10.050164607747867 
-10.501457550405856 
-10.857008170899377 
-10.77206371806305 
-10.862243346990635 
-10.86905572325496 
-11.437469703306665 
-11.394493343248891 
-11.374659222330179 
-11.000875363844505 
-10.933354289239904 
-10.715230846551037 
-10.303497963711996 
-10.614737890890645 
-10.684943534678085 
-10.872477928770323 
-10.743657210186473 
-10.453325434635921 
-11.335093508317833 
-11.167196518588081 
-10.765999625169693 
-11.265192738308851 
-11.515740532657485 
-11.855143312500038 
-12.052381274862267 
-11.404384493662821 
-11.685405115084318 
-11.73072931228515 
-11.596097075879404 
-11.958496605448309 
-11.986370793742712 
-12.063459400149984 
-13.11848326396022 
-13.286160276374735 
-13.177293302978324 
-13.157535094894257 
-12.968532444136239 
-13.164510085570527 
-13.15584028140724 
-13.812767000871553 
-13.968656466752076 
-14.211696272515297 
-13.733897201216351 
-13.78549895419556 
-13.51738691786117 
-13.55801905364783 
-13.594110781807842 
-13.463450750303895 
-13.585707143367793 
-13.587121203901908 
-13.575286076115518 
-14.01684145026349 
-13.846885340208187 
-13.738500177076782 
-13.622644566515095 
-13.38945243589014 
-13.447463261071045 
-13.431474397408348 
-13.261240975043282 
-14.317276316993848 
-14.364550234911004 
-13.736491098619796 
-13.669935329380207 
-13.595066926924781 
-14.015682923913818 
-13.824098613876826 
-13.61467506633169 
-13.83327009801982 
-13.864804197863137 
-14.074091156470006 
-14.143387045384044 
-14.058744095364382 
-14.082393909332781 
-14.1560635775137 
-14.32739024729533 
-14.16648232291397 
-14.27775015845657 
-14.114030111316366 
-14.7808974384015 
-14.883972108426308 
-14.312274553701718 
-13.76229601407113 
-14.253285009271845 
-14.612544957837363 
-15.512348135560408 
-15.560247324398523 
-15.484327150963205 
-15.33291778290962 
-15.533282176472344 
-15.531229381697663 
-15.498788301216603 
-15.49437320976301 
-15.573215391898351 
-15.5983214733857 
-15.674264905906956 
-15.641136123682557 
-15.646043077622775 
-15.62722122467546 
-15.620250448179815 
-15.5934405726186 
-15.760472360146677 
-15.930765451103259 
-15.927692419422874 
-15.930152284001725 
-16.03935464825115 
-16.060426197033912 
-16.076519702579898 
-16.011555064347643 
-15.979150085293202 
-15.944020598485103 
-16.079620357133024 
-16.003847773635872 
-16.008119751789756 
-16.020926490705524 
-16.004718854995275 
-15.984894613725237 
-16.101164101038545 
-16.392151617837015 
-16.37512771474169 
-16.221889394476133 
-16.263338085860198 
-16.172654567887324 
-16.176027718251195 
-16.680350017006543 
-16.457670823717663 
-16.518256214222802 
-16.397405301756528 
-16.288954368894313 
-16.29081408883486 
-16.29847373874901 
-16.174224219437587 
-16.0761141867681 
-16.255410693800066 
-16.18556061551373 
-16.3691610225169 
-16.39128404190079 
-16.779801462708825 
-16.900419254988453 
-16.89747286390873 
-16.87849980146534 
-16.791711681746975 
-16.82135779934221 
-16.79671313860064 
-16.788433322759403 
-16.87355279758337 
-16.877630606759414 
-16.84243888045026 
-16.79321273663052 
-16.83079165735275 
-16.821639613909507 
-16.90976886520863 
-16.847780425094726 
-16.846709446473522 
-16.82787474800258 
-16.848681548571342 
-16.862942446079142 
-16.878538005635907 
-17.032898240947276 
-17.08118519013912 
-16.971679614139955 
-16.971696238843457 
-16.889130485951807 
-16.97360592155877 
-17.087875302751176 
-16.967035744222127 
-17.028746144684494 
-16.977581908133345 
-16.9488709265104 
-17.058709299976428 
-17.007663900600438 
-16.97356019690287 
-17.029838113200405 
-17.132373719044715 
-17.16001000432267 
-17.087001302595954 
-17.036076707948293 
-16.995449364223067 
-17.013518172993372 
-17.001651001737745 
-17.09702498253234 
-17.251193694826696 
-17.232934084112077 
-17.178876848679703 
-17.189819451656263 
-17.171990446602564 
-17.23727187095179 
-17.230382437938932 
-17.2350931357781 
-17.23148511246253 
-17.26079096349992 
-17.363009473203547 
-17.361761501886924 
-17.300970545011857 
-17.564301206695564 
-17.91254530413386 
-17.930036919306627 
-17.936748605553184 
-17.937291351974533 
-18.03977175656849 
-18.039707577382423 
-18.1094541694748 
-18.118869946834785 
-18.1341758289272 
-18.155509455758818 
-18.08197016141918 
-18.08193197771967 
-18.12762568957989 
-18.126151801437597 
-18.12721382521397 
-18.090051135510514 
-18.087797425254912 
-18.083999129139162 
-18.085933886684774 
-18.136385044497448 
-18.280285966875258 
-18.318486840203153 
-18.307633614346134 
-18.26284807826503 
-18.28377950685561 
-18.283087655461028 
-18.283045159199776 
-18.35254205949793 
-18.300767046953734 
-18.297537641354676 
-18.287122178496414 
-18.321354439293906 
-18.30468272067363 
-18.296377828245518 
-18.30882472454516 
-18.30122159540559 
-18.31084317372473 
-18.323863535271467 
-18.308197799813932 
-18.358132233447062 
-18.33150253501483 
-18.403646967298254 
-18.393638348359122 
-18.444551868278293 
-18.43105037159527 
-18.368872533516026 
-18.354616714247182 
-18.398319609108473 
-18.436399036177264 
-18.37200616385184 
-18.369685776270693 
-18.363408931072257 
-18.362755799385816 
-18.354297165579922 
-18.35532639299757 
-18.426857073854713 
-18.445058650817124 
-18.447716376986246 
-18.456353560766757 
-18.40597559923708 
-18.424462574442845 
-18.41036682294256 
-18.440023747835117 
-18.489806441356084 
-18.483925238361653 
-18.54047916188821 
-18.555130016053525 
-18.558756199360598 
-18.558595030564177 
-18.552755626902247 
-18.553774506023878 
-18.57506191748994 
-18.578335953231605 
-18.57920506233449 
-18.561714084148626 
-18.557274446388835 
-18.557312664541694 
-18.586739786325857 
-18.587254916562287 
-18.59798625344471 
-18.611599973717396 
-18.6088826540957 
-18.604449365525028 
-18.605404763576427 
-18.624401681873533 
-18.623773540818817 
-18.61953214062328 
-18.677867467969108 
-18.706142849665095 
-18.714181313233432 
-18.71578979966643 
-18.71995663975834 
-18.721839525088374 
-18.722369901969792 
-18.72736043532385 
-18.729222067142693 
-18.727871848415656 
-18.731173122179538 
-18.73787625777785 
-18.736340345084425 
-18.736004588043055 
-18.736599237153694 
-18.73860602787725 
-18.737985552664217 
-18.738319688223626 
-18.738132881463155 
-18.73929655492987 
-18.739107240433633 
-18.744639984720667 
-18.74682529292077 
-18.750058804724457 
-18.750643417188815 
-18.750842317624823 
-18.751096409669664 
-18.75207662569295 
-18.756428325795845 
-18.756559203131204 
-18.756567117133077 
-18.75655605240989 
-18.75684821910592 
-18.75721686768032 
-18.75730548250784 
-18.75958387065772 
-18.76359365631527 
-18.772846435799558 
-18.776742790713303 
-18.778882651638877 
-18.77981912549078 
-18.77942634981623 
-18.778128175265874 
-18.77865029834936 
-18.778133128849124 
-18.778204533084118 
-18.778362220137343 
-18.778984634779526 
-18.779168579108223 
-18.77906209348228 
-18.781883202256488 
-18.78376837948576 
-18.784790756970676 
-18.786422476554044 
-18.78656912613077 
-18.78730671530995 
-18.787573868804945 
-18.787956215389528 
-18.791474793986712 
-18.792651262510677 
-18.7938285631836 
-18.79363395143822 
-18.793815238015853 
-18.792780466138318 
-18.792860951169565 
-18.792099706325427 
-18.79232386386123 
-18.79557166765853 
-18.79736126703832 
-18.79769848872402 
-18.799618003631636 
-18.800768402774573 
-18.801797623416906 
-18.80174402401429 
-18.804752823717422 
-18.80573832965836 
-18.806453930878046 
-18.80643569736874 
-18.806598033756263 
-18.80785288854477 
-18.807906121611556 
-18.808492115451596 
-18.808462897421112 
-18.808414601344932 
-18.80849207650945 
-18.808308039906258 
-18.80836942419041 
-18.811354960868712 
-18.811291769979523 
-18.812031145746587 
-18.81203655753723 
-18.81252695480388 
-18.812815398303474 
-18.814261283212918 
-18.81416306585709 
-18.81404728131695 
-18.814726736700685 
-18.816749729631205 
-18.81679555670014 
-18.816849398995604 
-18.816843037754403 
-18.81722495871887 
-18.81839867266761 
-18.818344954534922 
-18.81888926165363 
-18.8201711178958 
-18.820446621863024 
-18.821888069305977 
-18.822707075164537 
-18.82333978388713 
-18.82403900741909 
-18.82409153872717 
-18.824093863696888 
-18.824127370826027 
-18.82649081191024 
-18.826699084900113 
-18.82690439927341 
-18.82697497487918 
-18.827512290022185 
-18.82758077029463 
-18.828162104636323 
-18.82929646779054 
-18.830180496250257 
-18.830193973722793 
-18.830872804787344 
-18.830843496400405 
-18.830624061867308 
-18.832412742819614 
-18.832505272055208 
-18.832610489909527 
-18.832774825248404 
-18.833211005565584 
-18.833182732248897 

 Time 
42.312260389328 
