Energy 
 
1.8674158008456159 
1.8118618130904243 
0.7291447333438579 
0.7634103637171095 
-1.1829448559330176 
-4.486016423182126 
-4.694865904955451 
-4.67577862613887 
-2.8577462016914557 
-4.801267766828334 
-5.177543063941155 
-5.215958772713508 
-6.429157351506101 
-6.582497270699997 
-6.7182691738582045 
-6.741403048009942 
-7.683282331446126 
-7.757626142404158 
-7.76367983852185 
-7.769380690274091 
-7.643663814507937 
-7.7053855146933135 
-7.815911731650986 
-7.986255358593036 
-8.000658031329554 
-7.961459399376946 
-7.967494000721217 
-7.937543985988532 
-8.014035988388711 
-8.05312349710139 
-8.18572793156797 
-8.197947706869346 
-8.123217720852782 
-8.002182092450923 
-8.125376229392835 
-8.140277072641156 
-8.181658375679447 
-8.097053747542253 
-8.17658103977048 
-8.202603132871861 
-8.221584446755042 
-8.199811365391042 
-8.1888174719412 
-8.176258164626592 
-8.203479953026646 
-8.19800596344756 
-8.22296993117039 
-8.214644467622838 
-8.202806481121051 
-8.235286938805851 
-8.235657822678936 
-8.235762455357328 
-8.226593553983548 
-8.233019360572237 
-8.234929881642135 
-8.230235818807852 
-8.230123685698459 
-8.230509730409569 
-8.248100428089323 
-8.252451591239291 
-8.261770403445214 
-8.260350809434682 
-8.25760508880048 
-8.259461873685341 
-8.262620794271157 
-8.262747938307724 
-8.26420838339522 
-8.276970949682118 
-8.2777914300255 
-8.280200259298274 
-8.28213726540498 
-8.282961359144057 
-8.289189275146775 
-8.289992556937467 
-8.28972382993211 
-8.291644541786749 
-8.289414567981435 
-8.292572194704343 
-8.29033776710366 
-8.288790955191946 
-8.288899269225832 
-8.295581154263138 
-8.29585328129269 
-8.299659502869563 
-8.310537859629688 
-8.314352557858722 
-8.317567046831263 
-8.317424896513765 
-8.332127368743759 
-8.335477054411143 
-8.335727214701597 
-8.335562847996707 
-8.3389710780963 
-8.339425058886926 
-8.339728372962231 
-8.339721509155769 
-8.340215781957387 
-8.340205823191525 
-8.340127335364437 
-8.341936520000958 
-8.343609523046565 
-8.343077572807266 
-8.345018100752434 
-8.345688001952078 
-8.346986664088092 
-8.347787400994227 
-8.349519886965956 
-8.353465020376301 
-8.353499352102123 
-8.3538264747373 
-8.353864973386816 
-8.357555826401608 
-8.357464775604173 
-8.35765658843999 
-8.358602789300509 
-8.358527156320905 
-8.359690043442018 
-8.359550734293189 
-8.359208845580095 
-8.359045315762291 
-8.360524210244266 
-8.361558015709292 
-8.362388483140053 
-8.364597720957505 
-8.364657863557174 
-8.366367477866062 
-8.366313740652458 
-8.366306862595424 
-8.366333326424046 
-8.368865127164742 
-8.368824058699238 
-8.368905005792742 
-8.368865914877912 
-8.369958579463624 
-8.370931705276025 
-8.371088869259397 
-8.37115149283776 
-8.371008514645252 
-8.372380452081062 
-8.372505303326085 
-8.372561937637245 
-8.372723466622364 
-8.372962211244722 
-8.374587267799432 
-8.37465368138638 
-8.37464421075955 
-8.374707016262818 
-8.374455019279672 
-8.374799284269786 
-8.37471370504821 
-8.37485330029666 
-8.374873251654696 
-8.375005834144085 
-8.374992686398295 
-8.375625151148343 
-8.375624685798561 
-8.375631287483516 
-8.375585900701589 
-8.375801423129266 
-8.375759845462003 
-8.375628044756402 
-8.376077434042575 
-8.376102599154496 
-8.376559251146023 
-8.376525326800513 
-8.3774918321826 
-8.377547195328003 
-8.377575097545895 
-8.37758544827316 
-8.377649926888427 
-8.37758264201087 
-8.377592861751292 
-8.377588754234846 
-8.3778091743049 
-8.37815404733001 
-8.378236746462239 
-8.37827225494601 
-8.378567788102849 
-8.378617925112477 
-8.37866362658134 
-8.378662336839659 
-8.378656554412698 
-8.378695684234442 
-8.378697335312317 
-8.378747524777744 
-8.378766601133886 
-8.378761655062029 
-8.37876365760659 
-8.378855409443059 
-8.378859474520743 
-8.378870080235433 
-8.379024104775183 
-8.379105957868699 
-8.379212720510495 
-8.379208404909377 
-8.379331179641117 
-8.379385362450389 
-8.37951708836551 
-8.379514599294104 
-8.379494251194897 
-8.379773782730574 
-8.379845716653971 
-8.379833285821176 
-8.37983220953708 
-8.379844984646859 
-8.379890245490488 
-8.38008211307288 
-8.38009216662687 
-8.380110624776073 
-8.380116385107684 
-8.380190829171182 
-8.380188377021499 
-8.380337703680862 
-8.380346232469297 
-8.38036608066168 
-8.380372974576114 
-8.380407788421739 
-8.38049213592674 
-8.380502051675345 
-8.380710909921488 
-8.380724347432903 
-8.380726526371358 
-8.380725557360503 
-8.3807582431733 
-8.380901878750745 
-8.380906533232375 
-8.380906144027737 
-8.380906086349585 
-8.380927820967996 
-8.380939516935685 
-8.380975129312043 
-8.381029078269293 
-8.381033360961423 
-8.381034828732934 
-8.381032885445446 
-8.381033845445113 
-8.381033191310431 
-8.381039060576537 
-8.381053540523173 
-8.381052547650093 
-8.381057121061907 
-8.381060215310601 
-8.381060221402805 
-8.381078392230703 
-8.381092404711953 
-8.381106311833364 
-8.381112279650868 
-8.381115268808024 
-8.381127497980863 
-8.381220470958004 
-8.38126592053775 
-8.381294482002037 
-8.381328409164416 
-8.381340390153632 
-8.381366702324195 
-8.381381064622836 
-8.381381099242045 
-8.381432772835602 
-8.381446723216321 
-8.381459942504714 
-8.381468770928707 
-8.381472473558546 
-8.381470198559715 
-8.38146872248908 
-8.38147079125042 
-8.381483691953441 
-8.381495235455041 
-8.38153886720458 
-8.381551739677064 
-8.381551617166146 
-8.381567277900327 
-8.381595752950002 
-8.381602846649864 
-8.381674595637042 
-8.381726403525606 
-8.381735512326525 
-8.381735555998636 
-8.381774794581426 
-8.381773239678076 
-8.381771828781588 
-8.381781081384343 
-8.381817797007834 
-8.381866821001227 
-8.381882222952848 
-8.381876940499069 
-8.381878292213788 
-8.381880163597115 
-8.381935120968155 
-8.381946672628619 
-8.381975393432345 
-8.381982822281353 
-8.38198730890235 
-8.38201221020628 
-8.382061305251586 
-8.382072467317375 
-8.382072461356415 
-8.38207937050754 
-8.382102119454945 
-8.382109870212265 
-8.382113755144003 
-8.38214095645481 
-8.382159759007454 
-8.38217605767467 
-8.382313890029318 
-8.382318915228609 
-8.382353134567243 
-8.382358583184446 
-8.382381170625955 
-8.38238217937916 
-8.382404738906894 
-8.382434299984933 
-8.382436085745399 
-8.382441575241952 
-8.382451385990532 
-8.382454194278331 
-8.382522520009964 
-8.382530548054383 
-8.38253982382983 
-8.382536402776905 
-8.382534925331777 
-8.382550000986736 
-8.382560623444055 
-8.382579485177983 
-8.382592201258285 
-8.382598562778135 
-8.382600636833125 
-8.382603061442971 
-8.382604965054625 
-8.382629943046322 
-8.382646390769667 
-8.382647087678967 
-8.38264941803137 
-8.382683718414398 
-8.382692465653545 
-8.382694364859967 
-8.382694896078734 
-8.382696344060706 
-8.382697617081234 
-8.382707938773521 
-8.382720459617474 
-8.382722069920977 
-8.382732542357886 
-8.382742591292356 
-8.38275109872909 
-8.382756344246143 
-8.382778288074963 
-8.382799648650359 
-8.382800536987046 
-8.382825609149123 
-8.382828166570556 
-8.382839219261262 
-8.382873621682128 
-8.382875832214433 
-8.382915364365804 
-8.382916059525439 
-8.382916078193404 
-8.382916723275255 
-8.382916420130115 
-8.382917076810465 
-8.382917692327634 
-8.382921456979558 
-8.382920153084546 
-8.382922365949067 
-8.382936977230685 
-8.38293886237941 
-8.382944478606797 
-8.382949595189991 
-8.382973415892874 
-8.382976497536376 
-8.382975753785713 
-8.382975718596196 
-8.382979188939679 
-8.38298809232913 
-8.382990482503653 
-8.382989245992341 
-8.382996947641939 
-8.382996826840154 
-8.38302552728928 
-8.383028280145945 
-8.383103125867853 
-8.38310481867185 
-8.383103931712835 
-8.3831031983313 
-8.3831090832232 
-8.383127840301539 
-8.383156344153026 
-8.383189017451382 
-8.383193979215477 
-8.38319438024623 
-8.383195340902109 
-8.38322683474656 
-8.383227014251982 
-8.38323937454363 
-8.38323919922049 
-8.383248043108068 
-8.383292089287902 
-8.383298272838756 
-8.383300810770931 
-8.383301843386548 
-8.383301941903248 
-8.383304509216508 
-8.383315997758316 
-8.383332740091337 
-8.383346995806988 
-8.38335837590075 
-8.383382973834584 
-8.383405349856352 
-8.383418393986632 
-8.383418723632309 
-8.383421076362254 
-8.38342324203681 
-8.383424797782876 
-8.383424762047513 
-8.383424759232053 
-8.383424460644829 
-8.383450396768787 
-8.383450898596516 
-8.383455465231815 
-8.383473422744846 
-8.383478489096625 
-8.383483549185037 
-8.383499258028582 
-8.383499351855415 
-8.38350266023263 
-8.383502275561312 
-8.383512069389544 
-8.383512091253136 
-8.383523331205637 
-8.383522934467084 
-8.383534705486408 
-8.383574123174123 
-8.383579026162247 
-8.383587161004256 
-8.38359379073344 
-8.383594216829621 
-8.383595294274059 
-8.383595803725886 
-8.383634868561268 
-8.383641609537092 
-8.383643284952093 
-8.383642366967985 
-8.38366760513856 
-8.383724930339945 
-8.383725148379579 
-8.383733607150369 
-8.3837445447502 
-8.383746411347389 
-8.383746743647558 
-8.383779964898244 
-8.383800233326262 
-8.38379999002903 
-8.383798707829285 
-8.38381814812608 
-8.383836088948167 
-8.383835969752633 
-8.383852410306446 
-8.383853815005725 
-8.38385333938948 
-8.383853262869554 
-8.383854379451494 
-8.383855014735067 
-8.38385801423592 
-8.383881584601033 
-8.38388168902687 
-8.38389425032804 
-8.383896501393787 
-8.38389617504472 
-8.383898051764364 
-8.38389840757327 
-8.383900030966233 
-8.383947559343547 
-8.383947874905457 
-8.383949624953917 
-8.383949620547883 
-8.38395249665373 
-8.383961709786613 
-8.383966085618125 
-8.383966493173943 
-8.383972806596006 
-8.38397392799497 
-8.383974094863568 
-8.383974166887654 
-8.383974485586634 
-8.383988975593573 
-8.38399103522608 
-8.38399362253917 
-8.38399371602014 
-8.383996684277173 
-8.384004909046178 
-8.384034010051256 
-8.384037770945156 
-8.384045266358623 
-8.384058367306123 
-8.384079592396803 
-8.384084139154577 
-8.384115272421589 
-8.38411530991173 
-8.384115458188678 
-8.384118743414403 
-8.384125893226848 

 Time 
11.43730092048645 
