Energy 
 
-7.849318777514304 
-7.849318777514304 
-7.855651096530691 
-8.509736065126289 
-11.221974618531549 
-11.243192597158528 
-11.84620477424383 
-12.065340356616307 
-12.085145627455894 
-12.575468326803758 
-12.648957934507507 
-14.315799365358242 
-14.322014949596149 
-14.424437782933317 
-14.467119906408664 
-14.468105237392653 
-14.745003133839479 
-14.914213477827431 
-14.914698709395022 
-14.985377641228235 
-15.589010550926798 
-15.662111788071993 
-15.842203614572282 
-16.01465451235795 
-16.052014390863732 
-16.065755011555815 
-16.066516030034393 
-16.67435495578528 
-16.706936115469066 
-16.717400052722844 
-17.4146569264746 
-17.923721792782217 
-17.955962518441957 
-18.173117056246817 
-18.389584120541457 
-18.774738265834422 
-18.96738170983285 
-19.019510702239746 
-19.020523474103456 
-19.114341389821043 
-19.21231717440174 
-19.480974716926372 
-19.528806684066975 
-19.625363575132926 
-19.7140551919064 
-19.734109127920426 
-19.93684368315124 
-20.09185476107695 
-20.273990397740494 
-20.431781015215073 
-20.462793129650322 
-20.476255074027183 
-20.569349081797633 
-20.62317428752766 
-20.695737801282696 
-20.843791971914712 
-20.856772945318745 
-20.85803501130868 
-20.897867412280096 
-20.953719000165776 
-20.955200405245307 
-20.95538835713857 
-21.07148633261872 
-21.071688554800836 
-21.078285664897457 
-21.09565207450244 
-21.175884459087747 
-21.18614929679285 
-21.222019718724326 
-21.346593721070377 
-21.354248597364734 
-21.42062729463811 
-21.422405266164976 
-21.46779239708968 
-21.470089864404933 
-21.484451991458258 
-21.513179393826338 
-21.515300978304786 
-21.527236258526997 
-21.539562944895252 
-21.63924797547605 
-21.671206939453548 
-21.675137259292125 
-21.679692696048576 
-21.68615002314139 
-21.763828392765177 
-21.770005893164114 
-21.775733475779166 
-21.831969458685663 
-21.849472083275856 
-21.869720273170746 
-21.87942197016222 
-21.89137270120292 
-22.094633156362057 
-22.09553219497824 
-22.124155748717246 
-22.127461719060655 
-22.128701260089866 
-22.152323421565814 
-22.16434553321456 
-22.17567602425192 
-22.179374530669307 
-22.181219154266852 
-22.185162477815535 
-22.194136405825887 
-22.20308931943176 
-22.210904030631863 
-22.213906726736663 
-22.22974162630078 
-22.256274129899797 
-22.263959491039472 
-22.279043302541005 
-22.287670392607108 
-22.292340219225284 
-22.29343046701555 
-22.295369715897444 
-22.29556295580355 
-22.295918025970114 
-22.30147098771419 
-22.30668481120811 
-22.330344378180534 
-22.330546270445364 
-22.334327088582874 
-22.334339278145276 
-22.335689103488047 
-22.33569504161204 
-22.336319658939438 
-22.33762636371916 
-22.338494013760243 
-22.339284957052882 
-22.339533870839368 
-22.33964421606141 
-22.339667776843655 
-22.339817330942175 
-22.339862183466607 
-22.34083554493677 
-22.342012172531874 
-22.34201240021857 
-22.342149977854348 
-22.344953222502845 
-22.34710756854648 
-22.3496330632414 
-22.350664690679146 
-22.353099613444005 
-22.353997805128344 
-22.357765969124046 
-22.35823801935512 
-22.35962589551957 
-22.36463000453027 
-22.364630059203346 
-22.368454833786174 
-22.368570740289645 
-22.376765421180448 
-22.379238127678732 
-22.379265141253175 
-22.384969376255434 
-22.386045401344845 
-22.38757409116956 
-22.399802715603183 
-22.39993559664362 
-22.40124068460285 
-22.401313480132522 
-22.401341420644158 
-22.404859721240232 
-22.408456541023106 
-22.408645012299324 
-22.408997843610123 
-22.409239634830293 
-22.416850657031375 
-22.41926158535 
-22.424798108782163 
-22.431154325419666 
-22.436472654528192 
-22.436472834118444 
-22.43957256531534 
-22.445798116254892 
-22.446003129146483 
-22.4460150337148 
-22.446235092247385 
-22.446796264694676 
-22.447004552608302 
-22.447018225251803 
-22.447032509872543 
-22.447509363477106 
-22.44802234552103 
-22.45379743164796 
-22.460356058163967 
-22.475407895821437 
-22.478866180274636 
-22.482881332363498 
-22.484974072745285 
-22.484983673888188 
-22.485573057519208 
-22.485577139303913 
-22.48576177482378 
-22.48614600407879 
-22.4891288071994 
-22.489936990542184 
-22.49045280209019 
-22.490493306781687 
-22.49050819323608 
-22.491113425142306 
-22.49408651531978 
-22.494154466423453 
-22.49450188182768 
-22.494613133698284 
-22.494776293185744 
-22.505800185536582 
-22.50993684987585 
-22.530100433608663 
-22.531725713561006 
-22.533888556193443 
-22.534742187427394 
-22.53543661000281 
-22.547804260854228 
-22.54810093504733 
-22.550186811957648 
-22.557157323750808 
-22.570320783683286 
-22.582309007183227 
-22.58239917199483 
-22.583307876113437 
-22.58331871765275 
-22.587011189782928 
-22.587825395318163 
-22.61701987629926 
-22.618647064998033 
-22.63954411122212 
-22.64435476996232 
-22.649790235234505 
-22.649891847432453 
-22.650145331627268 
-22.66516734155387 
-22.66531174981699 
-22.66633826854259 
-22.666575187215162 
-22.672995364787297 
-22.67778107050983 
-22.678605966283758 
-22.687541780688456 
-22.68793178109787 
-22.68793362230551 
-22.688204593565175 
-22.709064095630474 
-22.72237938507689 
-22.723041734902083 
-22.72716635796173 
-22.732769844249184 
-22.751053220837605 
-22.751646659172508 
-22.751697684470837 
-22.764277827162584 
-22.766371390275513 
-22.766446488357435 
-22.76658652874308 
-22.766595589426327 
-22.787445605498334 
-22.791873061197304 
-22.83789048716529 
-22.83898989451996 
-22.838993989371502 
-22.851769844623764 
-22.852086990855195 
-22.868887399398197 
-22.87266926412515 
-22.873511661032495 
-22.912408349672585 
-22.915374765245208 
-22.9220755007799 
-22.927462997932214 
-22.96721330050923 
-22.96848062222012 
-23.0623096843208 
-23.092890131686765 
-23.15438338914339 
-23.18897302329346 
-23.189395646348288 
-23.193071252020772 
-23.195911149534577 
-23.22896514106666 
-23.271107049532954 
-23.34650640472055 
-23.351480374559536 
-23.353482586189536 
-23.37538925053211 
-23.381643894917 
-23.385525074760903 
-23.38595453289214 
-23.389255640695197 
-23.39122862691269 
-23.39654672246036 
-23.39880295365236 
-23.408333690346748 
-23.418284640858122 
-23.432085687318242 
-23.43812707842259 
-23.441070366351436 
-23.501054616482595 
-23.541617414092993 
-23.550739604164207 
-23.57474857053336 
-23.596915647973653 
-23.630257238960723 
-23.634636101650432 
-23.638488232550245 
-23.666065019667794 
-23.828467106938277 
-23.836042689851734 
-23.8550547680518 
-23.910396206763938 
-23.914680530933868 
-23.977458708823146 
-23.995068546686763 
-23.995200880200745 
-24.091741205130944 
-24.126712668438532 
-24.149155201656903 
-24.19881526756842 
-24.32644151246574 
-24.346695458888718 
-24.346854496488916 
-24.394722533715534 
-24.399371433768255 
-24.400584557988182 
-24.40071002280198 
-24.400761540686386 
-24.471051137288203 
-24.480574645375135 
-24.48177855994895 
-24.483533216165586 
-24.486864482434786 
-24.488880425631137 
-24.488929466546878 
-24.533833388097346 
-24.537380114817186 
-24.540794252537097 
-24.540894210907044 
-24.54458222320431 
-24.545202024836588 
-24.57504691838368 
-24.59070221303976 
-24.592287830088743 
-24.614856219903558 
-24.629038420356196 
-24.630196510244424 
-24.634908920250595 
-24.634921714710277 
-24.635037187915046 
-24.63565186933178 
-24.650358788715327 
-24.651629579453274 
-24.6576878841387 
-24.68021518367537 
-24.700527213924353 
-24.737299148404386 
-24.737405832402818 
-24.74076582497692 
-24.74408691411695 
-24.763125174415393 
-24.763133519686903 
-24.77351929085179 
-24.774337654772566 
-24.807062673835258 
-24.807099322389227 
-24.812368381200645 
-24.860925264882965 
-24.863918612100992 
-24.888391092517615 
-24.889200032524798 
-24.891793911508348 
-24.898679502455895 
-24.899544485728224 
-24.90192544178031 
-24.909297716252436 
-24.90982690020354 
-24.914710890942935 
-24.915410878552535 
-24.915744250884675 
-24.9393113309481 
-24.9471313001893 
-24.95185759542235 
-24.998413519909505 
-25.006408359406155 
-25.0068084716317 
-25.011040366795815 
-25.023285541516056 
-25.0362770181786 
-25.039072006755966 
-25.042487345077703 
-25.04847602269245 
-25.054623547189383 
-25.067421763982612 
-25.069363034522503 
-25.069612060377196 
-25.07421049672887 
-25.077520151225656 
-25.077986405088964 
-25.08526771826726 
-25.089419454447803 
-25.09442780561085 
-25.114094691816366 
-25.115537349919375 
-25.12259335289242 
-25.12267192522832 
-25.122769433117828 
-25.125400317165543 
-25.141484478697212 
-25.14232733872105 
-25.14997148187709 
-25.15008209475992 
-25.153998920653333 
-25.160867604640664 
-25.166796911668023 
-25.168788786817643 
-25.16881344263214 
-25.171531018864474 
-25.172407343915772 
-25.184395268248874 
-25.18924666254147 
-25.18937978687267 
-25.19020660551911 
-25.201496666204555 
-25.20835126693435 
-25.213772732096196 
-25.215715072515057 
-25.21732100047015 
-25.220323156005378 
-25.220335636281693 
-25.223198516837957 
-25.227861879469348 
-25.233833300357926 
-25.235869115589136 
-25.2372106912503 
-25.23790306044872 
-25.238395919281455 
-25.241226700405935 
-25.241230543002267 
-25.24299673058118 
-25.245779519684387 
-25.245783701590824 
-25.245883903872755 
-25.250320678627546 
-25.250575796376243 
-25.25481411575218 
-25.258329814021916 
-25.262850249181216 
-25.27304576557903 
-25.27507971280563 
-25.276273430755797 
-25.276860275051284 
-25.27726950189864 
-25.279730045413476 
-25.280292553648547 
-25.280570329261252 
-25.281385587739024 
-25.28138562313518 
-25.281946715716224 
-25.2854613059532 
-25.287920779925262 
-25.291654847715336 
-25.292598548506046 
-25.29263678584629 
-25.293002252308877 
-25.293082887983147 
-25.29334755959486 
-25.295684321941792 
-25.29638899087387 
-25.297476965459282 
-25.299108737827197 
-25.299677841751492 
-25.30195808552114 
-25.302153954147446 
-25.303063163020994 
-25.30400426258094 
-25.304184391479364 
-25.304193788004973 
-25.304590199117705 
-25.30501527633993 
-25.30588609577837 
-25.30763923431492 
-25.309408438869987 
-25.30998999196566 
-25.31071054508382 
-25.310716667065606 
-25.31153005550877 
-25.311624831500552 
-25.312048244720362 
-25.312111558051974 
-25.31268553072458 
-25.31305477814209 
-25.314463991276668 
-25.3145585305721 
-25.314626711811183 
-25.315032953020758 
-25.315170212215747 
-25.31518140728226 
-25.315326003433448 
-25.315790723851407 
-25.32001139570825 
-25.3200565069343 

 Time 
29.259307146072388 
