Energy 
 
1.993154094178081 
1.0418978709669737 
0.0722670828409786 
-1.0358991257868404 
-2.3443688788788437 
-3.6181231539716414 
-4.903941104367587 
-6.237596341991672 
-7.515431260765778 
-8.611799187928748 
-9.713668683693147 
-10.557428593759667 
-11.344779760213218 
-12.045428835997644 
-12.656359402427677 
-13.2162040109824 
-13.686789672547722 
-14.096073683034259 
-14.449961648037057 
-14.814290666750292 
-15.144674995456842 
-15.469660447137747 
-15.731336889430745 
-16.00870986434279 
-16.275708565349532 
-16.488374640267075 
-16.79848131044073 
-17.00729417612579 
-17.17167449652429 
-17.296818825890973 
-17.43174398469306 
-17.57070824527361 
-17.675809485158084 
-17.768199246232637 
-17.711948519759243 
-17.85837556222684 
-17.999705494628703 
-18.08633345170648 
-18.169159040936137 
-18.249091491121987 
-18.323117860223157 
-18.391221502939917 
-18.460831144108624 
-18.50937803928448 
-18.60418554017034 
-18.669912970376277 
-18.728547165859254 
-18.78813586218834 
-18.845840658868156 
-18.90294629318477 
-18.957199449845657 
-19.009231592374288 
-19.06108372538446 
-19.109115627264476 
-19.155566903211273 
-19.200436353086122 
-19.244333148958447 
-19.28774342511738 
-19.329429944148174 
-19.3697198150857 
-19.40858133611358 
-19.446314260860643 
-19.482357510439833 
-19.51735820383929 
-19.551255261393678 
-19.583670875543948 
-19.61453744609846 
-19.644355919298466 
-19.673048661175574 
-19.70075954605134 
-19.728306305711484 
-19.754519025215195 
-19.77230618707333 
-19.800311940566374 
-19.827148679282125 
-19.84975973610195 
-19.863197110207313 
-19.884419489408092 
-19.909594668037073 
-19.92865474979061 
-19.935259706492435 
-19.965203362509754 
-19.98351393989239 
-20.00048806555321 
-20.01631926268979 
-20.033042495921272 
-20.049027296677078 
-20.0640258160962 
-20.07929160286053 
-20.093250559888986 
-20.10657763488212 
-20.119405335672074 
-20.1316655031686 
-20.14315292070466 
-20.14070018370583 
-20.152182670399572 
-20.17444321470404 
-20.195677895448856 
-20.20915991952656 
-20.221232853346933 
-20.232600904441192 
-20.243532744162827 
-20.25406569213148 
-20.264272687889015 
-20.274399667675915 
-20.28423834788952 
-20.293699929995473 
-20.3022616410958 
-20.287011793495342 
-20.318927342309475 
-20.33087292953672 
-20.340121358716864 
-20.348513131547094 
-20.354709123955175 
-20.353086780917085 
-20.369016539996323 
-20.376947471168975 
-20.38416039643729 
-20.39110535313902 
-20.398208936667416 
-20.40539097561191 
-20.41008057958567 
-20.418581706399706 
-20.424937324743752 
-20.431091535096506 
-20.436508886042095 
-20.441582898794795 
-20.44914590438918 
-20.455885374557035 
-20.461813035824882 
-20.46763464085734 
-20.473172264508413 
-20.47854857910827 
-20.48269585369342 
-20.484673710968522 
-20.48548278105887 
-20.489549098708654 
-20.49761046474906 
-20.508459683977595 
-20.514127768133847 
-20.51654395199656 
-20.496756984775693 
-20.519848876238974 
-20.52852400105744 
-20.536021336146266 
-20.54109615795836 
-20.54572671700627 
-20.550226657031498 
-20.554648569294002 
-20.559451410336237 
-20.56400924781247 
-20.568366191321577 
-20.57262591853571 
-20.57684096545787 
-20.580974354076314 
-20.585036489971053 
-20.589042267370033 
-20.59298805677418 
-20.596887983581087 
-20.600733175993156 
-20.604549539457256 
-20.608524186288648 
-20.612384270614513 
-20.616146744489026 
-20.619868231239153 
-20.62352015524287 
-20.62694390590224 
-20.629986680342416 
-20.63440798076388 
-20.637946143231733 
-20.641460616492072 
-20.644962865006956 
-20.648408065577236 
-20.651827679264624 
-20.655186006927682 
-20.6583347811465 
-20.661313239650557 
-20.66405290604926 
-20.666898627398396 
-20.67018084492721 
-20.673304222394883 
-20.67614239104946 
-20.678899990562762 
-20.68167485717495 
-20.684387377628887 
-20.68646657311652 
-20.680670413000186 
-20.676443683313398 
-20.671501906664684 
-20.667822221356822 
-20.681052267104533 
-20.683290280571214 
-20.700108712026626 
-20.704025558714235 
-20.70672187589072 
-20.709253895024283 
-20.71164172848309 
-20.71395381916382 
-20.716231817972563 
-20.71847393687311 
-20.72067086840891 
-20.72282612536456 
-20.724949258167516 
-20.727001414036604 
-20.7290230565646 
-20.73102011365256 
-20.73301459519511 
-20.73497907645802 
-20.73691548265582 
-20.739012418295225 
-20.741043209187925 
-20.743032913646726 
-20.74506634754301 
-20.747066373525005 
-20.749060620320478 
-20.75110830942046 
-20.753115849577288 
-20.75505571130902 
-20.756951847354543 
-20.758813371854227 
-20.760644866801957 
-20.762455262885894 
-20.764223306445277 
-20.76596718421004 
-20.76768687527564 
-20.76949163797816 
-20.771262752472044 
-20.773011824411498 
-20.774759078430485 
-20.776472621579746 
-20.778178239811393 
-20.779849683493044 
-20.78149664749531 
-20.783120700972976 
-20.78472465656898 
-20.78630690352815 
-20.78785513675659 
-20.78938524799 
-20.79088287405126 
-20.792356310134878 
-20.793806702947062 
-20.795233225198174 
-20.7966337252165 
-20.797977707192285 
-20.7993110126893 
-20.8005874522834 
-20.801861211953295 
-20.803103864546546 
-20.8043546545097 
-20.805591457487715 
-20.806806370161897 
-20.808004230850067 
-20.809197825555085 
-20.810390513044744 
-20.811560836288823 
-20.812715556959468 
-20.813850420560794 
-20.81499746958326 
-20.816142079268552 
-20.817266406481824 
-20.81837626332328 
-20.819464752754886 
-20.820537528067995 
-20.821598661816047 
-20.82265067380561 
-20.823686962765592 
-20.824691502044733 
-20.82568332525455 
-20.826662210353593 
-20.827623361077954 
-20.828588954882754 
-20.82953438873822 
-20.830463797577327 
-20.831373325522776 
-20.832264544106177 
-20.83314524789292 
-20.83401924968297 
-20.83488555384878 
-20.83573780508221 
-20.83659327832339 
-20.837440053853552 
-20.838271682003526 
-20.83909396109181 
-20.839907413865987 
-20.84071965731332 
-20.84151678943241 
-20.842315359731305 
-20.84310299144048 
-20.843882180809114 
-20.84465223555068 
-20.845411558567832 
-20.846168386477117 
-20.846891554151945 
-20.847605779534582 
-20.848312166497372 
-20.84900676425837 
-20.84968658622128 
-20.850375512102477 
-20.85106273312156 
-20.851742277619334 
-20.85240404014686 
-20.853057731805634 
-20.853703935456988 
-20.85434861858986 
-20.854987080586866 
-20.855618897098008 
-20.856242770335598 
-20.856857901896717 
-20.85746538958668 
-20.858067480906513 
-20.85865550577402 
-20.85923759984384 
-20.859813260398404 
-20.860380076895943 
-20.860935323391182 
-20.861483362751716 
-20.862010106965155 
-20.86253119704934 
-20.863042730898336 
-20.86355023548487 
-20.864051101284907 
-20.864545905844295 
-20.865036693442015 
-20.865522076199607 
-20.86600682469905 
-20.86649341820892 
-20.86697520930838 
-20.86745162835562 
-20.86792608599963 
-20.86839560179699 
-20.868856210620535 
-20.86931181011649 
-20.86976446012433 
-20.870211315727573 
-20.870653556857118 
-20.871090797653522 
-20.871523329836677 
-20.87195105892681 
-20.87237283157954 
-20.872792119054747 
-20.87319639248929 
-20.873596069994843 
-20.873991547145977 
-20.874382706909824 
-20.874769847337504 
-20.87515315738916 
-20.875537306592626 
-20.875918666418205 
-20.87629487159266 
-20.876671871424623 
-20.877042782208665 
-20.87740843910619 
-20.87776910586436 
-20.878118232875558 
-20.87846261613772 
-20.878802413232496 
-20.879140354769046 
-20.879467364049233 
-20.879790471602647 
-20.880106708344144 
-20.88041899934107 
-20.880729388380956 
-20.881035833993085 
-20.881338728227046 
-20.8816381971091 
-20.88193452717419 
-20.882226864621202 
-20.882515926079556 
-20.882801698449942 
-20.883081566973146 
-20.883355926351225 
-20.883627109625774 
-20.883901413474526 
-20.884169721587615 
-20.884435666149656 
-20.88469975315558 
-20.884960979685058 
-20.88521856840522 
-20.885471788162405 
-20.88572228932692 
-20.88597071935327 
-20.886217000937645 
-20.88646079282842 
-20.886701128801118 
-20.886935187376363 
-20.88716680975326 
-20.887396028823783 
-20.887621887247537 
-20.887845140343025 
-20.888065485504935 
-20.888283634795197 
-20.8884995889624 
-20.888714052933864 
-20.888925575529335 
-20.889134236888573 
-20.88934087574619 
-20.889545379346785 
-20.889751210018545 
-20.889955097973814 
-20.89015693747224 
-20.890356943986877 
-20.890554937304472 
-20.890751241378403 
-20.890945695308485 
-20.891138342827013 
-20.891329083150076 
-20.891522336722012 
-20.891713713540604 
-20.891903276497814 
-20.892091013063048 
-20.89227692793535 
-20.892460585265926 
-20.89264271733071 
-20.892824931975294 
-20.893004834119377 
-20.893182996492616 
-20.893359416445705 
-20.893534703170097 
-20.893708573023314 
-20.89388086782057 
-20.894051821220966 
-20.894226691597904 
-20.894400928484583 
-20.89457245747173 
-20.894744694212402 
-20.894913830637087 
-20.895081140498423 
-20.895246581419094 
-20.89540948119094 
-20.895570575319805 
-20.89573014330849 
-20.895888824703924 
-20.896045692881387 
-20.896200936462655 
-20.896354509267653 
-20.896506502370404 
-20.89665463092154 
-20.896801097032906 
-20.896946299259195 
-20.897090020274398 
-20.897232107314554 
-20.897373951384214 
-20.8975143149186 
-20.897653277664485 
-20.8977908165291 
-20.89792699220096 
-20.89806179507718 
-20.898195560277077 
-20.898327564566024 
-20.898458209106074 
-20.89858748395875 
-20.898715927309674 
-20.89884306184638 
-20.89896851529016 
-20.8990925041659 
-20.899214835783148 
-20.89933603479607 
-20.899455684492693 
-20.899574208180276 
-20.89969155807731 
-20.899807715913465 
-20.89992268112644 
-20.90003583073319 
-20.900147873127427 
-20.90025862313471 
-20.90036855206684 
-20.900478022887114 
-20.900586270929924 
-20.900693456923353 
-20.900799293769072 
-20.900904163251145 
-20.90100800034835 
-20.90111091654662 
-20.901212464277236 
-20.901312956922407 
-20.90141245368893 
-20.901510977255047 
-20.901609211714295 
-20.901706545665917 
-20.90180216551841 
-20.901896229178508 
-20.901989365807626 
-20.902081602827344 
-20.902173473621943 
-20.902264529259654 
-20.902355058786334 
-20.902444638706864 
-20.902533507667762 
-20.902621525023118 
-20.902708914342693 
-20.902795338121557 
-20.902880535188505 
-20.9029651405853 
-20.903048880118202 
-20.903131838862656 
-20.903213041499953 
-20.903294077823357 
-20.90337461540701 
-20.903454351900756 
-20.90353322044595 

 Time 
184.3425304889679 
