Energy 
 
-6.4476662915535154 
-12.960238938911315 
-12.924631847717809 
-14.838351181541647 
-13.604405340340687 
-7.756785935967167 
-7.817904776713993 
-8.605541414390844 
-8.21487525256235 
-8.36045173269564 
-8.36777371880984 
-10.29411398484292 
-9.993593732662589 
-9.388009787832877 
-9.318237211391521 
-9.665281891095267 
-9.86591655367325 
-9.40892527322434 
-9.601482073634028 
-9.43507887254088 
-9.626398288299576 
-9.743189433008737 
-10.2017786504618 
-9.951011627892017 
-10.245614282989655 
-10.35414517667911 
-11.052639818990807 
-10.79322593578991 
-12.657158140527196 
-12.471946706944966 
-11.16382757646641 
-11.383973459507837 
-10.164626819799164 
-11.356181472917081 
-12.398364474545778 
-11.99129910052023 
-12.409492709879869 
-12.051471216538596 
-12.009140948724145 
-13.297304940052383 
-13.024821125499585 
-13.60210785007393 
-13.917406769780836 
-13.762428321645801 
-13.49142569851438 
-13.180512198897247 
-12.764897260657738 
-13.719792090482109 
-13.364967044634472 
-13.025606302837678 
-13.630918059483928 
-13.058838650266923 
-12.509480513620865 
-12.50791677620284 
-12.083660794065926 
-12.854383353373068 
-12.805141570322023 
-13.638086308571276 
-13.625812861172566 
-12.741972444686372 
-12.993207377550918 
-12.886913114394746 
-13.447223959146951 
-13.480035743437533 
-13.280772838566634 
-12.820209457010964 
-12.656569302260246 
-12.700782188007128 
-13.1470939450202 
-14.533606836666287 
-14.135427241957212 
-14.255585490855722 
-14.247879794010107 
-13.96088885672351 
-13.718182751523825 
-13.955648066579002 
-13.713125881697872 
-13.80655154814431 
-13.743999274947209 
-13.73393029133366 
-14.269075585123684 
-14.415332975778202 
-13.904910615296142 
-13.493701315915391 
-13.48277041295615 
-13.584890863084214 
-13.387121128308394 
-14.082399255399528 
-14.238416185174009 
-14.257976554446916 
-14.61799830992182 
-14.100758743436744 
-13.847876773534601 
-13.591583291772857 
-13.399664494870862 
-12.94980086396529 
-12.784190447486697 
-13.872217730653201 
-14.159307086958268 
-13.848593985437404 
-13.213888846157644 
-12.222689554476712 
-11.762160228322292 
-11.650904258066204 
-11.08351186105282 
-13.127829233188216 
-13.855603244108075 
-14.15627182077736 
-13.599287637019035 
-12.900093296811587 
-12.68836090871091 
-12.493500739852077 
-12.420507682063068 
-12.436126869922791 
-12.42009407096304 
-12.260845296985675 
-12.331266887408598 
-12.82821168423906 
-14.716129589123453 
-15.023082897722789 
-12.662840498355262 
-12.032889528955508 
-12.633653537815947 
-11.535541621790678 
-14.15998520777654 
-14.564131571901042 
-14.288472315930768 
-14.34320161085469 
-13.940666401811324 
-14.358923406532176 
-14.037645849695785 
-14.205046907185856 
-14.215054461611984 
-14.158743827174266 
-14.127034404744728 
-14.341595516020856 
-14.41274177794093 
-14.27642946308096 
-15.084500149188573 
-14.81069723751155 
-15.09564144498023 
-16.199302447703687 
-16.19818731230778 
-15.01761017147034 
-14.914075499241706 
-15.258898045565786 
-14.68668296385821 
-13.949484595355193 
-13.685017771585796 
-14.088434046194712 
-14.013947318877666 
-13.988678927568213 
-14.552650416799334 
-14.645614910132 
-14.985797496372264 
-14.849496353354077 
-14.804528448381364 
-14.753281555797088 
-14.75631635908406 
-15.408261540962485 
-15.419062185644442 
-16.004498762395386 
-15.226372782271 
-17.107031047575795 
-17.18998897290647 
-16.28569347897418 
-16.199421302618653 
-16.15005987045476 
-16.267681132080334 
-16.18788768382511 
-16.446667094190694 
-16.51306370655139 
-16.43126107842675 
-16.390192139102023 
-16.478639357235334 
-16.670826405204657 
-16.60518552514862 
-16.535171089211175 
-16.535521716368628 
-17.229180208606053 
-16.828982768736036 
-19.193889881216926 
-19.501048314490152 
-19.871077636285236 
-19.655777162943536 
-17.496730483396576 
-19.154737209408832 
-18.723443613838057 
-18.196238139526926 
-17.0011373699626 
-16.986041932292313 
-16.92042589710944 
-16.566269006131208 
-18.03284145943477 
-17.435346544228608 
-17.637135245468748 
-17.69708836319416 
-17.77644722492223 
-17.58560688905965 
-17.77070052543691 
-18.69045027352458 
-18.610294004720874 
-18.231068459557545 
-18.324708515542184 
-18.533590965088003 
-18.66228416388271 
-18.422667772882214 
-18.62926022328985 
-18.790804319111327 
-18.723194952602093 
-18.72524805053724 
-18.623877620059922 
-18.530307175394658 
-18.60934741356452 
-18.79838829227712 
-19.33518654488176 
-19.020716819066838 
-19.453593513602275 
-19.193720552921466 
-19.42050766374556 
-19.40973683840677 
-19.230549151575346 
-19.203942898213523 
-19.1492743567268 
-19.73245233207961 
-19.847448086704777 
-20.420527680113707 
-20.47352265419383 
-20.24286688735181 
-20.2398741540415 
-20.332981889104612 
-20.339869603160356 
-20.401111238414913 
-20.425473047688374 
-20.435982074168564 
-20.452399769067366 
-20.43839147238311 
-20.51503251947724 
-20.453899980349135 
-20.667643248268952 
-20.766855228846662 
-20.79730581787094 
-20.676522243846446 
-20.597753140878936 
-20.604946190611415 
-20.56071656341571 
-20.553820740628566 
-20.913505540396084 
-21.090740104017243 
-21.08552253938957 
-21.10366511560651 
-21.09814357687968 
-21.159052253626253 
-21.349029018915232 
-21.53442774970653 
-21.553949639349206 
-21.62361662414812 
-21.44959536661629 
-21.55028408134011 
-21.5560676116108 
-21.58110732381597 
-21.707605730363507 
-21.992553584168245 
-22.119449824644484 
-21.98714606508639 
-21.981323040502435 
-22.176474113038893 
-22.327010042240914 
-22.343236019290302 
-22.297536427619118 
-22.359316472820954 
-22.50943291844159 
-22.872125484439287 
-23.023482204852172 
-22.837866654046703 
-23.05922583601639 
-23.07206551194177 
-22.948458149351207 
-23.05508160522134 
-23.15210646129608 
-23.148724133756964 
-23.077381071614678 
-23.037705566129794 
-23.042479620484976 
-23.122917042639425 
-23.065993213113863 
-23.474343698614888 
-23.67263825499397 
-23.332036943120332 
-23.25086162282471 
-23.4095183542245 
-23.379395661819405 
-23.4620570144099 
-23.501350533670305 
-23.55602148620067 
-23.50209564382277 
-23.750955422917006 
-23.816778374481817 
-23.84739957165938 
-23.853424887719417 
-23.890509683836246 
-23.89576886652392 
-23.915123730600207 
-23.9811223913599 
-23.98169453160317 
-24.007650827906293 
-24.018395919726235 
-23.968545330202364 
-24.01580781960056 
-24.056066572291215 
-24.191504087195735 
-24.19067788905799 
-24.171349901005424 
-24.059615220530702 
-24.08364137970373 
-24.082793769909923 
-24.00693579643591 
-24.024384158170335 
-23.991487633123484 
-23.98205525789727 
-23.9853975789525 
-23.99731691710814 
-24.20505956565045 
-24.19436759942306 
-24.20940507296564 
-24.197495191605906 
-24.15612490853211 
-24.261802878925494 
-24.277748153355716 
-24.29271666122251 
-24.3395624024257 
-24.410561317500772 
-24.40243965567559 
-24.460724854517313 
-24.42032247121693 
-24.602059621740814 
-24.612052660418378 
-24.622843503927236 
-24.545216757220242 
-24.579879090893748 
-24.584841403931502 
-24.60803226068021 
-24.647190759359034 
-24.71171209219889 
-24.712493077914175 
-24.739984295045076 
-24.75124275309374 
-24.754546543305345 
-24.761662750978296 
-24.768846611692382 
-24.862877341233805 
-24.850899263709127 
-24.86281759169306 
-24.852854710520305 
-24.794192738845773 
-24.755834449354428 
-24.74763367652826 
-24.799739533296105 
-24.725993047918276 
-24.718532251098836 
-24.73255305449535 
-24.704789365919563 
-24.64962381342647 
-24.6879305191796 
-24.696077493678843 
-24.67591063842969 
-24.6808179776187 
-24.7681834824005 
-24.78213313113075 
-24.87022256878933 
-24.869254297230288 
-24.868114644829333 
-24.88093281374103 
-24.89272425337156 
-24.913813974538293 
-24.906543383671416 
-24.892371119524952 
-24.92513631005672 
-24.96526811387175 
-24.974766753736013 
-24.97105687931054 
-24.966126912134182 
-24.96449219231287 
-24.964393440024836 
-24.971854153834165 
-24.96721743959168 
-24.97420820141538 
-24.9997153456557 
-24.997091392156843 
-25.000375552499012 
-25.02036059107617 
-25.011657335303845 
-25.04408536897326 
-25.03412140829854 
-25.0336640277054 
-25.032392132244787 
-25.033409418473088 
-25.032403436145533 
-25.036107455720654 
-25.0534416214875 
-25.05968629952704 
-25.047532916278374 
-25.04760314713688 
-25.046839492236398 
-25.061175974591208 
-25.061842045944175 
-25.060289059878844 
-25.059595886238487 
-25.06063314577827 
-25.0781703088447 
-25.088925485703637 
-25.086528007399664 
-25.080081088912966 
-25.098983035808153 
-25.117225218074022 
-25.117966770552957 
-25.11687624443993 
-25.118307184679068 
-25.118593460505988 
-25.118720219819867 
-25.125134502282123 
-25.120251506040383 
-25.11628446791237 
-25.11533147458665 
-25.1090066213561 
-25.10612542789694 
-25.105081840319983 
-25.10027684895583 
-25.124368653244247 
-25.124167864003166 
-25.128825733971745 
-25.121172242182283 
-25.12309646904075 
-25.139389043076463 
-25.154491358659754 
-25.15438960139273 
-25.154848713690516 
-25.155293870120367 
-25.15989471813517 
-25.156187450166797 
-25.15395728009313 
-25.15091028435711 
-25.151376228136904 
-25.15725928390181 
-25.155215872011443 
-25.158763834642837 
-25.160427538390717 
-25.16499258679825 
-25.191631174482104 
-25.18982764395914 
-25.161730773085512 
-25.16024706228922 
-25.160604378712318 
-25.16282529445365 
-25.16232971195818 
-25.19740889919133 
-25.194370564360792 
-25.20640175196232 
-25.208737438574303 
-25.213366325295606 
-25.213921516372586 
-25.22281267347949 
-25.216829977393104 
-25.217282616739027 
-25.212352597680418 
-25.213021661745543 
-25.212872597986667 
-25.21518652629743 
-25.21517735524447 
-25.215580678932398 
-25.216018496454886 
-25.219779264465373 
-25.223386966344133 
-25.22548852114669 
-25.22565544043086 
-25.227140963381256 
-25.228554176738243 
-25.243923286594722 
-25.243010474663812 
-25.24271929604796 
-25.243999741320074 
-25.242231256115804 
-25.247598130460325 
-25.244784051127937 
-25.241793836723524 
-25.242551561362518 
-25.24731472716594 
-25.25320765076781 
-25.255225116886535 
-25.2555255318338 
-25.256868909538298 
-25.256681143151432 
-25.260058081816837 
-25.25810137020298 
-25.259449548272173 
-25.267595596133084 
-25.26730314136376 
-25.274508538779354 
-25.274577225200456 
-25.27631015359424 

 Time 
209.53149700164795 
