Energy 
 
3.132899243227253 
1.7452396258347043 
0.37620210229328954 
-0.9549439759598956 
-2.2303890736443197 
-3.4366923050707348 
-4.567446946383072 
-5.623746062629975 
-6.611966647302519 
-7.540327799349929 
-8.416058698765385 
-9.244011349477484 
-10.026546766089318 
-10.764144210783057 
-11.456243799873977 
-12.102020890543752 
-12.700954550569861 
-13.253159657051466 
-13.75951139663554 
-14.221616693506153 
-14.641691401667556 
-15.022394128850276 
-15.366654182025922 
-15.677517114743534 
-15.95801950861709 
-16.211096066982453 
-16.439516818524716 
-16.64584959218183 
-16.83244211659546 
-17.001418375552536 
-17.154684655510348 
-17.29394168740801 
-17.420700207011393 
-17.536298041653826 
-17.641917449915656 
-17.73860190390819 
-17.82727183605402 
-17.908739101793444 
-17.98372006245323 
-18.052847290067827 
-18.11667995490157 
-18.175712989152867 
-18.23038513571884 
-18.28108599519595 
-18.328162181770068 
-18.371922692186857 
-18.412643583493246 
-18.450572045924925 
-18.485929947947827 
-18.51891692149918 
-18.549713047164914 
-18.578481191494788 
-18.605369041926977 
-18.63051087885082 
-18.654029119133853 
-18.676035660910415 
-18.696633055504503 
-18.715915528968566 
-18.733969872792503 
-18.750876220812337 
-18.766708727166645 
-18.7815361582636 
-18.795422410084207 
-18.808426960725633 
-18.82060526684523 
-18.832009111578458 
-18.84268691054678 
-18.85268398172898 
-18.862042784223345 
-18.87080313026937 
-18.87900237431254 
-18.886675582378956 
-18.893855684568557 
-18.90057361307234 
-18.9068584277632 
-18.912737431099828 
-18.918236273810898 
-18.92337905259256 
-18.928188400849553 
-18.932685573336425 
-18.93689052540957 
-18.94082198747595 
-18.94449753512129 
-18.947933655315527 
-18.951145809022478 
-18.954148490484677 
-18.956955283408533 
-18.9595789142386 
-18.962031302682323 
-18.964323609624373 
-18.966466282552766 
-18.9684690986076 
-18.97034120535302 
-18.972091159366727 
-18.97372696273681 
-18.975256097551416 
-18.976685558465086 
-18.978021883423047 
-18.97927118262323 
-18.980439165794955 
-18.981531167871143 
-18.982552173129953 
-18.983506837880604 
-18.98439951176568 
-18.985234257751287 
-18.986014870874122 
-18.98674489581247 
-18.987427643346155 
-18.98806620576781 
-18.98866347130594 
-18.98922213761746 
-18.989744724404794 
-18.990233585210543 
-18.99069091843985 
-18.991118777658436 
-18.99151908121107 
-18.991893621204234 
-18.992244071892653 
-18.992571997508698 
-18.992878859570304 
-18.99316602370158 
-18.993434765997925 
-18.993686278965814 
-18.99392167706527 
-18.994142001881347 
-18.994348226949704 
-18.994541262258807 
-18.994721958451038 
-18.994891110742508 
-18.99504946258071 
-18.99519770905742 
-18.995336500093767 
-18.99546644341247 
-18.99558810731154 
-18.995702023253493 
-18.995808688281535 
-18.995908567275425 
-18.99600209505706 
-18.99608967835626 
-18.99617169764621 
-18.996248508857256 
-18.996320444977158 
-18.99638781754562 
-18.996450918050133 
-18.996510019229582 
-18.996565376292192 
-18.996617228053044 
-18.99666579799709 
-18.996711295272114 
-18.996753915616704 
-18.996793842227415 
-18.996831246569172 
-18.996866289132626 
-18.996899120142167 
-18.99692988021767 
-18.996958700993154 
-18.99698570569519 
-18.99701100968364 
-18.99703472095727 
-18.99705694062658 
-18.997077763356017 
-18.997097277777407 
-18.997115566876726 
-18.997132708355874 
-18.99714877497101 
-18.997163834849022 
-18.99717795178372 
-18.99719118551279 
-18.99720359197698 
-18.997215223562566 
-18.997226129328308 
-18.997236355217677 
-18.99724594425764 
-18.997254936744422 
-18.99726337041772 
-18.997271280623345 
-18.997278700465756 
-18.997285660950695 
-18.99729219111866 
-18.997298318169936 
-18.997304067581577 
-18.997309463216954 
-18.997314527428244 
-18.997319281152432 
-18.997323744001125 
-18.99732793434479 
-18.99733186939141 
-18.997335565260286 
-18.997339037051077 
-18.997342298908443 
-18.997345364082637 
-18.997348244986096 
-18.99735095324665 
-18.99735349975708 
-18.99735589472185 
-18.997358147700552 
-18.99736026764878 
-18.997362262956354 
-18.997364141483207 
-18.99736591059273 
-18.99736757718341 
-18.99736914771806 
-18.997370628251467 
-18.99737202445614 
-18.997373341646526 
-18.997374584801655 
-18.997375758586205 
-18.997376867370612 
-18.997377915249395 
-18.99737890605883 
-18.997379843393063 
-18.997380730619525 
-18.99738157089321 
-18.99738236717013 
-18.997383122219855 
-18.997383838637187 
-18.99738451885339 
-18.997385165146348 
-18.997385779650344 
-18.997386364365077 
-18.997386921164114 
-18.997387451802997 
-18.997387957926502 
-18.997388441075785 
-18.997388902694773 
-18.99738934413649 
-18.997389766668583 
-18.997390171478823 
-18.997390559680188 
-18.99739093231542 
-18.997391290361605 
-18.99739163473426 
-18.997391966291147 
-18.997392285836064 
-18.997392594122132 
-18.997392891855025 
-18.997393179695916 
-18.997393458264398 
-18.99739372814094 
-18.997393989869533 
-18.997394243959853 
-18.997394490889466 
-18.99739473110587 
-18.99739496502837 
-18.997395193049872 
-18.997395415538538 
-18.997395632839297 
-18.99739584527543 
-18.997396053149785 
-18.9973962567462 
-18.997396456330584 
-18.997396652152155 
-18.997396844444374 
-18.997397033426086 
-18.99739721930225 
-18.99739740226502 
-18.997397582494383 
-18.997397760159064 
-18.997397935417098 
-18.997398108416565 
-18.997398279296306 
-18.997398448186328 
-18.997398615208503 
-18.99739878047705 
-18.997398944098947 
-18.997399106174477 
-18.99739926679758 
-18.997399426056322 
-18.99739958403321 
-18.997399740805538 
-18.99739989644575 
-18.997400051021764 
-18.997400204597163 
-18.997400357231577 
-18.997400508980878 
-18.99740065989741 
-18.997400810030197 
-18.99740095942524 
-18.997401108125615 
-18.997401256171685 
-18.997401403601277 
-18.997401550449858 
-18.997401696750607 
-18.997401842534718 
-18.997401987831303 
-18.997402132667744 
-18.997402277069632 
-18.99740242106102 
-18.99740256466436 
-18.99740270790079 
-18.997402850790042 
-18.997402993350637 
-18.997403135599935 
-18.997403277554227 
-18.997403419228718 
-18.99740356063772 
-18.99740370179461 
-18.99740384271198 
-18.997403983401533 
-18.997404123874347 
-18.9974042641407 
-18.99740440421033 
-18.997404544092298 
-18.99740468379507 
-18.99740482332667 
-18.997404962694574 
-18.997405101905755 
-18.997405240966806 
-18.997405379883883 
-18.997405518662763 
-18.99740565730881 
-18.99740579582717 
-18.997405934222545 
-18.997406072499405 
-18.997406210661925 
-18.997406348714026 
-18.997406486659404 
-18.997406624501476 
-18.997406762243465 
-18.99740689988844 
-18.99740703743921 
-18.997407174898445 
-18.99740731226866 
-18.997407449552142 
-18.997407586751166 
-18.997407723867735 
-18.99740786090381 
-18.997407997861206 
-18.99740813474161 
-18.997408271546632 
-18.997408408277764 
-18.997408544936402 
-18.997408681523876 
-18.997408818041443 
-18.997408954490243 
-18.99740909087135 
-18.997409227185848 
-18.997409363434638 
-18.99740949961865 
-18.997409635738762 
-18.99740977179571 
-18.997409907790267 
-18.99741004372315 
-18.997410179595033 
-18.99741031540651 
-18.99741045115819 
-18.997410586850588 
-18.997410722484254 
-18.99741085805965 
-18.99741099357727 
-18.997411129037502 
-18.99741126444079 
-18.997411399787477 
-18.997411535077955 
-18.997411670312577 
-18.997411805491623 
-18.99741194061541 
-18.997412075684224 
-18.997412210698354 
-18.997412345658017 
-18.997412480563483 
-18.99741261541494 
-18.997412750212668 
-18.997412884956802 
-18.99741301964758 
-18.997413154285162 
-18.99741328886974 
-18.99741342340144 
-18.997413557880446 
-18.99741369230689 
-18.997413826680937 
-18.99741396100269 
-18.997414095272287 
-18.99741422948986 
-18.9974143636555 
-18.99741449776935 
-18.997414631831475 
-18.997414765842 
-18.997414899801004 
-18.99741503370859 
-18.997415167564853 
-18.997415301369863 
-18.997415435123692 
-18.997415568826444 
-18.997415702478175 
-18.997415836078936 
-18.997415969628854 
-18.997416103127925 
-18.997416236576267 
-18.99741636997392 
-18.997416503320952 
-18.99741663661739 
-18.99741676986334 
-18.997416903058813 
-18.99741703620388 
-18.997417169298615 
-18.997417302343006 
-18.997417435337166 
-18.997417568281122 
-18.997417701174896 
-18.99741783401855 
-18.997417966812137 
-18.99741809955569 
-18.997418232249252 
-18.997418364892876 
-18.997418497486585 
-18.997418630030438 
-18.997418762524433 
-18.997418894968675 
-18.997419027363136 
-18.997419159707906 
-18.997419292002988 
-18.99741942424843 
-18.997419556444257 
-18.99741968859051 
-18.997419820687245 
-18.99741995273447 
-18.99742008473224 
-18.997420216680567 
-18.997420348579496 
-18.997420480429074 
-18.99742061222932 
-18.997420743980246 
-18.997420875681886 
-18.99742100733433 
-18.997421138937558 
-18.997421270491593 
-18.997421401996515 
-18.99742153345232 
-18.997421664859043 
-18.997421796216717 
-18.99742192752538 
-18.99742205878505 
-18.99742218999577 
-18.99742232115756 
-18.997422452270445 
-18.99742258333449 
-18.99742271434969 
-18.99742284531606 
-18.997422976233683 
-18.99742310710254 
-18.9974232379227 
-18.997423368694157 
-18.997423499416964 
-18.99742363009113 
-18.997423760716707 
-18.99742389129371 
-18.997424021822177 
-18.99742415230212 
-18.997424282733583 
-18.9974244131166 
-18.997424543451178 
-18.997424673737367 
-18.99742480397518 
-18.997424934164638 
-18.997425064305794 
-18.997425194398673 
-18.997425324443295 
-18.9974254544397 
-18.997425584387877 
-18.997425714287893 
-18.997425844139784 
-18.997425973943557 
-18.997426103699215 
-18.997426233406856 
-18.997426363066445 
-18.99742649267803 
-18.99742662224163 
-18.997426751757317 
-18.997426881225042 
-18.997427010644905 
-18.99742714001691 
-18.99742726934106 
-18.99742739861741 
-18.997427527845986 
-18.997427657026805 
-18.9974277861599 
-18.997427915245297 
-18.997428044283033 
-18.997428173273114 
-18.99742830221557 
-18.99742843111048 
-18.997428559957807 
-18.9974286887576 
-18.9974288175099 
-18.99742894621473 
-18.99742907487208 
-18.997429203482024 
-18.997429332044582 
-18.997429460559772 
-18.997429589027618 
-18.99742971744814 
-18.997429845821387 
-18.99742997414738 
-18.99743010242614 
-18.997430230657695 
-18.997430358842067 
-18.997430486979297 
-18.997430615069405 
-18.99743074311241 

 Time 
287.3620300292969 
