Energy 
 
1.03983086882277 
0.4115218999836814 
0.3688503773345142 
-1.2954258550711435 
-1.617409654893198 
-5.478182557960144 
-5.101966316419666 
-5.37057320915393 
-5.37091919472909 
-4.123109067601243 
-6.064801374574757 
-6.973780697393399 
-6.8183458951700855 
-5.6200416377988205 
-5.423706627447416 
-5.3682583927183805 
-5.385830960641849 
-5.593365821740527 
-6.562163592646194 
-6.563970773337909 
-6.723127269717097 
-6.848636733803325 
-6.813891311335847 
-7.144876182492939 
-7.138073634932335 
-6.969847434956705 
-8.657840158933531 
-10.141210487201427 
-10.093735193855057 
-11.27239645322222 
-11.246933601083608 
-10.9636315476935 
-10.027591671405528 
-9.712181180627443 
-9.504663177451478 
-8.71935757154274 
-8.233130360601198 
-8.11431950672684 
-8.990024337385028 
-8.668391905098051 
-10.702370655451046 
-10.709324347812485 
-11.038457078252641 
-10.708722470573042 
-10.902458820366276 
-11.093545817346037 
-11.207394379351742 
-12.668685052447405 
-12.331900538900427 
-12.055139632259207 
-12.002815179249906 
-11.579340966885027 
-11.824578749850545 
-12.107458773125806 
-12.4123906780153 
-12.371844340363662 
-12.490196501385977 
-12.722748989816017 
-12.524938052067036 
-12.68832389344508 
-12.94898027164176 
-13.01122687460908 
-13.220685618638651 
-12.931174495995132 
-12.93009240708042 
-12.734479863700633 
-12.78984304634326 
-12.745768496268228 
-13.113676140587955 
-13.691415511561496 
-13.197838179186558 
-12.878442164236162 
-12.437706402702707 
-12.496591649935205 
-12.789823608281488 
-12.766923837712676 
-12.91296055977041 
-12.95011572559793 
-12.821009654473073 
-12.694725041038295 
-12.617907115117626 
-12.403282991940342 
-12.640214455924164 
-12.394611374544326 
-12.338707617372634 
-12.21201749265777 
-12.466085699954823 
-13.751221653465196 
-13.44182891049648 
-13.2499469871631 
-12.671461065702221 
-12.949900387429828 
-12.809832932035361 
-13.444504586595526 
-13.30888126591925 
-13.227773197618928 
-13.272878219424042 
-13.062236071856827 
-13.475826054151124 
-13.463389546699215 
-13.474030897889952 
-13.469270532111937 
-13.854372915616713 
-13.88704867625914 
-13.90356309170939 
-13.849772939137925 
-13.794878952711377 
-13.891341572667885 
-13.876556536331034 
-13.81773209348268 
-13.773662849317365 
-13.752788368395837 
-13.828213813045489 
-13.788189448373734 
-13.923559801541469 
-13.929909056359552 
-13.996154503794289 
-13.992573622241702 
-13.927743770633356 
-13.89201285455621 
-13.840212178689749 
-14.087792648682825 
-14.12907607906373 
-14.104009939013178 
-14.06097404185325 
-13.921639772006028 
-13.916215445951988 
-14.00246328424922 
-14.196068757961942 
-14.38624751936161 
-14.238271788604623 
-13.939536961708962 
-13.955405629901028 
-13.91564708365781 
-13.898011456458212 
-13.815048596065191 
-13.87632493320576 
-13.887441407357642 
-14.025515759696288 
-13.997446802626662 
-13.92491076800779 
-14.128176171449386 
-14.139124699725125 
-14.227756246640014 
-14.37012783680779 
-14.39749785282847 
-14.524432852275286 
-14.41767058277403 
-14.4543366742867 
-14.45253205548908 
-14.647239605511214 
-15.153875551815915 
-15.13875562012382 
-15.236555000806778 
-14.88326093412054 
-14.544056191206042 
-14.196976153266622 
-13.754696427752883 
-13.88278404990492 
-14.164829474041593 
-14.217858006533337 
-14.222473080801024 
-14.1820337905347 
-14.46906111137701 
-14.506170934923183 
-14.46624747992907 
-14.402879308860728 
-14.416242791051696 
-14.537075064026698 
-14.476788087701506 
-14.673156785728063 
-14.975926030904914 
-14.826315675358256 
-14.569092365041543 
-14.530309052385997 
-14.403307197845248 
-14.558294882556583 
-14.776570944049313 
-14.780456084616924 
-14.976232627857216 
-15.070987391985826 
-15.224132960469147 
-15.250654536863808 
-15.194414061841567 
-15.409552699237324 
-15.471351170176236 
-15.45591559507619 
-15.352086928174373 
-15.283368203994225 
-15.407122167961331 
-15.430018759919358 
-15.341324952599402 
-15.414449206024075 
-15.363634262105638 
-15.36199768449175 
-15.573240148110745 
-15.534821518618456 
-15.563773345715454 
-15.616761775378922 
-15.521374609235371 
-15.57126758896311 
-15.535256439221932 
-15.581092369586402 
-15.616157184647754 
-15.649432250069538 
-15.641859459223042 
-15.5706867010655 
-15.633503961397311 
-15.717945678793834 
-15.681170017969022 
-15.705910270266163 
-15.597987671930728 
-15.544398879815951 
-15.448601940140742 
-15.432647109491361 
-15.535613121395356 
-15.573642313405715 
-15.561998717785167 
-15.570916390847426 
-15.6235336761155 
-15.587224803725217 
-15.77425237936922 
-15.727323618221238 
-15.72231273659494 
-15.854034634785798 
-15.855631307833857 
-15.904822743299071 
-15.964228277395407 
-15.975428000513402 
-15.93000148342259 
-15.955016065247982 
-15.972025294111809 
-15.974599414922485 
-15.956396571514091 
-15.942323451464233 
-15.987940136743738 
-15.981015438696094 
-15.996284306825205 
-15.984839730971482 
-16.029228179256663 
-16.02231657971357 
-16.024874920781418 
-16.03303740471829 
-16.125402287907782 
-16.102574598177267 
-16.069880500433786 
-16.118743023407248 
-16.128045271047608 
-16.093778681817636 
-16.142489492832986 
-16.323906983036814 
-16.308645601376515 
-16.31588492453972 
-16.3109696712247 
-16.32849569882451 
-16.33673935799269 
-16.367386941352187 
-16.404737888955555 
-16.408331272377275 
-16.398368694402333 
-16.474329311736426 
-16.56645129274317 
-16.46984168025026 
-16.507682973630757 
-16.498296010019867 
-16.528679565839663 
-16.533619212116125 
-16.527559264180464 
-16.52851518021467 
-16.526518561921396 
-16.524655045753903 
-16.52454123799495 
-16.524438019619023 
-16.52500821123747 
-16.530384700431142 
-16.532314811881104 
-16.53354482780283 
-16.545864094511483 
-16.537224771445786 
-16.530878004253626 
-16.525953685214436 
-16.54209111604555 
-16.544189563786045 
-16.544177002839263 
-16.530943573752047 
-16.52267194387741 
-16.55562380541414 
-16.56312790383928 
-16.571382655818628 
-16.56238319665187 
-16.554032464309167 
-16.578915663371006 
-16.586053385538865 
-16.582784698146337 
-16.58018689939941 
-16.586849822236395 
-16.622050665036408 
-16.660925373008947 
-16.662916391500644 
-16.656557298977535 
-16.66051008507814 
-16.675761137241764 
-16.728481171837224 
-16.731327070138935 
-16.732192957341713 
-16.700142355845493 
-16.74155170157121 
-16.74134689285968 
-16.719707917857182 
-16.73095390554348 
-16.711226616214724 
-16.711588179759453 
-16.691738245142027 
-16.680338337893474 
-16.676046848768138 
-16.690079974493763 
-16.766402678557018 
-16.760837596779663 
-16.68133888399301 
-16.765098590950902 
-16.755105832835884 
-16.75174358469873 
-16.746502844789017 
-16.839665151333282 
-16.849162841147166 
-16.768931963417334 
-16.881325181383385 
-16.853536007251208 
-16.884010576777243 
-16.903977637484683 
-16.89733817778643 
-16.941149797179417 
-16.934402584586408 
-16.946393987683827 
-16.94036730464732 
-16.94367855705941 
-16.951586910192223 
-16.97591655735213 
-16.97649546742004 
-16.976779714664534 
-16.98394694945458 
-16.98588293270859 
-16.98441606981172 
-16.984085481975242 
-16.983883225069675 
-16.98309534616716 
-16.997076435486306 
-16.993896208927833 
-17.006032966850654 
-17.0004441025781 
-17.005118682388364 
-17.01319402931114 
-17.005053606240505 
-17.005706172772314 
-17.009075467424964 
-17.02301269133428 
-17.023244717418283 
-17.030701217942852 
-17.031548941137558 
-17.03152671524031 
-17.031081935745195 
-17.034515350048668 
-17.031988510897744 
-17.036117638186735 
-17.0367466711749 
-17.039099915751915 
-17.03530247161144 
-17.036082735381108 
-17.034679074894356 
-17.04400574131632 
-17.047098196969518 
-17.047901585867127 
-17.047161566423423 
-17.047329228383838 
-17.04695160991526 
-17.047882408446455 
-17.047270463885436 
-17.046761787418763 
-17.046563526769702 
-17.048703596723605 
-17.04914597955925 
-17.05074985130189 
-17.052521017003805 
-17.052896234932057 
-17.050910915067377 
-17.049512337109917 
-17.056880524118977 
-17.057685287684865 
-17.05718985522521 
-17.057653822331194 
-17.056547245227836 
-17.056578331237024 
-17.059914268962608 
-17.059547165673116 
-17.05988345912887 
-17.05979339404437 
-17.05909202515883 
-17.064586393190922 
-17.063675782988465 
-17.06357920797988 
-17.063909455763813 
-17.063657852893044 
-17.063326088015614 
-17.06296369252553 
-17.06418485490598 
-17.066219683344343 
-17.06657209673599 
-17.06624013287077 
-17.067256755193497 
-17.069429595037942 
-17.070076751624804 
-17.07138670731798 
-17.070887260706254 
-17.0719250266861 
-17.071974571840613 
-17.07185566694078 
-17.07192670487911 
-17.07227155720458 
-17.072422984397743 
-17.072432842028817 
-17.07230081034123 
-17.07236875096922 
-17.072341608225425 
-17.072376724839383 
-17.07352550837058 
-17.074088550759438 
-17.07413406466608 
-17.074030523930556 
-17.074032302385344 
-17.074194947708264 
-17.074377354501248 
-17.074154159147774 
-17.074318698208664 
-17.074343379054262 
-17.074368185870853 
-17.07469889025169 
-17.074759534003164 
-17.07475434293192 
-17.07454272853168 
-17.074541525054233 
-17.074449954996055 
-17.074997352219178 
-17.075575656741268 
-17.075665150284998 
-17.075667800838787 
-17.075650645171603 
-17.07586600173769 
-17.075970565876265 
-17.076183032607688 
-17.07620878894607 
-17.076675582372964 
-17.07667016829009 
-17.076668424602385 
-17.07654833473674 
-17.07663478328634 
-17.076740597738002 
-17.07689669889946 
-17.07685652921846 
-17.07698135883217 
-17.077005296095532 
-17.07697604691316 
-17.076998009982 
-17.077110773821264 
-17.077178706165558 
-17.07714268908183 
-17.07718848675324 
-17.077199045889746 
-17.077292873810418 
-17.07763582774688 
-17.077721098165412 
-17.07770932025688 
-17.07768457810701 
-17.07772045097255 
-17.077733143531717 
-17.077778327475038 
-17.077794537123577 
-17.077754177501554 
-17.077749563585147 
-17.077778281208342 
-17.077886048115772 
-17.078004345418595 
-17.078008167512515 
-17.0779986909301 
-17.077948197338596 
-17.078144594005067 
-17.07812715281188 
-17.078130873401587 
-17.078293814401913 
-17.078310949703198 
-17.07829511539427 
-17.07832965222971 
-17.078430908768997 
-17.078526634010398 
-17.078463730726302 
-17.07865512147789 
-17.07867198849211 
-17.078653937279764 
-17.0786583197169 
-17.07867254084303 
-17.078777462260966 

 Time 
189.1784152984619 
