Energy 
 
-5.6334317086644035 
-6.059854838358846 
-6.6431160377169345 
-7.37779414140519 
-8.206350769331547 
-9.013916559938663 
-9.622214350948536 
-10.129287352005587 
-10.61324241889122 
-10.934986034441213 
-11.054597446816988 
-11.12226567598979 
-11.170201200830844 
-11.210666971172394 
-11.245319334962161 
-11.276077122253636 
-11.306180947429796 
-11.337037053022634 
-11.367329192547707 
-11.3969989011448 
-11.425224815582071 
-11.450646535665971 
-11.476602996027784 
-11.499837300831913 
-11.521896974559297 
-11.542372881384248 
-11.561575869710618 
-11.579609320837458 
-11.596615204269012 
-11.61375092677668 
-11.629312067653313 
-11.643667907742211 
-11.657506860726738 
-11.670797639382732 
-11.682952236765546 
-11.694416193191174 
-11.705312973432271 
-11.716107470479255 
-11.726249443965504 
-11.736148173271312 
-11.745482809509483 
-11.754260203419214 
-11.762414277412113 
-11.770164515028844 
-11.777922838214998 
-11.785257850328906 
-11.79227166141191 
-11.799086652560236 
-11.805656723279014 
-11.810979446163332 
-11.818011753057181 
-11.82527679301415 
-11.831671719964593 
-11.83775865708756 
-11.843522786560488 
-11.849193582580435 
-11.854787912099049 
-11.860163330679603 
-11.865298676928017 
-11.870461178085142 
-11.87535572790193 
-11.88009999953243 
-11.884601692295655 
-11.888995121690709 
-11.893360037059074 
-11.89757240181812 
-11.901766938151168 
-11.90590685428322 
-11.909731087185666 
-11.913621092207014 
-11.917259052795774 
-11.920695967585013 
-11.924001346890552 
-11.927165401444157 
-11.930440195326849 
-11.933414809898665 
-11.93640230881919 
-11.939160612750165 
-11.941814423686186 
-11.943535324604365 
-11.94689374492429 
-11.949323936892043 
-11.951754256067218 
-11.95406868015213 
-11.956324582227884 
-11.95842107572478 
-11.960354399115204 
-11.962075675138026 
-11.963712409073704 
-11.965291653451738 
-11.966853773991472 
-11.968021574406292 
-11.968836078723053 
-11.970224259858528 
-11.970670885724704 
-11.97327670361025 
-11.973129488637937 
-11.975551203160563 
-11.9754798410859 
-11.973302605686237 
-11.972265670431627 
-11.97331388895918 
-11.976279762669094 
-11.979599574152463 
-11.981307244174037 
-11.978585412129434 
-11.980319521483624 
-11.983098191628962 
-11.984353204879072 
-11.985054939119308 
-11.98570140436772 
-11.986327167052206 
-11.98686423901756 
-11.987375123978632 
-11.987983760921988 
-11.988504326383152 
-11.98898527049433 
-11.989443731347345 
-11.9898821979717 
-11.990300842898781 
-11.990702195664536 
-11.991085870871125 
-11.991446645167606 
-11.991780781213997 
-11.992115023686347 
-11.9924240698854 
-11.992610136112075 
-11.99235127531232 
-11.992685817097955 
-11.99347380190509 
-11.993812729354138 
-11.99406771703377 
-11.994298603972188 
-11.994519857219405 
-11.994732033216836 
-11.994937748135795 
-11.995135622765114 
-11.99532548731945 
-11.995507262516535 
-11.995669386511484 
-11.995689454117297 
-11.995996367783256 
-11.996158089527885 
-11.996307976545271 
-11.996450636989014 
-11.996587345085842 
-11.996716890460101 
-11.996832900852903 
-11.996903695614275 
-11.997063441048168 
-11.997198313198517 
-11.997309931854025 
-11.997415232300959 
-11.997514907107856 
-11.997611132537909 
-11.997705579676403 
-11.997795219437315 
-11.997881418477819 
-11.997964376429781 
-11.998037800563711 
-11.997811471695613 
-11.997838290368298 
-11.997998504332942 
-11.99828164199988 
-11.998387209439809 
-11.998453743686802 
-11.998515800731308 
-11.99857540162725 
-11.998632517615372 
-11.998687393655336 
-11.998740125381495 
-11.9987909012472 
-11.998839790860687 
-11.998886704558684 
-11.998932514728935 
-11.998976795297661 
-11.999019540289135 
-11.999060648114963 
-11.999099974607546 
-11.999137673963695 
-11.999173820794935 
-11.999208483743127 
-11.999241589966932 
-11.999273293901474 
-11.9993037981687 
-11.999332981037053 
-11.999361042200977 
-11.999387931085666 
-11.99941369769021 
-11.999438496738854 
-11.999461601134467 
-11.999485394190694 
-11.999507909967406 
-11.999529205465546 
-11.999549413772584 
-11.999568667515977 
-11.999587101293436 
-11.99960477002939 
-11.999621687393859 
-11.999637834616218 
-11.999653323680697 
-11.999668151599234 
-11.99968221627794 
-11.999695699796682 
-11.99970857571749 
-11.999720888397148 
-11.999732629310571 
-11.99974392313708 
-11.99975474865273 
-11.999765132740631 
-11.999775093825905 
-11.999784626801855 
-11.999793770996305 
-11.999802546856948 
-11.999810965051626 
-11.999819054977923 
-11.999826790634215 
-11.999834181946355 
-11.999841250505689 
-11.999847997654259 
-11.99985445896421 
-11.999860636485286 
-11.99986656177053 
-11.999872243005349 
-11.999877628965105 
-11.999882792714399 
-11.999887751710393 
-11.999892515902436 
-11.9998970104723 
-11.999901317787316 
-11.999905541877915 
-11.999909573291026 
-11.99991344276143 
-11.999917158836922 
-11.999920700738041 
-11.99992409122487 
-11.999927338056974 
-11.999930448150728 
-11.999933428723473 
-11.999936284186505 
-11.999939020111004 
-11.999941650522276 
-11.99994416444138 
-11.999946587168528 
-11.99994892700096 
-11.999951174293754 
-11.999953323778595 
-11.999955378007035 
-11.999957301553273 
-11.999959143406688 
-11.999960905168425 
-11.999962592216638 
-11.999964214231195 
-11.999965768331082 
-11.999967255596404 
-11.999968681497723 
-11.999970045859135 
-11.999971352138285 
-11.999972596043744 
-11.999973786743976 
-11.99997492723485 
-11.999976016199113 
-11.999977059218397 
-11.999978058110694 
-11.999979018075182 
-11.99997993547861 
-11.999980819792551 
-11.99998166630248 
-11.999982475925727 
-11.99998325149633 
-11.999983998080813 
-11.999984714753722 
-11.999985395958573 
-11.999986047840387 
-11.999986671703898 
-11.999987268506807 
-11.9999878387517 
-11.999988383836726 
-11.999988905354364 
-11.999989404154565 
-11.999989884241735 
-11.99999034302144 
-11.999990781386842 
-11.999991200238942 
-11.99999160382059 
-11.999991990771118 
-11.999992360903251 
-11.999992714224051 
-11.999993051516263 
-11.99999337230705 
-11.999993679316997 
-11.99999397108683 
-11.999994249229173 
-11.999994514722053 
-11.999994763549894 
-11.99999500059761 
-11.999995227050421 
-11.999995442582149 
-11.999995648672291 
-11.999995845612014 
-11.999996033739727 
-11.999996213228624 
-11.99999638469831 
-11.99999654790828 
-11.999996703716567 
-11.999996852564365 
-11.999996995286779 
-11.999997131512272 
-11.999997261838868 
-11.999997386102416 
-11.9999975048046 
-11.999997618132856 
-11.999997723304219 
-11.999997823611404 
-11.999997918856087 
-11.999998009818697 
-11.999998096867797 
-11.999998181068253 
-11.999998261452399 
-11.999998338328847 
-11.999998411077275 
-11.999998480626688 
-11.99999854713946 
-11.99999861072621 
-11.999998671711955 
-11.99999872978204 
-11.999998785127083 
-11.999998837866125 
-11.999998888281896 
-11.99999893651809 
-11.999998982665828 
-11.999999026894297 
-11.999999069204257 
-11.999999107773451 
-11.99999914467744 
-11.999999180199021 
-11.999999214241335 
-11.999999246874305 
-11.999999278130224 
-11.999999308057992 
-11.999999336759887 
-11.999999364149923 
-11.999999390418564 
-11.999999415603146 
-11.999999439792548 
-11.999999462991852 
-11.99999948526281 
-11.999999506529894 
-11.99999952693068 
-11.99999954649358 
-11.99999956535893 
-11.999999583404074 
-11.99999960068968 
-11.999999617248834 
-11.999999633123073 
-11.999999648348878 
-11.999999662956482 
-11.999999676968523 
-11.99999969041195 
-11.999999703303905 
-11.999999715686968 
-11.999999727563367 
-11.999999738956461 
-11.999999749881802 
-11.999999760355983 
-11.999999770402157 
-11.99999978003589 
-11.999999789284324 
-11.999999798155182 
-11.999999806662764 
-11.999999814842946 
-11.999999822456664 
-11.999999829756442 
-11.999999836755332 
-11.999999843458095 
-11.999999849889281 
-11.999999856060134 
-11.99999986198701 
-11.999999867651544 
-11.999999873085972 
-11.999999878304074 
-11.999999883308973 
-11.99999988810638 
-11.999999892710221 
-11.999999897106646 
-11.999999901360646 
-11.99999990543919 
-11.999999909349675 
-11.99999991310151 
-11.999999916697913 
-11.999999920160013 
-11.999999923487211 
-11.99999992667562 
-11.999999929732608 
-11.99999993266921 
-11.999999935477089 
-11.999999938161254 
-11.999999940735128 
-11.99999994320387 
-11.999999945570725 
-11.999999947840266 
-11.99999995001171 
-11.999999952092866 
-11.999999954092475 
-11.999999956010152 
-11.999999957849074 
-11.999999959615662 
-11.999999961309435 
-11.9999999629333 
-11.999999964490168 
-11.999999965979804 
-11.999999967400116 
-11.999999968761472 
-11.999999970066769 
-11.999999971310293 
-11.999999972502813 
-11.99999997364851 
-11.999999974747293 
-11.999999975800218 
-11.999999976810132 
-11.999999977778762 
-11.999999978701245 
-11.999999979586363 
-11.999999980435373 
-11.999999981250188 
-11.999999982037618 
-11.99999998279244 
-11.999999983514451 
-11.999999984206662 
-11.999999984869312 
-11.999999985504596 
-11.99999998611373 
-11.999999986697494 
-11.999999987257171 
-11.999999987795107 
-11.99999998830968 
-11.999999988799775 
-11.999999989268952 
-11.999999989715615 
-11.999999990142724 
-11.999999990552398 
-11.999999990944765 
-11.999999991321161 
-11.99999999168191 
-11.999999992028545 
-11.999999992361785 
-11.999999992681895 
-11.999999992988808 
-11.999999993283039 
-11.999999993565623 
-11.999999993836546 
-11.99999999409772 
-11.99999999434798 
-11.999999994587816 
-11.999999994817392 
-11.999999995037358 
-11.999999995248128 
-11.999999995449782 
-11.999999995642666 
-11.999999995827396 
-11.999999996004437 
-11.99999999617409 
-11.999999996336665 
-11.999999996492404 
-11.999999996641534 
-11.999999996784585 
-11.999999996921531 
-11.999999997052619 
-11.999999997178218 
-11.999999997298563 
-11.999999997413994 
-11.999999997524295 
-11.999999997629995 
-11.999999997731003 
-11.999999997827992 
-11.999999997920845 
-11.999999998009418 
-11.999999998094069 
-11.999999998175271 
-11.999999998253076 
-11.999999998327594 
-11.999999998398998 
-11.999999998467404 
-11.999999998532848 
-11.999999998595568 
-11.999999998655802 
-11.999999998713514 
-11.999999998768788 
-11.999999998821732 
-11.99999999887238 
-11.999999998921119 
-11.999999998967702 
-11.99999999901228 
-11.999999999055046 
-11.999999999095847 
-11.999999999134884 
-11.99999999917238 
-11.999999999208267 
-11.999999999242627 
-11.999999999275493 

 Time 
251.37111949920654 
