Energy 
 
3.8998005448887016 
2.49928474630312 
0.5069713813727992 
-1.878729180025668 
-4.515367322244475 
-6.962183867517731 
-9.093410589218037 
-10.596797076303014 
-11.845847941658416 
-12.972401585767185 
-13.678538101800802 
-14.232035921867814 
-14.557907094491682 
-15.295875907896418 
-15.802041353240957 
-16.216212806270576 
-16.593690731905845 
-16.944434511998992 
-17.328794006638194 
-17.653031477583262 
-18.00413132703512 
-18.31457195816464 
-18.486613286952288 
-18.413666897282507 
-18.078289297626473 
-17.924544024938665 
-17.748765445718956 
-18.921431924193158 
-19.298692400256606 
-19.814755744570594 
-20.1715537450481 
-20.462000103085252 
-20.645382606414202 
-20.805322843226378 
-20.9554278493006 
-21.08829197301041 
-21.20388019449426 
-21.319533180052538 
-21.43428391133069 
-21.53986269451657 
-21.640599514621837 
-21.746315844994772 
-21.838363286999844 
-21.91187794320444 
-21.97706172292331 
-22.05592559420494 
-22.12414301626475 
-22.18555753595549 
-22.244997932204218 
-22.289412990713572 
-22.33509650027089 
-22.378849253826022 
-22.458315362649437 
-22.510946737531803 
-22.562203506309366 
-22.612111848402044 
-22.66065274929104 
-22.708991883298832 
-22.75590809285183 
-22.801605032050784 
-22.847519064163592 
-22.87957041723408 
-22.883973057166962 
-22.96786353647473 
-22.865366058644682 
-23.02114090155717 
-22.992887130072187 
-22.95585745993837 
-22.91395938049664 
-22.965737176520452 
-23.187731557740584 
-23.282485252839823 
-23.322294382889456 
-23.358289668603685 
-23.39356389108902 
-23.427713738416344 
-23.458088104913223 
-23.4745956967052 
-23.438526755515184 
-23.528061101360652 
-23.56202846667407 
-23.568301121978408 
-23.53521964302333 
-23.6590198521872 
-23.695150344863286 
-23.724769512365985 
-23.753040712592327 
-23.78071888898951 
-23.807514699017524 
-23.834010525457003 
-23.859900073106207 
-23.885108702874348 
-23.909293847126694 
-23.935596249565418 
-23.95998468906469 
-23.983486608373852 
-24.006407797285178 
-24.028836893563255 
-24.050839539277572 
-24.07241234462059 
-24.09299400433774 
-24.10813327192658 
-24.129865630985506 
-24.137321748260483 
-24.09009964545616 
-24.19142202686973 
-24.21142535775407 
-24.21906230985158 
-24.233886933958495 
-24.250949827668293 
-24.26754899619628 
-24.279156988037208 
-24.299310066383505 
-24.31678497973436 
-24.34078750724495 
-24.356672015173558 
-24.37224562863372 
-24.387471386658508 
-24.4019544897023 
-24.406385534772323 
-24.429650346250217 
-24.44528961904154 
-24.4596628173662 
-24.473650232337967 
-24.487385536624664 
-24.500907292582248 
-24.504044374258214 
-24.52274142225477 
-24.537339409992473 
-24.547336686710604 
-24.541868748448035 
-24.53500865241965 
-24.5258609097837 
-24.524273061464193 
-24.551025034910666 
-24.573942561756756 
-24.60768321293468 
-24.633581552544367 
-24.65070781754619 
-24.65868369523463 
-24.674023603263024 
-24.68573927330884 
-24.696140838318787 
-24.706353464097905 
-24.71636267605897 
-24.726156484694094 
-24.735748180955785 
-24.745144422058583 
-24.75433305208116 
-24.763379690519425 
-24.772305538365263 
-24.78108420355423 
-24.789625007655637 
-24.797553114094512 
-24.805568020554073 
-24.811808371913852 
-24.814468816064064 
-24.809333271532036 
-24.824644770472194 
-24.839607604356107 
-24.85488663868091 
-24.862485811258523 
-24.868759100734124 
-24.84836747029867 
-24.87711096473894 
-24.890378813331555 
-24.89861014041989 
-24.90573113309116 
-24.912443025625137 
-24.917990426489546 
-24.911387275459763 
-24.91124147812455 
-24.905390827754264 
-24.927476985526717 
-24.949805725945765 
-24.957964430054524 
-24.96417590629492 
-24.970204862100164 
-24.976125101005255 
-24.97806888451479 
-24.986358742251383 
-24.992460647168897 
-24.99822522269607 
-25.0038611139765 
-25.0092500158047 
-25.01450679876234 
-25.019670755819487 
-25.02475770721026 
-25.029849692337077 
-25.034849681339836 
-25.03974749090121 
-25.04457043479208 
-25.049327184721708 
-25.05402217137836 
-25.058657270949645 
-25.063034913851585 
-25.067347051571897 
-25.071596865455163 
-25.07578790729781 
-25.079989016020143 
-25.084141863384986 
-25.088228653372504 
-25.092257007261512 
-25.096231041570974 
-25.100219574260436 
-25.104184333617788 
-25.108029886898194 
-25.1118161794371 
-25.11558607953286 
-25.119300292312506 
-25.122989418683986 
-25.12659682509583 
-25.13011170254688 
-25.13342756255286 
-25.13689925720515 
-25.140296874590007 
-25.14370383093493 
-25.14701740018434 
-25.150237055312836 
-25.153533386353153 
-25.156412260482956 
-25.15942562514441 
-25.162918483589632 
-25.166006745506117 
-25.168976652576955 
-25.17190278368775 
-25.17478562680236 
-25.177632538717557 
-25.180452006506865 
-25.183250960099656 
-25.18600964784451 
-25.18873155440737 
-25.19142536617873 
-25.19408316829908 
-25.196715960248845 
-25.199325813243536 
-25.20190198337181 
-25.20445888995836 
-25.20699692773863 
-25.209497649223625 
-25.211962205110314 
-25.21439202490422 
-25.216787824729565 
-25.219154868265637 
-25.221490160028353 
-25.22378982939279 
-25.226058819885758 
-25.228289959417033 
-25.230574635734754 
-25.232805286457793 
-25.235000502926713 
-25.23716057297313 
-25.239320902988844 
-25.241435568771994 
-25.243518432461737 
-25.245567727006097 
-25.24758774811141 
-25.2495775633621 
-25.251540338225464 
-25.25350343847268 
-25.255458927392088 
-25.25739061104855 
-25.259291065817152 
-25.261164395265606 
-25.263041789401264 
-25.264886820479333 
-25.266706931372063 
-25.268479911856698 
-25.270225078519022 
-25.27192877508137 
-25.273604720646823 
-25.27525351420061 
-25.276874892880528 
-25.278466037061836 
-25.280048363850412 
-25.28160904024307 
-25.283145047010727 
-25.284646196897967 
-25.286118422032505 
-25.287564783733238 
-25.288991318194956 
-25.290385800086987 
-25.2917495915997 
-25.2930894106421 
-25.294395920375383 
-25.295667710861114 
-25.29691788648205 
-25.29814611719284 
-25.299350970870293 
-25.300533461924406 
-25.301698184819347 
-25.302854397398338 
-25.303992636798824 
-25.305093533169792 
-25.306169822556257 
-25.307228607495798 
-25.308280038292278 
-25.30931926327229 
-25.31033689909015 
-25.311337033823154 
-25.3123188810162 
-25.31328954210942 
-25.31424690081481 
-25.31518958136947 
-25.316117580504084 
-25.317038338460396 
-25.31794715027073 
-25.318839602761653 
-25.319717805678252 
-25.32058180327366 
-25.321431422715108 
-25.3222607092987 
-25.32307592635685 
-25.323878171574158 
-25.324666069764756 
-25.325441080434782 
-25.326203057901942 
-25.326954126458073 
-25.327693816335255 
-25.328421532970403 
-25.329137926406084 
-25.32984225126888 
-25.33053359489633 
-25.33121414053157 
-25.33188445910968 
-25.3325425267895 
-25.333190170786704 
-25.33382741702968 
-25.334457547600305 
-25.33507915645309 
-25.335712943833645 
-25.336335567707092 
-25.336945931905774 
-25.33754626020746 
-25.338136934145385 
-25.338719819390732 
-25.339290443431988 
-25.33984675646343 
-25.340394056137743 
-25.34093043052666 
-25.341458301250327 
-25.341976346741184 
-25.342486790475128 
-25.342990410414853 
-25.343486101096605 
-25.34397249106495 
-25.34445207777147 
-25.344924316046374 
-25.345389370662343 
-25.345845745295637 
-25.346294831737048 
-25.34673686629331 
-25.347171320088137 
-25.347593682080646 
-25.348008673809403 
-25.34841723401519 
-25.348819730011996 
-25.34921566021938 
-25.34960462409171 
-25.349989022516993 
-25.350367384189457 
-25.35073944530534 
-25.3511081424526 
-25.351470943949302 
-25.351827833204073 
-25.352179091843173 
-25.352524776391153 
-25.3528643287901 
-25.353196774734176 
-25.353522774844578 
-25.353843780630957 
-25.3541597048188 
-25.354470587751152 
-25.35477515602464 
-25.35507486219419 
-25.355369303762384 
-25.355658922929624 
-25.355945236633577 
-25.35622663482404 
-25.356503316455143 
-25.356775498348494 
-25.357043393811548 
-25.35730891483542 
-25.3575700710913 
-25.357826825906294 
-25.358078932385734 
-25.358326488132338 
-25.358568531710663 
-25.358806600657942 
-25.359040310329938 
-25.35927054998724 
-25.35949805244725 
-25.359720998646793 
-25.359940207322204 
-25.360155869277133 
-25.360368148566913 
-25.360577055739416 
-25.36078295916129 
-25.360985708943957 
-25.361185526998508 
-25.361382611519634 
-25.361576467080393 
-25.361768680501918 
-25.36195659505895 
-25.362141419938016 
-25.36232321832926 
-25.36250264315942 
-25.362679061000488 
-25.362852592981305 
-25.363023352185564 
-25.363191339099902 
-25.363356675574565 
-25.363519284126774 
-25.36367839810924 
-25.363834980757392 
-25.36398791566023 
-25.36413834518208 
-25.364286370760972 
-25.36443334160806 
-25.364578129667073 
-25.364720949345955 
-25.364861287269147 
-25.364992749226676 
-25.365121841418382 
-25.365248770909215 
-25.365373530715182 
-25.36549606125301 
-25.365616665151407 
-25.36573578453087 
-25.36585299914594 
-25.365967954099396 
-25.366081150941653 
-25.36619259015475 
-25.36630227410135 
-25.36641024921185 
-25.36651651792899 
-25.366621116422923 
-25.366723100239025 
-25.366823460561296 
-25.366922255016952 
-25.367019484040384 
-25.367115215739314 
-25.36720945874899 
-25.367302223162355 
-25.367393553655972 
-25.36748376438826 
-25.367572432336647 
-25.367659724500555 
-25.367745718886088 
-25.367830366598795 
-25.36791369785045 
-25.367995812222684 
-25.368076751355858 
-25.36815624722838 
-25.368234861419168 
-25.368312228083838 
-25.368387993942225 
-25.368462690491842 
-25.368536239851576 
-25.36860856304522 
-25.368680607185805 
-25.36875145042625 
-25.36882115274336 
-25.368889747887252 
-25.368957036718058 
-25.36902323249395 
-25.369088354099635 
-25.369152400343463 
-25.369214809142413 
-25.36927635784074 
-25.36933696283342 
-25.36939671270989 
-25.369455115651345 
-25.369512590635278 
-25.369569027817878 
-25.36962454448467 
-25.369679210393898 
-25.369733028801022 
-25.369785946675485 
-25.3698381061054 
-25.36988953715397 
-25.369940258710244 
-25.369990073389523 
-25.370039130415524 
-25.370087418752885 
-25.37013495812525 
-25.370181728907596 
-25.370227722405154 
-25.37027299205429 
-25.370317696300408 
-25.37036173351484 
-25.370405089295687 
-25.37044777800719 
-25.370489782960643 
-25.370531270414613 
-25.370572223841908 
-25.37061271956948 
-25.370652549518802 
-25.370691697196836 
-25.37073025989328 

 Time 
938.6777820587158 
