Energy 
 
0.08650764346745948 
-0.6944314000777183 
-1.813071697094174 
-3.1450059899179497 
-4.71507420620969 
-6.376372013308579 
-7.782267532068702 
-8.724491099221455 
-9.604475184807017 
-9.818507595711731 
-10.579405378215277 
-10.90062011073689 
-11.15891912896216 
-11.378542189687131 
-11.61781639850819 
-11.844560867007019 
-12.061108948022335 
-12.25854165952928 
-12.43941467252471 
-12.604112011485578 
-12.757458922935777 
-12.92028172770951 
-13.074086264194289 
-13.214399110184766 
-13.340388807642084 
-13.462449080331968 
-13.593582879635429 
-13.708337571786094 
-13.636627532041018 
-13.854993912325442 
-14.012138938103387 
-14.132743018056873 
-14.220652200986798 
-14.301896589293987 
-14.37747135436654 
-14.459620314205848 
-14.533913867599207 
-14.604741990473936 
-14.670805504320805 
-14.73665181658735 
-14.797802120918753 
-14.856051344938296 
-14.912947612774847 
-14.968114584779189 
-15.020575830188527 
-15.070420523382513 
-15.118219408619709 
-15.164003010777563 
-15.209278841793397 
-15.252518330043555 
-15.293824521806776 
-15.333572951666643 
-15.372016838797638 
-15.409311310969079 
-15.444828073958057 
-15.478752253376275 
-15.511015452071495 
-15.542817463912025 
-15.572878967906014 
-15.601786184198538 
-15.629772234856246 
-15.656607020163738 
-15.681956133964206 
-15.627815540358561 
-15.710024082934146 
-15.666729069546161 
-15.77140206985935 
-15.804761307221003 
-15.827943610409257 
-15.85114661334994 
-15.873634134293983 
-15.893483590547321 
-15.915713609404346 
-15.93451252533513 
-15.953668825203547 
-15.971129051143926 
-15.986989014376197 
-16.002404112101008 
-16.017719401416418 
-16.027196163565907 
-16.045203854173273 
-16.05909441563069 
-16.07358007449805 
-16.08683236370704 
-16.099496041082457 
-16.111826222616884 
-16.12397162856874 
-16.136582392206087 
-16.148375153170523 
-16.159567287439035 
-16.170374808559423 
-16.18088707805655 
-16.191166076960148 
-16.20153469359679 
-16.211487571811247 
-16.204421765518 
-16.227557665172547 
-16.23819310660491 
-16.247884588956012 
-16.257534176440817 
-16.25898098633493 
-16.271057920586056 
-16.281695734060854 
-16.29025381182874 
-16.29914281859118 
-16.30695150340269 
-16.314719044127223 
-16.322086208564823 
-16.32910055921135 
-16.335892072437574 
-16.342941090235733 
-16.34964195346319 
-16.35618587892154 
-16.362789322375207 
-16.369463226975263 
-16.375730999007203 
-16.382139924425918 
-16.38667214044319 
-16.37401740054495 
-16.374559499213035 
-16.40260210863722 
-16.41326826454279 
-16.41962171002094 
-16.42507769479241 
-16.43017290813387 
-16.435094353828035 
-16.43973297056168 
-16.444215049038807 
-16.44857057582233 
-16.452966360820497 
-16.457193716328703 
-16.46128164164134 
-16.465381225702913 
-16.46937176154514 
-16.473288205615173 
-16.47706843591215 
-16.48075069650326 
-16.484335146391533 
-16.488244154556245 
-16.49170857103066 
-16.494554014474097 
-16.49700918016298 
-16.501778363833314 
-16.50494215980358 
-16.507877171656244 
-16.507304519737406 
-16.500395023117708 
-16.51855565438432 
-16.522268704273447 
-16.5252038146971 
-16.527973848376764 
-16.53063229294044 
-16.53335273014643 
-16.535981516491372 
-16.538528007586187 
-16.54100143123817 
-16.543339076856935 
-16.54563052015512 
-16.54784314629697 
-16.549992631926873 
-16.552091015747873 
-16.554156964495803 
-16.556176207846118 
-16.558163612861723 
-16.560105124876443 
-16.56200300211235 
-16.56385665322553 
-16.565668056995612 
-16.56685557948487 
-16.569395117363314 
-16.571186626780793 
-16.57292422740044 
-16.574623096297135 
-16.57628585919204 
-16.57795919580359 
-16.579590084068336 
-16.581200431169385 
-16.582795112628624 
-16.584361474079536 
-16.58591076964257 
-16.587475846300705 
-16.58898986612939 
-16.59048041962668 
-16.591924190523883 
-16.593375395742306 
-16.5947712195664 
-16.59612591567163 
-16.597508750479157 
-16.598850533093596 
-16.600114633808136 
-16.601360401747428 
-16.602581775949364 
-16.603774424908824 
-16.604954816576804 
-16.606108218645208 
-16.607247496739213 
-16.608407561333607 
-16.609527065404848 
-16.610621658254296 
-16.61169635636328 
-16.61274830882278 
-16.61378328991435 
-16.61481520648731 
-16.61581102059653 
-16.6167899660505 
-16.6177646770727 
-16.618720265422066 
-16.619660295828353 
-16.620589367846982 
-16.62149428813917 
-16.62237050828699 
-16.623220322661943 
-16.624017314151363 
-16.62479908680789 
-16.62558800617757 
-16.626371315532673 
-16.627140946877194 
-16.627896580641732 
-16.628665807074572 
-16.629411506699466 
-16.630139095769906 
-16.630868679391707 
-16.63158034410267 
-16.63226414833784 
-16.63294892036571 
-16.633625479364692 
-16.634296663137356 
-16.63491259261524 
-16.634630632764598 
-16.634263710463827 
-16.634534331963916 
-16.63554630766653 
-16.637200736889557 
-16.63792396141914 
-16.63885163337013 
-16.639073636803477 
-16.63669052000317 
-16.640393490274988 
-16.641122030949415 
-16.641664942028253 
-16.64218714268341 
-16.64268993474565 
-16.6431782834911 
-16.643656825253583 
-16.64410549521442 
-16.644544043335728 
-16.644970400695424 
-16.645387181650253 
-16.645795935437853 
-16.646197302230764 
-16.646591999001462 
-16.64697486725169 
-16.647351853351907 
-16.64773037932122 
-16.64810358215847 
-16.648472240417412 
-16.648836802715916 
-16.649198495866344 
-16.64955595216109 
-16.649909027393996 
-16.65025812022454 
-16.650615161552423 
-16.65096878371451 
-16.65132350106951 
-16.651673861161342 
-16.65202166740151 
-16.65236868849778 
-16.652718961408578 
-16.65306358466082 
-16.653400174798374 
-16.653740785648235 
-16.654082014299266 
-16.654419378401165 
-16.65475626028413 
-16.6550896235403 
-16.655414934644604 
-16.65573873246954 
-16.6560588807341 
-16.656382867014095 
-16.656700202604988 
-16.6570140481394 
-16.65732713271541 
-16.65763631271635 
-16.657943365343957 
-16.658246436002976 
-16.658546707034304 
-16.65884436468384 
-16.65915403262141 
-16.65945874110787 
-16.65976221475314 
-16.660061319324036 
-16.660357960200894 
-16.660651589947232 
-16.660945531182566 
-16.661236642889286 
-16.66152301406327 
-16.661809559413573 
-16.662095603329693 
-16.662379165729284 
-16.662645362382246 
-16.66290898507628 
-16.663172965674242 
-16.66343472077064 
-16.663698216913367 
-16.663959026500592 
-16.66421762825683 
-16.66447610746073 
-16.66473834029353 
-16.665002035130918 
-16.665262867987188 
-16.66552865045533 
-16.665791240168506 
-16.666051637186474 
-16.66631219647944 
-16.666570238918368 
-16.666826847960984 
-16.66708223702458 
-16.667341357645725 
-16.667595022337736 
-16.667846824970557 
-16.66809732175046 
-16.66834528976897 
-16.6685902047013 
-16.668833627329704 
-16.66907350177507 
-16.669309885251824 
-16.669544090213595 
-16.669777135176297 
-16.67000861814382 
-16.670238298994526 
-16.670468477693024 
-16.67070069511588 
-16.670931319834366 
-16.671159352269058 
-16.67138616057981 
-16.671613127376446 
-16.671838917101695 
-16.672063302536205 
-16.6722865722707 
-16.672505114356774 
-16.672722206924064 
-16.672941355352656 
-16.673159872203875 
-16.673376632930466 
-16.673592369316633 
-16.673806035043125 
-16.67401889978176 
-16.674232323609715 
-16.67444524747964 
-16.67465817547956 
-16.674869717237932 
-16.675080273441584 
-16.67528977271013 
-16.675498245756643 
-16.675705631083847 
-16.675912485598136 
-16.6761196853478 
-16.676325538202992 
-16.676532612139496 
-16.676738022079263 
-16.676951064878608 
-16.677167101155685 
-16.677384085109423 
-16.677599433763962 
-16.67781478135472 
-16.67802837774966 
-16.678240599821947 
-16.67845391354439 
-16.678672437716497 
-16.67888928038023 
-16.679104129929666 
-16.67931952765088 
-16.679533532735224 
-16.67974625829782 
-16.67996216045543 
-16.680176711744142 
-16.680390114166148 
-16.68060261849819 
-16.68081441909746 
-16.681025158273222 
-16.681237309257146 
-16.681448359556374 
-16.68165921916704 
-16.68186878033472 
-16.682077346330345 
-16.682284740598654 
-16.682491519380726 
-16.68269768360717 
-16.682903003637207 
-16.683107183283642 
-16.683310103670888 
-16.683511020464312 
-16.683711249235174 
-16.683909934574352 
-16.684107755049357 
-16.684307096569903 
-16.684505004151966 
-16.684702037638196 
-16.68489457620203 
-16.685086348823816 
-16.685276824618605 
-16.685466262374877 
-16.685656514027865 
-16.685846932101466 
-16.686033548960122 
-16.686217453985552 
-16.686399379230217 
-16.68658012424254 
-16.68676108662121 
-16.6869409763205 
-16.687119560730345 
-16.687296058545392 
-16.687471098040348 
-16.687645468117438 
-16.68781837130671 
-16.68799106706477 
-16.6881620957842 
-16.688331253093462 
-16.688498421638982 
-16.688664529786845 
-16.68882776897471 
-16.688989839860014 
-16.68915009486991 
-16.68931104714321 
-16.689470956331398 
-16.689629518831815 
-16.689787315071065 
-16.68994395442478 
-16.69009971273446 
-16.690254248711735 
-16.690407411317597 
-16.690564899305333 
-16.690720957803297 
-16.69087570683718 
-16.691029378859213 
-16.691181708914975 
-16.691332671498365 
-16.69148197703934 
-16.691629742570697 
-16.691776265158797 
-16.691920887781684 
-16.69206404634669 
-16.692204757544616 
-16.69234415830425 
-16.692482123290027 
-16.692617378287597 
-16.692750199639498 
-16.692881918108824 
-16.693014827094768 
-16.69314649644246 
-16.69327728199515 
-16.69340672569275 
-16.69353556489622 
-16.693662135818958 
-16.69378687534893 
-16.693910350560074 
-16.69403211804417 
-16.69415248232232 
-16.69427385188691 
-16.694394066245266 
-16.69451266913846 
-16.694629426820782 
-16.694744878783517 
-16.694858893391586 
-16.69497183344243 
-16.695082995273907 
-16.695193831561866 
-16.69530349069646 
-16.695411624271284 
-16.695518439446282 
-16.695625950617114 
-16.695730325350503 
-16.69583349223423 
-16.695935118198094 
-16.69603574152553 
-16.696135923025718 
-16.696233367560293 
-16.696329728469546 
-16.69642557911835 
-16.696520434361858 
-16.69661303207566 
-16.69670431460234 
-16.69679447364466 
-16.696883666438943 
-16.696972106611785 
-16.697059263952493 
-16.697144738106655 
-16.69722918645917 
-16.69731266687429 
-16.69739513287883 
-16.697477101090403 
-16.697558226309212 
-16.69763845029038 
-16.697718043241803 
-16.69779700987 
-16.697875217414605 
-16.69795262228383 
-16.69802932368348 
-16.698104211479496 
-16.69817709164272 

 Time 
784.5569295883179 
