Energy 
 
1.8674158008456159 
1.3693488970548735 
0.606916681462433 
-0.3926493313797025 
-1.8236263918155458 
-3.5044662173043046 
-4.226033210956166 
-4.803917795210786 
-5.364885181198601 
-5.732758511082732 
-6.009960697882143 
-6.278497005300042 
-6.624613830159421 
-6.872618052506438 
-7.110505893785374 
-7.292307029755934 
-7.434365507926448 
-7.581001422954348 
-7.697972218144786 
-7.781470150010698 
-7.8492408458641645 
-7.910085210854725 
-7.962457090824088 
-8.00492045100013 
-8.042135128696511 
-8.093959100432535 
-8.119414928138166 
-8.148872092373978 
-8.168364145460703 
-8.183183514603494 
-8.196275363701913 
-8.208318205729348 
-8.215075445041274 
-8.232876145255242 
-8.245419322563132 
-8.256370010574907 
-8.262694592333713 
-8.268656846703701 
-8.274019179620629 
-8.27856258308119 
-8.282627935959537 
-8.284674239347687 
-8.281706589034926 
-8.294340933939559 
-8.299002771737374 
-8.304395459626944 
-8.307841279867167 
-8.311109625713376 
-8.314272093936893 
-8.317303087141456 
-8.320172809748662 
-8.32298233447604 
-8.325621018768661 
-8.328193232607404 
-8.330688322725143 
-8.333136451827617 
-8.335574556892288 
-8.337991235610318 
-8.34029539924812 
-8.34249952369073 
-8.344669499002594 
-8.3467417668469 
-8.348748592425991 
-8.350582383235071 
-8.352312895506797 
-8.353925696764485 
-8.355538805509152 
-8.357086775726081 
-8.358576319124985 
-8.360030822614757 
-8.361480494093266 
-8.362823079142075 
-8.364125934929103 
-8.365376270417903 
-8.366600863711499 
-8.3677954589835 
-8.368933393676446 
-8.370072300447822 
-8.37110772495845 
-8.37204039401733 
-8.37292599607718 
-8.37374645825954 
-8.374500510336372 
-8.375215009311544 
-8.375895554437054 
-8.3766250242467 
-8.377316582725186 
-8.377959306029455 
-8.378559473413212 
-8.379128652364805 
-8.379667690155296 
-8.380182476532944 
-8.380668356159187 
-8.3811183332336 
-8.3815322792713 
-8.381895866458205 
-8.382241671564408 
-8.382585555849731 
-8.382912548017018 
-8.383211281641659 
-8.38349377048775 
-8.38375335146708 
-8.383997837490924 
-8.38423171979569 
-8.384455719669415 
-8.384667541532252 
-8.384867910832112 
-8.385060385312148 
-8.385242244191932 
-8.385417474598754 
-8.38558622543177 
-8.385748802648052 
-8.385904911861093 
-8.386055322568334 
-8.386205573746997 
-8.38634956623693 
-8.386489518505565 
-8.386623834026343 
-8.386752698333552 
-8.386877791317369 
-8.38699732570306 
-8.387112007403198 
-8.387221480388105 
-8.387328418386465 
-8.38742534467137 
-8.387518223258725 
-8.387606876536623 
-8.387692369201476 
-8.387774132563996 
-8.387852127556148 
-8.387923329025892 
-8.387990776212302 
-8.38805609434427 
-8.388118562870723 
-8.388178016471294 
-8.388234992160656 
-8.388289494241626 
-8.38834086228323 
-8.388390117172142 
-8.388437622207752 
-8.388483258857494 
-8.388527543626406 
-8.388566285026428 
-8.388603509495628 
-8.38863939732234 
-8.388674010296562 
-8.38870743404121 
-8.388739712239719 
-8.388767739216673 
-8.3887946411138 
-8.388820303827028 
-8.388845053983303 
-8.388869033346975 
-8.388892048535897 
-8.388913914178907 
-8.388935097731741 
-8.388955438889639 
-8.388975156221788 
-8.388993934107711 
-8.389012173894995 
-8.389029628478587 
-8.389046638502151 
-8.38906314208417 
-8.389079381014374 
-8.389095199209098 
-8.38911066665004 
-8.389125703447824 
-8.38914036895611 
-8.389154430994637 
-8.38916804707818 
-8.389181342623305 
-8.389194328610323 
-8.389206979623925 
-8.38921928476819 
-8.389231301275197 
-8.389242971446155 
-8.38925431875202 
-8.389265351610334 
-8.389276208655136 
-8.389286747536476 
-8.389297240395283 
-8.389307418099447 
-8.389317156248797 
-8.389326634375502 
-8.389335849004583 
-8.38934479483928 
-8.38935348486347 
-8.38936192621367 
-8.38936998220446 
-8.38937780469234 
-8.389385622488675 
-8.38939317215745 
-8.389400550304325 
-8.389407738634985 
-8.389414694160923 
-8.38942144452691 
-8.389427989373953 
-8.389434309496254 
-8.389440411026431 
-8.389446348160794 
-8.389452110765387 
-8.389457665932975 
-8.389463085635661 
-8.389468329442778 
-8.389473211580793 
-8.389477940045083 
-8.38948246914285 
-8.38948685686086 
-8.389491153255143 
-8.38949532516878 
-8.389499373147517 
-8.389503280951192 
-8.389507146798435 
-8.389510897187312 
-8.389514535037968 
-8.389518056477028 
-8.389521466361302 
-8.389524777320206 
-8.389527988395944 
-8.389531094760763 
-8.389534076517528 
-8.38953695561865 
-8.389539745242276 
-8.38954244681132 
-8.389545062712857 
-8.389547600244942 
-8.389550058530538 
-8.389552440947945 
-8.38955474759354 
-8.389556953497827 
-8.389559073339221 
-8.389561142590258 
-8.389563147847234 
-8.389565081750442 
-8.389566956476145 
-8.389568769715058 
-8.38957052296329 
-8.389572229609179 
-8.389573882743083 
-8.389575457945927 
-8.389576969947615 
-8.389578435599809 
-8.389579857016015 
-8.389581210688528 
-8.38958252370934 
-8.389583798376684 
-8.38958502963512 
-8.389586225030964 
-8.389587385220121 
-8.389588510753242 
-8.38958960624204 
-8.389590671105442 
-8.38959170028677 
-8.389592698487629 
-8.389593666808121 
-8.389594611410086 
-8.389595529470459 
-8.389596419410932 
-8.389597282416249 
-8.389598131636236 
-8.389598954777046 
-8.389599755073554 
-8.389600530676303 
-8.389601282339003 
-8.389602006369694 
-8.389602699000243 
-8.389603370608308 
-8.38960400865476 
-8.389604626432007 
-8.389605214767869 
-8.38960578580647 
-8.389606340089486 
-8.389606877292788 
-8.389607398855295 
-8.38960790584564 
-8.389608398099659 
-8.389608875198547 
-8.389609338917067 
-8.389609789137367 
-8.389610227321805 
-8.389610652703546 
-8.389611063362898 
-8.38961146215106 
-8.389611849449953 
-8.389612225438048 
-8.389612588858048 
-8.389612941968561 
-8.389613285865373 
-8.389613618937332 
-8.389613946050474 
-8.389614261194815 
-8.389614567043886 
-8.389614864244082 
-8.389615153248332 
-8.389615432196035 
-8.38961570280266 
-8.389615965008884 
-8.389616220117667 
-8.389616466454108 
-8.389616705892145 
-8.389616939039971 
-8.389617165922187 
-8.38961738655248 
-8.389617601484908 
-8.389617805827065 
-8.38961800467724 
-8.389618199327279 
-8.389618389186625 
-8.389618574098002 
-8.38961875063889 
-8.389618921926282 
-8.389619091137886 
-8.389619255519914 
-8.389619413837643 
-8.389619568274268 
-8.389619718290872 
-8.389619860174665 
-8.389619996877183 
-8.389620130157835 
-8.389620259991618 
-8.389620386501736 
-8.389620509872852 
-8.389620630216992 
-8.389620747646081 
-8.38962086226584 
-8.389620974133777 
-8.389621082720884 
-8.389621188735067 
-8.389621292245355 
-8.389621393320478 
-8.38962149300523 
-8.38962159031083 
-8.389621686090804 
-8.389621779613439 
-8.389621870969048 
-8.389621960258431 
-8.389622047264838 
-8.389622132285504 
-8.38962221520422 
-8.389622296389499 
-8.389622375770152 
-8.389622453372482 
-8.389622527832557 
-8.389622599593814 
-8.38962266945867 
-8.389622737288892 
-8.389622803623473 
-8.389622869103633 
-8.389622932221206 
-8.389622994043973 
-8.389623054095312 
-8.38962311306494 
-8.38962317090564 
-8.389623227087164 
-8.389623281337673 
-8.389623334509984 
-8.389623386689001 
-8.389623438367478 
-8.389623489110628 
-8.389623538932378 
-8.389623588190966 
-8.3896236360947 
-8.389623682951328 
-8.389623728938133 
-8.389623774857894 
-8.389623819974041 
-8.38962386433941 
-8.3896239080739 
-8.389623951128993 
-8.389623993628371 
-8.389624035398622 
-8.389624076469525 
-8.3896241168225 
-8.389624156658979 
-8.389624195817968 
-8.389624234652722 
-8.389624272486891 
-8.389624309706 
-8.389624346333951 
-8.389624382382891 
-8.389624417567731 
-8.389624452199723 
-8.38962448622109 
-8.389624519733577 
-8.389624552743166 
-8.389624585250044 
-8.38962461725427 
-8.389624648867185 
-8.389624679831662 
-8.389624710359286 
-8.389624740619663 
-8.389624770525884 
-8.389624800055113 
-8.389624829394887 
-8.389624858344368 
-8.389624886913314 
-8.3896249151185 
-8.389624943041701 
-8.389624970331365 
-8.38962499728103 
-8.389625023879578 
-8.389625050078095 
-8.389625075933603 
-8.389625101619078 
-8.389625126980947 
-8.389625152051153 
-8.389625176833366 
-8.38962520103672 
-8.389625225036392 
-8.389625248756838 
-8.38962527242895 
-8.389625295894998 
-8.389625319091607 
-8.389625342073813 
-8.389625365232247 
-8.389625388021418 
-8.389625410446016 
-8.389625432647478 
-8.389625455180422 
-8.389625477432485 
-8.389625499459259 
-8.38962552139175 
-8.389625543094782 
-8.389625564534002 
-8.38962558576281 
-8.389625606683346 
-8.389625627459168 
-8.389625648035253 
-8.38962566836204 
-8.389625688495435 
-8.389625708449248 
-8.389625728215464 
-8.389625747810598 
-8.389625767328432 
-8.3896257866744 
-8.38962580597136 
-8.389625825111445 
-8.389625844048869 
-8.389625862835938 
-8.389625881468428 
-8.389625900160057 
-8.389625918701508 
-8.389625937133001 
-8.389625955476014 
-8.389625973681232 
-8.38962599176863 
-8.389626009572702 
-8.389626027285036 
-8.389626044873497 
-8.38962606235025 
-8.389626079715674 
-8.389626096971831 
-8.389626114143644 
-8.389626131195161 
-8.38962614812901 
-8.389626164846723 
-8.389626181489774 
-8.389626197889294 
-8.389626214052896 
-8.389626230119696 
-8.389626246087472 
-8.389626261960174 
-8.389626277853635 
-8.389626293916464 
-8.389626309872702 
-8.389626325742451 
-8.389626341499476 
-8.389626357166948 
-8.38962637254542 
-8.389626387638142 
-8.389626402643257 
-8.38962641757485 
-8.389626432445997 
-8.389626447247114 
-8.389626461901534 
-8.38962647646818 
-8.389626490948917 
-8.389626505350474 
-8.389626519653824 
-8.389626533847974 
-8.389626548010538 
-8.389626562084024 
-8.389626576087117 
-8.389626590017492 
-8.389626603913339 
-8.389626617746822 
-8.389626631506113 
-8.38962664516934 
-8.38962665877097 
-8.389626672207427 
-8.38962668554954 
-8.38962669891462 
-8.389626712214486 
-8.389626725412155 
-8.389626738569786 
-8.389626751671964 
-8.389626764727158 
-8.38962677771621 
-8.38962679065948 
-8.389626803546179 

 Time 
96.66156458854675 
