Energy 
 
2.878301087752058 
1.905570292635148 
0.5174261984918449 
-0.8306352374798411 
-2.248487282032457 
-4.112863393957028 
-6.476762860648594 
-8.456590276502391 
-9.937132179944646 
-11.012882506457236 
-11.588186116139294 
-11.947506510106955 
-12.1994457841744 
-12.435998054112222 
-12.677625706714327 
-12.90344246714867 
-13.114297708992657 
-13.283150875153291 
-13.436736263223123 
-13.599959206438067 
-13.758242028235875 
-13.903814099029033 
-14.045505044424928 
-14.147263018475444 
-14.357649739723707 
-14.455012574138415 
-14.57274934903821 
-14.6523238642951 
-14.726420099794753 
-14.79761686437259 
-14.866864139666118 
-14.934383515684454 
-14.9987111593818 
-15.065366553006587 
-15.132597075873326 
-15.196519201470455 
-15.255283258889525 
-15.31213927899943 
-15.365584800731229 
-15.411085264669419 
-15.46644923744769 
-15.515707407291186 
-15.561763479371805 
-15.604330870967042 
-15.644732020005831 
-15.683892180478106 
-15.722394253504499 
-15.759029326356977 
-15.794354049007776 
-15.827926055993615 
-15.85609959553642 
-15.886156780779375 
-15.92406588785513 
-15.952458862825198 
-15.982732063670268 
-16.004231168229893 
-16.032187913223837 
-16.05624679827106 
-16.081413852418773 
-16.099058961936272 
-16.115828782735626 
-16.152534993409926 
-16.17567232184621 
-16.19669199291321 
-16.191242872675847 
-16.211846589885017 
-16.20303837599527 
-16.237983549104825 
-16.206475471985392 
-16.302389609943557 
-16.329952564915736 
-16.34790128161983 
-16.364171387275853 
-16.379519114421534 
-16.394481679857225 
-16.409089020105398 
-16.42338480876013 
-16.437767010233763 
-16.451104820655047 
-16.463841854610216 
-16.47630860477634 
-16.48837752870088 
-16.500373985056143 
-16.51190102694827 
-16.523010304406945 
-16.53371365633362 
-16.54410686056574 
-16.55419450563407 
-16.5640280379225 
-16.559466105031046 
-16.56969596377336 
-16.56987125475022 
-16.57873736301108 
-16.58765858836191 
-16.611431611080015 
-16.616571653087433 
-16.61371218549478 
-16.61174601257166 
-16.59948679982919 
-16.60349097702207 
-16.625141503548377 
-16.658116864156796 
-16.67322064870064 
-16.684137438630835 
-16.690332892459054 
-16.69683318315647 
-16.70449846298399 
-16.710566597420524 
-16.716320594440063 
-16.721594691372704 
-16.726760663192593 
-16.731702379912466 
-16.73759646192245 
-16.742990763879895 
-16.747867564753452 
-16.749829196816673 
-16.75673534292679 
-16.761832560576746 
-16.766463664954017 
-16.770858002679745 
-16.77522972366639 
-16.77920441264765 
-16.781289046958225 
-16.773782577127946 
-16.768943650748273 
-16.783433067893778 
-16.7884813096916 
-16.797781345370403 
-16.80268222527551 
-16.80604735226487 
-16.80883837316823 
-16.81147764673658 
-16.81390117624802 
-16.816171586412203 
-16.818347087135205 
-16.82044442921956 
-16.82243606870534 
-16.824339279190053 
-16.82619740297993 
-16.82808157666946 
-16.829854052986082 
-16.831537773933626 
-16.833169475756623 
-16.834696792839654 
-16.83614551394736 
-16.83755257226435 
-16.838894611059807 
-16.840176302757065 
-16.84139726277944 
-16.842563324974126 
-16.84367382838642 
-16.84471301539555 
-16.8457211457032 
-16.84660615275363 
-16.847444831690414 
-16.848235949424705 
-16.848990660088894 
-16.849719790416543 
-16.85041662366471 
-16.851091887375752 
-16.851737812639094 
-16.852354738262214 
-16.852945449708475 
-16.853516596461922 
-16.85407359299751 
-16.854608400788212 
-16.855119668525248 
-16.8556131959732 
-16.856103265977463 
-16.85656649794098 
-16.857013734258626 
-16.85744344569419 
-16.857851268048943 
-16.8582422889153 
-16.858615135063804 
-16.858968103403896 
-16.859306224793997 
-16.859633032578444 
-16.859946368618402 
-16.860251841930115 
-16.860539524444675 
-16.860816528464873 
-16.86107871411759 
-16.861330443588347 
-16.86157812648015 
-16.861818548838237 
-16.86204868693538 
-16.86226934319429 
-16.86248094447486 
-16.86268344007611 
-16.862878773448344 
-16.863065974556044 
-16.863245195275965 
-16.86341685913186 
-16.863581232457634 
-16.863740061581797 
-16.863890435485622 
-16.864034366826886 
-16.864173140858522 
-16.86430970470857 
-16.864438721782495 
-16.864566676481008 
-16.864687498721594 
-16.864803310470247 
-16.86491480027334 
-16.865020073976122 
-16.86512184566762 
-16.86522367230696 
-16.865318895303673 
-16.865410409123946 
-16.865497725718676 
-16.86558161874953 
-16.865662165226958 
-16.865739421219246 
-16.86581456833065 
-16.865887084162516 
-16.865956500571517 
-16.86602531770285 
-16.866092105641663 
-16.866156299118067 
-16.866217914245283 
-16.866276966753556 
-16.86633362693268 
-16.866389178458736 
-16.866442708890045 
-16.866494767689943 
-16.866545474825795 
-16.866594506368475 
-16.866641506518693 
-16.866686534503998 
-16.86673021512276 
-16.86677214238357 
-16.866813186677817 
-16.86685251901265 
-16.866890097920237 
-16.866926347350255 
-16.866960626592096 
-16.866993778423844 
-16.867025837130505 
-16.867056654098544 
-16.86708642529193 
-16.86711536125839 
-16.86714322954278 
-16.867170110898503 
-16.867196147159497 
-16.867221391571395 
-16.867245893561716 
-16.867269642156018 
-16.867292751270902 
-16.867315241300364 
-16.86733704142806 
-16.867358309938147 
-16.867379355613345 
-16.867399783843105 
-16.86741986491083 
-16.86743940709646 
-16.867458428485165 
-16.867476966046688 
-16.867495020173692 
-16.867512603745492 
-16.86752971285516 
-16.867546682274078 
-16.867563333893933 
-16.867579500894884 
-16.86759525623559 
-16.867610639400013 
-16.86762559524715 
-16.867640208038086 
-16.867654590231542 
-16.867668724463726 
-16.86768243096523 
-16.867695524614287 
-16.86770839884357 
-16.867720998436138 
-16.867733332171625 
-16.86774541889402 
-16.867757753647144 
-16.867769751764744 
-16.867781474644104 
-16.867792990543336 
-16.867804283327153 
-16.86781558882024 
-16.867826686479194 
-16.867837561834232 
-16.867848216758183 
-16.867858515537982 
-16.86786864618447 
-16.867878656481363 
-16.8678885227547 
-16.86789823297798 
-16.86790762655486 
-16.867916873260164 
-16.867925989407816 
-16.867935225551612 
-16.867944312578263 
-16.86795339609186 
-16.867962339960933 
-16.86797119836159 
-16.867979917857937 
-16.867988440454475 
-16.86799683514183 
-16.868005041033804 
-16.868013126452684 
-16.868021214068502 
-16.868029140846115 
-16.868036680809382 
-16.868044159135987 
-16.86805154222213 
-16.86805884133449 
-16.868066202284638 
-16.868073460011644 
-16.868080888264686 
-16.868088243214526 
-16.868095501465138 
-16.86810268631022 
-16.868109799269924 
-16.86811682853771 
-16.86812381397989 
-16.868130721769344 
-16.86813752768369 
-16.86814427482454 
-16.868151045587222 
-16.86815765462626 
-16.868164021762844 
-16.868170340392318 
-16.86817658684755 
-16.868182796315523 
-16.86818918218986 
-16.868195653823012 
-16.86820213022721 
-16.868208552062505 
-16.868214924286185 
-16.868221282107285 
-16.868227596116427 
-16.868233807589505 
-16.868239988208945 
-16.868246114965565 
-16.86825222049786 
-16.868258282747437 
-16.868264356766137 
-16.868270400852918 
-16.86827637931826 
-16.868282324066794 
-16.86828827624584 
-16.868294195539097 
-16.868300079429083 
-16.868305919403785 
-16.868311733804386 
-16.86831739388006 
-16.868322999858886 
-16.868328592022642 
-16.868334151806142 
-16.8683395268947 
-16.868344732165806 
-16.868350002872585 
-16.868355163017775 
-16.868360296434712 
-16.868365513237393 
-16.868370679016298 
-16.86837582188376 
-16.868381045885755 
-16.868386330007368 
-16.86839158623766 
-16.868396869083607 
-16.868402103599955 
-16.86840731547562 
-16.868412505916194 
-16.868417749878976 
-16.868422970330904 
-16.868428167918122 
-16.868433344670454 
-16.868438493552873 
-16.868443588526027 
-16.868448847786805 
-16.868454084193644 
-16.86845928007089 
-16.868464454741 
-16.868469606837717 
-16.868474800922993 
-16.86847999873525 
-16.86848517501936 
-16.868490331483855 
-16.86849551265393 
-16.868500625073548 
-16.868505729747394 
-16.86851081309352 
-16.868515891216298 
-16.868520945291714 
-16.868525972083248 
-16.868530979876162 
-16.86853596732421 
-16.8685409703254 
-16.868545957469802 
-16.868550960332602 
-16.86855599102654 
-16.86856102443106 
-16.868566032953296 
-16.868571021065055 
-16.86857600143393 
-16.868580984546085 
-16.86858596010062 
-16.868590925461262 
-16.868595877657917 
-16.868600815125188 
-16.86860577953243 
-16.86861072189879 
-16.868615635205195 
-16.86862050579106 
-16.868625370726278 
-16.868630306876064 
-16.868635250864514 
-16.868640186342006 
-16.868645093359998 
-16.8686499719933 
-16.868654837110817 
-16.86865965862769 
-16.868664424083388 
-16.868669170620485 
-16.868673898696613 
-16.868678643334082 
-16.868683369950624 
-16.86868802191214 
-16.868692660032373 
-16.868697274341187 
-16.86870189650964 
-16.86870650116939 
-16.868711099144896 
-16.868715685509017 
-16.868720253115946 
-16.868724797290216 
-16.868729323566498 
-16.868733825188244 
-16.868738310720232 
-16.86874276166284 
-16.868747197375093 
-16.868751602891546 
-16.868755991705246 
-16.868760342320908 
-16.86876468022717 
-16.868768995761176 
-16.86877330357191 
-16.868777600366297 
-16.868781951098953 
-16.86878627949981 
-16.86879059355293 
-16.868794881545163 
-16.868799153263815 
-16.868803382337283 
-16.86880759313683 
-16.868811783751582 
-16.868815958813304 
-16.86882014517544 
-16.86882431031399 
-16.868828593223345 
-16.86883291719106 
-16.868837227488612 
-16.868841522487756 
-16.86884581278613 
-16.868850103116866 
-16.86885437655473 
-16.868858632563075 
-16.868862875053253 
-16.868867146751356 
-16.868871411170282 
-16.86887566048233 
-16.868879886948037 
-16.868884103729343 
-16.86888830313881 
-16.868892486795957 
-16.86889664472166 
-16.86890078335088 
-16.868904911331523 
-16.86890899102257 
-16.868913039761388 
-16.868917062652756 
-16.86892107067029 
-16.868924931548772 
-16.86892877651539 
-16.868932591542205 
-16.868936399872553 
-16.86894025079898 
-16.868944092772054 
-16.868947919516188 
-16.86895173429056 
-16.86895554415984 
-16.86895941677018 
-16.868963273256735 
-16.86896713888756 
-16.8689709583979 
-16.868974766466277 
-16.868978560405544 
-16.868982354890733 
-16.86898612740211 
-16.868989886585503 
-16.868993634773847 
-16.868997366754407 
-16.86900109018753 
-16.869004810905498 
-16.86900851687275 
-16.86901220300162 

 Time 
663.8421103954315 
