Energy 
 
-4.680108483309092 
-5.055935968585604 
-5.012005677969492 
-4.999605909564936 
-5.643818942596637 
-5.48694215078762 
-5.350929228921391 
-5.478546500871024 
-5.336509148557036 
-5.240701659328275 
-5.2407959479611295 
-5.230739422560437 
-5.278630082321694 
-5.247118297301678 
-5.721377493131746 
-5.360134442808309 
-5.345914658217027 
-5.337579348440178 
-5.300800025192307 
-5.324388851340409 
-5.382033394864929 
-5.404575620591517 
-5.559475740156708 
-5.65220193299682 
-5.644647674026666 
-5.984551877316216 
-6.044017724159052 
-6.0892376037212905 
-6.035303504185425 
-6.347757457631166 
-6.419805682905955 
-6.9137011412567 
-7.561171921760124 
-7.211162612248521 
-7.388873231116966 
-7.369480308414016 
-7.33052451849582 
-7.735198134827882 
-7.768189517136984 
-7.488909318513319 
-7.743248821149081 
-7.845934630430167 
-7.6987145952935965 
-7.668315948858227 
-7.817981135044318 
-7.738081376063655 
-8.37108926566813 
-8.629758735235262 
-8.684959242681716 
-8.316288371237842 
-8.49250160431596 
-8.45893211645729 
-8.222398681528382 
-8.329560044804092 
-8.153521814171851 
-7.952916575915075 
-8.555692825427505 
-8.749466279635392 
-8.930035035838614 
-8.564345366487059 
-8.923333029662524 
-8.905259450123491 
-8.847956861352205 
-8.887323934029416 
-8.931265023973138 
-9.180967395037573 
-9.184881260498871 
-9.226610234930792 
-9.12322792931413 
-8.994596521174696 
-8.84748253412391 
-8.745394823096422 
-8.411283017805859 
-8.998458395776789 
-9.010909373734576 
-8.76041841029624 
-8.498089318533378 
-8.0634785189583 
-8.120351952809647 
-8.177979697641446 
-8.089002812121135 
-7.922252211125718 
-8.287316507756373 
-8.280214828561858 
-8.10848597603665 
-8.492875648456687 
-8.50529471855804 
-8.407272731453693 
-8.441706007837798 
-8.401105527915984 
-8.327660184947101 
-8.38714233550698 
-8.352660813464702 
-8.489904863112834 
-8.53390740192041 
-8.465182527676367 
-8.510202460541244 
-8.433937086845505 
-8.656381821303814 
-8.730729666956192 
-8.79121519831375 
-9.215610323923539 
-9.043613756468426 
-8.889714374063168 
-8.903214318266317 
-9.031865435545981 
-9.028454557025295 
-8.918896791388534 
-9.091404823243314 
-9.100518633918137 
-9.20876157690686 
-9.281688658383509 
-9.200318083260248 
-9.24742901457897 
-9.182271147766693 
-9.160255293153309 
-9.174982145859598 
-9.181242441604097 
-9.309497515689332 
-9.382416170604271 
-9.229815651793418 
-9.353923470965464 
-9.205518140511154 
-9.448877384201745 
-9.497941017514977 
-9.519407894640034 
-9.465208250371155 
-9.410706124760843 
-9.379165296384942 
-9.733776240975777 
-9.485415817844132 
-9.39534720063143 
-9.303367883203077 
-9.31295996138525 
-9.390059170281843 
-9.385020356889255 
-9.750058555360487 
-9.776893453066487 
-9.842134533744451 
-9.832615553427553 
-9.934711551902577 
-9.94179008017269 
-9.850006876131078 
-9.862991974167283 
-9.78562910030642 
-9.71591523730499 
-10.035572906736528 
-9.898985350965052 
-9.945043813508159 
-10.123667366505586 
-10.093340325204377 
-10.134951870288566 
-10.121145988390024 
-10.214340077624238 
-10.169026874185898 
-10.163116075130283 
-10.164152866149676 
-10.160103861004261 
-10.1849551864797 
-10.169220457157959 
-10.173536628815556 
-10.223774773768705 
-10.194030186523413 
-10.206013635896248 
-10.245971456997838 
-10.279054727219748 
-10.278518618958161 
-10.236861737009773 
-10.214003381946968 
-10.190647595091377 
-10.14300279404274 
-10.262670130209077 
-10.279595776721282 
-10.298675566419641 
-10.27618730788071 
-10.244969607432118 
-10.227549948467821 
-10.374339725017663 
-10.423108731444515 
-10.37868492495285 
-10.369486555385555 
-10.350375234800088 
-10.51202694792532 
-10.569058847017864 
-10.554200770736852 
-10.55090771247419 
-10.493668010112255 
-10.491551192540895 
-10.516134033953163 
-10.56435799042463 
-10.563813998966339 
-10.531395876307379 
-10.550604741646525 
-10.529698057578301 
-10.542270941671532 
-10.538270936059936 
-10.541139739136268 
-10.52876193775736 
-10.532020386091498 
-10.52400021007226 
-10.580663595294695 
-10.588078409564055 
-10.595987668092516 
-10.614585398998319 
-10.57383873405795 
-10.624193549876866 
-10.624502140491796 
-10.624860616773933 
-10.58955898443709 
-10.588867097231866 
-10.6510311546357 
-10.636623506080959 
-10.654134015953325 
-10.638125066212297 
-10.611116845880288 
-10.715327044640405 
-10.706872127965891 
-10.69648445848943 
-10.715509464632955 
-10.70141718321659 
-10.696282151290964 
-10.716578079307792 
-10.728425788834276 
-10.766850222471733 
-10.757115098399696 
-10.774876457738532 
-10.815842382678209 
-10.827908062169872 
-10.850766405512367 
-10.82743610590114 
-10.848241483198027 
-10.826156320034547 
-10.82904076054229 
-10.824207709006275 
-10.82485921268713 
-10.814319657000784 
-10.830615871087785 
-10.832273546138145 
-10.895396662132171 
-10.886658675221144 
-10.84326348648972 
-10.859994310161454 
-10.875905906095989 
-10.872946219233027 
-10.886400214722203 
-10.87328696733089 
-10.859867577744524 
-10.881665000855108 
-10.90565119571497 
-10.89748971730336 
-10.869588983917858 
-10.849094541898449 
-10.840294413725633 
-10.811852533692937 
-10.811853791776548 
-10.795461025768875 
-10.77508896701811 
-10.742072076582696 
-10.739636606064217 
-10.685485107249383 
-10.708695910579852 
-10.691410258416665 
-10.939450967479862 
-10.764545792451983 
-10.933081990733326 
-10.94931088775193 
-10.896488144155422 
-10.895613043385787 
-10.878574048225184 
-10.853530438110992 
-10.900441514977164 
-10.872536092643148 
-10.906533375553982 
-10.906753737125918 
-10.874658734513103 
-11.00238818283108 
-11.003029127352383 
-11.087567926894232 
-11.087545514600357 
-11.055737860994212 
-11.018021388717145 
-11.059171961000631 
-11.068932663030399 
-11.049507912285522 
-11.082449305997622 
-11.113219141779814 
-11.124125508865012 
-11.162832086086798 
-11.163073462076552 
-11.197076448933608 
-11.186252034211643 
-11.185009855560597 
-11.186497153034496 
-11.226580680755864 
-11.226932390870415 
-11.194483944932449 
-11.186847462530615 
-11.198432369859864 
-11.188790317062255 
-11.227941613984108 
-11.239227248324559 
-11.29190366342444 
-11.306936648625326 
-11.330395004761378 
-11.364061740590191 
-11.302947626085388 
-11.30501185964458 
-11.4082303192825 
-11.35173975839681 
-11.34417194202122 
-11.31277192919107 
-11.316107185839797 
-11.26208064685009 
-11.263166060942286 
-11.264761207525039 
-11.400647264593431 
-11.441816169338127 
-11.389287392409752 
-11.386976099770461 
-11.414496336947277 
-11.412322942872379 
-11.432218941925601 
-11.428853643069854 
-11.430189955156592 
-11.522945527032782 
-11.554247098216464 
-11.545291693514788 
-11.542883742740605 
-11.527003948112473 
-11.53194251453824 
-11.526718553768845 
-11.526675126606808 
-11.542349115952373 
-11.557061660099393 
-11.610355205335232 
-11.60841752141529 
-11.63211496240318 
-11.612300729456983 
-11.616483993834953 
-11.61657974945407 
-11.642500044717927 
-11.635949372431304 
-11.650191284763503 
-11.679252966263084 
-11.678785431493717 
-11.670667821191092 
-11.685547270115961 
-11.68852681751189 
-11.694676584437543 
-11.693338835453781 
-11.730983384685903 
-11.739062952651688 
-11.741249970163343 
-11.739957965919158 
-11.739942234261862 
-11.78943381451336 
-11.768499480329554 
-11.774522021485106 
-11.770884312569377 
-11.850809563694133 
-11.832127833560914 
-11.890487438635928 
-11.8903034429601 
-11.906612201751457 
-11.896661209014795 
-11.899855891075179 
-11.899986049523104 
-11.898238949203689 
-11.905189334110862 
-11.904259809152649 
-11.904049997255813 
-11.928238922569669 
-11.928313281773653 
-11.926327061186946 
-11.955258745151209 
-11.956660605718769 
-11.952971764755763 
-11.958630187591545 
-11.960360593734759 
-11.960806810634194 
-11.99914459428869 
-11.999486624176852 
-11.999393778951703 
-12.000191473391576 
-12.010376563782495 
-12.00932843481978 
-12.016963067935428 
-12.021850914885936 
-12.020434981041687 
-12.025445394400776 
-12.026082458481778 
-12.024393226370027 
-12.028276604389834 
-12.030589948542874 
-12.034438623451015 
-12.035146381354181 
-12.03911089101618 
-12.052645935944607 
-12.053345841878373 
-12.053958529761175 
-12.046566445246754 
-12.045619078969045 
-12.051778727714428 
-12.06318407107834 
-12.064051733536116 
-12.064554157140854 
-12.065101674732732 
-12.064513098163808 
-12.064650311316974 
-12.064070331524071 
-12.064784030456499 
-12.064118487987852 
-12.064605984813932 
-12.066480986749813 
-12.068073522835734 
-12.067707773098034 
-12.066959523635237 
-12.068631307681908 
-12.067943884154053 
-12.067920099552552 
-12.067620276819921 
-12.06874748271746 
-12.072222589006554 
-12.076548769353037 
-12.07630269352181 
-12.07688548914966 
-12.077196543655528 
-12.077022378820505 
-12.077426652645226 
-12.077920190353424 
-12.078257062476439 
-12.080056563240788 
-12.084187197683926 
-12.084355828204414 
-12.08573054400846 
-12.086312133820318 
-12.089991339762332 
-12.08999529282877 
-12.090093487597665 
-12.091970071004292 
-12.09055665337898 
-12.090690471729886 
-12.090297140899407 
-12.090412801397989 
-12.090805947751033 
-12.095585712311179 
-12.095602731248881 
-12.095655174477645 
-12.096225049414755 
-12.097228094838828 
-12.100001236239004 
-12.09990007886154 
-12.099918128921198 
-12.101483385094758 
-12.102271990228084 
-12.102421645923803 
-12.102483091035788 
-12.103319463891035 
-12.103321479858302 
-12.104977498665276 
-12.10455371452664 
-12.10620220574305 
-12.106453791472559 
-12.10639042223937 
-12.106978618613194 
-12.106945932307282 
-12.108165755358195 
-12.107890045695108 
-12.108253876122777 
-12.108170519825084 
-12.108520954925305 
-12.109059166520112 
-12.109963679765606 
-12.110073034118095 
-12.111602284421396 
-12.112161945859937 
-12.112344631347145 
-12.11216295987073 
-12.112162041616111 
-12.112051747671298 
-12.11204995243018 
-12.11287011198307 
-12.113196934309887 
-12.113484982821877 
-12.11378642253642 
-12.113831179813927 
-12.113976016020695 
-12.114102354827702 
-12.11468738808813 
-12.114783580058237 
-12.115036754480274 
-12.11546168027843 
-12.115733493071325 
-12.115788848777123 
-12.116087951765373 
-12.116094094153254 
-12.116044291310414 
-12.116305511748779 
-12.116385472187998 
-12.11639159120937 

 Time 
246.29306721687317 
