Energy 
 
0.08650764346745948 
-1.0592248489043377 
-1.1027763978385887 
-1.9556891985687495 
-3.3630732931697174 
-3.570686638157076 
-3.696606073799857 
-4.423938889391611 
-3.9644915733939703 
-3.7832753133692143 
-3.964143979251636 
-4.004950234244773 
-3.809526050092371 
-3.8362300093164476 
-4.055004580796932 
-4.050310458166971 
-4.298353000673904 
-4.478693745602283 
-4.925613898642051 
-5.057508813476315 
-5.0385395338185575 
-4.998878235227851 
-5.007669808481785 
-5.034326367530586 
-5.046553303542778 
-5.098848647266262 
-5.388465838274655 
-5.392129567506831 
-5.439656628663693 
-5.509995707018552 
-6.3550693060092485 
-6.131047367174916 
-6.146927877847329 
-6.00602653380932 
-6.142671127389207 
-6.522079115065477 
-6.331525318526898 
-6.1558302939932705 
-6.047208446200344 
-6.04731427268578 
-6.027983683637098 
-6.2223890716881405 
-6.192575533641649 
-6.419821391157142 
-7.160766094843392 
-6.8658415810667375 
-7.014863768165751 
-6.994727025161727 
-7.264655315987314 
-8.16789171688926 
-8.457063512715031 
-8.464422221740852 
-8.511083135400819 
-8.454602945898436 
-8.242338232153696 
-8.5306270295985 
-8.661570504805633 
-8.491900611260723 
-8.613389660232908 
-8.35601257632059 
-8.644630431529256 
-8.786145025276618 
-8.686452736936543 
-8.863602470254945 
-8.868972073570944 
-8.872440530428609 
-8.86863256872203 
-8.967418033288395 
-9.206939444317106 
-9.338391707440493 
-9.556806471873351 
-9.83500172896868 
-9.895615724364761 
-9.779736347098689 
-9.499609093574069 
-9.327556091524018 
-9.367568592980767 
-9.11751615015438 
-9.389384908227779 
-10.513928184364929 
-10.610148771562393 
-10.607644198702653 
-9.88439119044121 
-9.100264409902845 
-9.27237369384827 
-8.830177865737541 
-8.544277996838456 
-8.95417634776357 
-9.414478194382841 
-10.214302508874532 
-10.319013181795457 
-10.181429423543813 
-9.680229709109138 
-10.21317044479572 
-9.807384168971904 
-10.43356297116197 
-10.506330368657855 
-10.158677226331928 
-10.767059669484915 
-10.312069139698433 
-11.000427670386495 
-11.345274680580353 
-10.944832390097073 
-11.123808647058265 
-11.115379635419634 
-10.936198425173336 
-10.663404967282801 
-10.801196843225961 
-10.444160320540593 
-10.056760692610704 
-10.047862369535528 
-10.077853115187056 
-10.309542335406254 
-11.327614464331676 
-10.537860759688483 
-10.773471669226147 
-10.443212791084932 
-10.6199389051237 
-10.867439946084202 
-11.04484407398872 
-10.835914919036195 
-10.947523161341529 
-11.112495654939387 
-11.1135745398158 
-11.576968555736402 
-11.509584368734805 
-11.526424844511153 
-11.327839900375889 
-11.081873411883752 
-10.888202362637967 
-11.093761287924051 
-11.011685167405092 
-11.279039898946797 
-11.313264194787823 
-11.3411530857648 
-11.488663018703896 
-11.860590682282307 
-11.872622172355495 
-12.008028877639434 
-12.005034633951817 
-12.075272545621631 
-11.965989923592849 
-11.909028878454972 
-12.007542243585059 
-12.077711047963568 
-12.26407718343247 
-12.163128978655454 
-12.101443983673864 
-12.066785088160994 
-12.1673234560154 
-12.4025219918223 
-12.28054213100866 
-12.251286056054624 
-12.14899652442121 
-12.148499827072676 
-11.968900111265777 
-11.874594974720006 
-11.921281489357948 
-11.751891181722181 
-11.576945447626539 
-11.789515950706827 
-11.72895333715984 
-11.912829816911753 
-11.995824972407723 
-11.720563001297986 
-11.79148553398079 
-11.672217331375789 
-12.002972653790236 
-11.92526922625674 
-12.014837518527171 
-12.02919839967507 
-13.039721200994805 
-12.801511841888361 
-12.76092406645831 
-12.681670597605208 
-12.171845717093046 
-11.970515100312957 
-12.250556571343862 
-12.187708510409522 
-12.799164730677406 
-12.903047923464424 
-13.223479039847893 
-13.265323166137259 
-13.188317902409175 
-13.13143424976325 
-12.973441819033692 
-12.817204607209025 
-12.895490949356422 
-12.827644579209387 
-12.678369817554556 
-12.534866409966991 
-12.645115686958777 
-12.9018669436847 
-12.94363098301917 
-12.943213552305764 
-12.784396257459342 
-12.78078747602973 
-12.94228873486707 
-13.056392877110344 
-12.977480354503314 
-12.868526357748573 
-12.86310117052431 
-13.166670984635328 
-13.14320325506868 
-13.35532315927574 
-13.009140736787192 
-12.87045421360995 
-12.963262003131321 
-12.686356329910012 
-12.536907006553063 
-12.643130047766464 
-12.593027515804188 
-12.939397044882922 
-13.669425843378761 
-13.380923323974747 
-13.70281051140987 
-13.628250298366744 
-13.179125891584203 
-14.606963912781358 
-14.494034570531467 
-14.022061398935485 
-14.791471440775823 
-14.79106212450425 
-14.776996681045961 
-14.57194139846256 
-14.459804175657922 
-14.561944046176471 
-14.68802041218066 
-14.517184845659784 
-14.651141451315507 
-14.622321275673583 
-15.135325238168265 
-15.084866465081012 
-14.846288363608123 
-14.598421617671058 
-14.669023787371648 
-15.15409337267818 
-15.005997408221473 
-15.455971609914457 
-15.193538660580746 
-15.01692752151173 
-15.523321444883106 
-15.507969390424412 
-15.728285103663598 
-15.730636131879633 
-15.573761854957105 
-15.84215740937411 
-15.75115751522462 
-15.731709527549533 
-15.707390837436733 
-15.85740753999867 
-15.839490591286035 
-15.830059628805957 
-15.817760075328994 
-15.790770525153752 
-15.788962705787421 
-15.831176807403207 
-15.889207577086932 
-15.955892197924001 
-15.855228277406418 
-15.887682950880626 
-15.88409236742359 
-15.916507213406488 
-15.91722793969347 
-15.962353794186257 
-16.15152424383977 
-16.158666383193637 
-16.139557863651984 
-16.104935152457593 
-16.048863166603336 
-16.025743090405918 
-16.051968491980237 
-16.01311336609925 
-16.094453119322196 
-16.092437129531255 
-16.16674362605908 
-16.211232805517074 
-16.153630567863885 
-16.269147278288866 
-16.219596008099106 
-16.211054024954155 
-16.28409184553468 
-16.27845566682526 
-16.272967476602854 
-16.267752150050846 
-16.252464975233693 
-16.27316106313013 
-16.30660363818195 
-16.306672165423215 
-16.279380964370105 
-16.261028066260806 
-16.267630073624762 
-16.28278371287448 
-16.26722863444929 
-16.264235400009284 
-16.255403839837278 
-16.254431663989866 
-16.257053545242787 
-16.261504351021657 
-16.269461912911744 
-16.281608720812937 
-16.34946685638621 
-16.35496073667573 
-16.377078947174343 
-16.397552180966322 
-16.396151201579517 
-16.394685404972744 
-16.427389198940986 
-16.428836813945384 
-16.44038212139037 
-16.443673215601628 
-16.424401027701368 
-16.42489064347462 
-16.42549591742062 
-16.416166423870326 
-16.424363603260552 
-16.424092940715358 
-16.42395623507111 
-16.44817910502766 
-16.450591768446756 
-16.46699004198087 
-16.46841932569419 
-16.486628372510975 
-16.49164633728611 
-16.495126042659397 
-16.503465016270024 
-16.502093118864 
-16.503767046974016 
-16.502054331962565 
-16.5062051881045 
-16.50820206411769 
-16.511322742347406 
-16.511878091721236 
-16.51288447681689 
-16.513280176948378 
-16.512828740632898 
-16.51338966380698 
-16.514469506993713 
-16.515380728284605 
-16.515243350081526 
-16.523411048292218 
-16.518781528333886 
-16.51907819772603 
-16.525669653566165 
-16.533866736483258 
-16.536542185391845 
-16.548303788110047 
-16.555662704087144 
-16.556362802108723 
-16.55629309531959 
-16.557544460538043 
-16.5534331173281 
-16.552169721778366 
-16.554997426132378 
-16.5546603470566 
-16.55286385911841 
-16.55754252048104 
-16.560568317798733 
-16.556772315891035 
-16.56414901849572 
-16.569376020090353 
-16.57088223753248 
-16.56949867129317 
-16.568073613030432 
-16.573538691981447 
-16.57352997621027 
-16.584333359491026 
-16.58377039872312 
-16.583581827531276 
-16.58836808268162 
-16.589358581272467 
-16.588990887129658 
-16.588716866972895 
-16.588418306453153 
-16.5878257613859 
-16.58865239148863 
-16.5896281095683 
-16.588677192881054 
-16.590039252159162 
-16.589173018490104 
-16.588463156848462 
-16.588505563975193 
-16.588335393292855 
-16.588365461126138 
-16.589778954110834 
-16.589757801569384 
-16.589858149890823 
-16.588837254054862 
-16.599522677728334 
-16.59874819016131 
-16.59864019015523 
-16.598378032711615 
-16.598606481105175 
-16.59810233951867 
-16.602682297545044 
-16.602674273397145 
-16.602136908912996 
-16.602677575045277 
-16.60287359044895 
-16.605056985223893 
-16.611017969492256 
-16.611044651086072 
-16.612260371678065 
-16.621510906193322 
-16.623292231365188 
-16.62311095802308 
-16.62505041312777 
-16.625040547851057 
-16.625431650084877 
-16.62497401708296 
-16.62528133314558 
-16.62736326178793 
-16.628013705765856 
-16.62799839599619 
-16.628055246926014 
-16.628211312828572 
-16.62908803578526 
-16.628671484303357 
-16.628364334003642 
-16.634903213093263 
-16.635275933306858 
-16.635265687447802 
-16.637855149116287 
-16.637531662235133 
-16.637718458163413 
-16.637580619651008 
-16.6384965884467 
-16.638397572842116 
-16.63828959897422 
-16.639032686256904 
-16.639249052150113 
-16.63878793172784 
-16.638910938813673 
-16.638679381136225 
-16.63988272985326 
-16.640131411137588 
-16.642135465558965 
-16.644232105247603 
-16.644444795037522 
-16.6443293368518 
-16.644425671658507 
-16.644050457147035 
-16.64412673513266 
-16.645978603419 
-16.644744440511367 
-16.64529320461909 
-16.645132182484062 
-16.646821816832436 
-16.64685003407938 
-16.646790226741004 
-16.64776412504762 
-16.650068926439527 
-16.65113797163827 
-16.652360113017554 
-16.652653230254884 
-16.652556518570773 
-16.65420661756842 
-16.652844375348472 
-16.653321054094345 
-16.653317442459098 
-16.653375339519254 
-16.65367698354047 
-16.654617425024114 
-16.654593759511158 
-16.653895460447128 
-16.654340898218987 
-16.653870214450237 
-16.65385918059915 
-16.6573285257077 
-16.65968820821465 
-16.66201122153846 
-16.662421552214315 
-16.663057976679816 
-16.663850590491556 
-16.66497314809849 
-16.665141019586944 
-16.66519693287603 
-16.665476624298847 
-16.665610509260432 
-16.665574393851706 
-16.665897219436342 
-16.665863494870237 
-16.666088151374883 
-16.666085193884204 
-16.66671778342331 
-16.668142334670534 
-16.668046961875753 
-16.667936351951365 
-16.66797421578315 
-16.668104356074842 
-16.66813795031114 
-16.668921443015023 
-16.66926037471089 
-16.669986152895742 
-16.671201558541593 
-16.671165272757158 
-16.671396641076768 
-16.671583534996476 
-16.671592145825123 
-16.67161710404769 

 Time 
168.24878907203674 
