Energy 
 
2.3901426789892715 
1.180940756788858 
-0.40521529394314304 
-2.3461451991115383 
-4.438102577934937 
-6.4842886222163445 
-8.470031991125364 
-10.295143177649944 
-11.952972804725079 
-13.372558300120613 
-14.633883950694516 
-15.711665632213267 
-16.510384705845663 
-17.14030683721858 
-17.64152699462108 
-18.06163989204691 
-18.411836153383653 
-18.70252609295491 
-18.93738182047168 
-19.14872291591892 
-19.348160310832437 
-19.53186481500566 
-19.702475347874778 
-19.86580723351519 
-20.017950017222887 
-20.16581051828597 
-20.309091442277506 
-20.45579390631859 
-20.59648551238531 
-20.730984869263366 
-20.860383085340157 
-20.98436330332693 
-21.10461251612413 
-21.221830354702305 
-21.33373302002563 
-21.441530220419292 
-21.545705074982436 
-21.64612524372274 
-21.743207892400374 
-21.837265226187395 
-21.936258543125366 
-22.02686237536044 
-22.11399439561788 
-22.200671125450537 
-22.28419308595646 
-22.37019417938369 
-22.44892573563512 
-22.53478064478837 
-22.613967397082902 
-22.688591848311763 
-22.759867719406696 
-22.82802577918699 
-22.893388453048082 
-22.956717382561656 
-23.018204810214055 
-23.077897425806633 
-23.136055584757955 
-23.191546797410734 
-23.244909814566956 
-23.29591554041972 
-23.347553775342814 
-23.396873568168083 
-23.445773668167554 
-23.492380576756812 
-23.512938993820708 
-23.56315836632549 
-23.608403309987732 
-23.650498854978622 
-23.69024141859878 
-23.72851450085828 
-23.76545922296164 
-23.80087441685539 
-23.835174980376337 
-23.868052458919088 
-23.899111952232587 
-23.929669887603804 
-23.957820204223736 
-23.98767156554748 
-24.016216834650606 
-24.042364268473108 
-24.06847119499763 
-24.093206713709428 
-24.116533564492396 
-24.13897966549297 
-24.160610693787852 
-24.181361210943873 
-24.20137143016829 
-24.220688598555228 
-24.240373772446198 
-24.260776608013735 
-24.278779797876137 
-24.296021422364806 
-24.312603707722193 
-24.32873100888672 
-24.344469537782338 
-24.36011195690447 
-24.375234692645805 
-24.390091315544 
-24.404387129926715 
-24.418075483750997 
-24.431320239341673 
-24.44449631320869 
-24.45743711695616 
-24.469929334635818 
-24.483466325123864 
-24.495361001341582 
-24.507018567537788 
-24.51824582363228 
-24.52917740092874 
-24.539395255955263 
-24.549224473402223 
-24.558840318036825 
-24.568233481264965 
-24.577877888194124 
-24.587063693826828 
-24.59605163403426 
-24.604935945622717 
-24.61397925303933 
-24.62249512245755 
-24.631153518942718 
-24.63870672653936 
-24.6473908134887 
-24.6522695337618 
-24.662418935182103 
-24.669806614107692 
-24.676955806579087 
-24.68149494691106 
-24.67751432612739 
-24.69343989434854 
-24.700824840383653 
-24.707509133618295 
-24.713705473435184 
-24.71961624005929 
-24.725605028363397 
-24.73141015587726 
-24.737316753207825 
-24.74306859392962 
-24.74858376401095 
-24.754418572749238 
-24.759889330935863 
-24.765643547168693 
-24.77117811808532 
-24.776610398165825 
-24.78195760672498 
-24.787211087890388 
-24.79237492764737 
-24.777781708120262 
-24.798440675554623 
-24.806926002244637 
-24.81353572314852 
-24.819130453947587 
-24.824106695567643 
-24.829252883485086 
-24.833832424548707 
-24.838219232984112 
-24.842513269732343 
-24.84673746699373 
-24.850791615793106 
-24.854877070242843 
-24.858902133296205 
-24.86282111841119 
-24.866636703524023 
-24.870369542622548 
-24.875310114324492 
-24.879303073170625 
-24.88312859676027 
-24.886881186931305 
-24.89058179479025 
-24.894204485376296 
-24.897573139013527 
-24.900997511440984 
-24.90433545546827 
-24.905564920111157 
-24.89897888446115 
-24.91152925288164 
-24.914569832951297 
-24.91751838151358 
-24.92026748147171 
-24.92305900764451 
-24.92597527375217 
-24.92878625018241 
-24.931433990980324 
-24.934012455187165 
-24.93648595337321 
-24.938239207712094 
-24.941551843437775 
-24.94432551746005 
-24.94667378478539 
-24.948951168918484 
-24.9517531289265 
-24.954283746641998 
-24.956720441679085 
-24.959061162341843 
-24.961361517945377 
-24.96365146782214 
-24.965914613145657 
-24.968181376066852 
-24.97054739256367 
-24.97286427643402 
-24.97516378753778 
-24.977433879381838 
-24.979675773760516 
-24.981901115995395 
-24.984097429122787 
-24.986271430212973 
-24.988409642530854 
-24.990502647602735 
-24.99258456068751 
-24.99467442279505 
-24.996739635858688 
-24.998802195211514 
-25.00088883648651 
-25.002944187500763 
-25.004985087250763 
-25.007017395639217 
-25.00903474791413 
-25.011020155521372 
-25.012992863025215 
-25.009016262892853 
-25.011663549369878 
-25.015644039234783 
-25.020195336915947 
-25.02251559926426 
-25.024692585738524 
-25.026819002028972 
-25.028925837694274 
-25.03097491250675 
-25.033028589116515 
-25.035092654257888 
-25.037122637880532 
-25.0391586334802 
-25.04100565937371 
-25.04325354000847 
-25.045357987449137 
-25.047377172244197 
-25.049307848559142 
-25.045572753221638 
-25.049871696366196 
-25.053880381944687 
-25.056760789832786 
-25.059008687497602 
-25.061005607488312 
-25.062991739160424 
-25.064788736489632 
-25.06209001750427 
-25.066134737613122 
-25.064370389371476 
-25.07152917733238 
-25.074052624826084 
-25.07611188154544 
-25.078075897810916 
-25.079747860735885 
-25.08143531421861 
-25.082985678930214 
-25.085037996914043 
-25.087054602143947 
-25.088603076175676 
-25.090631586174027 
-25.09320244564469 
-25.095153076323083 
-25.0970591253966 
-25.0989436872462 
-25.100805255525636 
-25.10264944786307 
-25.104476085284727 
-25.106288627412816 
-25.108081156632085 
-25.10979473633475 
-25.111631266075932 
-25.113386234116966 
-25.115128393547717 
-25.116858155413944 
-25.118460140038962 
-25.119057602534998 
-25.121004500777754 
-25.122644998724986 
-25.123360785973166 
-25.123051205336594 
-25.122518110956555 
-25.123970517840856 
-25.12720466709184 
-25.12926625826444 
-25.131438651901465 
-25.134831186801094 
-25.13682297577257 
-25.138582017319425 
-25.14021745731022 
-25.14178887882679 
-25.14331611643596 
-25.1448103020587 
-25.14626821180184 
-25.147728408396038 
-25.149175325739417 
-25.150606429473537 
-25.152036476455105 
-25.15345937619037 
-25.154870488508756 
-25.156271515237712 
-25.157673353350074 
-25.159101439474373 
-25.160503401792127 
-25.16190419222201 
-25.163293772681143 
-25.164666216689632 
-25.166047379937538 
-25.16741584878574 
-25.168774843186338 
-25.170003551689206 
-25.17120549003417 
-25.170703421393153 
-25.17247885748673 
-25.17486215210102 
-25.17598341259752 
-25.178217819149253 
-25.179523300050136 
-25.180800024268574 
-25.18206563967821 
-25.18333668905135 
-25.18459315757384 
-25.185841746606496 
-25.187080497162967 
-25.18831126503482 
-25.189534814655907 
-25.190729105000127 
-25.19191738174039 
-25.193094863843964 
-25.194262260800176 
-25.19540412153928 
-25.195103969107464 
-25.197349369628675 
-25.198818846298288 
-25.200029646547975 
-25.20118991799913 
-25.202351661323448 
-25.203474200449243 
-25.20458129205165 
-25.20559044427619 
-25.20661817203266 
-25.207748020403233 
-25.20889466393985 
-25.20997816205042 
-25.211040174843177 
-25.212094182149418 
-25.213140601598838 
-25.21417886988955 
-25.215211093737047 
-25.216236929457192 
-25.217262260091893 
-25.218281488652707 
-25.219301355883935 
-25.220312718828975 
-25.22118028749832 
-25.220952305594597 
-25.220224118216784 
-25.224334111299044 
-25.225506491587065 
-25.22654724841272 
-25.227551151029417 
-25.228544018270032 
-25.229525357999876 
-25.2305021731776 
-25.231473234644948 
-25.232418303601374 
-25.233351371499193 
-25.234287941700142 
-25.235216512401983 
-25.236176360853193 
-25.23711470317825 
-25.23804403848347 
-25.238968777973678 
-25.239887334303276 
-25.240800528127906 
-25.24173661728975 
-25.24265562271255 
-25.243558049472398 
-25.24366756067207 
-25.24511317381676 
-25.246126226994665 
-25.247060650821304 
-25.247976522703375 
-25.248862540613658 
-25.249726855188182 
-25.250575953209488 
-25.25141336696061 
-25.252241767537743 
-25.253066536781045 
-25.253886179992993 
-25.254695205728293 
-25.25549795620149 
-25.256311406703826 
-25.257116518601997 
-25.25783540348809 
-25.257812974544184 
-25.258747698176 
-25.25985849958212 
-25.260955215090792 
-25.261722985849126 
-25.262488034687657 
-25.262779710498066 
-25.26404248754763 
-25.264874849297176 
-25.265646970887268 
-25.266415885103864 
-25.26717256301956 
-25.267918772227134 
-25.268658742574193 
-25.26938933937084 
-25.270120110392106 
-25.270842551203543 
-25.271559682544478 
-25.27226662101753 
-25.272967658895805 
-25.273663186461974 
-25.274354006887627 
-25.275041174715934 
-25.27572659708083 
-25.276407556993192 
-25.277084782599943 
-25.27775748243336 
-25.27842655705969 
-25.279092772165544 
-25.2797527179037 
-25.280414526896987 
-25.28107266572392 
-25.281721617543756 
-25.28236325447033 
-25.28300091993337 
-25.283631734885315 
-25.28426152456285 
-25.284886500460445 
-25.28550705208201 
-25.286123845507593 
-25.28673880772032 
-25.28735256744956 
-25.287952158123822 
-25.288547845098883 
-25.289140659030323 
-25.289726685052575 
-25.290308832977477 
-25.29088773525788 
-25.291463845400433 
-25.29203166371967 
-25.2925965079448 
-25.293160046854602 
-25.293721696093822 
-25.29428027403542 
-25.29483565182608 
-25.295386285300225 
-25.295933544748063 
-25.296477735015984 
-25.29701964832156 
-25.297558480047876 
-25.298095876198122 
-25.29863024795867 
-25.29916058745278 
-25.2996879498018 
-25.300213651875303 
-25.30074027095217 
-25.301276443833494 
-25.301803222325876 
-25.302323977917755 
-25.30284350493046 
-25.303362925713312 
-25.303878926812754 
-25.304392237065308 
-25.30490097322165 
-25.30541029568438 
-25.305916309726392 
-25.306420145186696 
-25.306920273396933 
-25.307417490804333 
-25.307914571381332 
-25.308407879186053 
-25.308898177620765 
-25.30938617015935 
-25.309870604574122 
-25.310354543329282 
-25.310832487593782 
-25.311306085149962 
-25.311776316231988 
-25.31225010119273 
-25.312720082974092 
-25.31318686190164 
-25.313651632638436 
-25.314113315107633 
-25.314572004657514 
-25.315027597062027 
-25.31548698985318 
-25.315943361707603 
-25.316396376488694 
-25.316842262263357 
-25.31728492512634 
-25.31772454995649 
-25.318162568513166 
-25.31859971007033 
-25.319031586595713 
-25.319460075966397 
-25.319886219683323 
-25.320308336810704 
-25.32073248808344 

 Time 
435.0644860267639 
