Energy 
 
-6.4476662915535154 
-7.76723735213632 
-10.56798370821294 
-10.475101426577142 
-10.472384373345578 
-10.481631925715973 
-10.115358769167184 
-11.914976646837456 
-12.454197285276036 
-13.190339538611315 
-13.177001021550595 
-13.447325662291195 
-12.626812150336034 
-12.384947097000683 
-12.117661617269448 
-11.257336689147735 
-13.61376733696017 
-13.83520652482189 
-14.508291439261349 
-14.617544139712527 
-14.36482838214933 
-14.239143344910183 
-14.354749118085387 
-14.10130694339678 
-14.531082595779097 
-14.271902021471218 
-14.887295248729158 
-15.282096054591811 
-14.73474032110255 
-14.65539495989123 
-14.688060880588582 
-15.264866157209521 
-15.740151960622988 
-14.961287913370768 
-14.952470002126974 
-15.10997398113102 
-14.98216716792716 
-14.785022361007108 
-14.783684666993596 
-15.03873009979037 
-14.879814241048008 
-14.959424148885425 
-14.93532881977186 
-14.896893291720012 
-15.077684838800689 
-16.04992002022531 
-17.232037504714913 
-17.16000530683352 
-16.883681265305622 
-16.9190128975945 
-17.605712669840734 
-18.378697247555316 
-17.3361551055277 
-17.84597451196517 
-17.876043144119567 
-17.43661764511356 
-17.49549377570999 
-17.520088919509867 
-17.187727773041306 
-17.13647922724434 
-17.08799147397618 
-17.040518373209984 
-18.194864264742495 
-17.933936748065353 
-18.37841808893609 
-18.30974697248951 
-18.197312956024497 
-18.627136821227253 
-19.49127926846235 
-19.190468723108438 
-19.772629339817225 
-19.00795267520457 
-19.324775505612962 
-19.29776680198733 
-19.88317763253116 
-19.31697329921367 
-19.705304919570167 
-19.613866803997908 
-20.317014958516612 
-20.234563945403636 
-20.20978209249375 
-20.08612647348343 
-19.851406265580138 
-19.870353697919473 
-19.757780716615326 
-19.761265937956455 
-19.995759467137816 
-19.979234794985906 
-20.20202763409054 
-20.218781889509025 
-20.316053891433096 
-20.308890621558216 
-20.27284508425265 
-20.339011138000416 
-20.327832303355947 
-20.34569188436476 
-20.341103218553787 
-20.553910673928343 
-20.54857638251489 
-20.397296494438905 
-20.396434320538745 
-20.423781315107433 
-20.34169175628998 
-20.258668263245312 
-20.201363842998695 
-20.528944621221203 
-20.446158376140716 
-20.56286960951819 
-20.47819015348977 
-20.34502676901642 
-20.35401122929535 
-20.36642235463269 
-20.35188343006196 
-20.367938012268777 
-20.388386390036274 
-20.405326230851827 
-20.535302583420286 
-20.48034854987988 
-20.481391709265328 
-20.670118833843016 
-20.54089103772068 
-20.653152974636583 
-20.703641155086615 
-20.593694995235566 
-20.5708963792915 
-20.522946906217037 
-20.533450107324985 
-20.490683882535073 
-20.491644383669463 
-20.495171699747008 
-20.53555109253174 
-20.520686771279394 
-20.519022085803314 
-20.523651209801354 
-20.526966618733216 
-20.71288433621906 
-20.695079549924706 
-20.58019189009937 
-20.421083153938604 
-20.32026636640743 
-20.300938075484552 
-20.33617824416883 
-20.269550668373153 
-20.279260839080806 
-20.34362350856491 
-20.444888801581897 
-20.435112097130844 
-20.37551378160608 
-20.32459049329674 
-20.297934694370994 
-20.35948799081781 
-20.391659472922765 
-20.47302928325157 
-20.430172305044366 
-20.589459214259524 
-20.570187566833123 
-20.769043214115875 
-21.19947010425861 
-21.31766690568672 
-21.268984034100626 
-21.373789777474403 
-21.731705603523 
-21.81448770020255 
-21.77333408622378 
-21.743303927281566 
-21.68061642368511 
-21.690967353211597 
-21.70345460597151 
-21.66422548948598 
-21.730187496658804 
-21.708824488049007 
-21.684661408964775 
-21.861126310998618 
-21.826818490025044 
-21.86205075789662 
-21.735570766790445 
-21.65508510250384 
-22.08452100269739 
-22.018111044520705 
-22.04934890602886 
-21.747701883621758 
-21.861448191645575 
-21.67403872467475 
-21.656952698675795 
-21.877715522128 
-22.066799934632634 
-21.97279204063691 
-22.27327943047893 
-22.110111711275795 
-21.911274828772076 
-22.092261549479925 
-21.866837139871773 
-21.909446823790148 
-21.80737698264992 
-21.848853464573068 
-21.70021347790278 
-21.661022769961765 
-21.649315710384254 
-21.70224759539336 
-21.65139432656835 
-21.618908436963736 
-21.6230168992229 
-21.62176041484567 
-21.704394869805828 
-21.941448648549223 
-22.1381653164128 
-21.994190863710962 
-22.006449519838924 
-22.09213824276052 
-22.075137206540333 
-22.085357989882596 
-22.077283114383334 
-22.078221884061985 
-22.1095985064575 
-22.16486158882357 
-22.176865695068535 
-22.110169178641332 
-22.173379919118286 
-22.282979271312993 
-22.255679013375875 
-22.267507875725332 
-22.32018485000261 
-22.399619137804926 
-22.41638143433324 
-22.39887681844586 
-22.371157524772375 
-22.325784111564325 
-22.273798632130152 
-22.31808687622883 
-22.390097006616095 
-22.422637753070216 
-22.415731106228254 
-22.40235991105289 
-22.391759432719265 
-22.403023898259992 
-22.44658447684218 
-22.45735372624349 
-22.44401979389957 
-22.573815786418464 
-22.5922694512511 
-22.51128064107424 
-22.50505143110784 
-22.50642695729725 
-22.490751025938813 
-22.592973128334172 
-22.573629085384717 
-22.5394815891263 
-22.57145400179643 
-22.545659636342464 
-22.551734357350988 
-22.538720511229194 
-22.54419379461553 
-22.538816868798033 
-22.625844755371197 
-22.67497091588583 
-22.718740124291617 
-22.72734811207205 
-22.73989962186216 
-22.79025810833759 
-22.742867343573913 
-22.75556179833713 
-22.790185080450268 
-22.786446061462108 
-22.778130219760946 
-22.792216651252563 
-22.77206282038378 
-22.78422302043671 
-22.782110220498943 
-22.775915386016052 
-22.774668772153188 
-22.780155255693792 
-22.78039969899285 
-22.78034652279494 
-22.77849034537559 
-22.787074392012947 
-22.7903928232002 
-22.792581597868814 
-22.953017942806028 
-22.95871418605287 
-22.94594266157819 
-22.87104221280046 
-22.877909264158582 
-22.869683545206538 
-22.803197944648232 
-22.8521728358352 
-22.916962633071222 
-23.018261147641216 
-23.017739810351664 
-23.103143977286006 
-23.038649588860363 
-23.047562940177247 
-23.063296040322786 
-23.122756744851635 
-23.119694728537212 
-23.10617538546635 
-23.124393496136392 
-23.121445157501526 
-23.115046760733136 
-23.128171461126072 
-23.180770256505 
-23.183148341594432 
-23.156341071494282 
-23.159417480819243 
-23.14227301520353 
-23.277019707005014 
-23.281809513960305 
-23.2692799221114 
-23.26052210126915 
-23.17152593677565 
-23.307184717092937 
-23.30654544134671 
-23.26028310803266 
-23.244004143900195 
-23.20545054558848 
-23.254886620566083 
-23.285656323708782 
-23.308915580515876 
-23.363604487816676 
-23.3758593505466 
-23.329192079489452 
-23.331294621493353 
-23.392185923345256 
-23.397022142726378 
-23.478087668841923 
-23.52165242739826 
-23.516577580321847 
-23.439731356023714 
-23.437959187149403 
-23.43462559420646 
-23.448586203732965 
-23.53515664490986 
-23.531068973887297 
-23.480272047992347 
-23.506116246628725 
-23.45511941029728 
-23.49349502509086 
-23.471448641847406 
-23.596095133384008 
-23.62572821365792 
-23.605779652005673 
-23.51422043613286 
-23.701398173266742 
-23.701101946577513 
-23.697984855835042 
-23.79682152370554 
-23.781596029057727 
-23.783479203526333 
-23.75117740051347 
-23.751067655072745 
-23.72020180111562 
-23.774203719226392 
-23.762954107199477 
-23.749174308282296 
-23.735181361689783 
-23.737566490418065 
-23.73835597091349 
-23.790701551097577 
-23.77366958621114 
-23.759869574351693 
-23.76204547095034 
-23.7303074080861 
-23.750349168425437 
-23.763140420841776 
-23.75226351171994 
-23.7405651293712 
-23.75912236342523 
-23.750459084612686 
-23.743153800998403 
-23.80457678764848 
-23.78316523836939 
-23.742997270432582 
-23.77607619965793 
-23.785150990688813 
-23.798184531836927 
-23.791006116632925 
-23.804950525707167 
-23.802366931387745 
-23.80907231631474 
-23.809495930860468 
-23.804339876016474 
-23.838550376946678 
-23.838432682364555 
-23.827681756736183 
-23.817379873051387 
-23.79583129040787 
-23.80380641161871 
-23.80703315619956 
-23.795627668978344 
-23.84651635685673 
-23.821758904205456 
-23.80678437014309 
-23.807028350092608 
-23.79302387153723 
-23.782757048088836 
-23.785636640585988 
-23.78587596599029 
-23.786389227346707 
-23.80275823991616 
-23.805577183817558 
-23.806031736076577 
-23.791943358940117 
-23.841896649113973 
-23.85512535140442 
-23.857416470575156 
-23.844812955430573 
-23.88270204122545 
-23.898666082681245 
-23.891935043367642 
-23.87701619787029 
-23.878515178352714 
-23.878672821963086 
-23.942358653236145 
-23.930460700396562 
-23.918581338376466 
-23.91912974351351 
-23.922016503958012 
-23.910956358342982 
-23.939033643982498 
-23.94351850514047 
-23.933748280987654 
-23.947618904547223 
-23.940181343668428 
-24.110567949547956 
-24.070339111785355 
-24.13257941278319 
-24.126276979980034 
-24.119616418355566 
-24.142969644549794 
-24.149761814883774 
-24.18246483755446 
-24.198500493349844 
-24.335711746836626 
-24.217271393128502 
-24.209632552655016 
-24.191704228599487 
-24.268229810277383 
-24.375125577501503 
-24.390574205912863 
-24.402208107260023 
-24.308961075956876 
-24.388660085661837 
-24.423630153124325 
-24.553696122294483 
-24.51385885789691 
-24.463364841618688 
-24.46674254628502 
-24.445009759302366 
-24.44742702454337 
-24.66572116706519 
-24.684769523774005 
-24.626761233886942 
-24.62805529116848 
-24.77175167138777 
-24.957587996165707 
-24.95872290149637 
-24.947300821784943 
-24.9533594866944 
-24.96369105690398 
-24.95997629657639 
-24.95968056849254 
-24.986957438778568 
-24.998919744584416 
-24.999678689307995 
-25.01342215199896 
-24.997663019252 
-24.992530289203465 
-24.98304724240168 
-25.019350974387642 
-25.019940614956745 
-25.002902411650215 
-25.04616394068906 
-25.05949386778221 
-25.025230118062904 
-25.073270514131213 
-25.0774242938179 
-25.08084905376556 
-25.098356450182294 
-25.095013661890736 
-25.12649903951492 
-25.125823892121122 
-25.117835609337902 
-25.17843066588971 
-25.17246311488455 
-25.169808644439726 
-25.18754653963855 
-25.18774682808777 
-25.19308913482931 
-25.195568462156658 
-25.19811820265388 
-25.190224959289203 
-25.257747921807308 
-25.25790982041197 
-25.257942395876757 
-25.258042911608026 
-25.2586301567611 
-25.258345929805593 
-25.25929522331218 
-25.259138992734048 
-25.26004487693002 
-25.25998365018002 

 Time 
396.13657903671265 
