Energy 
 
3.8998005448887016 
2.500773820617067 
0.5660032153779855 
-1.6494711032749136 
-4.120192515130961 
-6.3212167666206005 
-8.148128822844726 
-9.831645801167541 
-11.281368363287276 
-12.376797478095396 
-13.120876766055133 
-13.790021560456667 
-14.314477832341472 
-14.770042305362136 
-15.187868122623373 
-15.634069181848275 
-16.054388032815986 
-16.467868224875918 
-16.991972935338545 
-17.399454090558056 
-17.768650287086714 
-18.107102851764623 
-18.418983657718726 
-18.717623349121027 
-18.994008110916457 
-19.25863762401941 
-19.50982523738248 
-19.7637865394091 
-20.00617095478557 
-20.238739541714867 
-20.45424891780421 
-20.671676220127722 
-20.880243896850445 
-21.084081349205665 
-21.27627809013352 
-21.461119723503224 
-21.640873094443094 
-21.812095393711083 
-21.976357414478596 
-22.136626218621252 
-22.320165609682512 
-22.503511446452666 
-22.656888060503462 
-22.794346999930042 
-22.92836713632944 
-23.05428859439141 
-23.169005946578842 
-23.274722700527203 
-23.36860949931953 
-23.460232296249984 
-23.545600235952186 
-23.62501643296383 
-23.707201836297692 
-23.77898364365547 
-23.845919791811674 
-23.905752265900784 
-24.016939482524737 
-24.084102294228526 
-24.145618885793887 
-24.188663951518553 
-24.18293477685854 
-24.08933247882004 
-24.2736295589184 
-24.38780019681861 
-24.438611525537812 
-24.48116305306715 
-24.52200044483109 
-24.54229972229742 
-24.587278986623936 
-24.63300634090137 
-24.669605129535945 
-24.568171370185603 
-24.67193623124394 
-24.705032217094562 
-24.730264985513237 
-24.75137848264474 
-24.77115523684487 
-24.786195094190106 
-24.80641783474897 
-24.822007438113346 
-24.823723085744458 
-24.801711667694025 
-24.853126837285455 
-24.871091000214093 
-24.87114589927172 
-24.89806625969869 
-24.913670852908375 
-24.92988798924708 
-24.944375379949008 
-24.954888988270863 
-24.965381784312882 
-24.960139061606657 
-24.99337499070645 
-25.003681804366135 
-25.00850031652418 
-25.014257145550108 
-25.026388857305673 
-25.042446126628832 
-25.056565616857284 
-25.06752865594263 
-25.077608307290433 
-25.086046255514862 
-25.0940874744041 
-25.10233695250244 
-25.110378725133263 
-25.118154014560808 
-25.125733918831934 
-25.131889506299398 
-25.14021634113152 
-25.14691551603981 
-25.141337394300496 
-25.133143061134227 
-25.164356372829953 
-25.171194812548638 
-25.17732559154385 
-25.183104815740492 
-25.18835489838358 
-25.1933479201757 
-25.198187862365334 
-25.203231912419863 
-25.208086854984558 
-25.212799451499542 
-25.217154076158632 
-25.218562068510128 
-25.209211229261914 
-25.20547583788826 
-25.20815972098098 
-25.218299519096533 
-25.229829109790323 
-25.23900414965639 
-25.246554266326168 
-25.252658663744185 
-25.23764486169537 
-25.22361008535666 
-25.255526361750853 
-25.264173895673856 
-25.26845867334242 
-25.27192141657139 
-25.27512855881781 
-25.27797521550867 
-25.27507252880536 
-25.28170064956937 
-25.28534958224931 
-25.289075528144558 
-25.291655082337204 
-25.29400324387727 
-25.29613596605411 
-25.298522823509103 
-25.300715852758326 
-25.30287607903353 
-25.3049957929706 
-25.306994832486318 
-25.308916441864273 
-25.310775481942493 
-25.312543536066087 
-25.31425374967739 
-25.315954570100523 
-25.317590147982987 
-25.31918576793935 
-25.320730463138123 
-25.322242887996012 
-25.323657604101236 
-25.325194951247394 
-25.32665062325627 
-25.327975051141877 
-25.329237556932085 
-25.330454363925558 
-25.331638208058365 
-25.332747113586795 
-25.333408173002766 
-25.334952845181853 
-25.3361036539657 
-25.33711196676312 
-25.338234262028898 
-25.335398669943427 
-25.337078845253586 
-25.338551379096607 
-25.341060029684066 
-25.342490185208664 
-25.343507395363915 
-25.34441495171768 
-25.345196353312332 
-25.345915562270132 
-25.346134488284978 
-25.344850446757057 
-25.34471947344141 
-25.34694328461596 
-25.34879423143364 
-25.34979692216774 
-25.350255767173866 
-25.35058213329728 
-25.350254063848183 
-25.351368979773607 
-25.351890639629772 
-25.35262369093949 
-25.35369294683452 
-25.35416580453427 
-25.354640928380093 
-25.355096708912594 
-25.355468383649924 
-25.35566036452132 
-25.356227584790638 
-25.356757886113687 
-25.357207404633797 
-25.357626625186004 
-25.358017099796083 
-25.35838898665599 
-25.35874989434907 
-25.359102395500866 
-25.359447736482593 
-25.359789067452365 
-25.359864348910076 
-25.359704326741912 
-25.359441063130824 
-25.359369449216807 
-25.360259102311076 
-25.359911225000534 
-25.36120866931296 
-25.362087545566077 
-25.36237963468014 
-25.362635664022562 
-25.36288471511936 
-25.363126143667852 
-25.36336195386002 
-25.363592290504275 
-25.36381738548114 
-25.36404660646937 
-25.36426768815204 
-25.364488425201102 
-25.364702830775194 
-25.3649113290291 
-25.365113639715343 
-25.365311796468045 
-25.36550401570054 
-25.36569147986754 
-25.365873960532443 
-25.366051552763736 
-25.36622451649109 
-25.366393119944213 
-25.366557176781402 
-25.36671694687719 
-25.366872463657472 
-25.367023898219916 
-25.36717464365672 
-25.367320919898177 
-25.367463089177125 
-25.367598222311997 
-25.36772713159061 
-25.367851359948236 
-25.367972117009064 
-25.36808965715407 
-25.368203963764763 
-25.368314833316827 
-25.368422497993734 
-25.368527019056042 
-25.368629539651238 
-25.36872929972898 
-25.368826011678188 
-25.368921544105874 
-25.36901184044275 
-25.369099562091534 
-25.36918436586435 
-25.369266580074594 
-25.36934672570987 
-25.369422843700193 
-25.369496844502027 
-25.369568905283018 
-25.36963906554363 
-25.36970750427124 
-25.369774166678102 
-25.3698394452029 
-25.369902833802826 
-25.3699645664085 
-25.370024898072884 
-25.370083655137357 
-25.370141050184316 
-25.37019695624174 
-25.370250449997688 
-25.37030460990379 
-25.370356926200596 
-25.370407889891116 
-25.370457351130934 
-25.37050547505106 
-25.370552126281424 
-25.370597363629535 
-25.37064131720272 
-25.370684412142193 
-25.3707262616824 
-25.370766246388833 
-25.370805200305675 
-25.370843059510197 
-25.370879924122754 
-25.370915707323817 
-25.370950728177405 
-25.370984917552708 
-25.37101822053441 
-25.371050722846896 
-25.371082368977056 
-25.37111329756935 
-25.371143391241677 
-25.371172660113288 
-25.371201351636763 
-25.371229571104752 
-25.371256970434878 
-25.371283882646583 
-25.371310098496515 
-25.37133565571139 
-25.371360527027935 
-25.37138477180226 
-25.371408207705947 
-25.37143129241201 
-25.37145375589345 
-25.371475932099465 
-25.37149735498043 
-25.371517813381978 
-25.371537633948044 
-25.371557334124976 
-25.37157648203387 
-25.371595147477137 
-25.371613282722457 
-25.3716311368107 
-25.37164852839543 
-25.371665836977197 
-25.371682695666838 
-25.37169920649185 
-25.371715272844142 
-25.371730981353274 
-25.371746412802693 
-25.371761445051916 
-25.371776152014498 
-25.3717904742567 
-25.371804383683322 
-25.37181796187686 
-25.37183114931833 
-25.371844022834868 
-25.371856558990995 
-25.37186873753258 
-25.37188059129377 
-25.37189222998764 
-25.371903575163092 
-25.37191484129931 
-25.371925793146072 
-25.371936423378376 
-25.371946680785573 
-25.371956590469438 
-25.371966403247665 
-25.371975961942855 
-25.371985267176303 
-25.37199429438034 
-25.372003093745857 
-25.3720116883157 
-25.372020034758073 
-25.372028197137286 
-25.372036132807914 
-25.37204387151908 
-25.372051420184633 
-25.372058782556394 
-25.372065979635614 
-25.372073006240097 
-25.37207983247051 
-25.37208652050443 
-25.3720930423385 
-25.37209933468364 
-25.37210548452608 
-25.37211147553167 
-25.37211731646996 
-25.37212300304503 
-25.372128558353424 
-25.372133930158874 
-25.37213914957297 
-25.372144267773653 
-25.372149208641787 
-25.372153933137014 
-25.372158552100103 
-25.372163052214432 
-25.37216744096188 
-25.372171802521773 
-25.372176037214732 
-25.372180164813308 
-25.372184165123556 
-25.372188068707647 
-25.37219188106673 
-25.372195594997738 
-25.37219922823579 
-25.372202774464974 
-25.37220628261516 
-25.37220970374808 
-25.372213053445787 
-25.37221632190584 
-25.372219537421245 
-25.372222700097602 
-25.372225790117838 
-25.372228807222555 
-25.372231754137573 
-25.372234632010375 
-25.372237444106297 
-25.3722401933088 
-25.372242881356634 
-25.372245571838988 
-25.37224819527797 
-25.37225075117664 
-25.37225324000732 
-25.372255671101826 
-25.37225804433881 
-25.37226036150891 
-25.372262598206465 
-25.372264782624075 
-25.372266916736244 
-25.372268997415745 
-25.37227102642927 
-25.372273010007717 
-25.37227495047948 
-25.37227684826249 
-25.37227870651192 
-25.372280523854407 
-25.372282306607165 
-25.372284059618966 
-25.372285781654586 
-25.37228748367194 
-25.372289167881224 
-25.372290802111046 
-25.3722923961983 
-25.372293955362508 
-25.372295480463404 
-25.372296984878624 
-25.372298436081614 
-25.372299853043536 
-25.37230124015081 
-25.372302596996498 
-25.37230391762374 
-25.372305210720782 
-25.372306481334476 
-25.372307725085122 
-25.372308949776315 
-25.37231015083754 
-25.372311338931734 
-25.37231250388455 
-25.372313637994374 
-25.372314744333053 
-25.37231582482532 
-25.37231687987066 
-25.372317913345285 
-25.37231893235071 
-25.372319915552012 
-25.372320879745477 
-25.37232182933977 
-25.372322759071672 
-25.37232367143798 
-25.372324565630933 
-25.372325440776894 
-25.372326319253457 
-25.37232718280113 
-25.372328028848166 
-25.372328855373457 
-25.37232966567731 
-25.372330463185683 
-25.37233124481451 
-25.372332011302372 
-25.37233276377645 
-25.372333506003937 
-25.372334241594988 
-25.372334964537913 
-25.372335673242205 
-25.37233636897077 
-25.372337052985987 
-25.372337725472285 
-25.37233838556468 
-25.372339031905184 
-25.372339670663013 
-25.372340295940838 
-25.372340904288123 
-25.37234150158749 
-25.372342088707104 
-25.37234266465536 
-25.3723432309362 
-25.372343778628373 
-25.37234431876291 
-25.372344848183495 
-25.372345368817797 
-25.37234588062547 
-25.372346384208463 
-25.372346878707614 
-25.372347366285226 
-25.372347845064954 
-25.372348315258158 
-25.372348777223152 
-25.372349231178852 
-25.37234967641085 
-25.372350111943955 
-25.372350539923843 
-25.372350960552915 
-25.37235137481425 
-25.372351783525634 
-25.372352185391556 
-25.372352583927128 
-25.372352975562546 
-25.372353360524347 
-25.37235373909549 
-25.372354110424947 
-25.372354475034708 

 Time 
252.73263716697693 
