Energy 
 
2.469815706855736 
0.9590498313406047 
-0.5343834339594921 
-1.9919664511496271 
-3.3965677761962043 
-4.7349467447938896 
-5.999591592746877 
-7.188812500833288 
-8.305115150436317 
-9.352894524602078 
-10.336548003413338 
-11.259487732393128 
-12.123952697827402 
-12.931290854291138 
-13.682407114152596 
-14.378184292677137 
-15.019787284808654 
-15.608829752966376 
-16.14742023980485 
-16.63812027930154 
-17.083849285716763 
-17.487766048790313 
-17.853148837465323 
-18.18328808640527 
-18.48139884569267 
-18.750555164324 
-18.993645340570893 
-19.21334520342137 
-19.412105888575606 
-19.59215255981479 
-19.75549089745826 
-19.903918714160994 
-20.039040627622164 
-20.16228424366646 
-20.274916747023124 
-20.37806115213136 
-20.47271173778488 
-20.55974838923408 
-20.639949713201606 
-20.71400488822556 
-20.782524276138854 
-20.84604885953721 
-20.905058591949633 
-20.959979757524497 
-21.011191439347005 
-21.05903119286349 
-21.103800015301413 
-21.145766694806643 
-21.185171615189027 
-21.22223008426038 
-21.25713524612956 
-21.290060630699788 
-21.321162387096074 
-21.350581241876228 
-21.378444217641565 
-21.40486614303291 
-21.42995098102905 
-21.453792998907762 
-21.476477800129757 
-21.498083235713036 
-21.51868021032953 
-21.538333396333815 
-21.557101867183338 
-21.575039660197596 
-21.59219627729507 
-21.608617131217084 
-21.624343943769514 
-21.63941510176914 
-21.653865975649225 
-21.66772920504625 
-21.681034955141193 
-21.69381114705343 
-21.706083665173242 
-21.717876543960738 
-21.729212136428572 
-21.740111266255624 
-21.75059336524468 
-21.760676597631683 
-21.77037797257833 
-21.779713446023468 
-21.788698012935185 
-21.79734579088801 
-21.80567009578719 
-21.813683510473684 
-21.82139794686513 
-21.828824702221137 
-21.835974510061778 
-21.84285758621624 
-21.849483670434648 
-21.85586206395444 
-21.86200166337974 
-21.867910991200347 
-21.873598223250013 
-21.879071213379092 
-21.88433751559585 
-21.8894044039097 
-21.89427889009338 
-21.89896773956384 
-21.903477485567137 
-21.907814441838813 
-21.911984713898494 
-21.9159942091247 
-21.919848645745855 
-21.923553560871202 
-21.92711431767633 
-21.93053611184781 
-21.933823977382318 
-21.93698279182705 
-21.940017281039676 
-21.942932023538596 
-21.945731454506436 
-21.94841986950287 
-21.95100142793698 
-21.95348015634143 
-21.955859951487593 
-21.958144583373166 
-21.960337698110337 
-21.962442820737845 
-21.964463357976037 
-21.966402600940594 
-21.968263727827523 
-21.970049806578796 
-21.97176379753571 
-21.973408556085218 
-21.974986835301408 
-21.976501288584625 
-21.977954472297256 
-21.979348848395926 
-21.98068678705779 
-21.98197056929842 
-21.98320238957826 
-21.984384358394216 
-21.98551850485245 
-21.98660677921878 
-21.98765105544298 
-21.988653133652797 
-21.989614742614506 
-21.990537542156186 
-21.991423125550735 
-21.992273021855603 
-21.993088698206222 
-21.993871562061425 
-21.994622963397838 
-21.995344196852237 
-21.996036503809837 
-21.996701074437468 
-21.997339049660685 
-21.997951523084158 
-21.998539542854754 
-21.999104113467308 
-21.99964619751294 
-22.000166717370146 
-22.00066655683926 
-22.001146562720404 
-22.001607546336384 
-22.00205028500038 
-22.00247552343018 
-22.002883975109846 
-22.003276323599522 
-22.00365322379518 
-22.00401530313912 
-22.004363162782802 
-22.00469737870327 
-22.0050185027744 
-22.005327063794624 
-22.00562356847237 
-22.005908502370712 
-22.00618233081235 
-22.006445499746835 
-22.006698436580784 
-22.006941550973085 
-22.007175235595852 
-22.0073998668627 
-22.0076158056258 
-22.00782339784258 
-22.00802297521343 
-22.008214855791838 
-22.0083993445678 
-22.00857673402559 
-22.008747304677264 
-22.00891132557274 
-22.00906905478739 
-22.009220739888235 
-22.009366618379776 
-22.009506918130043 
-22.009641857777954 
-22.009771647122893 
-22.009896487496984 
-22.010016572121113 
-22.010132086445395 
-22.01024320847454 
-22.010350109079244 
-22.010452952293477 
-22.01055189559948 
-22.010647090199715 
-22.010738681277275 
-22.010826808244932 
-22.010911604983423 
-22.010993200069272 
-22.011071716992966 
-22.011147274367517 
-22.011219986128317 
-22.01128996172404 
-22.01135730629973 
-22.011422120871988 
-22.011484502496337 
-22.011544544428034 
-22.01160233627561 
-22.01165796414815 
-22.011711510796157 
-22.011763055746737 
-22.0118126754329 
-22.01186044331745 
-22.011906430011877 
-22.011950703390006 
-22.01199332869716 
-22.012034368654668 
-22.012073883560088 
-22.012111931383277 
-22.012148567858453 
-22.01218384657259 
-22.012217819050008 
-22.01225053483375 
-22.012282041563346 
-22.01231238504962 
-22.012341609346425 
-22.012369756819265 
-22.01239686821156 
-22.012422982707758 
-22.012448137994227 
-22.012472370317553 
-22.012495714540574 
-22.01251820419604 
-22.01253987153837 
-22.01256074759305 
-22.012580862204256 
-22.012600244080605 
-22.012618920838875 
-22.012636919046198 
-22.012654264260586 
-22.012670981069704 
-22.012687093128168 
-22.01270262319355 
-22.012717593160676 
-22.012732024094838 
-22.012745936263475 
-22.01275934916688 
-22.012772281567422 
-22.012784751517845 
-22.01279677638832 
-22.012808372892668 
-22.01281955711315 
-22.01283034452476 
-22.012840750018277 
-22.01285078792252 
-22.01286047202576 
-22.01286981559626 
-22.012878831402002 
-22.012887531729785 
-22.012895928403427 
-22.012904032801302 
-22.012911855873366 
-22.012919408157273 
-22.012926699794036 
-22.01293374054308 
-22.012940539796617 
-22.01294710659366 
-22.012953449633233 
-22.01295957728737 
-22.012965497613333 
-22.01297121836567 
-22.012976747007453 
-22.012982090721515 
-22.012987256420757 
-22.012992250758522 
-22.012997080138373 
-22.013001750723422 
-22.013006268445473 
-22.013010639013658 
-22.01301486792293 
-22.013018960462027 
-22.013022921721305 
-22.01302675660022 
-22.013030469814368 
-22.01303406590259 
-22.01303754923353 
-22.013040924012024 
-22.013044194285293 
-22.013047363948836 
-22.013050436752195 
-22.013053416304313 
-22.013056306078994 
-22.01305910941982 
-22.013061829545123 
-22.013064469552663 
-22.013067032424175 
-22.013069521029717 
-22.013071938131805 
-22.013074286389596 
-22.01307656836256 
-22.013078786514384 
-22.013080943216565 
-22.013083040751678 
-22.013085081317048 
-22.013087067027502 
-22.013088999918914 
-22.0130908819508 
-22.013092715009506 
-22.013094500910643 
-22.0130962414019 
-22.013097938165618 
-22.013099592821174 
-22.013101206927306 
-22.013102781984507 
-22.01310431943709 
-22.013105820675328 
-22.01310728703752 
-22.013108719811868 
-22.013110120238427 
-22.013111489510862 
-22.013112828778123 
-22.013114139146325 
-22.01311542168009 
-22.01311667740432 
-22.013117907305535 
-22.013119112333396 
-22.01312029340206 
-22.013121451391417 
-22.013122587148622 
-22.01312370148906 
-22.01312479519759 
-22.01312586902985 
-22.01312692371313 
-22.0131279599476 
-22.013128978407227 
-22.013129979740782 
-22.013130964572834 
-22.01313193350457 
-22.013132887114722 
-22.01313382596039 
-22.013134750577873 
-22.013135661483425 
-22.01313655917398 
-22.01313744412799 
-22.013138316805932 
-22.013139177651173 
-22.01314002709045 
-22.013140865534567 
-22.013141693379023 
-22.013142511004542 
-22.013143318777608 
-22.013144117050995 
-22.013144906164378 
-22.013145686444656 
-22.01314645820661 
-22.0131472217532 
-22.013147977376136 
-22.013148725356196 
-22.013149465963732 
-22.013150199458895 
-22.01315092609225 
-22.013151646104927 
-22.01315235972915 
-22.01315306718835 
-22.01315376869771 
-22.0131544644644 
-22.013155154687798 
-22.013155839559918 
-22.01315651926553 
-22.013157193982586 
-22.013157863882363 
-22.013158529129743 
-22.01315918988353 
-22.013159846296553 
-22.01316049851591 
-22.0131611466833 
-22.013161790935104 
-22.01316243140258 
-22.01316306821223 
-22.01316370148564 
-22.013164331340047 
-22.01316495788827 
-22.013165581238894 
-22.01316620149649 
-22.013166818761693 
-22.01316743313151 
-22.013168044699185 
-22.013168653554615 
-22.013169259784267 
-22.01316986347149 
-22.013170464696437 
-22.013171063536372 
-22.01317166006559 
-22.013172254355688 
-22.013172846475626 
-22.013173436491744 
-22.01317402446795 
-22.013174610465747 
-22.013175194544438 
-22.013175776761045 
-22.01317635717051 
-22.013176935825744 
-22.013177512777666 
-22.013178088075314 
-22.013178661765995 
-22.013179233895105 
-22.01317980450653 
-22.013180373642378 
-22.013180941343343 
-22.01318150764852 
-22.013182072595544 
-22.013182636220737 
-22.01318319855907 
-22.013183759644175 
-22.01318431950843 
-22.013184878183132 
-22.01318543569828 
-22.01318599208288 
-22.0131865473648 
-22.01318710157092 
-22.013187654727147 
-22.01318820685839 
-22.01318875798865 
-22.013189308141094 
-22.013189857337977 
-22.013190405600817 
-22.013190952950232 
-22.013191499406215 
-22.01319204498792 
-22.01319258971385 
-22.013193133601845 
-22.013193676669086 
-22.013194218932085 
-22.013194760406794 
-22.0131953011086 
-22.013195841052287 
-22.013196380252143 
-22.013196918721917 
-22.013197456474856 
-22.013197993523708 
-22.01319852988087 
-22.013199065558087 
-22.013199600566914 
-22.013200134918307 
-22.01320066862295 
-22.013201201691047 
-22.013201734132533 
-22.013202265956895 
-22.01320279717332 
-22.01320332779073 
-22.01320385781758 
-22.013204387262206 
-22.01320491613249 
-22.013205444436135 
-22.013205972180536 
-22.013206499372817 
-22.013207026019852 
-22.01320755212833 
-22.01320807770464 
-22.013208602754933 
-22.013209127285215 
-22.013209651301278 
-22.013210174808613 
-22.013210697812642 
-22.013211220318524 
-22.013211742331304 
-22.013212263855785 
-22.013212784896634 
-22.01321330545834 
-22.013213825545318 
-22.013214345161735 
-22.013214864311685 
-22.01321538299907 
-22.013215901227703 
-22.013216419001235 
-22.013216936323257 
-22.013217453197175 
-22.013217969626268 
-22.013218485613805 
-22.013219001162856 
-22.013219516276465 
-22.013220030957463 
-22.01322054520872 
-22.013221059032965 
-22.01322157243279 
-22.013222085410774 
-22.01322259796937 
-22.013223110110967 
-22.013223621837906 
-22.01322413315242 
-22.013224644056667 
-22.013225154552774 
-22.0132256646428 
-22.013226174328715 
-22.013226683612423 
-22.013227192495844 
-22.01322770098071 
-22.01322820906886 
-22.013228716761965 
-22.01322922406164 

 Time 
335.9496533870697 
