Energy 
 
3.3888654472655504 
2.2369932940711523 
0.7162914533510205 
-1.163009408119138 
-3.4545352681466475 
-5.760394048907614 
-7.685707363974542 
-9.358862460121331 
-10.70910318240266 
-11.78033364092534 
-12.513577973754282 
-13.189352935014554 
-13.513198583694821 
-13.813343521768257 
-14.092525504152189 
-14.350872015306175 
-14.63830801467026 
-14.89671809758223 
-15.142427466018738 
-15.38772147585607 
-15.619721212931498 
-15.858372905610649 
-16.082086645632877 
-16.28619679014801 
-16.546839252904775 
-16.93009981433709 
-17.199206340395403 
-17.4267704705757 
-17.63593613968888 
-17.825303660821582 
-18.00162909821451 
-18.16245913970261 
-18.158201456601887 
-17.805062098523255 
-18.468161767853694 
-18.646971810212868 
-18.76761559331161 
-18.889008384541363 
-18.992241927304764 
-19.087776104450562 
-19.17813632387957 
-19.2638390091702 
-19.346168490579796 
-19.422106623382465 
-19.498360506006055 
-19.570513712810317 
-19.63932512557745 
-19.70482325032726 
-19.76637372410905 
-19.828027520352837 
-19.876952124811844 
-19.923468295541777 
-19.96751878124462 
-20.0105958519184 
-20.054290329196718 
-20.094084960303682 
-20.131558409665555 
-20.16089273308446 
-20.0599740979509 
-20.235261809849913 
-20.267017208738054 
-20.295675489315045 
-20.32291863047954 
-20.34908551439483 
-20.37419094250936 
-20.399298405999943 
-20.422899105394073 
-20.4456324448288 
-20.46737730139103 
-20.48137991640303 
-20.504489410433823 
-20.525068756128036 
-20.544572878932282 
-20.56331920356664 
-20.58099284424064 
-20.5973163780394 
-20.613491891941695 
-20.62744340250826 
-20.640770652570357 
-20.646354983687814 
-20.626210521950668 
-20.65576258312044 
-20.692705280862278 
-20.709142552963765 
-20.72725621992923 
-20.73275558499098 
-20.74031998474182 
-20.746981538188162 
-20.73228616145731 
-20.75329164366952 
-20.783438550530164 
-20.7998078859352 
-20.80917960246726 
-20.818219964942987 
-20.821813294541837 
-20.80427892754453 
-20.820381824144334 
-20.838461844263133 
-20.861476547023386 
-20.87111972516274 
-20.879412515071316 
-20.887375955948002 
-20.894950344268207 
-20.902451068842726 
-20.90967188092449 
-20.913517336657513 
-20.90911553183342 
-20.923369756347995 
-20.935270625749787 
-20.942294357524773 
-20.948375738385902 
-20.954005115190096 
-20.95858332800131 
-20.95001288141844 
-20.9683428542426 
-20.975317139446044 
-20.979768788959582 
-20.984041350404777 
-20.988171861436513 
-20.992162500024317 
-20.99595511429347 
-20.999619501060085 
-21.0031833412124 
-21.006645425487136 
-21.00996424972305 
-21.01317273855389 
-21.016274295974675 
-21.0192817171139 
-21.022068650259428 
-21.023825021021235 
-21.026898723659727 
-21.030185913818055 
-21.033057941769574 
-21.03583990394539 
-21.038306819508016 
-21.040621058226876 
-21.042797286352055 
-21.043788187138894 
-21.04731439006127 
-21.04969816959946 
-21.05148825835152 
-21.05372849581981 
-21.05575196213251 
-21.057651829314455 
-21.05949420379309 
-21.061272377618504 
-21.062999017099177 
-21.06466735684041 
-21.06413094097635 
-21.06357075988218 
-21.062761379155347 
-21.062475696486388 
-21.06740366952402 
-21.068443893877795 
-21.074528206453586 
-21.077881124279298 
-21.079295762324744 
-21.08064020291275 
-21.081992550674762 
-21.0832977255283 
-21.08455193748264 
-21.085762473737585 
-21.08693074539168 
-21.088143123027496 
-21.089296712903128 
-21.090397346749956 
-21.091455343630475 
-21.092484668631243 
-21.09346148435986 
-21.094396026425127 
-21.095302004556228 
-21.096168457789574 
-21.09700753093176 
-21.09781060070145 
-21.098610257992103 
-21.099376910125347 
-21.100124398061837 
-21.100848436158824 
-21.101543149919383 
-21.10221350692002 
-21.102864159501223 
-21.103498180715004 
-21.104110281440164 
-21.104704329245195 
-21.105274521264786 
-21.10581427336154 
-21.10633492119392 
-21.10683769979765 
-21.107321896159036 
-21.107792462639914 
-21.10823786256079 
-21.108658083274122 
-21.10907021454865 
-21.10949881585654 
-21.109910375876662 
-21.110307749035556 
-21.11069472890564 
-21.11106751747485 
-21.111421113555046 
-21.11175534572939 
-21.112078048501793 
-21.112389803580328 
-21.11269745260365 
-21.112992780873075 
-21.113276560219955 
-21.113548495880284 
-21.113811368105388 
-21.114071322302273 
-21.114321628277796 
-21.11456178841633 
-21.114791948098212 
-21.11417925059679 
-21.113682697108064 
-21.113077431665232 
-21.113020261079892 
-21.11370922789977 
-21.11488355906992 
-21.115645824747595 
-21.115621698328628 
-21.11538036690306 
-21.11589279411207 
-21.116078358795257 
-21.11647957221855 
-21.116757547158066 
-21.117080846715883 
-21.117309708342997 
-21.117439949263385 
-21.11756483674832 
-21.11768226921273 
-21.117801639626478 
-21.117916376355396 
-21.118026236315227 
-21.118134070899803 
-21.118239401629435 
-21.11834098547353 
-21.118440009523205 
-21.118535578218253 
-21.118627917339186 
-21.11871839289438 
-21.11880189164427 
-21.11887824297232 
-21.11895197759172 
-21.119023387307912 
-21.11908987878206 
-21.119154007298114 
-21.11921655046555 
-21.119278122787392 
-21.11933694197451 
-21.119395049372734 
-21.11945079463011 
-21.11950504016084 
-21.119557429373575 
-21.119608485062486 
-21.119657909357272 
-21.119705514601186 
-21.11975148557879 
-21.119796075280508 
-21.119838653397828 
-21.119879551282214 
-21.119919410016813 
-21.119957758180355 
-21.119995064071137 
-21.120031274149483 
-21.12006642570412 
-21.12010063427593 
-21.120133856404312 
-21.1201661418672 
-21.12019771843298 
-21.12022835940508 
-21.12025811508477 
-21.12028704787292 
-21.120315114117208 
-21.120341971959654 
-21.120368317270923 
-21.120393841807147 
-21.12041859467402 
-21.120442599341374 
-21.120465885510065 
-21.120488515238584 
-21.120510526575348 
-21.12053225134716 
-21.12055330485002 
-21.120573697332752 
-21.120593501194744 
-21.12061269672065 
-21.120631723582886 
-21.12065029831189 
-21.120668234840053 
-21.12068566178085 
-21.120702339118594 
-21.120718710334042 
-21.12073470199575 
-21.120750249577874 
-21.120765325310884 
-21.120779948298992 
-21.120794223923937 
-21.120808347936194 
-21.12082217375267 
-21.120835574973817 
-21.120848586865474 
-21.120861219727963 
-21.120873472271807 
-21.120885389577296 
-21.120896984443046 
-21.120908241072264 
-21.12091906633963 
-21.12092955697269 
-21.120939768101838 
-21.12094967876149 
-21.120959480947654 
-21.120968993102903 
-21.12097821874639 
-21.12098716866324 
-21.12099585608529 
-21.121004295338818 
-21.121012526749716 
-21.12102077747276 
-21.12102885573437 
-21.121036675653123 
-21.121044241672116 
-21.121051492144073 
-21.12105852574795 
-21.121065373130776 
-21.12107201126843 
-21.121078463739607 
-21.121084724529517 
-21.121090804771967 
-21.121096705575706 
-21.121102465037836 
-21.12110804408965 
-21.121113494446753 
-21.121118785849355 
-21.121123921948097 
-21.12112878616174 
-21.121133498514734 
-21.121138069329795 
-21.121142513359846 
-21.121146842099723 
-21.12115100024816 
-21.121155040456923 
-21.12115897232945 
-21.121162790585213 
-21.121166508092635 
-21.121170136737597 
-21.121173670654535 
-21.121177111532973 
-21.12118045576559 
-21.12118368971495 
-21.121186830012512 
-21.121189875349085 
-21.121192833423926 
-21.121195719882746 
-21.1211985405285 
-21.12120130630203 
-21.12120400328662 
-21.121206625475683 
-21.121209176376233 
-21.121211665391712 
-21.1212140961078 
-21.121216464374818 
-21.121218774916382 
-21.121221039717728 
-21.12122325304424 
-21.121225391988162 
-21.1212274821898 
-21.12122956882527 
-21.12123160813931 
-21.121233601853127 
-21.121235557185887 
-21.121237470194274 
-21.121239349192983 
-21.12124119394846 
-21.12124304344878 
-21.12124489462004 
-21.12124675192549 
-21.121248560474285 
-21.121250323047843 
-21.121252041293204 
-21.12125371537262 
-21.121255359710684 
-21.121256964337906 
-21.121258524773936 
-21.121260052041947 
-21.121261543711547 
-21.12126301820905 
-21.12126446833071 
-21.12126588467565 
-21.12126727065405 
-21.121268616941485 
-21.12126993329759 
-21.121271220872828 
-21.12127247096783 
-21.121273698262794 
-21.12127490220492 
-21.121276085402773 
-21.121277246647356 
-21.12127838540349 
-21.121279504031577 
-21.12128063332057 
-21.121281744282747 
-21.121282827294984 
-21.121283892081216 
-21.121284939611655 
-21.121285971079622 
-21.12128698628265 
-21.121287993248522 
-21.12128898410807 
-21.121289960266417 
-21.121290921788123 
-21.121291882789727 
-21.121292829031965 
-21.121293765294226 
-21.12129468842076 
-21.1212955990553 
-21.121296497023494 
-21.12129737789627 
-21.121298248208998 
-21.121299102354236 
-21.121299945384212 
-21.121300778711213 
-21.12130160232453 
-21.121302416988566 
-21.12130322299109 
-21.12130401589041 
-21.121304798854915 
-21.121305593463653 
-21.121306374416502 
-21.12130714702368 
-21.121307912252476 
-21.121308670793507 
-21.12130942573089 
-21.121310174355635 
-21.121310915858224 
-21.12131165211407 
-21.121312382099898 
-21.121313107095926 
-21.12131382385294 
-21.12131453897611 
-21.121315248697854 
-21.12131596015543 
-21.12131666787236 
-21.121317366248437 
-21.12131806036038 
-21.121318750770484 
-21.121319428760817 
-21.12132009850729 
-21.1213207682612 
-21.121321434677657 
-21.12132210118326 
-21.121322766486646 
-21.121323430555574 
-21.1213240912022 
-21.121324740672023 
-21.12132538674452 
-21.121326035222037 
-21.121326680192986 
-21.121327316919267 
-21.121327955334397 
-21.121328591267233 
-21.12132921931623 
-21.12132984906639 
-21.1213304764132 
-21.121331101195334 
-21.121331723893633 
-21.1213323423024 
-21.121332956504332 
-21.121333569163237 
-21.121334178746277 
-21.121334783587805 
-21.12133538543825 
-21.121335993122475 
-21.121336598229796 
-21.121337201488572 
-21.121337802243673 
-21.121338403789252 
-21.121339004683705 
-21.12133960364734 
-21.12134020148044 
-21.12134079525578 
-21.121341386801856 
-21.121341976573124 
-21.121342569655628 
-21.121343161043317 
-21.12134375036552 
-21.121344334647702 
-21.121344918528347 
-21.12134548532049 
-21.121346050720664 
-21.121346614395563 
-21.121347174790962 
-21.121347737415814 
-21.121348298272423 
-21.12134885850872 
-21.12134941717513 
-21.12134997345559 
-21.12135053243769 
-21.121351091233944 
-21.121351653743847 
-21.121352214399934 
-21.121352773708267 

 Time 
319.73701453208923 
