Energy 
 
3.8998005448887016 
3.8998005448887016 
3.865153201247357 
3.8524395287966597 
1.4031397877876561 
1.351596420306529 
1.3306593074564366 
-0.9776791703929568 
-1.0239104619972421 
-1.3632398796044538 
-1.6733740912553972 
-1.7732715769082232 
-1.7772856221572977 
-2.3269128697776935 
-4.22141568577258 
-4.252994834698343 
-4.453987009951641 
-4.576319042878952 
-5.143453985971373 
-5.227290728637818 
-5.823052605991368 
-5.985781972687755 
-5.985883235532552 
-6.0027984572541815 
-7.1717564794087725 
-7.218431739541786 
-7.978830232023714 
-8.029242899452434 
-8.17837815957835 
-8.28531125380313 
-10.81225269463679 
-10.87602632756196 
-11.076014344335547 
-11.267512491128363 
-11.442265731339813 
-12.553193981504151 
-12.65857625030162 
-12.746042601650748 
-13.27334524922019 
-13.323215517945412 
-13.324342531742692 
-13.711615943276465 
-13.938600061189545 
-14.164278792385723 
-14.169170976063063 
-14.438750580504374 
-14.440981041218546 
-14.464309489646087 
-14.518849113823343 
-14.84130923573203 
-14.845035724256842 
-15.995401328099843 
-16.218406238631935 
-16.235072362875343 
-16.32842717040722 
-16.371862177187822 
-16.409865785269783 
-16.833641501027916 
-16.854967423862966 
-16.85773178748203 
-17.636293605644838 
-17.63782727720974 
-17.855133181885346 
-17.855176111976313 
-17.88007838488661 
-18.22165408960959 
-18.275584127838815 
-18.856393820946757 
-18.856400629549967 
-18.858983134290895 
-18.922415597494126 
-18.97628442380284 
-19.065350718502966 
-19.23275611318308 
-19.232820534036826 
-19.603509109028092 
-19.62156171799896 
-19.650904396416585 
-19.655144726846483 
-19.655153941308583 
-19.80226842103244 
-19.86290784240932 
-19.863254359723967 
-19.8751845285295 
-19.889153459047165 
-19.949877563911933 
-19.962246357825986 
-19.982816719521043 
-20.130436120469138 
-20.54636407060113 
-20.66156562658583 
-20.70583663288196 
-20.87038914077995 
-20.985091149125832 
-21.110056432017842 
-21.30572095639289 
-21.309344308789466 
-21.34892425683755 
-21.352424153518307 
-21.415147663968426 
-21.47679365049427 
-21.5405288761452 
-22.042932673382257 
-22.068446583571593 
-22.06965967542602 
-22.06969432426498 
-22.087717170718737 
-22.17791412144622 
-22.28065614022427 
-22.31174916664553 
-22.555356390109914 
-22.559393551804238 
-22.647983492131846 
-22.672488228625944 
-22.676094546699844 
-22.84905714316133 
-22.912542253038534 
-22.916584473892314 
-22.916805230036093 
-22.931920440306847 
-22.93352652127951 
-22.9400921361541 
-23.080172831634922 
-23.081028135647745 
-23.082712860570695 
-23.227645000237768 
-23.228443465869198 
-23.291986030403738 
-23.31183467134379 
-23.33436814336412 
-23.33447541700894 
-23.33497175259066 
-23.397271482621708 
-23.400388260862275 
-23.40038985720431 
-23.420236779135447 
-23.466980613242995 
-23.471509166697576 
-23.47688100758292 
-23.505479869819442 
-23.521004007775893 
-23.521005977275372 
-23.52132115797229 
-23.537586996313486 
-23.548362271701162 
-23.56301401274954 
-23.563160879480673 
-23.58869800811213 
-23.593131496216174 
-23.599050201269634 
-23.627037365349945 
-23.630557811740662 
-23.666997572431107 
-23.67591444557707 
-23.67717189266624 
-23.769289457821834 
-23.878767250574715 
-23.879557724972347 
-23.88199621688791 
-23.893660093764133 
-23.95178907012935 
-23.96212493280629 
-24.00148677468695 
-24.018712300318207 
-24.042247381979163 
-24.05019442999695 
-24.055301475680047 
-24.058371167578382 
-24.065394010939393 
-24.066339213405993 
-24.068953740220667 
-24.129414769036792 
-24.138891786310147 
-24.14805506062926 
-24.172849174484817 
-24.194024320891547 
-24.194687812100977 
-24.2296336241725 
-24.22969831722919 
-24.23169390865529 
-24.232182422156846 
-24.289945117597668 
-24.291320538813036 
-24.291349984465942 
-24.3143369137731 
-24.319143372511455 
-24.320250987536035 
-24.346164849867787 
-24.34698483161775 
-24.347311098366138 
-24.351010289942952 
-24.357483223609545 
-24.360955013399668 
-24.36233919690912 
-24.391091130648864 
-24.39418010618148 
-24.41439081518893 
-24.417333028788846 
-24.475415949269173 
-24.48361540088792 
-24.4838097104656 
-24.504384544619484 
-24.504415816866604 
-24.507957019842152 
-24.523803424347147 
-24.530593610847916 
-24.539212621542564 
-24.541565579685734 
-24.554262224868435 
-24.555010458928177 
-24.5719698184921 
-24.577679467223785 
-24.601740142098162 
-24.60643940337475 
-24.62473834662796 
-24.624858759470612 
-24.636580154478107 
-24.640280168775995 
-24.6415268720142 
-24.641541497494682 
-24.64692366704963 
-24.65089415287642 
-24.659070803869813 
-24.673039271007177 
-24.673063665466056 
-24.67459402661708 
-24.684889542971383 
-24.68493592671554 
-24.702510797347465 
-24.71580126985779 
-24.718933366388967 
-24.72657634294717 
-24.72810949988418 
-24.728160264126537 
-24.76474969949816 
-24.76476806324835 
-24.78210678400776 
-24.784283535714508 
-24.796725560749746 
-24.796764722855603 
-24.84436397211836 
-24.872802290389664 
-24.876283886118483 
-24.876381578379846 
-24.915793513185772 
-24.91579949662292 
-24.9162422320747 
-24.918383088579617 
-24.919065454330102 
-24.92520022387453 
-24.939708244208994 
-24.9496843586917 
-24.957306592930912 
-24.95742904271648 
-24.96193395940447 
-24.965538509593436 
-24.965550210681172 
-24.965571102924994 
-24.966730940692063 
-24.982923261500538 
-24.985399735752598 
-25.001025189233108 
-25.002182499907082 
-25.002207041038226 
-25.00543499103545 
-25.008653550330166 
-25.00954481066685 
-25.009649878031475 
-25.030386082289393 
-25.038707079724745 
-25.0389434464144 
-25.04575494417114 
-25.04662028707177 
-25.05035015932809 
-25.054722104891198 
-25.05538171689532 
-25.055381838643136 
-25.06066327183934 
-25.063995539216478 
-25.077153300223586 
-25.077164322782465 
-25.07730441816464 
-25.07824886996658 
-25.078515866073516 
-25.078984901150722 
-25.082300686204675 
-25.085227442658237 
-25.088382161619474 
-25.091872128123768 
-25.094313489014556 
-25.100579213759755 
-25.100683195051694 
-25.10343152653288 
-25.113425669981275 
-25.119260407596006 
-25.120431887071813 
-25.12163462334499 
-25.123079134084502 
-25.140248897669256 
-25.148501885664423 
-25.148687129074318 
-25.149602134959995 
-25.15006362073824 
-25.150442140293276 
-25.15103629615224 
-25.16307883861185 
-25.163569726169786 
-25.164038201870298 
-25.17456423520017 
-25.17622555584367 
-25.176548569567768 
-25.177069328588797 
-25.178045569057755 
-25.18147450664592 
-25.181577220058603 
-25.18157872630551 
-25.187812151044945 
-25.188684344657645 
-25.18868435217856 
-25.189675278492473 
-25.18971205390421 
-25.189752837276316 
-25.20189976059794 
-25.20589647118387 
-25.2076823995238 
-25.211049065036974 
-25.21106385599149 
-25.212768266014162 
-25.212942495812296 
-25.213640191836276 
-25.21384364634402 
-25.215406974685532 
-25.215438314141345 
-25.218399996559626 
-25.218609525236158 
-25.219272769744148 
-25.220227000060937 
-25.220231352416068 
-25.220607473264735 
-25.221356856582467 
-25.22240011518004 
-25.2235695337071 
-25.22357521145556 
-25.223851616247067 
-25.22502508334422 
-25.225042724666096 
-25.2266612956805 
-25.235242559774175 
-25.235253327824683 
-25.236810552655907 
-25.237287847613754 
-25.244217887179914 
-25.244316445933393 
-25.247104759413816 
-25.24806927710233 
-25.24847844713426 
-25.249451935315122 
-25.249478057260298 
-25.250708775541074 
-25.253737170609313 
-25.253798703151865 
-25.260005110062675 
-25.260505352046774 
-25.26063112173121 
-25.260940839140076 
-25.270071442566163 
-25.270088996244045 
-25.271901630685857 
-25.27191059348122 
-25.271933112814512 
-25.27199953893649 
-25.272271065177776 
-25.27434591716411 
-25.274415667721094 
-25.274436956164926 
-25.27453094567445 
-25.274563687681546 
-25.27747669127689 
-25.27767232352211 
-25.280941128942782 
-25.281736659443474 
-25.28185154162907 
-25.283868840968992 
-25.284471924531427 
-25.284861558496985 
-25.29062941984316 
-25.291964411961384 
-25.292615485800194 
-25.292691933775473 
-25.295386767553968 
-25.295584559003995 
-25.295688788571432 
-25.295785848800573 
-25.29587257291939 
-25.296707514801696 
-25.296906642091344 
-25.297814184823675 
-25.29784709616084 
-25.297907243375686 
-25.2979072538469 
-25.300477319838638 
-25.303316824815365 
-25.30423434992354 
-25.30463594800943 
-25.3048672854586 
-25.304882804155636 
-25.3063887537497 
-25.306460820350797 
-25.30646599299399 
-25.306608539957015 
-25.30804387390544 
-25.308302162817263 
-25.308831680319066 
-25.309299006245855 
-25.309373345151723 
-25.309723208866632 
-25.310436436489653 
-25.31085506213988 
-25.311618910850783 
-25.311743512930256 
-25.31247456751559 
-25.312976542527608 
-25.313279081305538 
-25.314517396353857 
-25.314650358848077 
-25.31477593763289 
-25.314849205564492 
-25.31524614586071 
-25.31680042591864 
-25.317140138964582 
-25.317151064754345 
-25.317549658607568 
-25.317866134201658 
-25.318731809426403 
-25.319045720963064 
-25.319763023073502 
-25.31997447996873 
-25.320488266190512 
-25.32250627026376 
-25.323429113277655 
-25.32386752208622 
-25.32417081808852 
-25.32537198540529 
-25.325372423204705 
-25.325445761906074 
-25.325603025944076 
-25.325737109215815 
-25.325858821059832 
-25.326229427112427 
-25.32651452018579 
-25.32668325486875 
-25.3267237657869 
-25.32674379440686 
-25.326775994853342 
-25.326813286269445 
-25.327199932521182 
-25.32719999250279 
-25.327200460560547 
-25.327216691251234 
-25.327216758673337 
-25.32796824778658 
-25.328065498651487 
-25.3280744154412 
-25.328286094523865 
-25.328286333448744 
-25.32842458783339 
-25.328872846827537 
-25.329096471986396 
-25.32924331157007 
-25.329252274627613 
-25.329945793157137 
-25.329958816767668 
-25.330702995694452 
-25.332583695458844 
-25.332823422392586 
-25.333529378092063 
-25.333530858394425 
-25.333641508692615 
-25.33364781201252 
-25.333713346365602 
-25.33448139493533 
-25.335079703823652 
-25.335677532978167 
-25.335728798501503 
-25.33576137026535 
-25.336439389813343 
-25.33653743616744 
-25.336696571752753 
-25.336731055598598 
-25.33734920791489 
-25.337392682403614 
-25.337990736287672 
-25.33817027794275 
-25.338260893843735 
-25.338818624256223 
-25.338826929964334 
-25.33909855424623 
-25.33910137423726 
-25.33922595805441 
-25.339234169818848 

 Time 
8.545201539993286 
