Energy 
 
2.946477319533392 
2.229010288958128 
1.7432262094430993 
1.8795990015379935 
0.21583765182030185 
0.13272228918982376 
0.45452263831340073 
-0.47028345569100205 
-0.6782055794318764 
-3.7577266137587073 
-4.957594307568461 
-6.820570516471374 
-4.196945397975375 
-4.1545581403218605 
-3.9219582436948786 
-4.7971989028224495 
-2.8190288887329062 
-2.9114108421132636 
-2.629139982135521 
-2.315086267200968 
-2.634216398262276 
-2.783626555330425 
-2.759886898815255 
-2.733393646661124 
-2.688577074546292 
-3.9790231337096236 
-4.0466876447827484 
-4.046416422838236 
-4.424775023293954 
-4.38612423800681 
-4.492587857910722 
-4.904638825299662 
-5.771694566969053 
-4.785038952463031 
-6.945163142920981 
-5.777025589369265 
-5.747332186464481 
-5.7481558120575365 
-5.779464018801154 
-6.302419072299049 
-6.299230615105084 
-9.929660468456717 
-8.975756294464965 
-9.052191905503088 
-10.331014730683801 
-8.028185493285525 
-8.285526091772306 
-8.374250364990989 
-10.561072821672035 
-10.80074943563835 
-9.618905212549304 
-10.659833293517462 
-10.823699587440451 
-11.141640726462622 
-11.270434483122832 
-11.541606352234675 
-10.980520926578011 
-10.887962845781441 
-11.014444234956512 
-11.328613495962376 
-12.108302035150794 
-11.356616322061525 
-11.19189752639927 
-10.884746503830177 
-11.477214844673105 
-10.888580164808392 
-11.512409204095114 
-12.212184998308361 
-12.443142810139056 
-11.934474245483074 
-12.191930061978775 
-12.113223445564056 
-12.680769802637737 
-13.032964076489899 
-12.467414735800721 
-12.395991653736255 
-12.57381041456232 
-13.774622769968667 
-13.74956840126439 
-13.20257198911213 
-13.173954932421639 
-12.98211863291511 
-12.546819022238354 
-12.072633343982597 
-12.113093602030544 
-13.238973584914854 
-12.617390400007753 
-13.180671797047893 
-13.252361942344054 
-12.431937093640391 
-12.34245641486025 
-12.892261337452053 
-13.176881262968104 
-12.46374840747303 
-12.10104397789598 
-11.977034805763095 
-12.053922836850628 
-12.136206933545033 
-12.021577103176252 
-12.45278124091189 
-14.099420091684895 
-14.059606817998535 
-12.550026231985754 
-13.452064090331124 
-13.571622891729941 
-13.10741023518628 
-12.43546931809492 
-14.109291601804784 
-14.09592818818761 
-14.086090288452004 
-14.604676255912176 
-14.191961389645618 
-15.357986223382246 
-15.145530550469045 
-14.442733124243329 
-14.538356248114296 
-15.560407272900685 
-15.469288921770545 
-15.464599093568662 
-15.013572283280274 
-15.04822511749461 
-14.692395800642007 
-14.574257097535382 
-14.512873697737112 
-14.459068889790306 
-14.168482012475284 
-14.475642080177051 
-14.486370272992307 
-14.78653720095389 
-14.588740563730697 
-14.280310772595476 
-14.153378179052424 
-13.752563936240682 
-13.85637788802343 
-13.521824218799466 
-13.169717221837 
-14.14151251654193 
-14.07983137732577 
-13.462899812574626 
-13.625787820615226 
-13.537051924917073 
-13.73329524468978 
-14.428384924789528 
-14.449095666453067 
-14.077178886741589 
-13.61914668699536 
-13.202156935614587 
-12.728282856670235 
-13.358360249918864 
-13.15295687926673 
-12.907267770968554 
-13.029684611775778 
-12.988417563095384 
-13.104711732217183 
-13.8654596060748 
-13.762489949616088 
-13.892844229971047 
-13.740935563794494 
-15.118031064425113 
-15.216490918387256 
-14.860609288795583 
-15.552071732669365 
-15.329998688409601 
-15.413856381066 
-15.400407717125436 
-15.474255588797373 
-15.40631083208117 
-15.401888939992725 
-15.48171823875602 
-15.493732205400192 
-15.45443657996983 
-15.478198966320932 
-15.423824788574315 
-15.556875380974839 
-15.522820417408825 
-15.47768851709954 
-15.476127760867817 
-15.720656133418982 
-15.70993126172595 
-15.706261662111393 
-15.571237714361311 
-15.416603829002225 
-15.417987296597818 
-15.846374573458174 
-15.874865763630867 
-15.840020106193919 
-15.983373981424078 
-15.97943417269238 
-15.940273002941423 
-16.354680957501284 
-16.566903998848012 
-16.310544937435008 
-16.487019487404563 
-16.858866220795505 
-16.884312099806507 
-16.47307042129043 
-16.465402105489453 
-16.520161121214745 
-16.59680120336177 
-16.63898637128275 
-17.041993079612816 
-16.977389148828266 
-16.9567794295708 
-16.644591455612574 
-16.702999005839853 
-16.62602526753819 
-16.83580814747128 
-16.854927349821153 
-17.003369958892968 
-16.85098140285797 
-16.82825410701731 
-17.108145620145294 
-17.196913536279233 
-17.129151228239376 
-17.166979604829002 
-17.17574552336701 
-17.188528501682203 
-17.172793634793035 
-17.156567329064625 
-17.225666397087508 
-17.21449536193037 
-17.396123841164094 
-17.446708435816053 
-17.422975594463228 
-17.238747254371482 
-17.268291338335022 
-17.242501675253163 
-17.08754533094509 
-17.058754661940014 
-17.03812250601944 
-17.02151755471566 
-17.125665303133882 
-17.169294115863607 
-17.18524624782942 
-17.36973862936691 
-17.298309276863293 
-17.172591219813043 
-17.160303906336043 
-17.832854029167244 
-17.748554861010053 
-17.761771460684923 
-17.632296397972723 
-17.809857796156315 
-17.822099463427183 
-18.09822762429772 
-18.035852560850614 
-17.875061140643393 
-17.709882996866785 
-17.838707551527303 
-17.656019034629626 
-18.44058699375246 
-18.21366723762109 
-18.463640056560013 
-18.90129705648051 
-18.638454906146002 
-18.526526951436 
-18.573752720173196 
-18.616557336045005 
-18.47688348599176 
-19.148392861255616 
-19.10955437085925 
-19.08549053216488 
-18.983937563188473 
-18.972851847004748 
-18.87160939121501 
-19.069404399336015 
-18.92752870519907 
-18.921086233830287 
-19.28782286100961 
-19.25796522273896 
-19.328755281173915 
-19.333094028632985 
-19.2894166935729 
-19.296022468906507 
-19.53341253337402 
-19.61299400636746 
-19.57994809739572 
-19.404110456477117 
-19.452804287398145 
-19.451598721648804 
-19.60161947285544 
-19.46430577806211 
-19.485693538853834 
-19.637234083852032 
-19.595814948912636 
-19.751150925651885 
-19.561545090865582 
-19.419046215659197 
-19.49364690491471 
-19.487219838563792 
-19.463855930513823 
-19.454560689532496 
-19.653970267546303 
-19.759143570839502 
-19.915756013610615 
-19.83736617483074 
-20.00207950840301 
-19.994596484273682 
-19.973983440751294 
-19.907013017226117 
-19.87939064350652 
-19.888513954868554 
-19.868447163275786 
-19.968432073302854 
-20.05983322085909 
-20.083831156939855 
-19.91432033566621 
-19.912836363505313 
-19.98609338044066 
-19.935220367259397 
-19.99333032779247 
-19.975081594571975 
-19.984731686606054 
-19.965563645618655 
-19.962511909017064 
-19.955916196291454 
-20.076656205286124 
-20.059469835239543 
-20.059491422322825 
-20.14956530744488 
-20.144555985184304 
-20.115103745992798 
-20.20891236567168 
-20.23772777704715 
-20.149141318122975 
-20.142285960445918 
-20.129671225716287 
-20.088211021597722 
-20.08779870297474 
-20.103953169187076 
-20.079436834628474 
-20.170627485111012 
-20.169586398530566 
-20.14153147848914 
-20.14195137945267 
-20.216776431167094 
-20.27872307986892 
-20.360188678379092 
-20.342152310026705 
-20.319136257342027 
-20.268948902227667 
-20.443094110155986 
-20.40726262308312 
-20.38436115823847 
-20.377003786884707 
-20.430047810500433 
-20.71800862723046 
-20.728709715551712 
-20.743181636399054 
-20.756064015850292 
-20.80298102305719 
-20.77867238508334 
-20.823796052147262 
-20.83432194866628 
-20.801908690677276 
-20.784115603755 
-20.800616781074293 
-20.828880491429363 
-21.046636821880433 
-21.092039943078586 
-21.07597833104025 
-21.03132663103748 
-21.031166374837003 
-21.047696099509288 
-21.026773323929223 
-21.030890299558255 
-21.031574144411458 
-21.28947291427444 
-21.25344095220728 
-21.192313303444116 
-21.215409717532864 
-21.322379699213876 
-21.337753912898958 
-21.338217166869928 
-21.357317181069284 
-21.45831886543605 
-21.36400849446454 
-21.335327969536465 
-21.357970648085683 
-21.287448531779507 
-21.341056170934124 
-21.299453995696755 
-21.293367057164936 
-21.27312035778779 
-21.313498580112448 
-21.335453624756774 
-21.37425138990048 
-21.556676061864984 
-21.558004964081 
-21.506470556339718 
-21.430662918799072 
-21.472488055055205 
-21.5021303841365 
-21.484881734789063 
-21.51474316883084 
-21.50130714402175 
-21.507715318551107 
-21.505881901348875 
-21.521173823109446 
-21.518948852798168 
-21.55241395827203 
-21.578584157068672 
-21.576432136406595 
-21.609044486139272 
-21.596823385383665 
-21.599097984560498 
-21.598231802635844 
-21.71755596702731 
-21.72165772573519 
-21.879391599663748 
-21.879934257686497 
-21.909536164703113 
-21.902236648502633 
-21.94321377078826 
-21.96245779831645 
-22.00110402559681 
-22.00920394166812 
-21.975739571233625 
-21.98809497279933 
-22.025583434852198 
-22.007465846738498 
-21.973247403605008 
-21.976544140000954 
-22.037066172479715 
-22.06311732389373 
-22.09238651478724 
-22.05313366415696 
-22.047990978181076 
-22.051521721063498 
-22.048652988589087 
-22.020641759335824 
-22.058236881826048 
-22.049365444984485 
-22.11389393002304 
-22.120922117659408 
-22.101076129149536 
-22.06451453378661 
-22.06772787578412 
-22.076149354937783 
-22.12598848923433 
-22.116099154210467 
-22.164074252497244 
-22.17303607502843 
-22.166561192311413 
-22.14964863003476 
-22.147672418946353 
-22.18835221358259 
-22.194088313501013 
-22.188088830732163 
-22.1843983769867 
-22.204317998199834 
-22.259426382849593 
-22.26289322298171 
-22.316508134909235 
-22.31629162414573 
-22.32604947919436 
-22.370516639034783 
-22.377038252031294 
-22.379875119406897 
-22.371555243178918 
-22.375232403200464 
-22.410911047821248 
-22.426534337483893 
-22.440585046664083 
-22.445537333193577 
-22.445345327703908 
-22.44267355940282 
-22.447675572687057 
-22.44411032076332 
-22.443677972083393 
-22.44090330394404 
-22.46591189926267 
-22.466781793830247 
-22.46054552421879 
-22.462667545311135 
-22.461925397747134 
-22.484787625098758 
-22.485031850133915 
-22.48912792020584 
-22.482286939949482 
-22.484273083181552 
-22.482786181336838 
-22.516021709367443 
-22.517444264094816 
-22.50171770911441 
-22.488261185638752 
-22.490348869446173 
-22.48962025664553 
-22.488172072310416 
-22.486309686525004 
-22.486314699365384 
-22.50754240421242 
-22.512872944355333 
-22.51233711995663 
-22.527360358986233 
-22.52103396639186 
-22.523473884872008 
-22.521578059413404 
-22.51872297796509 
-22.52175286267807 

 Time 
189.0092692375183 
