Energy 
 
3.8998005448887016 
3.8998005448887016 
3.7595351036741933 
3.7409949326532255 
3.125773742291369 
0.5425158719829641 
-1.9908662702952857 
-2.9276730130012 
-2.9290368386650774 
-3.0707412509122918 
-3.3329252451069875 
-3.342221015341209 
-4.316995701781469 
-4.469771021620395 
-4.749869615044927 
-5.375238390174878 
-5.378143867973082 
-5.396128882175189 
-6.335986079965436 
-6.365374263286907 
-6.741977718287199 
-6.749707128986846 
-7.274493402208932 
-7.79352879623174 
-7.951160076637901 
-8.061782096089436 
-8.797698466145187 
-8.921438338616992 
-8.96032545756288 
-9.005952523867284 
-9.150939982676098 
-9.161115916738188 
-10.668541078577123 
-10.676112320006567 
-10.909551632541799 
-10.938970522505318 
-10.93965554606303 
-11.51489774223514 
-11.51531396156454 
-12.450432491901744 
-12.760505300293406 
-13.712945515586819 
-13.938359706968198 
-14.022629060277993 
-14.23648890431353 
-14.239478286063713 
-14.250329305976829 
-14.270585203151311 
-14.733254139402526 
-14.840305356713278 
-14.841467550141639 
-14.915482070338951 
-14.955930022910058 
-15.010840599832418 
-15.128847756496377 
-15.32590158184947 
-15.7197555799878 
-15.750814850592716 
-15.764532078418908 
-16.159197096215856 
-16.159197178581927 
-16.290994416382556 
-16.2965686300329 
-16.562154376680585 
-16.75130543274991 
-16.766692820595857 
-16.909670413341885 
-16.969577148748296 
-17.112154961573218 
-17.896507495709812 
-18.40506801182172 
-18.62902200012756 
-18.714244296486044 
-18.714406559605102 
-18.72099623798756 
-18.975530474546254 
-19.274397942413938 
-20.033889235007404 
-20.272967391786757 
-20.27612743679745 
-20.405980731084426 
-20.417880109288323 
-20.424407873678625 
-20.4335768981567 
-20.847101660524974 
-20.906621483465944 
-20.92789193331261 
-21.039453613321463 
-21.039454125229632 
-21.04146100167513 
-21.04449463760696 
-21.18431352932717 
-21.242123374433827 
-21.511985419890934 
-21.575864338390517 
-21.691080601999197 
-21.693020668350698 
-21.7250427792474 
-21.781746781558937 
-21.78742257736773 
-21.851422414895914 
-21.861978074855433 
-21.920045000443462 
-21.936856328446407 
-21.960260457497224 
-21.971540911024412 
-21.994993749669007 
-22.140249600189414 
-22.2349964549682 
-22.268337186150642 
-22.277860445269372 
-22.278317822090813 
-22.35667478463896 
-22.371852363110445 
-22.375653642538893 
-22.37606795548542 
-22.380067311608673 
-22.54556448096909 
-22.552989939212466 
-22.578734284067053 
-22.586323880760123 
-22.592190944241132 
-22.59790111443396 
-22.710787386302094 
-22.726148952828765 
-23.098303897101783 
-23.100677755447357 
-23.303706400417443 
-23.304026899042874 
-23.31355987457786 
-23.31992454344733 
-23.34644528246751 
-23.390903342869912 
-23.40416261997458 
-23.497338693587746 
-23.497749913497078 
-23.512262588796414 
-23.51417811150961 
-23.530353150512184 
-23.557735892853668 
-23.559704783048527 
-23.569888495386532 
-23.571407706238215 
-23.6429562565216 
-23.651850060375928 
-23.667076361883144 
-23.67893329791377 
-23.69879422177794 
-23.69994304142798 
-23.70564194739984 
-23.72288190265801 
-23.72376114077291 
-23.72422129103829 
-23.72999157770238 
-23.738854516887244 
-23.807718963840298 
-23.808559975735285 
-23.858130775582012 
-23.87860598131381 
-23.887538141988177 
-23.90126426241311 
-23.905877409448138 
-23.91388132197751 
-23.969954212228334 
-23.99696723407681 
-24.021374344454358 
-24.0226498410001 
-24.075989234076406 
-24.099700171319917 
-24.104643621851984 
-24.156491658199865 
-24.169559779311022 
-24.174902898160706 
-24.18062653009768 
-24.18597253155848 
-24.195454087569033 
-24.196344605873506 
-24.20736783593588 
-24.237140928927992 
-24.243345071251152 
-24.24768859632265 
-24.249890121751132 
-24.262812136032153 
-24.26287911773063 
-24.27022112316349 
-24.309744271809688 
-24.327616949200987 
-24.35331323930785 
-24.354057890931 
-24.354231599144548 
-24.35702573897985 
-24.362166581481404 
-24.371490882543974 
-24.373401519180767 
-24.385890594386773 
-24.38591357641712 
-24.421788578504735 
-24.435620947184866 
-24.438807897292683 
-24.4488254531454 
-24.449596556611976 
-24.453061830893002 
-24.45895441680942 
-24.46959413307211 
-24.469610585716744 
-24.50762944616197 
-24.528509806705312 
-24.533741958268365 
-24.54477636121037 
-24.62637397975878 
-24.64862115620636 
-24.651648572692974 
-24.652127911474054 
-24.652520106743843 
-24.657832173467863 
-24.660266285277828 
-24.662772223184312 
-24.69410831950979 
-24.694564359973455 
-24.694578003140588 
-24.696535899107143 
-24.698497395623 
-24.71656882006508 
-24.726925671451507 
-24.730989475327064 
-24.732865179952086 
-24.735307863323907 
-24.739083353407587 
-24.744962528148285 
-24.75064481769089 
-24.750850225066255 
-24.75651305776568 
-24.760262820295793 
-24.76825227574507 
-24.768307531300977 
-24.768986980073155 
-24.7770887713459 
-24.77886899923754 
-24.815745849958034 
-24.82335717825092 
-24.824273042822192 
-24.824347075734913 
-24.82583346387535 
-24.825839909335226 
-24.850236150972624 
-24.850237966582583 
-24.850754486161893 
-24.862908256024873 
-24.878068404429218 
-24.88681149351943 
-24.891270272308994 
-24.90149306587313 
-24.903626941770202 
-24.90377597445646 
-24.904317523635257 
-24.904374809032134 
-24.90675988762299 
-24.92090270640455 
-24.92146522704608 
-24.92355977746452 
-24.92497202710732 
-24.925445140205735 
-24.925451275002473 
-24.926356380302266 
-24.930312046719703 
-24.93119216884063 
-24.93267457169681 
-24.93408585984977 
-24.94954978882185 
-24.954621875584845 
-24.959764449793422 
-24.969325525125704 
-24.96932908725111 
-24.971397477380204 
-24.97792363945375 
-24.983055146224764 
-24.989762772308488 
-24.989798415665977 
-24.990411348196762 
-24.998023369274048 
-24.998030498147187 
-24.999322720459386 
-24.999411590202847 
-25.000693164840143 
-25.003593247879692 
-25.003669877621068 
-25.004165385924882 
-25.015642461206053 
-25.016088586325722 
-25.025323683833125 
-25.02747951931595 
-25.02753745847768 
-25.030793238024508 
-25.030802920278376 
-25.03934215302476 
-25.041744758633335 
-25.046172484295298 
-25.047886974784728 
-25.048423270930577 
-25.062396049546475 
-25.076334468859628 
-25.077258284441687 
-25.077428973919844 
-25.07867009052805 
-25.080180185426187 
-25.080773098607832 
-25.08130127248166 
-25.081548966412903 
-25.084942735098483 
-25.084966653875263 
-25.084974996948336 
-25.088146221940896 
-25.08938924134525 
-25.090033820818956 
-25.09009756560245 
-25.091141867913237 
-25.091157766836826 
-25.091838157385066 
-25.097171889125264 
-25.09748741250234 
-25.09759603703922 
-25.099339013245707 
-25.09943011193326 
-25.102435224280953 
-25.106644166502857 
-25.106645132280544 
-25.114645303668613 
-25.116186346922746 
-25.116964234166353 
-25.11789483668096 
-25.119877423435693 
-25.12320430397313 
-25.124778154252297 
-25.125943809718336 
-25.12823856947768 
-25.130334044262497 
-25.13399534210281 
-25.13617026136962 
-25.136180647488864 
-25.143264437071938 
-25.147114168663812 
-25.147401420130016 
-25.14758322875056 
-25.147798175897922 
-25.14939925265095 
-25.151498124959982 
-25.15152094381588 
-25.152036309821963 
-25.15257067487042 
-25.153565953085227 
-25.153762466597332 
-25.16000588994576 
-25.160078248694617 
-25.167579245964863 
-25.168805086132043 
-25.1691586769685 
-25.171581995195556 
-25.17364885205086 
-25.17623548228391 
-25.17641935773524 
-25.182266874007137 
-25.18370965766685 
-25.183809073128778 
-25.184011830026677 
-25.184080245520406 
-25.184609671470522 
-25.191184048671186 
-25.19324872778441 
-25.197256853730938 
-25.202100606512946 
-25.20358482112627 
-25.20384021167352 
-25.210543994137645 
-25.213276027710805 
-25.214163240163398 
-25.21495790088688 
-25.215526956829105 
-25.218942430610483 
-25.21953836953896 
-25.2201962996687 
-25.22022996489823 
-25.220855631592165 
-25.223242687578068 
-25.223253393657 
-25.223450467519665 
-25.231191982058338 
-25.231513919092823 
-25.233424916980322 
-25.23342547353883 
-25.234701160336936 
-25.23657885322796 
-25.236677828281046 
-25.23868163003677 
-25.239834455647795 
-25.240193698252618 
-25.241618455997962 
-25.24164079779675 
-25.24558229642264 
-25.246954399695685 
-25.247152948751907 
-25.247409933085414 
-25.248849787772862 
-25.248882173027837 
-25.24908824973336 
-25.250033078297186 
-25.2500330815706 
-25.250341909794006 
-25.250465020856037 
-25.250833913886545 
-25.252282679912526 
-25.252282835808067 
-25.252379340225776 
-25.25249839676465 
-25.25293520703187 
-25.25374954176895 
-25.254068375229316 
-25.255534216652983 
-25.256328542903653 
-25.256912978006863 
-25.25793559303416 
-25.258094732977174 
-25.25819620763337 
-25.26115648693782 
-25.26262694604163 
-25.262673230672135 
-25.265036796222944 
-25.26523610752656 
-25.265286019220035 
-25.273152758604425 
-25.276861466894243 
-25.2770346471941 
-25.277047136948642 
-25.277106901497227 
-25.278521136916066 
-25.28049903211056 
-25.280811207327478 
-25.283720961967088 
-25.28413435527478 
-25.28587182770528 
-25.286030885961704 
-25.28679381041737 
-25.28688226716156 
-25.287633515416328 
-25.290381169475875 
-25.292658270399517 
-25.293607906032165 
-25.29506042531445 
-25.295137239159274 
-25.295441424951026 
-25.29608408874425 
-25.296125564586415 
-25.296181953034672 
-25.296445899837344 
-25.296819098907328 
-25.296868244144687 
-25.297736589354336 
-25.297867794763793 
-25.298365359496298 
-25.29969817874543 
-25.302926329961174 
-25.30297970853848 
-25.303123767879583 
-25.30324617590229 
-25.304526082915913 
-25.304529907506044 
-25.306460676845056 
-25.306543444803257 
-25.307130643407596 
-25.307385293981667 
-25.30761117892745 
-25.308178862101993 
-25.30867580869259 
-25.308703406367734 
-25.308765165024695 
-25.30903184940399 
-25.309712357552105 
-25.30995462114119 
-25.31148252493297 
-25.312908800331822 
-25.314033130355767 
-25.314775408614057 
-25.315442188307973 
-25.316670467312814 
-25.317933750850603 
-25.320851248983715 
-25.320877962641394 
-25.320880318877343 
-25.32117918782567 
-25.321183405075146 
-25.32179072313917 
-25.321799555030257 
-25.3220140367046 
-25.322075351107774 
-25.322076676132117 
-25.32220395483391 
-25.322241938006137 
-25.323403236214013 
-25.32352430372731 
-25.32567753038683 
-25.325746315543913 

 Time 
51.85555601119995 
