Energy 
 
2.946477319533392 
2.7150915407087224 
2.107048500982552 
2.2723833890823686 
2.0672438092079193 
2.3014483778474606 
2.164941495158852 
1.5080893752443654 
1.6020073235326606 
1.9610280009627699 
0.6507221766415487 
0.2795920144433348 
-0.28052850314610644 
-0.5317106663547844 
-1.4155158150343021 
-1.0914924435202016 
-2.1263387146484716 
-2.2036438414131037 
-4.771453481571404 
-4.791597795232187 
-3.9791356510219758 
-3.0208779951144726 
-1.9126293917966446 
-2.0211961475798734 
-3.4736644601044366 
-3.5835553544675243 
-2.2508272067239834 
-2.098723378722143 
-2.377677401123977 
-2.59531019904313 
-2.8107443441038242 
-2.880514040624725 
-2.8738249063292316 
-2.767848550051882 
-3.090307540776898 
-3.001201689160518 
-3.0321593169685532 
-3.4307094481687788 
-3.2085135856972427 
-3.8247455762598337 
-4.0232375108026375 
-3.924903892925671 
-4.669415117899726 
-4.846734620912392 
-4.181912988307953 
-5.341269671580427 
-6.320780545172972 
-6.384499414161663 
-6.135249055065855 
-6.4777286738939654 
-5.955468667123475 
-5.840013152018624 
-5.893454145569231 
-5.889478394719047 
-6.879382931267029 
-7.650444416605757 
-8.454523720800069 
-8.260677529857206 
-8.332356539071228 
-8.904218170272205 
-8.860687777804257 
-9.51506508529774 
-8.903676040722127 
-8.965937573648342 
-9.419791387901077 
-9.402529081945602 
-9.398154913477063 
-9.362319463074718 
-9.365537985576937 
-9.964959067650328 
-9.941958978395384 
-10.085590931715219 
-10.142286204464343 
-10.430530805410276 
-10.369125832346265 
-10.295059803379008 
-10.21199976353406 
-10.008159379105065 
-10.201611707527118 
-10.209704904413915 
-10.211229216218237 
-10.204395341824965 
-10.193953028317107 
-10.322851141627995 
-10.5129225204306 
-10.57614863872345 
-10.621093568355796 
-10.501553579382625 
-10.510487881273079 
-10.438604677406735 
-10.417218345108067 
-10.41773758192391 
-10.339919405313378 
-10.42692814048285 
-10.43090555777457 
-10.395747768983513 
-10.52540715799122 
-10.662813117033755 
-10.674361234928405 
-10.792284984878787 
-12.352024154900347 
-12.365978700655836 
-12.35494946470459 
-12.414928924385942 
-12.421702577527217 
-12.523532198021776 
-13.034084381686318 
-13.063443810771206 
-12.767761831347956 
-14.070613424665153 
-13.370866136124405 
-13.605029833196395 
-13.846954461849538 
-13.842907522161422 
-13.531811998119563 
-13.335713692307577 
-13.907399760931705 
-13.581578268077223 
-14.594990829080391 
-14.276538965428932 
-14.233247769110886 
-14.119650373901003 
-13.942883493360192 
-14.204971631808982 
-14.375125438689036 
-14.272749336516286 
-14.354122338219705 
-14.258502221125287 
-14.285703476365626 
-14.193645075186382 
-14.192732045635312 
-14.225715478794601 
-14.24360484521723 
-14.228597151904639 
-14.374353308503686 
-14.38294337811438 
-14.369452391052594 
-14.300976389852892 
-14.3242210025483 
-14.544315873111179 
-14.800902978804299 
-14.778862442492068 
-14.775715238138103 
-14.600436822205818 
-14.980820650485967 
-14.888018649492196 
-14.824202053924852 
-14.703067717407425 
-14.869485458882671 
-15.01558227708522 
-15.064092892536749 
-14.844275838231189 
-14.798142331856011 
-15.580980675636392 
-15.429265232536354 
-15.542602724708278 
-15.556771492157045 
-15.600071957778015 
-15.59871649623145 
-15.615333526637553 
-15.611657887953559 
-15.721615194549686 
-15.727552566192907 
-15.673481028202803 
-15.720811193702085 
-15.719826673542341 
-15.820871397200538 
-15.825040320027403 
-15.80489964228765 
-15.752325972709505 
-15.986081219549405 
-16.119457784242297 
-16.07282340033057 
-15.823096495559366 
-15.872510528159108 
-15.6833897220856 
-15.520602813110001 
-15.588823719542011 
-15.509009801129155 
-15.609421789627527 
-15.787767816956277 
-15.604913973870005 
-15.48958956027218 
-15.598944970437504 
-15.896904648263234 
-15.773478602695086 
-15.60384844047652 
-16.42143335777228 
-16.41112098312212 
-16.788930349048584 
-16.440069106602586 
-16.325702634755412 
-16.34834477117354 
-16.593298670009396 
-16.440058261514153 
-16.342925011980505 
-16.191324730746253 
-16.29117866685029 
-16.312598475035553 
-16.338429294916164 
-16.65214775847067 
-17.204637725610564 
-17.06205944631592 
-16.978268135273687 
-16.962680515138405 
-16.786752649062123 
-16.752384300109274 
-16.980352648089855 
-17.284690956064914 
-17.267527092389198 
-17.447729995486576 
-17.354099013968785 
-17.345610310923167 
-17.399539591028976 
-17.29991299091537 
-17.41266874091176 
-17.4023787688923 
-17.39717700971697 
-17.37341383402595 
-17.34218183650059 
-17.341833030238814 
-17.358264133690415 
-17.360309229748758 
-17.358029666751598 
-17.356843048524524 
-17.356952437818208 
-17.365221206098305 
-17.412686162642522 
-17.38617650772814 
-17.392092988021588 
-17.357678823186887 
-17.42928637613094 
-17.457986550439017 
-17.496703787989727 
-17.437045773476257 
-17.464989516464374 
-17.588505599421016 
-17.602242068833398 
-17.57938596343576 
-17.481339294897985 
-17.370216491970538 
-17.478979231500105 
-17.560609834334507 
-17.552582330617927 
-17.557407270898818 
-17.550872816607907 
-17.56295186175255 
-17.587674998292997 
-17.571352868179975 
-17.57827640682101 
-17.6509382191259 
-17.649905056831965 
-17.689043154101142 
-17.798928130457913 
-17.724305074902144 
-17.719965166728592 
-17.71989369470852 
-17.687792370355414 
-17.71770874088938 
-17.730430737339038 
-17.786602438772096 
-17.776366073417634 
-17.875874231113002 
-17.858852884485366 
-17.886872629244227 
-17.90264693039503 
-17.961401121686215 
-17.958982806699726 
-17.953751108948982 
-17.955477175845832 
-18.06900594098761 
-18.060907771733742 
-18.043803915824306 
-17.969590467128587 
-17.954808318330247 
-17.966139901063265 
-17.989478476785774 
-18.096166190830974 
-18.032537710345512 
-18.085442293377298 
-18.03518650300524 
-18.015037853409122 
-17.982557565401606 
-18.141062495182325 
-18.48651016885582 
-18.33865750713401 
-18.193007932792476 
-17.983455333750783 
-18.12394432644292 
-18.00172865628944 
-17.99475453377746 
-18.001298489594046 
-18.079354592651413 
-18.109850544850854 
-18.429958402432476 
-18.43731366398913 
-18.44706571892278 
-18.489667398422053 
-18.388088637811784 
-18.915205148912243 
-18.720633503311618 
-18.656738864009203 
-18.439751008605878 
-18.71045048331428 
-18.70501265677884 
-18.89536449430982 
-19.090035596218307 
-19.055383144908273 
-19.319285006328062 
-19.23453479262009 
-19.226835645743297 
-19.237654627375022 
-19.257730238298482 
-19.455785123534348 
-19.41998038244121 
-19.441588770452366 
-19.41088849462879 
-19.3083903518879 
-19.23772666596912 
-19.228651667078864 
-19.279964013137242 
-19.307362468343722 
-19.38283151348774 
-19.377901854130737 
-19.455244248120255 
-19.532037955554898 
-19.75470811467322 
-19.784544280366536 
-19.80009043972808 
-19.752512033436567 
-19.779525132356977 
-19.782309783708715 
-19.78192815490988 
-19.81157116714285 
-19.84528511364913 
-19.85366882607644 
-19.850311223591056 
-19.85845325115462 
-20.046510870904395 
-20.13475587720061 
-20.06512912336878 
-20.059035979520004 
-20.17016919282492 
-20.131125102576778 
-20.135887935661376 
-20.129859379728874 
-20.46116949194003 
-20.498819388095562 
-20.445514816140495 
-20.440897569720438 
-20.45036650539754 
-20.480537643462263 
-20.909586754223643 
-20.87250363015272 
-20.58314124979532 
-20.58205045451926 
-20.942335306965365 
-21.09476882045636 
-20.934844186819415 
-20.977440276851443 
-20.973923965727295 
-20.959457312021783 
-20.93880811027356 
-20.979669015887065 
-20.99420582563645 
-21.051263677262018 
-21.051193603274605 
-20.98486669081456 
-20.98579383320355 
-21.22328785606872 
-21.228299628760794 
-21.245266416058328 
-21.164748380899848 
-21.007042363855682 
-21.11554250201777 
-21.176777399921832 
-21.171061729292525 
-21.268346830238013 
-21.29769338516292 
-21.301752289409265 
-21.276755875370256 
-21.323072705606187 
-21.3127549239687 
-21.766735308915194 
-21.79767431286627 
-21.821671963625725 
-21.857909513389103 
-21.905091087184864 
-21.91593226381311 
-21.94159777297173 
-21.936801085019653 
-21.991581921284336 
-22.013613247853137 
-22.0127068182277 
-22.01054364994161 
-22.026729490717162 
-22.015129327324473 
-22.04726468572683 
-22.051683312801828 
-22.031964741882167 
-22.036438611884904 
-22.06174141943131 
-22.06554692242492 
-22.180555364787978 
-22.20393994348167 
-22.29537054337243 
-22.29599348601687 
-22.294807995086522 
-22.291028480171317 
-22.273916538159472 
-22.27139045557001 
-22.260919513868963 
-22.267254857468423 
-22.257444721361516 
-22.33069676471423 
-22.327765563260918 
-22.304849358053257 
-22.29702989581743 
-22.29910625317684 
-22.32022897711762 
-22.302271202039613 
-22.32029368834539 
-22.312163730712616 
-22.327753505735643 
-22.325436630405502 
-22.418459620195307 
-22.43652266406726 
-22.39635262817754 
-22.328868347082008 
-22.43390051475574 
-22.414582971098387 
-22.352237565596983 
-22.31475903205072 
-22.3076974216148 
-22.46438522445477 
-22.45596967057489 
-22.540657479082412 
-22.570202663355005 
-22.579632493454188 
-22.600779889114712 
-22.598183904380097 
-22.583694185282244 
-22.603473912896217 
-22.67641542396088 
-22.674795614131288 
-22.674465860087075 
-22.71175149570613 
-22.720907663745464 
-22.720442925887628 
-22.719464483342367 
-22.73092284722848 
-22.729588576426973 
-22.74137688487595 
-22.741330816556022 
-22.75889439057993 
-22.77440058410533 
-22.76421305382128 
-22.763269577990595 
-22.78050800318805 
-22.79114643024138 
-22.79039758885619 
-22.79004950043685 
-22.793476875123247 
-22.84469578711716 
-22.843297018667897 
-22.84831491147458 
-22.84565862157162 
-22.845686574481178 
-22.845234177833348 
-22.849057359167638 
-22.853801007953024 
-22.85500594773194 
-22.855067756935043 
-22.852508632982886 
-22.865489533440353 
-22.871157591281293 
-22.873466725868845 
-22.869593205582348 
-22.869558832031288 
-22.86620828305106 
-22.866431419783517 
-22.863274421085787 
-22.86496535911229 
-22.868142974154946 
-22.874434078181817 
-22.875137248466178 
-22.881921685851935 
-22.87789648779407 
-22.87080509639907 
-22.870057682709717 
-22.874908095440812 
-22.899157136690985 
-22.8996201868081 
-22.907608260096872 
-22.89384717453692 
-22.905658958168026 
-22.90400371951927 
-22.916676467438336 
-22.920764164712736 
-22.93371139154069 

 Time 
250.53974056243896 
