Energy 
 
3.8998005448887016 
3.85406885654502 
3.8955233481819205 
-1.1546381830447918 
-5.475590912698745 
-6.920088434665058 
-7.415959845967296 
-7.741057747115845 
-6.748011126424075 
-7.107414233843869 
-6.859085248886159 
-8.882006397872251 
-8.314026928320335 
-8.324767040018248 
-11.160407232877926 
-10.10981453304616 
-11.123350083124313 
-9.783973710040922 
-10.099274158773515 
-9.872191343985074 
-10.597924078098481 
-9.784652205776894 
-9.595773180355906 
-9.440384439687227 
-10.3539680548282 
-10.298566570769301 
-10.980593941571026 
-10.185328948119126 
-10.388755334828883 
-10.910843976396666 
-11.396719540117415 
-11.342379601334045 
-10.706573910643222 
-10.669412732391923 
-11.972879313025949 
-11.593056056165922 
-12.28802319222126 
-12.489602375503884 
-12.61748150780297 
-12.37341562892292 
-13.44634513807661 
-13.860466390540756 
-12.78915664452578 
-13.128252181751877 
-13.201143054542257 
-13.917137305831176 
-14.897732478930692 
-14.382895520464666 
-14.650811114745602 
-15.031229523663113 
-15.613807638589606 
-15.927864095154828 
-14.97396517881482 
-15.326885127736931 
-15.10041404972055 
-15.028998191955443 
-16.03798148732122 
-15.53144232979499 
-15.981114999757223 
-15.557078591970688 
-15.42842634213629 
-15.694755993624609 
-16.658754790516888 
-16.311255053368413 
-15.534612423522855 
-15.295614169634167 
-15.290081627422127 
-14.681739449112147 
-15.039972114244597 
-16.85481682282949 
-16.95037359208188 
-16.80225427670288 
-15.547406886845515 
-14.999750021044157 
-14.098602974958084 
-12.175189442322766 
-11.450372548919672 
-11.392069089063108 
-13.445387332429277 
-14.955485164312572 
-14.703617843083013 
-13.453849007146324 
-13.505013499985155 
-13.386289537023917 
-12.21932265141718 
-13.4223439446952 
-13.835165726362364 
-15.266449274535319 
-14.154542251477025 
-12.675413994945588 
-13.349300040469904 
-13.07836944574942 
-13.109398441436365 
-13.265273193973876 
-13.67448337660947 
-13.768466429183254 
-13.324808153826712 
-13.864444803597555 
-14.288505613460474 
-15.360203023697725 
-14.027237744626214 
-12.911833376949959 
-11.611570791334326 
-9.109790319544837 
-7.605696175817108 
-3.9329850436716973 
-4.574315596089708 
-3.5941347984448693 
-2.9195878444578525 
-5.816694450692514 
-3.9206198513039334 
-4.633498093431732 
-4.587491814960757 
-4.645561031819452 
-5.005606297289168 
-4.914043537899709 
-5.482848929044089 
-5.902471452326686 
-5.652826077347471 
-5.77435669817177 
-5.80465423846253 
-6.712635309386794 
-7.023160453534932 
-6.605261252110565 
-5.87962641782361 
-5.81567528733107 
-8.03765375906904 
-7.232165541186143 
-5.713179789411209 
-7.983892481156927 
-10.36668842680236 
-10.443383211921832 
-10.317922804983883 
-10.119542109611624 
-10.652880209897713 
-10.665146467822266 
-10.657837631681824 
-10.547941590766818 
-10.62212440749195 
-10.557499044180616 
-10.616421849065372 
-11.154311456265491 
-11.516116299858002 
-11.481287873322998 
-11.179597098807179 
-11.1767709167952 
-11.602069480572199 
-11.520601812390328 
-11.816027491248423 
-12.157334761710624 
-11.908832870940394 
-11.646227801676233 
-11.603297126933501 
-11.335828581862815 
-11.712681759114632 
-11.655032437597105 
-11.485703213062394 
-11.676391271173616 
-11.985820098362957 
-12.835413349779243 
-12.555531673063186 
-12.545617735084248 
-12.318485740526283 
-11.872059494176966 
-11.973297993307138 
-12.060611147653006 
-12.504587832454492 
-12.169944097179055 
-12.133695848042706 
-12.137598280762866 
-12.06286889941379 
-12.052071548095718 
-11.97001158167083 
-11.976744401119088 
-12.245332644098681 
-12.07536465849729 
-12.019741991883116 
-12.076669698876755 
-12.071240624315388 
-12.202048025223698 
-12.16688425325857 
-12.312746516735858 
-12.303177062114333 
-12.549457677926277 
-12.578014715838478 
-12.544240675070954 
-12.835217273279072 
-12.888119941946783 
-13.449188863787521 
-13.530616128147235 
-14.330169882484984 
-14.761730580087338 
-14.096856926434919 
-14.158472678587618 
-14.284541930990127 
-14.298924554671402 
-14.675386386803332 
-14.478254987464199 
-14.507732286205338 
-14.237630796579827 
-14.469646753146941 
-14.305443750745612 
-14.392614483739877 
-15.20546584909661 
-15.326560386544358 
-15.207418414079298 
-14.760833763171586 
-15.048761262026105 
-15.015698131667774 
-14.917568757516593 
-15.214776017252001 
-15.0879987972547 
-14.963340277637737 
-14.84392270311153 
-14.823540007902794 
-16.018991576806545 
-15.94216189070328 
-16.023046904189467 
-16.113455847480587 
-15.95108099539849 
-15.97432421101399 
-16.08882737631992 
-16.03747949476544 
-16.344896505256145 
-16.476049927795845 
-16.634893369572374 
-16.955541748017467 
-16.809409423755877 
-16.55876370367272 
-16.332466338389033 
-16.08041948199079 
-16.117177884789143 
-15.745069281473173 
-15.246244272164876 
-15.40961789083065 
-15.882559219340418 
-16.035828804182064 
-16.117386914365486 
-16.043224389092796 
-16.176761895145148 
-16.077103353417204 
-16.375468076777064 
-16.591537980400307 
-17.113376146973277 
-17.161929241659035 
-17.49168763194931 
-16.99287132716368 
-16.650698369260926 
-16.628678398324492 
-17.063350554852647 
-17.71914985915209 
-17.24171657420746 
-18.278158345819534 
-18.22500563587893 
-17.25997684576994 
-17.692670127774804 
-17.517347191484454 
-17.452191484459675 
-17.62711517421073 
-17.438911356238286 
-17.32100079254533 
-17.376735195020046 
-17.558622253863593 
-17.759099820422357 
-18.021180658519224 
-17.72082259528343 
-18.094426627912952 
-18.043405362517607 
-18.48336797839076 
-18.456878626319394 
-18.45693398549511 
-18.153769145388072 
-18.463946416352723 
-18.626457551673433 
-18.71764771478432 
-18.75291236368434 
-18.738887174496575 
-18.739665672431414 
-18.74623816653851 
-18.74495448792959 
-18.775516579260795 
-18.803268420771754 
-18.831789772870774 
-19.413412353692735 
-18.98053971873971 
-18.987945783487767 
-19.196144783159053 
-19.23185998122509 
-19.191840408027286 
-19.096857765886234 
-19.021539783977108 
-19.010590530417574 
-18.989919453768582 
-18.99461320733563 
-19.06864163327515 
-19.122547394340447 
-19.11278836506177 
-19.238288573098384 
-20.05789849056162 
-19.57148495565309 
-19.646114460867885 
-19.2249692437385 
-19.375306405097618 
-18.901539580803714 
-19.18428030866742 
-19.37643172866824 
-19.881346785905674 
-19.65982477797635 
-19.36747665853765 
-20.08136325877086 
-19.646206436756067 
-19.980158667210237 
-19.81270366516355 
-19.836707833109138 
-19.81370174343385 
-19.739961631540133 
-20.312784778029396 
-20.680650678990975 
-20.679207135243715 
-19.96477576783915 
-21.02455425413207 
-20.65841878709133 
-20.61548827678576 
-20.77804530593444 
-21.275297704052484 
-21.27618459401907 
-21.230487049554622 
-20.91127486288375 
-21.13221528829119 
-21.075792495583745 
-21.351503381014346 
-21.078079996845307 
-21.065937692293808 
-22.057489940955623 
-22.024375140675506 
-21.89691368700421 
-21.928533886261953 
-21.921901373689316 
-22.241675897110987 
-22.211408663679226 
-22.200103939550008 
-22.2238112368521 
-22.243903500344672 
-22.633551267307222 
-22.875637214796203 
-22.873295813795217 
-22.39611812705345 
-22.605856255287605 
-22.958725274509902 
-22.935008276114463 
-22.93434483105043 
-22.739110125851827 
-22.724400324436218 
-22.64927522683853 
-22.707094425651114 
-22.705936583684377 
-22.768587615426572 
-22.834080453901247 
-22.833768884721806 
-22.911710591239355 
-22.961634178302102 
-22.96031473233418 
-23.00506591822301 
-23.000939845827624 
-22.980327880526733 
-22.978122241524595 
-23.046475327862765 
-23.134297172952916 
-23.127122982700634 
-23.169346666445797 
-23.161637111639802 
-23.323459544816608 
-23.289905119097053 
-23.30857216813376 
-23.330398799232107 
-23.25635947392825 
-23.498220365000403 
-23.50729344181283 
-23.507250331906896 
-23.624405712240403 
-23.60741311755657 
-23.55420580892264 
-23.577923225354223 
-23.666382685165217 
-23.760374942449918 
-23.75062336619344 
-23.74219947887346 
-23.76971988688279 
-23.78568492734506 
-23.91296114004544 
-23.913999472694428 
-23.89609873343929 
-23.89379923953354 
-23.850004480113782 
-23.86616234618476 
-23.86639481884576 
-23.865944489984237 
-23.879146559963566 
-23.925889722820564 
-23.913964172085358 
-23.918842070668813 
-23.94602695322203 
-23.98057941196652 
-23.975605725806442 
-23.984207075793478 
-23.962965859741143 
-23.996760905762557 
-24.009172773093113 
-24.009850947141775 
-24.004722875811854 
-24.032324833010666 
-24.017022812578812 
-24.023746434479737 
-24.025486542161367 
-24.02782510221585 
-24.04788195072833 
-24.046007579763025 
-24.172399190279265 
-24.181470174970183 
-24.128867932040492 
-24.131963182476706 
-24.124699682075587 
-24.13310859051911 
-24.13729916107915 
-24.158738664997276 
-24.162490367957126 
-24.162133345254606 
-24.157100722830165 
-24.157095870880596 
-24.171980621100914 
-24.195018050967956 
-24.19438186718462 
-24.19967980996955 
-24.17649623885866 
-24.17590578955893 
-24.164647956745135 
-24.17798069162444 
-24.177794464518666 
-24.1785801716478 
-24.202195953697974 
-24.191958195691097 
-24.211169537227853 
-24.297360468113627 
-24.261409771779174 
-24.24521608262619 
-24.21967613051476 
-24.2236321968924 
-24.244555193677666 
-24.267234958010587 
-24.288057897872427 
-24.293096054249908 
-24.271121418797296 
-24.267274664371687 
-24.272330356965085 
-24.27434195463245 
-24.27176784698424 
-24.311287038252573 
-24.30541678928857 
-24.352738990084443 
-24.3927345139776 
-24.399035519195152 
-24.45935251916603 
-24.45786096910692 
-24.449605399956614 
-24.40410055836475 
-24.40360689916819 
-24.425411315045913 
-24.42091896331815 
-24.422034423379042 
-24.525172898320776 
-24.532859734237363 
-24.52630376199296 
-24.531299449115597 
-24.51902183565048 
-24.520759412952568 
-24.522630057113293 
-24.532177886409077 
-24.5256004900601 
-24.52440789885479 
-24.52624509840309 
-24.529163412449748 
-24.54209966856539 
-24.5355982930298 
-24.563744236338216 
-24.55169510174947 
-24.566428447853013 
-24.589659415245013 
-24.584939653558244 
-24.570950309826696 
-24.58508602726835 
-24.605968871931385 
-24.605375343490426 
-24.641860071198515 
-24.648351401171244 
-24.7132856611361 
-24.70038010444336 
-24.74151336482785 
-24.773467842438855 
-24.765088517552975 
-24.770339152998133 

 Time 
256.18139600753784 
