Energy 
 
0.5631692561451149 
-0.6420517390750768 
-1.8371845227320769 
-3.0063732796942553 
-4.134909715768109 
-5.211123142466003 
-6.227502296501933 
-7.180653509217997 
-8.070334908484275 
-8.898175034190112 
-9.666600749253943 
-10.378190087353863 
-11.035410354590459 
-11.640598121843311 
-12.196043492521136 
-12.70408789837832 
-13.16719118116866 
-13.587955707163726 
-13.969112587524396 
-14.313481953892571 
-14.623919977765976 
-14.903263101393868 
-15.15427676040316 
-15.379612812648343 
-15.58177742969529 
-15.763109482032842 
-15.925768392477192 
-16.071729901820433 
-16.202788030450172 
-16.320561592209664 
-16.42650381607084 
-16.52191388292758 
-16.607949441667184 
-16.685639403820385 
-16.75589651692845 
-16.819529379793707 
-16.87725368974638 
-16.929702607350237 
-16.977436192933027 
-17.02094991729652 
-17.060682280745937 
-17.097021594256955 
-17.130311987476098 
-17.160858712920884 
-17.18893281618782 
-17.21477523966179 
-17.23860042322056 
-17.26059946050231 
-17.280942863979835 
-17.29978298671205 
-17.31725614344865 
-17.333484468884578 
-17.348577546365807 
-17.36263383627481 
-17.375741929667797 
-17.387981649487187 
-17.399425018802514 
-17.410137113010986 
-17.42017681072266 
-17.429597456129468 
-17.438447443981882 
-17.446770736841344 
-17.45460732301303 
-17.461993622468967 
-17.468962847121936 
-17.475545320989397 
-17.481768765073948 
-17.48765855117057 
-17.49323792827563 
-17.498528224809707 
-17.50354902946326 
-17.508318353125855 
-17.51285277405537 
-17.51716756818021 
-17.521276826197216 
-17.52519355892903 
-17.52892979222836 
-17.532496652565577 
-17.53590444430205 
-17.539162719535696 
-17.54228034130212 
-17.545265540826488 
-17.54812596944136 
-17.550868745717644 
-17.553500498294504 
-17.556027404840524 
-17.55845522753165 
-17.5607893453891 
-17.5630347837843 
-17.565196241384562 
-17.56727811478501 
-17.569284521046477 
-17.57121931833596 
-17.573086124846732 
-17.5748883361567 
-17.576629141167786 
-17.578311536754896 
-17.579938341240563 
-17.5815122067992 
-17.58303563088565 
-17.584510966773244 
-17.585940433278314 
-17.587326123740894 
-17.588670014324997 
-17.589973971695777 
-17.591239760125394 
-17.59246904807516 
-17.593663414296902 
-17.59482435349227 
-17.595953281566345 
-17.59705154050726 
-17.598120402921992 
-17.59916107625513 
-17.60017470671533 
-17.601162382932127 
-17.60212513936386 
-17.603063959475136 
-17.60397977870216 
-17.604873487220623 
-17.60574593253188 
-17.606597921879924 
-17.607430224512104 
-17.60824357379461 
-17.609038669193172 
-17.60981617812869 
-17.6105767377165 
-17.611320956397655 
-17.612049415469354 
-17.61276267052205 
-17.61346125278894 
-17.61414567041453 
-17.614816409647066 
-17.615473935960456 
-17.616118695110096 
-17.616751114126917 
-17.61737160225402 
-17.617980551829234 
-17.618578339117338 
-17.619165325095192 
-17.619741856192512 
-17.620308264991518 
-17.620864870887498 
-17.62141198071331 
-17.62194988932959 
-17.622478880182854 
-17.62299922583377 
-17.623511188457005 
-17.62401502031457 
-17.624510964204188 
-17.624999253884205 
-17.62548011447634 
-17.625953762847754 
-17.626420407973363 
-17.62688025127979 
-17.62733348697188 
-17.627780302342806 
-17.62822087806863 
-17.628655388488408 
-17.629084001870297 
-17.629506880664763 
-17.629924181745444 
-17.6303360566383 
-17.630742651739947 
-17.63114410852531 
-17.631540563745716 
-17.63193214961738 
-17.63231899400132 
-17.632701220574738 
-17.633078948994523 
-17.633452295053207 
-17.633821370828 
-17.63418628482269 
-17.63454714210351 
-17.634904044428747 
-17.635257090372473 
-17.635606375443043 
-17.635951992196233 
-17.636294030343286 
-17.636632576854606 
-17.636967716058688 
-17.63729952973675 
-17.637628097213657 
-17.63795349544459 
-17.63827579909831 
-17.638595080636783 
-17.638911410391536 
-17.63922485663692 
-17.63953548566009 
-17.639843361828408 
-17.640148547653915 
-17.640451103855188 
-17.640751089416845 
-17.641048561646407 
-17.64134357622913 
-17.6416361872805 
-17.641926447396735 
-17.64221440770324 
-17.64250011790126 
-17.64278362631256 
-17.643064979922578 
-17.643344224421742 
-17.643621404245273 
-17.64389656261153 
-17.644169741558784 
-17.644440981980715 
-17.64471032366051 
-17.644977805303757 
-17.645243464569997 
-17.64550733810329 
-17.645769461561507 
-17.646029869644664 
-17.646288596122073 
-17.646545673858764 
-17.646801134840754 
-17.64705501019946 
-17.647307330235265 
-17.64755812444032 
-17.647807421520397 
-17.648055249416167 
-17.648301635323584 
-17.6485466057136 
-17.64879018635137 
-17.649032402314504 
-17.649273278011016 
-17.649512837196383 
-17.649751102990347 
-17.649988097892923 
-17.650223843799925 
-17.650458362018036 
-17.65069167327946 
-17.6509237977559 
-17.65115475507229 
-17.651384564319976 
-17.651613244069598 
-17.651840812383377 
-17.65206728682727 
-17.652292684482557 
-17.65251702195721 
-17.6527403153968 
-17.652962580495238 
-17.65318383250502 
-17.653404086247335 
-17.653623356121788 
-17.653841656115926 
-17.654058999814357 
-17.654275400407773 
-17.654490870701693 
-17.65470542312484 
-17.654919069737534 
-17.65513182223959 
-17.655343691978263 
-17.655554689955792 
-17.65576482683693 
-17.655974112956088 
-17.65618255832451 
-17.656390172637202 
-17.656596965279586 
-17.65680294533415 
-17.65700812158694 
-17.65721250253378 
-17.657416096386505 
-17.657618911078938 
-17.65782095427287 
-17.658022233363837 
-17.65822275548673 
-17.658422527521417 
-17.658621556098247 
-17.658819847603276 
-17.659017408183644 
-17.659214243752704 
-17.659410359995107 
-17.659605762371744 
-17.659800456124742 
-17.659994446282255 
-17.66018773766322 
-17.660380334882014 
-17.660572242353084 
-17.66076346429561 
-17.66095400473778 
-17.66114386752143 
-17.661333056306255 
-17.66152157457418 
-17.661709425633664 
-17.661896612623828 
-17.662083138518625 
-17.662269006131016 
-17.66245421811699 
-17.662638776979552 
-17.66282268507274 
-17.66300594460559 
-17.66318855764589 
-17.66337052612424 
-17.66355185183775 
-17.663732536453782 
-17.66391258151385 
-17.664091988437136 
-17.664270758524378 
-17.664448892961353 
-17.66462639282253 
-17.66480325907471 
-17.6649794925805 
-17.665155094101905 
-17.665330064303777 
-17.665504403757232 
-17.665678112943173 
-17.665851192255598 
-17.66602364200502 
-17.666195462421825 
-17.666366653659484 
-17.666537215798 
-17.666707148846946 
-17.666876452748863 
-17.66704512738232 
-17.66721317256522 
-17.667380588057735 
-17.66754737356558 
-17.667713528742986 
-17.667879053195712 
-17.6680439464841 
-17.668208208126032 
-17.66837183759984 
-17.668534834347188 
-17.668697197775987 
-17.668858927263187 
-17.669020022157603 
-17.669180481782625 
-17.66934030543892 
-17.66949949240721 
-17.66965804195083 
-17.669815953318345 
-17.669973225746137 
-17.670129858460918 
-17.67028585068214 
-17.670441201624623 
-17.670595910500673 
-17.670749976522753 
-17.670903398905487 
-17.671056176868163 
-17.671208309636842 
-17.67135979644647 
-17.67151063654321 
-17.671660829186287 
-17.671810373650207 
-17.671959269226637 
-17.672107515226326 
-17.67225511098113 
-17.67240205584567 
-17.672548349199246 
-17.672693990447563 
-17.672838979024323 
-17.672983314392972 
-17.673126996048214 
-17.673270023517603 
-17.67341239636294 
-17.67355411418177 
-17.67369517660872 
-17.673835583316862 
-17.67397533401892 
-17.67411442846851 
-17.67425286646138 
-17.67439064783635 
-17.67452777247655 
-17.67466424031035 
-17.674800051312193 
-17.674935205503772 
-17.675069702954563 
-17.67520354378282 
-17.675336728156342 
-17.67546925629295 
-17.675601128461302 
-17.675732344981483 
-17.67586290622545 
-17.675992812617576 
-17.67612206463507 
-17.67625066280838 
-17.676378607721503 
-17.67650590001231 
-17.676632540372776 
-17.676758529549147 
-17.676883868342152 
-17.677008557607042 
-17.677132598253735 
-17.677255991246728 
-17.677378737605103 
-17.677500838402565 
-17.67762229476718 
-17.6777431078813 
-17.67786327898138 
-17.67798280935773 
-17.6781017003542 
-17.678219953368014 
-17.678337569849305 
-17.67845455130072 
-17.678570899277165 
-17.678686615385217 
-17.678801701282694 
-17.678916158678206 
-17.679029989330544 
-17.679143195048155 
-17.67925577768852 
-17.679367739157673 
-17.67947908140929 
-17.679589806444266 
-17.67969991630998 
-17.679809413099488 
-17.67991829895083 
-17.68002657604633 
-17.680134246611782 
-17.680241312915634 
-17.680347777268256 
-17.680453642021 
-17.680558909565477 
-17.680663582332617 
-17.68076766279186 
-17.680871153450266 
-17.68097405685159 
-17.68107637557543 
-17.681178112236314 
-17.681279269482708 
-17.681379849996194 
-17.681479856490526 
-17.681579291710595 
-17.681678158431634 
-17.681776459458156 
-17.681874197623053 
-17.68197137578672 
-17.682067996835944 
-17.682164063683086 
-17.682259579265118 
-17.68235454654262 
-17.682448968498868 
-17.682542848138894 
-17.682636188488544 
-17.682728992593546 
-17.68282126351853 
-17.682913004346208 
-17.683004218176308 
-17.683094908124822 
-17.683185077322964 
-17.683274728916345 
-17.683363866064038 
-17.68345249193774 
-17.68354060972086 
-17.683628222607673 
-17.68371533380246 
-17.683801946518653 
-17.68388806397799 
-17.683973689409754 
-17.684058826049863 
-17.68414347714018 
-17.68422764592758 
-17.684311335663327 
-17.684394549602217 
-17.684477291001826 
-17.68455956312178 
-17.684641369223105 
-17.68472271256733 
-17.684803596415982 
-17.684884024029795 
-17.684963998668028 
-17.685043523587886 
-17.685122602043762 
-17.68520123728669 
-17.685279432563668 
-17.685357191117134 
-17.68543451618425 
-17.685511410996472 
-17.685587878778833 
-17.68566392274951 
-17.685739546119247 
-17.68581475209084 
-17.685889543858593 
-17.685963924607893 
-17.686037897514645 
-17.686111465744887 
-17.6861846324543 
-17.68625740078772 
-17.686329773878818 
-17.686401754849594 
-17.68647334681006 
-17.68654455285769 
-17.686615376077327 
-17.6866858195405 
-17.68675588630532 
-17.686825579416034 
-17.68689490190271 
-17.686963856780963 
-17.6870324470516 
-17.68710067570039 
-17.68716854569775 
-17.687236059998476 
-17.687303221541523 
-17.687370033249728 
-17.687436498029623 
-17.68750261877114 
-17.687568398347498 
-17.68763383961493 
-17.687698945412517 
-17.687763718562014 
-17.68782816186765 

 Time 
336.4600019454956 
