Energy 
 
2.878301087752058 
2.0331144172073716 
0.891536292927065 
-0.29395637859270596 
-2.205206328506303 
-3.6272422846888723 
-4.932726175601623 
-5.556937067675657 
-6.164471257433096 
-6.80756617020961 
-7.436493288453637 
-8.113688758604527 
-8.928893108380246 
-9.374311227348548 
-9.789665569735657 
-10.289301163434997 
-10.854840229379182 
-11.269802424106684 
-11.63392889534412 
-11.904426009826839 
-12.124691678410597 
-12.32635112771794 
-12.535309716962537 
-12.784894547703844 
-13.003261347898308 
-13.178208827785827 
-13.340513797433648 
-13.474989529820126 
-13.5973203595704 
-13.691277240335506 
-13.545180264922388 
-13.887117170260849 
-13.979848652688025 
-14.060413303199804 
-14.126718810315296 
-14.211554678595755 
-14.282268247205588 
-14.350801880401503 
-14.41632990854534 
-14.47957150585911 
-14.539870434287357 
-14.597710801699597 
-14.653670399309462 
-14.70663307092277 
-14.754451538740032 
-14.807301611750132 
-14.857338997801568 
-14.905781538992798 
-14.956784152615716 
-15.005310632723868 
-15.051551896643069 
-15.09665935763226 
-15.140611032145479 
-15.18366206635927 
-15.225491584719283 
-15.26556901513483 
-15.305411487583108 
-15.340989083649392 
-15.379533780196006 
-15.420988135081377 
-15.457419025023528 
-15.492836686025765 
-15.525633863058577 
-15.557129287492765 
-15.587749529424315 
-15.61773442165987 
-15.645577710836886 
-15.669479863278152 
-15.683913091114722 
-15.712332517221682 
-15.745573905700297 
-15.769732502023679 
-15.790270712876701 
-15.804061895376162 
-15.806980956681361 
-15.835529215602534 
-15.869111875462597 
-15.903580437976988 
-15.923147705784451 
-15.941868736721156 
-15.960273228817384 
-15.978183956336338 
-15.995673062534618 
-16.012275865985288 
-16.02853153157031 
-16.04443424679974 
-16.060101178967436 
-16.075258587680132 
-16.089939314369 
-16.094675792916536 
-16.106424043310003 
-16.133698865288423 
-16.14747579660542 
-16.16066994580799 
-16.17360611496972 
-16.186359244996634 
-16.198915592855865 
-16.211313247906393 
-16.223523756109977 
-16.235495595165627 
-16.2465679530825 
-16.253447302315465 
-16.270137796840604 
-16.28196481411336 
-16.293634327323034 
-16.305161229992002 
-16.304548049658337 
-16.31806900799814 
-16.325827086427772 
-16.3085124961309 
-16.345048151485134 
-16.36581380004744 
-16.377934549544733 
-16.388471519172167 
-16.398147058277477 
-16.407227816145994 
-16.400381266241897 
-16.424372463883454 
-16.433220627861292 
-16.441839715913634 
-16.450415524135067 
-16.458825525604023 
-16.467066618231613 
-16.47516639008087 
-16.482990252423512 
-16.4906017816471 
-16.498129978787993 
-16.505394649984623 
-16.512181724704718 
-16.518712260086378 
-16.525349212409758 
-16.524118911466427 
-16.522666640227627 
-16.52344392454264 
-16.55164451189394 
-16.559303970402997 
-16.565510174082064 
-16.571512476245044 
-16.577165397864768 
-16.578919808491626 
-16.58813478765437 
-16.593832523836607 
-16.599406062647034 
-16.60480022021696 
-16.610169676794943 
-16.615426568926097 
-16.6205728280608 
-16.625642626018 
-16.630552730345727 
-16.635354943828833 
-16.63995685804047 
-16.644467307146112 
-16.648837789660114 
-16.65313005997624 
-16.657349574432974 
-16.661483537185596 
-16.665552648668623 
-16.669549949638636 
-16.67347778986048 
-16.677351060980875 
-16.681100266623197 
-16.684785109050473 
-16.688439590462902 
-16.692046384568414 
-16.69561050806041 
-16.69911487435145 
-16.70257591811042 
-16.706008297223132 
-16.70939190322998 
-16.712625458746235 
-16.715768393879337 
-16.718860161022977 
-16.72195200074065 
-16.724982484691807 
-16.727993634448563 
-16.7309356424637 
-16.733814901638823 
-16.736634960399034 
-16.739403076815826 
-16.742092918378148 
-16.744712843107877 
-16.747286255560827 
-16.749811973058335 
-16.752292428854837 
-16.75469381041221 
-16.75704911151386 
-16.759371489850672 
-16.761649080304164 
-16.763879733694726 
-16.766054269755728 
-16.768182762713568 
-16.770267905879574 
-16.772306511589072 
-16.774301285990028 
-16.776262803227457 
-16.7781876369955 
-16.780073340204588 
-16.781910419253254 
-16.783714482747747 
-16.785486119733395 
-16.7872116162412 
-16.78888368923971 
-16.79051916325581 
-16.792124690667208 
-16.793701168478822 
-16.795239415349357 
-16.796730785615686 
-16.79819890394731 
-16.799641503409735 
-16.801058915671515 
-16.80244988627804 
-16.803817273352184 
-16.805172181254232 
-16.806501185158208 
-16.807804791724248 
-16.809084383130436 
-16.810333799581674 
-16.81156383565594 
-16.812766849506676 
-16.81394858760138 
-16.81512026244578 
-16.81627091181998 
-16.81740031528121 
-16.81850929547542 
-16.81959839822885 
-16.820669764568528 
-16.82172205386334 
-16.82275530825585 
-16.823766376519274 
-16.824758761972156 
-16.825732439279896 
-16.826692957390268 
-16.827652081758274 
-16.82858228445711 
-16.829491325131755 
-16.830373883484565 
-16.831237447369233 
-16.832086701366595 
-16.832928635516396 
-16.833755553212512 
-16.83456188653431 
-16.835351348362778 
-16.836123995970272 
-16.836876090994277 
-16.837612644644192 
-16.838334695150483 
-16.839050171459874 
-16.8397515957505 
-16.840436270841185 
-16.841110898662766 
-16.841778263914062 
-16.842432943637064 
-16.843068058266905 
-16.8436900689095 
-16.844299466179525 
-16.844893978670964 
-16.84547263342192 
-16.84603672911002 
-16.84658996033076 
-16.84713304058958 
-16.847666674962724 
-16.84819112612737 
-16.848704526770646 
-16.849209173224075 
-16.84970796603058 
-16.850196258531483 
-16.850674505577175 
-16.8511409416475 
-16.851599820018812 
-16.852044368030764 
-16.852481338667133 
-16.852909837477775 
-16.85332848853175 
-16.85374624860686 
-16.854154027795477 
-16.854549619537043 
-16.85493774102345 
-16.8553190490109 
-16.85569333423888 
-16.856062474300273 
-16.856424285583497 
-16.856778825323307 
-16.85712607230869 
-16.85746710279775 
-16.857808962584855 
-16.858144357053895 
-16.858470864837326 
-16.85879046968221 
-16.859103183605807 
-16.859408873621295 
-16.859707148200926 
-16.859999175922137 
-16.860284294643627 
-16.860565285475825 
-16.860840413208436 
-16.861109646737773 
-16.861373729315975 
-16.861633184202915 
-16.861886603598677 
-16.862135205810524 
-16.86237582532743 
-16.86261048262663 
-16.862840300634318 
-16.86306477961999 
-16.86328417430122 
-16.86349891839703 
-16.86370985019279 
-16.863916550182612 
-16.864118626354493 
-16.864319561629014 
-16.86451619911084 
-16.86470775432861 
-16.864894425388155 
-16.86507695129428 
-16.86525611535393 
-16.865431611549027 
-16.865603013802932 
-16.865771469408877 
-16.86593644799049 
-16.866096311558334 
-16.86625311378821 
-16.8664087264079 
-16.8665608808581 
-16.866710757369678 
-16.866851921318958 
-16.866989463405858 
-16.867125277679 
-16.867258082595324 
-16.86738795005069 
-16.867515006494166 
-16.867639286279047 
-16.86776086210813 
-16.86788093272248 
-16.867998366594612 
-16.868113794452746 
-16.868226400511418 
-16.868336180480377 
-16.868442847297743 
-16.868547071570728 
-16.868649878773716 
-16.868749920181237 
-16.868847083251637 
-16.86894234725973 
-16.86903549112779 
-16.869126578541966 
-16.869215354428018 
-16.869300255196613 
-16.86938339166726 
-16.869464746367893 
-16.86954360829722 
-16.86962237087151 
-16.869699392462397 
-16.869774445966954 
-16.86984786842949 
-16.86991972627984 
-16.86999003478804 
-16.870058894440078 
-16.870125428294166 
-16.87019052486671 
-16.87025416984555 
-16.870315900035735 
-16.870376933799424 
-16.87043553655623 
-16.870492719630327 
-16.87054863396805 
-16.870603380801843 
-16.870656930805826 
-16.87070956269442 
-16.87076142490752 
-16.87081214931219 
-16.870861771460632 
-16.87091036744364 
-16.870958247094592 
-16.87100507916937 
-16.871050914815488 
-16.871096106839857 
-16.871140297668596 
-16.871183577182393 
-16.87122591345915 
-16.87126741057125 
-16.87130798364012 
-16.871347632305874 
-16.871386387644268 
-16.871424402831238 
-16.871461784457402 
-16.871498393748407 
-16.87153414323005 
-16.871569015639764 
-16.871603111879708 
-16.871636452410147 
-16.87166900659918 
-16.87170043494594 
-16.871731153726508 
-16.87176121186853 
-16.871790698626192 
-16.871819459289966 
-16.871847578146866 
-16.87187477728131 
-16.87190157637519 
-16.87192774408113 
-16.871953342718154 
-16.87197837250899 
-16.87200286547112 
-16.87202675831924 
-16.872050137491826 
-16.87207298875594 
-16.87209532266985 
-16.872117156988075 
-16.872138546401022 
-16.872159479716874 
-16.872179907597786 
-16.8721998948437 
-16.87221955466856 
-16.872238677938082 
-16.872257372868066 
-16.87227565055796 
-16.87229352815688 
-16.87231096599856 
-16.872328065679188 
-16.87234477847437 
-16.872361108404753 
-16.872377074121363 
-16.87239268074638 
-16.872407941347284 
-16.872422830712644 
-16.87243725027574 
-16.872451312439466 
-16.872465117305165 
-16.8724785443026 
-16.872491693353417 
-16.87250455127048 
-16.87251703899343 
-16.87252925293745 
-16.872541201992348 
-16.87255290272782 
-16.872564342502276 
-16.87257553476222 
-16.87258648322311 
-16.872597194947787 
-16.872607679239803 
-16.872617920299913 
-16.872627885497174 
-16.872637598153723 
-16.872647072846085 
-16.872656309003133 
-16.872665346069475 
-16.872674177707804 
-16.87268274104721 
-16.872691124688203 
-16.872699334495074 
-16.872707367513964 
-16.872715230776247 
-16.87272295809122 
-16.87273050884496 
-16.872737703520226 
-16.872744772851092 
-16.872751680746894 
-16.87275845004562 
-16.87276508006328 
-16.8727715365972 
-16.872777864885272 
-16.87278405380029 
-16.872790116022344 
-16.872796045608393 
-16.872801856634656 
-16.8728075498103 
-16.872813132105414 
-16.87281860996421 
-16.872823971578804 
-16.87282922602623 
-16.872834372240693 
-16.87283935845815 
-16.872844243856843 
-16.872849022850318 
-16.87285367252776 
-16.87285822923652 
-16.872862693599938 
-16.87286707126609 
-16.87287135920444 
-16.872875560635382 
-16.872879678120682 
-16.872883703901305 
-16.87288764956645 
-16.872891517431498 
-16.87289531232098 
-16.8728990344514 
-16.872902682075456 
-16.8729062586994 
-16.87290976342039 
-16.87291320916001 
-16.872916600882 
-16.872919924394083 
-16.872923180905843 
-16.872926379458058 
-16.872929515953594 
-16.87293258836671 
-16.87293559219886 
-16.87293853500525 
-16.872941417921187 
-16.872944282021624 

 Time 
536.2241356372833 
