Energy 
 
2.946477319533392 
2.49657446255165 
2.0888591198512056 
1.6222291099441761 
0.7799612145381173 
0.7735928771537085 
0.7151426988143796 
0.6977673031126057 
0.7323003124597502 
-1.7047397346855302 
-0.536900317578728 
1.2956236804143029 
-3.499017119781951 
-1.7683837316066464 
-0.060132426917363396 
-3.2445852285601893 
-3.3732512282163034 
-1.9943188712490085 
-2.0927867328171743 
-1.9522144834530297 
-1.9270632519832032 
-3.2802702077361205 
-4.811010975043455 
-4.577251071470301 
-4.5852756081013855 
-4.132710058666496 
-4.831765091236408 
-5.504312408231905 
-6.77910354533696 
-6.463497752071341 
-6.967263909965963 
-6.886478610358738 
-6.820524335529016 
-7.423871359418884 
-7.592221940693701 
-7.522636295372986 
-7.8400061540539605 
-7.911990417008307 
-7.951799228217525 
-7.966346497712894 
-8.58880339702178 
-8.614297280224013 
-8.166079261454898 
-10.157676823397653 
-10.355472714775608 
-10.007932509527176 
-10.348071808605656 
-10.828395403843347 
-10.68491216519466 
-10.693666519951112 
-10.40898193814334 
-11.29141359943777 
-11.395029373864297 
-11.638865391191295 
-11.642417134650067 
-11.822341708706963 
-11.584349923691057 
-11.8643246886717 
-11.91533529471062 
-12.150597606899712 
-12.40421389376418 
-12.334407989024038 
-12.242122782893118 
-11.99553711020237 
-11.864779218646603 
-11.985707711664418 
-12.31288497687399 
-12.275369704743824 
-11.942197051078542 
-12.479108215467045 
-12.555774237838783 
-12.29819616392359 
-11.929168142226212 
-12.071865637966333 
-12.122632649881517 
-12.135735945623138 
-12.320600499065472 
-12.794145997833558 
-12.404643918934912 
-12.067602937957082 
-11.641088659313318 
-11.822344118271051 
-11.759500813476523 
-11.735943504912983 
-11.917394780810987 
-11.783010388140974 
-12.508292013936648 
-13.082665742861373 
-13.447940917257258 
-12.410144452852155 
-13.408193405502502 
-13.995795504713838 
-13.874734713725891 
-13.710328246934337 
-13.643488160469577 
-13.294209838556396 
-12.980262822569644 
-12.770444311508264 
-13.576446168000563 
-13.319588302039676 
-13.491526144630498 
-13.579095500369586 
-13.77655494952797 
-13.697539318038109 
-13.416202710266308 
-13.71475133160063 
-13.813862996442882 
-13.88998789539395 
-13.79314226662375 
-13.906750991411204 
-13.97217378784477 
-14.264241202156667 
-14.095355440436556 
-14.853742720357367 
-14.957677702211862 
-14.94857153213601 
-14.68094164736741 
-14.122439596716498 
-14.647312626158822 
-14.260124839935754 
-14.462805072143235 
-14.534924992811764 
-14.83487811256021 
-15.137751529187828 
-15.253854511333344 
-15.254091530376442 
-15.0636211003845 
-14.996783986708394 
-15.088832768016527 
-14.903986104749173 
-14.976572133873283 
-15.073151865612898 
-15.416427139917415 
-15.377473868684797 
-15.253997943935078 
-15.224353491446076 
-15.224397410101169 
-15.09174427591491 
-14.913415616719998 
-14.72675890023076 
-14.696055910254412 
-14.743928930240823 
-14.756941630195772 
-14.855790169352483 
-14.854571428888786 
-14.876233818890908 
-14.872261081687844 
-14.811165290681409 
-14.811876510873446 
-14.930571855092225 
-14.851404098813546 
-14.859283312468541 
-14.950831109254425 
-14.928521495997906 
-15.195957534541225 
-14.991111322313348 
-14.808742764111688 
-14.612005295035127 
-14.57469947004142 
-14.140861334047155 
-14.144323511978875 
-14.236373322004729 
-14.299418503429289 
-14.201373114297233 
-14.237800163590723 
-14.260368336469279 
-14.24364528583148 
-14.270319170399539 
-14.303895892066036 
-14.492561678234004 
-14.436269796679584 
-14.429705616224831 
-14.428622894292358 
-14.392711074986655 
-14.395589850310806 
-14.388186822690098 
-14.505077425358808 
-14.432109862798429 
-14.49431558263363 
-14.496619381565283 
-14.471144606559527 
-14.449304495364839 
-14.451382313938916 
-14.472233705640413 
-14.559474121587447 
-14.552670041087733 
-14.462542569449807 
-14.610142401593711 
-14.603507558559276 
-14.555014159025532 
-14.753217653667042 
-14.861467824457502 
-14.802944658332777 
-14.812542554579837 
-14.857993998292745 
-14.812697492168361 
-14.776779437642356 
-14.752010183323616 
-14.818293268087375 
-14.814149419888945 
-14.881522454718741 
-14.90463602969114 
-14.87825257552327 
-14.878869741031902 
-15.066575908044129 
-15.093125307831261 
-15.067823368070972 
-15.066309238570078 
-15.100843882825027 
-15.099837275172492 
-15.107741562351396 
-15.107294937442983 
-15.104757777396662 
-15.113617983255423 
-15.147931388688518 
-15.197744565193101 
-15.279244078594608 
-15.424109150532287 
-15.313081181349979 
-15.16177341832199 
-15.106576369800921 
-15.446060638018789 
-15.438408931561856 
-15.536591206505474 
-15.50217356647693 
-15.41281569917556 
-15.538263875433282 
-15.46943671136735 
-15.440854231589913 
-15.503766216890883 
-15.545545593256124 
-15.762230426262116 
-15.63352640185734 
-15.566711107145743 
-15.540967724230022 
-15.644200125220241 
-15.562356105724842 
-15.515955774556273 
-15.544730779445665 
-15.550785023669095 
-15.58183459395691 
-15.673302235887551 
-16.14034085249593 
-15.74162440560358 
-16.056428107004194 
-16.27672299722379 
-16.02779958930003 
-16.011301965066323 
-16.020670204329956 
-16.187151986660144 
-16.33913795502748 
-16.332274693938672 
-16.544731303145827 
-16.56152001929543 
-16.676164803374686 
-16.71661118861425 
-16.968798658446516 
-16.97939358154417 
-17.08102922535521 
-17.113856626720562 
-17.05392823888222 
-17.008346033670982 
-16.945838252883235 
-16.932153223383402 
-17.089875860457948 
-17.103032612872113 
-17.127219791265265 
-17.1266745889601 
-17.141263051740285 
-17.167256112944475 
-17.150637042565986 
-17.15324248185435 
-17.227158806847925 
-17.173159862197203 
-17.179861685302065 
-17.19653460927363 
-17.444938930729574 
-17.42302349630019 
-17.375358885084346 
-17.277308004587837 
-17.275988344134326 
-17.196097289982383 
-17.1897847401772 
-17.100970124984368 
-17.72341732242801 
-17.372045713319174 
-17.349261521721527 
-17.175369424801595 
-17.158604821988412 
-17.163480305050044 
-17.570407352526622 
-17.63175534568724 
-17.682992607680802 
-17.60677726111046 
-17.245795194337347 
-17.333101699926136 
-17.4986046800702 
-17.530828085471818 
-17.70878701182758 
-17.550837846148895 
-17.70784657721197 
-17.844905507961865 
-17.87570491741596 
-17.881019125306928 
-17.685572926472023 
-17.738591916501306 
-17.583076510689562 
-17.397069960381614 
-17.483814932588086 
-17.360007612721454 
-17.373181737092334 
-17.2350889873381 
-17.35277364445711 
-17.375946179182087 
-17.600371667872487 
-17.368293342874967 
-17.346938089392857 
-17.424782495591618 
-17.370582168866665 
-17.339009730591343 
-17.317781597225146 
-17.294830765636192 
-17.309852572389104 
-17.26385004376868 
-17.266319323265826 
-17.567361625224617 
-17.599309731943332 
-17.78571443420677 
-18.53403146950356 
-18.09258805751431 
-18.0850987157357 
-17.694120126909127 
-17.606176769034942 
-18.10805476954843 
-17.93472134639811 
-17.82791081736344 
-17.83454300983579 
-17.834207289303954 
-17.627231042397952 
-17.486859134587988 
-17.241523291685347 
-17.213036958646903 
-18.33818581097126 
-18.429679469729862 
-18.267221440969035 
-18.476982682178065 
-18.778831858732605 
-18.952104031651288 
-18.713717449185133 
-18.768425400350466 
-18.759497808376395 
-18.765562998900343 
-18.63484297306779 
-18.638363854686034 
-19.34567978711722 
-19.09306236616121 
-18.967805004330017 
-18.90365450121632 
-18.905154525688967 
-19.178911506784047 
-19.341321095945464 
-19.404181074957116 
-19.54587408833877 
-19.501886368106007 
-19.4342100886948 
-19.659766353903258 
-19.667032235714853 
-19.901814804097455 
-19.832159728207 
-19.801674004944932 
-19.6656129798514 
-19.667338953426164 
-19.594091899840976 
-19.574870185651417 
-19.579142784272353 
-19.59865076943001 
-19.77935987038767 
-19.798137406861198 
-19.789572249836574 
-19.811995148550473 
-19.90084468965474 
-19.93269788348841 
-19.90052982935828 
-20.03390013119528 
-20.017959159217376 
-19.932132425145646 
-20.118318093754 
-20.129787857479126 
-20.13518297838912 
-20.26609755121867 
-20.290807822771765 
-20.169011453249936 
-20.183112028391456 
-20.211565048053625 
-20.328871046386762 
-20.378568446687094 
-20.50474439239457 
-20.484053218269697 
-20.54619559760768 
-20.51098320364966 
-20.523993776298116 
-20.493539247152153 
-20.497652935563814 
-20.497418576349084 
-20.58694897578109 
-20.695938373945452 
-20.86951846382791 
-20.949045956646238 
-21.008989893002166 
-21.068864859851544 
-21.075238137397463 
-21.074324887709903 
-21.07473342332113 
-21.082865086425723 
-21.085582603221404 
-21.079944925431917 
-21.16502429484502 
-21.135426285225282 
-21.145951231805 
-21.189439139540454 
-21.159116234939948 
-21.21518991150655 
-21.21176646681075 
-21.200547035079534 
-21.169237647906872 
-21.23865508730329 
-21.25089216851068 
-21.3419204700576 
-21.34447880690961 
-21.364432621699557 
-21.37657771027632 
-21.400662087640463 
-21.513785362312568 
-21.523406390545734 
-21.462803552104063 
-21.502480358046153 
-21.50751342541458 
-21.51190193140818 
-21.49210645197575 
-21.509052970484827 
-21.508648487229515 
-21.51946532060706 
-21.55976872530794 
-21.553312334274267 
-21.640990411850048 
-21.607641508494947 
-21.591509036323938 
-21.59918068580264 
-21.71173717953577 
-21.72168480364719 
-21.72784768346595 
-21.736964580902054 
-21.760644849747813 
-21.740901059354737 
-21.73457585032233 
-21.822342299575713 
-21.811849763194157 
-21.84854449564142 
-21.86020902632148 
-21.869422224023754 
-21.871846057239736 
-21.861595502956316 
-21.861683668178205 
-21.902293215483027 
-21.926359470212063 
-21.92879450930939 
-21.930283725631007 
-21.939117688088288 
-21.962453550154045 
-21.948586778207844 
-21.92635192166653 
-21.94753672163937 
-22.061632673848983 
-22.06216123375917 
-22.03603490136398 
-22.045521490361914 
-22.03590044068912 
-22.031234790278855 
-22.078981985931964 
-22.10651417473947 
-22.093742323144507 
-22.081166244554232 
-22.108985089566456 
-22.178340744901256 
-22.18951230608137 
-22.19140277012443 
-22.181283344473115 
-22.186551713134122 
-22.25291854448431 
-22.243409454310346 
-22.30500431588501 
-22.372208841707838 
-22.3858943129253 
-22.38607369311146 
-22.384801792439564 
-22.383755914571413 
-22.395429979988524 
-22.3984609705165 
-22.40256068851255 
-22.40253155362252 

 Time 
250.490327835083 
