Energy 
 
1.5753837072760035 
1.2249285665670684 
0.7029258888781186 
0.027639793874001617 
-0.8171929537300784 
-2.5373575342345287 
-0.801704611215948 
-2.9851900566600333 
-4.2553279831767705 
-4.7075132901220105 
-4.952587296350099 
-5.147151906368524 
-5.332457493488288 
-5.499268670253427 
-5.624267043131527 
-5.724802272984395 
-5.807510463157753 
-5.877527129354892 
-5.940590400169382 
-5.992677246462036 
-6.006172318033496 
-6.073261202111396 
-6.105781603651495 
-6.124157495347622 
-6.092661605633748 
-6.098160200555469 
-6.160488011505288 
-6.193902857307058 
-6.216789117765925 
-6.234597930534381 
-6.248955644928689 
-6.260390019385991 
-6.269814610098759 
-6.276836686028554 
-6.281808506597926 
-6.28617958819426 
-6.29020412769435 
-6.29387750487923 
-6.297289288133591 
-6.301141040289252 
-6.304377336244486 
-6.307100034470531 
-6.309464636327238 
-6.3116117332510715 
-6.313487266402982 
-6.315167000991641 
-6.316338528358787 
-6.317766581767241 
-6.318492454004845 
-6.319099994613396 
-6.319645434871397 
-6.3201290642733685 
-6.320562004070075 
-6.320965958622001 
-6.321332824450597 
-6.321673866815354 
-6.321985007852689 
-6.322255404777407 
-6.322515828724475 
-6.322753013060496 
-6.322982734355637 
-6.323183116258375 
-6.323372705736368 
-6.323547883991298 
-6.323704972994259 
-6.32384794437329 
-6.323978935466729 
-6.324097054520362 
-6.324200500171694 
-6.324287398031075 
-6.324363194472714 
-6.324434356632233 
-6.324494683590037 
-6.324541981662499 
-6.32458404819626 
-6.3246216455564035 
-6.324653316860864 
-6.324682130097399 
-6.324709007504616 
-6.324731943140472 
-6.324752258726969 
-6.324771286726309 
-6.324788863453888 
-6.32480508488466 
-6.324821261852788 
-6.324836535058916 
-6.324850965347948 
-6.324864775718686 
-6.324877809743459 
-6.324890483665831 
-6.324902239177938 
-6.324913668776969 
-6.324924418544577 
-6.324934628628792 
-6.32494427961061 
-6.324953493436916 
-6.324962420088941 
-6.324970888122282 
-6.324978979023083 
-6.32498668015989 
-6.3249940642656455 
-6.325001175196785 
-6.325008086558869 
-6.325014376769901 
-6.325020355636548 
-6.325026141346674 
-6.325031828642283 
-6.3250372182209 
-6.32504252711121 
-6.325047748228872 
-6.325052832045744 
-6.32505844806513 
-6.32506441014141 
-6.325069742341718 
-6.325074795623506 
-6.325079701051782 
-6.32508442257005 
-6.325089175955253 
-6.325093516233819 
-6.325098040283263 
-6.325102322737792 
-6.325106557620636 
-6.325110706082906 
-6.325114961735391 
-6.325119467568819 
-6.325124016222853 
-6.32512861213309 
-6.325133155790621 
-6.325137493839026 
-6.325141479465813 
-6.325145396869894 
-6.325149292105955 
-6.325153228412807 
-6.3251571437829295 
-6.325161035915022 
-6.3251649341258736 
-6.3251688010651845 
-6.325172670819616 
-6.325176594734165 
-6.325180485699771 
-6.32518447543322 
-6.325188443243409 
-6.325192456604673 
-6.325196419763621 
-6.3252002347049725 
-6.325204077453815 
-6.3252079574270965 
-6.325212168847482 
-6.325215984744848 
-6.3252197422245295 
-6.325223459280161 
-6.3252271315632544 
-6.325230730690862 
-6.325234333932859 
-6.325238034013189 
-6.325241703081453 
-6.3252451593826535 
-6.325248995937215 
-6.325252791340596 
-6.325256555820019 
-6.325260400897173 
-6.325264202926888 
-6.325268025250247 
-6.325271831925603 
-6.325275503067408 
-6.325279188298087 
-6.325282848262468 
-6.325286516901768 
-6.325290149870255 
-6.3252937481263904 
-6.325297366038837 
-6.3253010639676726 
-6.3253048039369855 
-6.3253086091579425 
-6.3253123561196185 
-6.325316070054372 
-6.325319720638724 
-6.325323382260508 
-6.325326691497907 
-6.325329985980142 
-6.32533310733599 
-6.325335844244224 
-6.325338552982124 
-6.325341242276353 
-6.325343929334821 
-6.325346568092541 
-6.3253491881451644 
-6.3253517832827075 
-6.325354379611396 
-6.32535696678815 
-6.325359599495654 
-6.325362209522261 
-6.325364803115292 
-6.3253674690120505 
-6.325370118856007 
-6.325372741720846 
-6.32537533535858 
-6.325377948135489 
-6.325380459969385 
-6.325382944012798 
-6.3253854471535575 
-6.325387967516143 
-6.325390436979589 
-6.325392893748106 
-6.325395352070411 
-6.325397855694876 
-6.325400374718809 
-6.3254028394676025 
-6.325405268395643 
-6.325407677238854 
-6.325410063408439 
-6.325412442087202 
-6.3254147388012285 
-6.325417056906421 
-6.325419314424421 
-6.325421551607278 
-6.325423765052715 
-6.32542594365992 
-6.325428104698345 
-6.325430250610006 
-6.325432409717528 
-6.325434557253308 
-6.325436696214414 
-6.325438818988264 
-6.325440928315552 
-6.325442954466646 
-6.325445071431525 
-6.32544714864413 
-6.325449200951391 
-6.325451218867499 
-6.325453247378574 
-6.325455286197789 
-6.325457316386295 
-6.325459343072251 
-6.325461325087144 
-6.325463279882307 
-6.325465275232975 
-6.325467245988175 
-6.325469192925509 
-6.325471128641416 
-6.325473079901785 
-6.325474998181406 
-6.325476905551656 
-6.32547883502566 
-6.32548077235308 
-6.325482697739121 
-6.3254847517113575 
-6.325486762849439 
-6.325488892674401 
-6.325490965266063 
-6.325493031021315 
-6.325495015878753 
-6.3254969981286475 
-6.325498958372445 
-6.3255009261801725 
-6.325502881988671 
-6.3255047388399 
-6.325506581601578 
-6.325508385124012 
-6.325510187951274 
-6.325511981153935 
-6.3255137778413335 
-6.325515542495774 
-6.325517297600715 
-6.325519062490788 
-6.325520821936568 
-6.325522673056799 
-6.325524513436623 
-6.325526334373528 
-6.325528173212678 
-6.325530001297286 
-6.325531854913454 
-6.325533695655198 
-6.325535517393021 
-6.325537331891035 
-6.3255391357467845 
-6.3255408820637555 
-6.325542609206185 
-6.325544327074926 
-6.325546047787911 
-6.325547762933352 
-6.325549479132888 
-6.325551185945857 
-6.325552894067469 
-6.325554588910396 
-6.325556289934396 
-6.3255579816198555 
-6.325559664147177 
-6.32556135793627 
-6.325563054261179 
-6.3255647222637945 
-6.325566382264443 
-6.325568036803571 
-6.32556973835349 
-6.325571414168853 
-6.3255730669791355 
-6.325574685959925 
-6.325576277666551 
-6.325577871551102 
-6.325579449917352 
-6.32558102231023 
-6.3255825967366475 
-6.325584169596527 
-6.325585723550745 
-6.3255872694267765 
-6.325588807460276 
-6.325590340190427 
-6.32559187095847 
-6.325593395114109 
-6.325594921111595 
-6.325596439408049 
-6.325597950163074 
-6.325599453977423 
-6.325600950756114 
-6.325602427695106 
-6.3256038925034535 
-6.325605354423682 
-6.3256068053561965 
-6.325608253665252 
-6.325609695025079 
-6.325611133491688 
-6.325612574748051 
-6.325614017806597 
-6.325615464479204 
-6.3256169051805005 
-6.325618299279071 
-6.325619694959592 
-6.325621091870892 
-6.325622535565739 
-6.325623958867155 
-6.3256253754384915 
-6.3256267847735455 
-6.325628185252127 
-6.325629586928089 
-6.325630981873687 
-6.325632382305173 
-6.325633771068087 
-6.325635130038359 
-6.325636480901206 
-6.325637831277486 
-6.325639168279329 
-6.325640482969833 
-6.325641788491977 
-6.325643088215046 
-6.325644380214158 
-6.3256456628327395 
-6.32564694497226 
-6.325648223156861 
-6.32564949375202 
-6.3256507676292255 
-6.325652036775408 
-6.325653302261699 
-6.325654509593946 
-6.325655717522784 
-6.325656925133156 
-6.325658127859278 
-6.3256593238736 
-6.325660516041152 
-6.3256616851194245 
-6.325662851341394 
-6.325664013460757 
-6.325665171942331 
-6.325666325734241 
-6.3256674820555805 
-6.325668647388043 
-6.325669812105176 
-6.325670976800986 
-6.325672130928156 
-6.325673280584355 
-6.325674427089318 
-6.325675565140074 
-6.325676704029108 
-6.3256778399871 
-6.325678958369956 
-6.325680048347133 
-6.325681128760937 
-6.325682225547753 
-6.325683316915713 
-6.325684404062171 
-6.325685488647686 
-6.325686571260438 
-6.325687650034292 
-6.325688723243929 
-6.32568979438088 
-6.325690867849187 
-6.325691937244414 
-6.325693004289351 
-6.325694065005776 
-6.325695124035143 
-6.32569618422115 
-6.325697239126004 
-6.3256982914962325 
-6.325699341801686 
-6.325700385117759 
-6.325701425670815 
-6.325702464494105 
-6.325703497585847 
-6.325704520115953 
-6.325705541060612 
-6.325706563276307 
-6.325707584207594 
-6.325708601292268 
-6.325709614099518 
-6.325710624606966 
-6.325711628417597 
-6.325712628496969 
-6.325713628474194 
-6.325714621870885 
-6.325715607217475 
-6.325716589561845 
-6.32571756716511 
-6.3257185455324 
-6.325719516404319 
-6.325720487070992 
-6.325721451642376 
-6.325722417677783 
-6.325723383732214 
-6.325724345835312 
-6.3257253047177855 
-6.325726263406429 
-6.325727213287951 
-6.325728159501263 
-6.3257291064378505 
-6.325730049463511 
-6.325730987082674 
-6.325731920461649 
-6.325732849471638 
-6.325733773493986 
-6.3257346929077 
-6.325735609265194 
-6.325736524009273 
-6.325737433626898 
-6.325738334121096 
-6.325739231859901 
-6.325740125135661 
-6.325741013892978 
-6.325741900029707 
-6.325742783765078 
-6.325743659270517 
-6.325744529016644 
-6.325745382723108 
-6.325746235755615 
-6.325747069777 
-6.325747901315675 
-6.325748730510858 
-6.325749556552302 
-6.325750387973674 
-6.325751216740373 
-6.32575204347961 
-6.325752869321109 
-6.32575367328925 
-6.3257544735175335 
-6.3257552716194265 
-6.3257560664408565 
-6.325756861936097 
-6.3257576605785335 
-6.325758460109812 
-6.325759258240501 
-6.32576005413074 
-6.3257608499419575 
-6.3257616445027605 
-6.325762438966382 
-6.325763230396271 
-6.325764018159746 
-6.325764799445705 
-6.325765578559653 
-6.3257663661085415 
-6.3257671507528155 
-6.325767932975777 
-6.325768713947421 
-6.325769492831316 
-6.325770268154539 
-6.325771050136201 
-6.32577182678193 
-6.325772601251908 
-6.3257733846989215 
-6.325774165292123 
-6.325774943442372 
-6.325775716832088 
-6.325776488300116 
-6.325777257211584 
-6.325778019521967 
-6.325778780035964 
-6.325779539034617 
-6.32578029593017 
-6.3257810514514015 
-6.325781805725651 
-6.3257825554508615 
-6.325783302987839 
-6.3257840488283135 
-6.325784793463733 
-6.325785536216416 
-6.3257862753875065 
-6.325787020935255 
-6.325787771921808 
-6.325788520447123 
-6.325789278441557 
-6.325790026077239 
-6.325790773490267 
-6.325791518848379 

 Time 
42.86150884628296 
