Energy 
 
2.3901426789892715 
2.1376762934494775 
-0.6992007524274573 
-0.6904683497386355 
-0.6866233544425213 
-1.25248205147694 
-1.5557168597003455 
-1.5546714792018324 
-1.6563503018818218 
-1.7673235333332875 
-1.7200436248194921 
-2.1101130506389505 
-3.1375844397773283 
-3.999409662423638 
-2.9496912810197875 
-2.53556638506379 
-1.917686815213865 
-0.7125436628833314 
0.25772297898662205 
1.0092957743827213 
1.9108529923056856 
1.5783281097419544 
1.6997126371719768 
0.23821827258430595 
-6.176808028673181 
-0.39219414760058835 
-1.0881043487038515 
-0.9301083291257497 
-0.9405317248472672 
0.18869193332634782 
-1.5221507341267606 
-1.7169333445344432 
-1.81359343311482 
-1.9468332219875233 
-1.9867713949553254 
-2.143612920539611 
-2.1937792318366958 
-1.9247744045641864 
-2.456344421058475 
-2.810269918940152 
-2.8539530581532255 
-3.2811521042936076 
-3.3151976169941775 
-3.4538647873003856 
-3.2091035956989695 
-4.357152579353402 
-4.326807113917567 
-4.277361000810996 
-4.032355955501758 
-3.804208199220477 
-3.8239284235678697 
-3.7926957542438116 
-3.6570002856292927 
-3.678808889861717 
-4.020523849449995 
-4.02226916627666 
-4.283255298183721 
-4.991205739186984 
-4.542587628596991 
-4.781555084776395 
-4.979892154250835 
-5.064900027191371 
-4.934825593988697 
-5.316245450833565 
-6.479856746981129 
-6.416339823333444 
-7.022411543886291 
-7.019618706415878 
-7.338789505332336 
-7.2759235810679765 
-6.962593443217424 
-7.107862303000832 
-7.113306603924586 
-7.636651692705827 
-7.412383962431096 
-7.7607137096911245 
-8.08121425935173 
-8.191246607965 
-8.110590920492985 
-7.701301750025267 
-8.056369512810015 
-7.99957459866859 
-8.389422881945604 
-9.436831697182532 
-9.338295480610817 
-11.203748956358128 
-10.187464887617109 
-10.882616960870836 
-11.10996321131106 
-10.925391111326396 
-11.514359046930938 
-11.941229125101442 
-11.73375005244405 
-11.214637257288294 
-10.809097421350566 
-11.03794694792274 
-10.723514454058481 
-11.084323150965993 
-11.45732002170819 
-12.036182884733824 
-12.010208964117002 
-11.638438582299045 
-11.100956058432807 
-10.469329214083018 
-10.333004737980014 
-10.266914950130019 
-9.89900009375569 
-9.9013899879922 
-9.803464274772317 
-10.124906499773587 
-10.076836605792577 
-10.297246216968361 
-10.9253401957244 
-11.24765805680987 
-11.818550403317888 
-12.533757986814873 
-13.747197742007168 
-12.022022130876216 
-11.261335366984849 
-10.299731912088378 
-9.800137897398741 
-10.18603921041675 
-10.03630923828576 
-10.118466814587388 
-10.356500592075609 
-10.662234235821986 
-10.966082542462125 
-11.265884347657606 
-11.32602270669575 
-11.206444973600181 
-11.272191209875245 
-11.383716475102194 
-11.626529307412406 
-11.681211709815738 
-12.007959812391858 
-11.812258355496116 
-11.947276497632279 
-11.81062759891301 
-11.811263139573871 
-11.651848853401024 
-11.937108297410731 
-12.101213230089554 
-11.89407757452539 
-11.722225583815579 
-11.641130055024181 
-11.748693807815748 
-11.815155051418811 
-11.81170798095508 
-11.88652578027162 
-11.840814638276584 
-11.798997302955566 
-11.752839056636208 
-11.861497602464167 
-11.91919408447314 
-12.018762495888954 
-11.904059508742806 
-11.906427458843433 
-12.195133362490717 
-12.410296987859397 
-12.24388819309898 
-12.361693684171795 
-12.519708747255034 
-12.376253060443121 
-12.462670518245925 
-12.467569924342703 
-12.390411383891024 
-12.626290537428996 
-12.571744486131905 
-12.43973562094647 
-12.327195906346567 
-12.195312435083434 
-12.205447432879634 
-12.366970071160605 
-12.533499474417447 
-12.386967448407603 
-12.331555843699718 
-12.387980940566127 
-12.416523180509786 
-12.415938959760993 
-12.580538463565917 
-12.501878784477524 
-12.573094075177908 
-12.455540681730517 
-12.750357553556038 
-12.715886649034575 
-12.791424596231588 
-12.901646426443822 
-12.664315316986269 
-12.912060935085291 
-12.879896646216476 
-12.83713902817408 
-12.785468274763064 
-12.966905533968562 
-12.981563944777035 
-13.03270570658655 
-13.013974395921034 
-13.053021812342589 
-13.300667201433543 
-13.078299268880416 
-13.153291719647061 
-13.155107428307165 
-13.483392258801814 
-13.52016184463977 
-13.193489805531454 
-13.154259701392307 
-13.129745970225216 
-13.487387591401747 
-13.485775252458541 
-13.88188658259992 
-13.518140446290804 
-14.520363418140949 
-14.684003589465577 
-14.624561651673329 
-14.644082153537493 
-14.662020013546075 
-14.799078428007098 
-14.724244231880295 
-14.688235437069594 
-14.686842383703787 
-14.798680003083847 
-14.790696320535 
-14.85234874803186 
-14.753289190934364 
-14.831403128295403 
-14.841871827974392 
-14.788466446991054 
-14.747099093591268 
-14.819648146714837 
-14.859788721327174 
-14.865679742426481 
-14.970485269945424 
-14.968187349669524 
-14.971035480113835 
-15.123220886240041 
-15.091741719353024 
-15.19217762005742 
-15.110017032944706 
-15.038372070445515 
-15.01661374427363 
-15.002205391504972 
-15.008904605762414 
-15.196561399407171 
-15.204962447817442 
-15.143309581412565 
-15.245977841474089 
-15.452592331258552 
-15.384960143600875 
-15.509788799232659 
-15.541607266121378 
-15.514956326276202 
-15.438305665674156 
-15.37844045879746 
-15.414728359576879 
-15.426075057491893 
-15.394762865880358 
-15.387426818864071 
-15.587066371066413 
-15.786141373519893 
-15.798778675088808 
-16.001415351501407 
-15.653266540685356 
-15.70276828764464 
-15.676055430764105 
-15.661585906090984 
-15.630214854704192 
-15.672853613528805 
-15.643111123622397 
-15.637822392456888 
-15.624325649629588 
-15.692109886667039 
-15.653263101457796 
-15.626582205414982 
-15.609052387456838 
-15.64426847968342 
-15.605797421656403 
-15.588482108308101 
-15.56165676660107 
-15.58644152916707 
-15.549856950142557 
-15.605574975289013 
-15.637416107630157 
-15.632739288207095 
-15.622119784815101 
-15.56770775677654 
-15.627925123684287 
-15.580444670267232 
-15.646511201268071 
-15.648149462823705 
-15.708985082485382 
-15.767594980696781 
-15.683311131919966 
-15.665921494063857 
-15.730226399589625 
-15.680631344639414 
-15.668688614270232 
-15.733977399988971 
-15.739427430499447 
-15.736114184731404 
-15.779495534275092 
-15.772380066436314 
-15.771551187820252 
-15.777050870452157 
-15.789470009698933 
-15.898263404857111 
-15.829268297453465 
-15.865450197048093 
-15.993863080258892 
-16.00213286412137 
-15.91213454572041 
-15.922818024531171 
-15.864986780383703 
-15.860741055069454 
-15.78731199110394 
-15.751452168138252 
-15.936511000308052 
-15.909835316255776 
-15.782002447099773 
-15.633713074211377 
-15.93178782260233 
-15.736613207556264 
-15.766752689264269 
-15.6552080301524 
-16.11171462435861 
-16.041930162234646 
-15.745901867746392 
-15.807498256354755 
-15.897934753570539 
-15.9749188775254 
-16.00197247456927 
-16.018568127381812 
-16.06018650807111 
-16.06549571881696 
-16.065204680518978 
-16.08574786603526 
-16.238953107001667 
-16.247223240807013 
-16.366904019833942 
-16.315248659352484 
-16.162309879083423 
-16.128905383371 
-16.114776317451113 
-15.987608569417253 
-16.380340974295326 
-16.61161734447837 
-16.181724356419586 
-16.004250139920718 
-16.314337895980444 
-16.24032484323415 
-16.381859324199702 
-16.389417662319666 
-16.431895252370296 
-16.445388072506674 
-16.47805589788346 
-16.78476221376812 
-16.7751484279741 
-16.848857445670454 
-16.876834048959562 
-16.918963453655234 
-17.01878765997372 
-17.04890393841184 
-17.0645748444491 
-17.101724531234055 
-17.029081497569518 
-17.14389648201908 
-17.415055550757305 
-17.412805007994137 
-17.186583722368628 
-17.086820920262156 
-17.010051216968176 
-17.321046686658264 
-17.23032518778459 
-17.30562798982781 
-17.296768160639317 
-17.290417930060155 
-17.341683149857698 
-17.343600205008173 
-17.353757315967282 
-17.366731778047157 
-17.37741372420243 
-17.39571927840963 
-17.39832663294969 
-17.46043852422993 
-17.45413091111796 
-17.45195170787182 
-17.483379998071683 
-17.435232423508825 
-17.43255909645641 
-17.434798533188584 
-17.427156679773926 
-17.42866852302214 
-17.43401227535025 
-17.433957154201693 
-17.435613027779382 
-17.44991501253143 
-17.446814235838676 
-17.453419588093087 
-17.443304910086102 
-17.432068295867445 
-17.52715354694223 
-17.595415659620546 
-17.547717088416732 
-17.58327224816291 
-17.64451777918103 
-17.614126406106333 
-17.61530819283741 
-17.59605430481893 
-17.56285933934051 
-17.558190284305596 
-17.557824944092513 
-17.572842351643988 
-17.596670851836347 
-17.588019583004357 
-17.65798224710586 
-17.690228354219595 
-17.60821095928197 
-17.596678137222415 
-17.701117377456555 
-17.69109171002536 
-17.67558724411407 
-17.66749727729919 
-17.63025928233022 
-17.648912736933546 
-17.616215702029567 
-17.601117325925387 
-17.57485389392925 
-17.559815290932434 
-17.527920441578438 
-17.481311423683675 
-17.464654622172624 
-17.532446999640783 
-17.631967395757 
-17.64105406520648 
-17.679175990481685 
-17.546593792485442 
-17.517423519135658 
-17.593139721045162 
-17.47519714221722 
-17.474366569380006 
-17.457433666744905 
-17.94495154656184 
-17.936088769311024 
-17.91062419574672 
-17.776844575214028 
-17.668878594384065 
-17.627634465095788 
-17.683100905397556 
-17.52723446469113 
-17.512192099239563 
-17.564561229254807 
-17.773121097555933 
-17.661186260638214 
-17.686530671277737 
-17.618868113883924 
-17.800597519036828 
-17.728796219030087 
-17.718450786509067 
-17.686914229444984 
-17.736878723409816 
-17.84253529014278 
-17.792215482921875 
-17.804184980656107 
-17.776973429555174 
-17.777873709037305 
-17.753486277583534 
-17.73270307594507 
-17.797648876593612 
-17.8127143426698 
-17.8441808793663 
-17.910741086993887 
-17.9612539261014 
-18.0610797324948 
-18.027380927417745 
-18.014100044073135 
-17.99709287268566 
-17.98011740595165 
-17.989270042125334 
-17.969304034722875 
-17.976846507390345 
-17.968833793743258 
-17.974920790039832 
-17.98162397723503 
-18.049943393750496 
-18.075403041425314 
-18.001042434922805 
-18.046757434989875 
-18.107121169374775 
-18.10634478192189 
-18.105824882630294 
-18.108635360791226 
-18.095709395002146 
-18.13926317390662 
-18.13639718102857 
-18.208614135492752 
-18.388244443451413 
-18.40202321314281 
-18.363433873824228 
-18.245633708800657 
-18.176921114179407 
-18.18226593957862 
-18.24839927022657 

 Time 
738.2034800052643 
