Energy 
 
1.5164924815004253 
0.16694054462889096 
-1.1702508176951016 
-2.4778301120329873 
-3.739710513296835 
-4.943212917891532 
-6.080550376986562 
-7.1488579310428975 
-8.148938496444446 
-9.08353360018502 
-9.955891308123133 
-10.768960322514609 
-11.525147344419638 
-12.226416250098726 
-12.874520210958446 
-13.471231862870514 
-14.018507665510636 
-14.51857061661977 
-14.973921390672844 
-15.387298353588694 
-15.76160808443901 
-16.09984461395289 
-16.40501052138187 
-16.680048012658865 
-16.927783958146087 
-17.150889863384293 
-17.35185582723673 
-17.53297650471292 
-17.696346691564855 
-17.84386415918632 
-17.97723761230368 
-18.097997990600657 
-18.207511706236673 
-18.30699475469838 
-18.397526933630672 
-18.48006564601191 
-18.555458952138174 
-18.624457675791646 
-18.687726471775285 
-18.7458538328146 
-18.799361060935777 
-18.848710257946635 
-18.894311406484338 
-18.936528621054975 
-18.975685650443413 
-19.012070710925972 
-19.0459407253828 
-19.07752503774793 
-19.107028665973218 
-19.13463515029995 
-19.160509047434836 
-19.18479811539385 
-19.207635228409814 
-19.229140056433465 
-19.24942053940401 
-19.268574182596577 
-19.28668919594703 
-19.303845497264717 
-19.320115596632135 
-19.335565377016508 
-19.350254784141192 
-19.364238436950718 
-19.37756616851693 
-19.390283505946893 
-19.40243209673992 
-19.414050088076475 
-19.42517246468797 
-19.43583135023361 
-19.44605627648516 
-19.45587442407779 
-19.465310838115364 
-19.474388621509647 
-19.483129108579032 
-19.491552021123297 
-19.49967560892309 
-19.507516776378885 
-19.51509119679968 
-19.5224134156746 
-19.52949694410418 
-19.536354343431793 
-19.542997301997268 
-19.549436704828903 
-19.555682696998872 
-19.561744741286155 
-19.567631670719717 
-19.573351736512144 
-19.578912651838625 
-19.58432163186722 
-19.589585430403094 
-19.5947103734717 
-19.599702390130687 
-19.604567040771844 
-19.60930954314623 
-19.613934796322674 
-19.618447402768194 
-19.622851688720566 
-19.627151723005237 
-19.631351334435205 
-19.635454127917775 
-19.639463499380614 
-19.643382649618477 
-19.64721459715238 
-19.650962190184035 
-19.65462811772087 
-19.658214919939333 
-19.66172499784838 
-19.665160622308747 
-19.668523942459014 
-19.671816993593904 
-19.67504170453718 
-19.678199904546464 
-19.6812933297847 
-19.684323629389382 
-19.687292371168088 
-19.690201046946104 
-19.69305107758948 
-19.695843817725272 
-19.6985805601782 
-19.701262540141446 
-19.703890939098198 
-19.706466888508025 
-19.708991473272615 
-19.711465734992302 
-19.71389067502539 
-19.716267257360688 
-19.718596411312475 
-19.720879034047552 
-19.723115992952017 
-19.72530812784571 
-19.727456253051756 
-19.729561159327606 
-19.731623615664134 
-19.733644370958775 
-19.735624155568587 
-19.73756368274838 
-19.73946364997944 
-19.74132474019384 
-19.74314762289911 
-19.744932955208075 
-19.74668138277856 
-19.748393540667152 
-19.750070054101766 
-19.751711539177116 
-19.753318603477286 
-19.75489184662948 
-19.756431860793306 
-19.757939231089136 
-19.759414535969757 
-19.760858347539028 
-19.76227123182114 
-19.7636537489844 
-19.76500645352295 
-19.76632989439965 
-19.76762461515399 
-19.768891153977897 
-19.770130043762606 
-19.771341812119832 
-19.77252698138001 
-19.7736860685703 
-19.774819585375116 
-19.775928038081872 
-19.7770119275138 
-19.778071748952893 
-19.779107992054055 
-19.780121140753508 
-19.781111673172347 
-19.78208006151776 
-19.78302677198266 
-19.783952264645812 
-19.78485699337337 
-19.78574140572316 
-19.78660594285265 
-19.787451039431378 
-19.7882771235592 
-19.789084616690268 
-19.78987393356381 
-19.790645482142267 
-19.791399663556653 
-19.792136872060137 
-19.79285749498936 
-19.793561912734315 
-19.794250498716195 
-19.794923619373748 
-19.795581634157834 
-19.796224895533985 
-19.79685374899321 
-19.79746853307034 
-19.798069579370104 
-19.798657212600396 
-19.799231750612737 
-19.79979350444922 
-19.80034277839592 
-19.800879870042465 
-19.801405070347094 
-19.801918663707216 
-19.80242092803468 
-19.802912134835996 
-19.803392549296305 
-19.803862430367733 
-19.80432203086079 
-19.804771597539073 
-19.805211371216956 
-19.80564158685944 
-19.806062473684314 
-19.8064742552661 
-19.806877149641586 
-19.807271369416434 
-19.807657121873 
-19.808034609078653 
-19.808404027994648 
-19.80876557058522 
-19.809119423926678 
-19.809465770316212 
-19.80980478738067 
-19.810136648184237 
-19.810461521335757 
-19.810779571095253 
-19.811090957479035 
-19.811395836364103 
-19.811694359591048 
-19.811986675065675 
-19.8122729268591 
-19.81255325530656 
-19.81282779710424 
-19.81309668540482 
-19.813360049911044 
-19.81361801696762 
-19.813870709651404 
-19.814118247859493 
-19.814360748395778 
-19.81459832505542 
-19.814831088707376 
-19.815059147375365 
-19.81528260631645 
-19.81550156809816 
-19.815716132673458 
-19.815926397453943 
-19.816132457381094 
-19.816334404995796 
-19.816532330505982 
-19.816726321852297 
-19.816916464772316 
-19.8171028428627 
-19.81728553763977 
-19.8174646285984 
-19.817640193269078 
-19.817812307273606 
-19.817981044378907 
-19.818146476549472 
-19.81830867399814 
-19.818467705235516 
-19.818623637117753 
-19.818776534893022 
-19.818926462246605 
-19.819073481344518 
-19.819217652875924 
-19.819359036094188 
-19.819497688856696 
-19.819633667663503 
-19.819767027694727 
-19.819897822846826 
-19.820026105767745 
-19.82015192789102 
-19.820275339468704 
-19.82039638960354 
-19.82051512627982 
-19.82063159639349 
-19.82074584578126 
-19.820857919248844 
-19.820967860598287 
-19.821075712654498 
-19.821181517290906 
-19.821285315454414 
-19.821387147189434 
-19.82148705166138 
-19.821585067179253 
-19.821681231217724 
-19.821775580438334 
-19.82186815071027 
-19.82195897713022 
-19.82204809404215 
-19.822135535055693 
-19.822221333064814 
-19.82230552026534 
-19.822388128172264 
-19.82246918763634 
-19.82254872886038 
-19.822626781414936 
-19.822703374253553 
-19.822778535727593 
-19.822852293600665 
-19.8229246750625 
-19.822995706742642 
-19.823065414723498 
-19.823133824553313 
-19.823200961258383 
-19.823266849355328 
-19.82333151286285 
-19.823394975312965 
-19.82345725976237 
-19.82351838880304 
-19.823578384572805 
-19.823637268765623 
-19.82369506264139 
-19.823751787035782 
-19.823807462369516 
-19.82386210865759 
-19.823915745518196 
-19.82396839218137 
-19.824020067497518 
-19.824070789945587 
-19.824120577641136 
-19.82416944834408 
-19.824217419466457 
-19.824264508079676 
-19.824310730921873 
-19.824356104404934 
-19.824400644621363 
-19.824444367351038 
-19.824487288067697 
-19.824529421945343 
-19.824570783864466 
-19.82461138841816 
-19.824651249917995 
-19.8246903823999 
-19.82472879962968 
-19.82476651510867 
-19.824803542079025 
-19.824839893529038 
-19.82487558219828 
-19.82491062058257 
-19.824945020938948 
-19.82497879529042 
-19.825011955430714 
-19.825044512928724 
-19.82507647913315 
-19.82510786517677 
-19.82513868198072 
-19.825168940258763 
-19.825198650521248 
-19.82522782307928 
-19.82525646804844 
-19.825284595352777 
-19.825312214728484 
-19.825339335727595 
-19.82536596772149 
-19.825392119904553 
-19.82541780129747 
-19.82544302075067 
-19.82546778694757 
-19.825492108407893 
-19.825515993490686 
-19.825539450397535 
-19.8255624871755 
-19.825585111720166 
-19.82560733177847 
-19.8256291549516 
-19.82565058869775 
-19.82567164033484 
-19.825692317043284 
-19.825712625868395 
-19.82573257372326 
-19.825752167391002 
-19.825771413527296 
-19.825790318662897 
-19.825808889205927 
-19.82582713144413 
-19.825845051547297 
-19.82586265556941 
-19.825879949450787 
-19.825896939020346 
-19.825913629997544 
-19.82593002799466 
-19.82594613851856 
-19.82596196697286 
-19.825977518659826 
-19.82599279878224 
-19.826007812445276 
-19.82602256465841 
-19.826037060337075 
-19.826051304304563 
-19.826065301293667 
-19.826079055948423 
-19.826092572825715 
-19.82610585639697 
-19.826118911049726 
-19.826131741089213 
-19.826144350739874 
-19.826156744146886 
-19.826168925377633 
-19.826180898423246 
-19.82619266719981 
-19.826204235550055 
-19.82621560724447 
-19.826226785982787 
-19.826237775395356 
-19.82624857904421 
-19.82625920042463 
-19.82626964296616 
-19.826279910033957 
-19.826290004929973 
-19.826299930894127 
-19.82630969110537 
-19.826319288683006 
-19.826328726687684 
-19.826338008122498 
-19.82634713593408 
-19.826356113013638 
-19.82636494219808 
-19.826373626270826 
-19.82638216796301 
-19.82639056995439 
-19.82639883487425 
-19.826406965302397 
-19.82641496377006 
-19.826422832760823 
-19.826430574711505 
-19.826438192013008 
-19.826445687011226 
-19.826453062007804 
-19.826460319261066 
-19.826467460986702 
-19.826474489358713 
-19.826481406510062 
-19.826488214533462 
-19.826494915482236 
-19.826501511370886 
-19.826508004175984 
-19.826514395836725 
-19.826520688255762 
-19.826526883299778 
-19.826532982800234 
-19.826538988554027 
-19.826544902324066 
-19.826550725840008 
-19.82655646079877 
-19.826562108865243 
-19.82656767167283 
-19.826573150824046 
-19.82657854789114 
-19.8265838644166 
-19.82658910191371 
-19.826594261867168 
-19.826599345733584 
-19.82660435494195 
-19.826609290894233 
-19.826614154965895 
-19.826618948506326 
-19.826623672839318 
-19.826628329263645 
-19.826632919053445 
-19.82663744345875 
-19.826641903705866 
-19.82664630099783 
-19.826650636514948 
-19.8266549114151 
-19.826659126834183 
-19.826663283886628 
-19.826667383665605 
-19.826671427243667 
-19.82667541567295 
-19.826679349985618 
-19.826683231194266 
-19.82668706029224 
-19.826690838254052 
-19.826694566035684 
-19.826698244574953 
-19.826701874791905 
-19.826705457589068 
-19.826708993851796 
-19.826712484448677 
-19.826715930231746 
-19.826719332036884 
-19.826722690684015 
-19.826726006977516 
-19.826729281706438 
-19.826732515644895 
-19.826735709552132 
-19.82673886417311 
-19.82674198023851 
-19.82674505846517 
-19.8267480995562 
-19.82675110420139 
-19.82675407307744 
-19.82675700684804 
-19.82675990616434 
-19.826762771665095 
-19.826765603976785 
-19.826768403714084 
-19.826771171479894 
-19.826773907865636 
-19.82677661345145 
-19.826779288806478 
-19.82678193448888 
-19.82678455104634 
-19.826787139015998 
-19.82678969892481 
-19.82679223128963 
-19.826794736617497 
-19.826797215405747 

 Time 
336.5515465736389 
