Energy 
 
-4.680108483309092 
-5.1492341888446465 
-5.80031042215889 
-6.548629502186411 
-7.356022006547944 
-8.161127193750792 
-8.861055073607938 
-9.428667811625118 
-9.875691927426423 
-10.21783513689732 
-10.448538500501511 
-10.638787530703352 
-10.797744321434386 
-10.92951588089433 
-11.034610671848238 
-11.113272234354946 
-11.179187988100407 
-11.258296438064747 
-11.318430390092598 
-11.38144663449578 
-11.42357184177163 
-11.46105445252258 
-11.495251539813479 
-11.530644936840188 
-11.562431349558546 
-11.593593408671723 
-11.623722155822213 
-11.649428895956655 
-11.67404808849763 
-11.694605036821928 
-11.71381458506765 
-11.732392766050449 
-11.749424053887608 
-11.765353580859443 
-11.779772472602682 
-11.797037870336338 
-11.81204893116865 
-11.83027816353881 
-11.846897208518772 
-11.858608505835814 
-11.86928684171309 
-11.88051793455622 
-11.890683368622376 
-11.900188442643366 
-11.909132537255372 
-11.917587940132483 
-11.925621244654687 
-11.93407999986244 
-11.941845974570912 
-11.937855950743252 
-11.955142751484258 
-11.966634068419781 
-11.97426941069851 
-11.980948910574389 
-11.987021988540757 
-11.992666748888649 
-11.998015058678641 
-12.003107680777145 
-12.007988575593053 
-12.012646509149384 
-12.017069896056604 
-12.021249996477733 
-12.025364424988549 
-12.029268743590293 
-12.033011550666897 
-12.036629797695555 
-12.039380910012907 
-12.043001669531659 
-12.046237832536363 
-12.049290330202961 
-12.052216169435763 
-12.055145307723485 
-12.058054681147382 
-12.060704183470383 
-12.063257488400073 
-12.065638900355419 
-12.067861458843506 
-12.070312635964207 
-12.07244130470115 
-12.074481123304084 
-12.076427355832418 
-12.078343754564212 
-12.080144624029172 
-12.081866552791487 
-12.083551947163016 
-12.085152518504877 
-12.086700624227168 
-12.08819619773101 
-12.089617122280375 
-12.090772131912557 
-12.091680345923976 
-12.092791731174232 
-12.094358157226289 
-12.095733220128668 
-12.096945039547709 
-12.097987324159384 
-12.09898368086272 
-12.099979542230582 
-12.100922617546022 
-12.101819800689855 
-12.102714778489114 
-12.103549544747114 
-12.104338381561455 
-12.10508956204443 
-12.105760939159945 
-12.105659473983334 
-12.106874147484776 
-12.107599741768887 
-12.10823561746185 
-12.108823581942753 
-12.10937143639991 
-12.109886067946766 
-12.110371909548336 
-12.110710964061983 
-12.111281337258252 
-12.111712696701554 
-12.112124005342915 
-12.112515240972712 
-12.112868210903928 
-12.113205860782998 
-12.113526688162219 
-12.113832364751591 
-12.114124945061018 
-12.114403738483002 
-12.11466859644002 
-12.114924350133142 
-12.115166967582633 
-12.11539792364139 
-12.115618662310334 
-12.115830649122127 
-12.116030032050425 
-12.11622020773961 
-12.116410652767009 
-12.11659362126896 
-12.116759598915705 
-12.116905753681015 
-12.116912257224719 
-12.117131869698028 
-12.117298713696693 
-12.117442018341606 
-12.117572353108542 
-12.117694828034525 
-12.117810300766507 
-12.117917197966062 
-12.11801856533242 
-12.11811178785086 
-12.118212202121223 
-12.118304323393394 
-12.118390585963844 
-12.118472863944115 
-12.118551949953734 
-12.118627059549299 
-12.118698770743674 
-12.11876695734272 
-12.11883206458344 
-12.118894217275978 
-12.118953655018998 
-12.119006422162935 
-12.119059067284864 
-12.1191091645237 
-12.119157323074754 
-12.119203702304542 
-12.11924786979062 
-12.119290149150958 
-12.119330692938854 
-12.119369541044996 
-12.119406747976974 
-12.119442418259819 
-12.119476632881778 
-12.11950947167939 
-12.119540968609066 
-12.11957119482116 
-12.119600037050766 
-12.119627724232032 
-12.119653797225524 
-12.119676496426328 
-12.119687906044954 
-12.119721029945916 
-12.119744623467254 
-12.11974483039173 
-12.119761581459555 
-12.119803645711599 
-12.119824918368652 
-12.11984346852578 
-12.119860771361745 
-12.119877266417053 
-12.119893048484276 
-12.119908133338566 
-12.119922613620354 
-12.119936520672727 
-12.119949885907191 
-12.119962736812676 
-12.11997511698444 
-12.119987016671702 
-12.11999846503074 
-12.120009464712037 
-12.120020067056974 
-12.12003021500161 
-12.120039964757174 
-12.120049453650307 
-12.120058584865323 
-12.120067405930675 
-12.120075854224215 
-12.12008381280491 
-12.120091454545102 
-12.120098842423918 
-12.120106005910767 
-12.12011274152407 
-12.120119326050244 
-12.120125597447874 
-12.120131621476553 
-12.120137411265508 
-12.120142975454035 
-12.12014832346642 
-12.120153462696635 
-12.120158391564502 
-12.12016311815346 
-12.120167660416708 
-12.120171955120052 
-12.120176059424335 
-12.120179994681896 
-12.120183768568436 
-12.120187383914535 
-12.120190839040726 
-12.120194150552676 
-12.120197311474737 
-12.120200137295297 
-12.120202694392106 
-12.120206563989255 
-12.120209248053241 
-12.120211805659805 
-12.120214258456787 
-12.120216634066868 
-12.120218915505728 
-12.120221106504243 
-12.120223219533258 
-12.120225250942239 
-12.120227207499303 
-12.12022908831013 
-12.12023089639986 
-12.12023262808898 
-12.120234288800862 
-12.120235810772833 
-12.120237261562359 
-12.12023865841296 
-12.120239990234857 
-12.120241249262078 
-12.12024245989019 
-12.120243614194786 
-12.120244723422887 
-12.120245781377992 
-12.12024680007916 
-12.120247782490829 
-12.120248727328013 
-12.120249635044726 
-12.120250509426805 
-12.120251353317014 
-12.120252168628758 
-12.120252954620181 
-12.120253713265658 
-12.120254446000883 
-12.120255153756988 
-12.120255838996687 
-12.120256501245994 
-12.120257140887283 
-12.12025775890551 
-12.120258354814874 
-12.120258932239283 
-12.120259490845088 
-12.120260031608904 
-12.120260553853829 
-12.120261058603479 
-12.120261546510118 
-12.120262023410525 
-12.120262488541488 
-12.120262936855445 
-12.12026336904931 
-12.120263786752798 
-12.120264189485411 
-12.120264576909056 
-12.120264950709453 
-12.120265311022738 
-12.12026565849849 
-12.120265993700468 
-12.120266317669225 
-12.120266630136927 
-12.120266931562533 
-12.120267222692648 
-12.12026750344017 
-12.120267774190163 
-12.120268034696272 
-12.120268284952127 
-12.120268526232511 
-12.120268758720064 
-12.12026898290153 
-12.120269199884655 
-12.120269408774766 
-12.12026961103786 
-12.120269806012855 
-12.120269993744092 
-12.12027017457411 
-12.120270347705526 
-12.120270514555402 
-12.12027067623559 
-12.120270832085515 
-12.120270981868533 
-12.120271127344434 
-12.120271267959925 
-12.120271403496226 
-12.120271533435119 
-12.120271656897671 
-12.120271775890801 
-12.120271890608278 
-12.120272001050067 
-12.120272107511962 
-12.120272210629473 
-12.12027231159017 
-12.120272408797451 
-12.120272502454043 
-12.120272592708474 
-12.120272679510405 
-12.120272763143364 
-12.120272843797203 
-12.120272921820035 
-12.120272997310844 
-12.120273070231809 
-12.120273140347983 
-12.120273208041477 
-12.120273273168786 
-12.120273335829069 
-12.12027339605227 
-12.120273454012441 
-12.120273509739594 
-12.120273563333528 
-12.120273614895325 
-12.120273664493174 
-12.120273712110526 
-12.120273757924807 
-12.120273801923906 
-12.120273844263307 
-12.120273885026823 
-12.120273924192126 
-12.120273961844616 
-12.12027399793186 
-12.12027403265417 
-12.120274066115545 
-12.120274098229844 
-12.120274129176247 
-12.120274158972055 
-12.120274187585018 
-12.120274215240732 
-12.12027424181792 
-12.120274267495173 
-12.120274292035791 
-12.12027431556073 
-12.120274338185087 
-12.12027435992738 
-12.120274380909683 
-12.120274401076385 
-12.120274420502854 
-12.120274439171698 
-12.120274457083504 
-12.120274474252218 
-12.120274490710257 
-12.120274506521241 
-12.120274521717404 
-12.120274536316433 
-12.120274550349105 
-12.12027456382999 
-12.120274576765308 
-12.120274589189991 
-12.120274601123809 
-12.12027461258217 
-12.120274623610653 
-12.120274634178537 
-12.12027464432833 
-12.120274654068117 
-12.120274663478531 
-12.120274672519836 
-12.120274681194354 
-12.120274689526175 
-12.120274697525769 
-12.120274705205984 
-12.120274712586374 
-12.120274719637784 
-12.120274726412877 
-12.120274732918594 
-12.12027473916339 
-12.120274745159335 
-12.120274750916636 
-12.120274756444001 
-12.12027476178603 
-12.120274766910846 
-12.1202747718281 
-12.120274776525882 
-12.12027478104923 
-12.120274785390684 
-12.120274789548143 
-12.12027479353624 
-12.120274797361883 
-12.120274801031718 
-12.120274804551517 
-12.120274807904213 
-12.120274811113024 
-12.12027481419186 
-12.12027481714515 
-12.120274819978837 
-12.120274822698402 
-12.120274825308112 
-12.12027482780756 
-12.120274830205746 
-12.120274832506661 
-12.120274834715305 
-12.120274836837844 
-12.120274838872913 
-12.120274840826127 
-12.120274842701287 
-12.120274844502333 
-12.120274846232956 
-12.120274847892947 
-12.120274849485927 
-12.12027485101407 
-12.120274852480028 
-12.12027485388258 
-12.120274855228276 
-12.120274856519304 
-12.120274857760371 
-12.120274858947361 
-12.120274860085539 
-12.120274861182013 
-12.120274862231428 
-12.120274863234682 
-12.120274864196864 
-12.12027486511976 
-12.12027486600559 
-12.120274866857486 
-12.120274867674397 
-12.120274868451471 
-12.12027486919673 
-12.12027486990939 
-12.12027487059297 
-12.120274871248354 
-12.120274871877047 
-12.120274872481177 
-12.120274873059794 
-12.120274873615372 
-12.12027487414165 
-12.120274874646958 
-12.120274875131768 
-12.120274875595983 
-12.120274876042062 
-12.120274876470063 
-12.120274876880483 
-12.120274877274872 
-12.120274877653316 
-12.120274878016374 
-12.120274878364752 
-12.120274878698632 
-12.120274879020172 
-12.12027487932877 
-12.120274879624102 
-12.12027487990693 
-12.120274880179652 
-12.120274880441556 
-12.120274880692731 
-12.120274880933623 
-12.12027488116475 
-12.120274881385987 
-12.120274881597915 
-12.120274881800098 
-12.120274881994083 
-12.120274882180153 
-12.120274882358583 
-12.120274882529724 
-12.12027488269387 
-12.120274882851907 
-12.120274883003468 
-12.120274883149115 
-12.120274883288772 
-12.120274883421557 
-12.120274883548905 
-12.120274883671046 
-12.120274883787417 
-12.120274883898086 
-12.120274884004584 
-12.120274884106815 
-12.120274884204758 
-12.120274884298784 
-12.12027488438888 
-12.120274884475315 
-12.120274884558262 
-12.120274884637688 
-12.120274884713545 
-12.120274884786332 
-12.120274884856181 
-12.120274884923075 
-12.120274884987454 
-12.120274885049131 
-12.120274885108097 
-12.120274885164736 

 Time 
582.6605107784271 
