Energy 
 
-5.6334317086644035 
-6.01741825145468 
-6.544125613352291 
-7.013213202198545 
-7.49268987492072 
-7.997747739714031 
-8.501502235235902 
-8.956652729335557 
-9.34280287949258 
-9.615637591369733 
-9.84289154031556 
-10.0305928805229 
-10.193875373359727 
-10.327461725089677 
-10.442851339144495 
-10.54644148552549 
-10.633374943855891 
-10.71127531774431 
-10.779585991662165 
-10.839199360690978 
-10.891292592523662 
-10.937214662250112 
-10.979717545958302 
-11.024442120632857 
-11.062776531776656 
-11.097654151022072 
-11.133573040799844 
-11.168104817739948 
-11.204236849551988 
-11.224093034871899 
-11.2606482595688 
-11.286578675954015 
-11.31018285678385 
-11.333366033944174 
-11.354282117135075 
-11.374053924230214 
-11.39288919591799 
-11.412498897865303 
-11.429595436402181 
-11.446217213758441 
-11.46232102545591 
-11.478036299181694 
-11.49464076454521 
-11.511544091320904 
-11.528427587838776 
-11.543898439489118 
-11.558430066243194 
-11.572369278908663 
-11.585910518454888 
-11.598894937057445 
-11.611615308921662 
-11.624440314338642 
-11.63679659341111 
-11.648734923027865 
-11.66109432505929 
-11.67259648094653 
-11.683712831201568 
-11.694459840639707 
-11.705017220798936 
-11.7153759692887 
-11.725458222762564 
-11.735268531380962 
-11.745567246632833 
-11.755486615613613 
-11.765065170399117 
-11.77435011400611 
-11.78327375135935 
-11.7919190237541 
-11.800214835561045 
-11.808167484266894 
-11.81613508402763 
-11.823533767386389 
-11.830799049399713 
-11.837590087393638 
-11.844084999928127 
-11.850988635486834 
-11.857780045358933 
-11.864181731246974 
-11.870523005688693 
-11.876513469744268 
-11.882122528954442 
-11.887421610150367 
-11.892491420763704 
-11.897118040390533 
-11.901585624421992 
-11.905838742554451 
-11.909880035836728 
-11.913794445190193 
-11.917489041329343 
-11.921012759596373 
-11.924398151323143 
-11.927654305071286 
-11.930750124183682 
-11.933710002533443 
-11.936537420548298 
-11.939270686514924 
-11.941887356147943 
-11.944395484775912 
-11.946828893976823 
-11.949150122913059 
-11.951362916028577 
-11.953485652802712 
-11.955525029449667 
-11.957481602383643 
-11.959362971671919 
-11.96111678940922 
-11.96277641426099 
-11.964361158094873 
-11.965877465670998 
-11.966541178525187 
-11.963585692201935 
-11.969641398004017 
-11.9712066161499 
-11.97256420477864 
-11.973827949808685 
-11.975012439788397 
-11.976088133717294 
-11.977103046247628 
-11.978061963536838 
-11.978979171185676 
-11.979815426829797 
-11.980613310356468 
-11.981377680061362 
-11.982116933834126 
-11.982828895291028 
-11.983512687702568 
-11.984172642670087 
-11.98478827040428 
-11.985379852203991 
-11.986008408032355 
-11.986670156170712 
-11.987232537253124 
-11.987779976729017 
-11.988297992843078 
-11.98879201565607 
-11.989265045212107 
-11.98971691928187 
-11.99015113835572 
-11.990559564254134 
-11.990863499339843 
-11.990445291803484 
-11.99145573695159 
-11.992034343492652 
-11.992392928923945 
-11.992722954736806 
-11.993030816716052 
-11.99331323363181 
-11.992995607046497 
-11.993687158903432 
-11.994039952754482 
-11.994329019269372 
-11.994156304958551 
-11.99481642932115 
-11.995050302717344 
-11.995262690089913 
-11.995464987631532 
-11.995659343301947 
-11.995843999066569 
-11.996022043688015 
-11.996192731251998 
-11.99635054618063 
-11.996156978093355 
-11.996621088603815 
-11.996820879310038 
-11.996967975077085 
-11.997103552985138 
-11.997233352599087 
-11.997357665360957 
-11.997476590514811 
-11.997590590882792 
-11.997699783996477 
-11.997804119389542 
-11.997904861723153 
-11.99800165105663 
-11.998096832790301 
-11.998187042560566 
-11.998272733814666 
-11.99835453971491 
-11.998433007682614 
-11.998507727623505 
-11.998582020925332 
-11.998650987224273 
-11.998716419409707 
-11.998779208163032 
-11.998838036390495 
-11.998894219592058 
-11.998947793962321 
-11.998999202219789 
-11.999048046044654 
-11.999094600729293 
-11.999138953345113 
-11.999181259987779 
-11.999221609452926 
-11.999260090916025 
-11.99929678595742 
-11.99933185473116 
-11.999365428397237 
-11.999398101655364 
-11.999428941082023 
-11.999458476246845 
-11.999486488061521 
-11.999513487783364 
-11.999539570384137 
-11.999564445719058 
-11.999587880481599 
-11.99961005321575 
-11.999630952635231 
-11.99965074725466 
-11.999669480642355 
-11.999687229149863 
-11.999704095835202 
-11.99972010280212 
-11.999735140436906 
-11.999749114881755 
-11.99976220623881 
-11.999774574368427 
-11.999786366305358 
-11.999797532528664 
-11.999808144386298 
-11.999818283689136 
-11.999827878093347 
-11.999837001433367 
-11.999845588301419 
-11.999853712623208 
-11.99986150382257 
-11.999868868500963 
-11.999875812415821 
-11.999882554206218 
-11.999888943000235 
-11.999895019147687 
-11.999900763772963 
-11.999906148254043 
-11.99991119917847 
-11.999915987201328 
-11.99992050910085 
-11.999924784396232 
-11.99992878479029 
-11.999932573956825 
-11.9999361574513 
-11.999939551682138 
-11.999942782916953 
-11.99994584357025 
-11.999948752821778 
-11.999951512323154 
-11.999954124157657 
-11.999956598914189 
-11.999958945653157 
-11.999961167620055 
-11.999963263335022 
-11.999965244344388 
-11.999967136669277 
-11.999968923125303 
-11.999970612108777 
-11.9999722165909 
-11.999973732294828 
-11.999975167492615 
-11.999976521138496 
-11.999977799768624 
-11.999979010568268 
-11.999980156686398 
-11.999981241873671 
-11.999982271370218 
-11.99998323546997 
-11.999984149488101 
-11.999985019864543 
-11.99998584318426 
-11.99998661135456 
-11.999987336928852 
-11.999988000505889 
-11.999988620717366 
-11.999989204501505 
-11.999989751527098 
-11.999990269065043 
-11.999990760283865 
-11.999991226877425 
-11.999991671206205 
-11.999992093299937 
-11.999992492769781 
-11.999992871353498 
-11.999993231139165 
-11.999993573896365 
-11.999993899636351 
-11.999994209074627 
-11.999994503893706 
-11.9999947845987 
-11.999995047541004 
-11.99999529637243 
-11.99999553277783 
-11.99999575815201 
-11.99999597171707 
-11.99999617440942 
-11.999996366958685 
-11.999996550018196 
-11.999996724304639 
-11.999996890048816 
-11.999997045493183 
-11.999997193147284 
-11.99999733362143 
-11.99999746692466 
-11.999997593883979 
-11.999997714423447 
-11.999997828753987 
-11.999997937352218 
-11.999998040062485 
-11.999998137765642 
-11.999998230654228 
-11.999998319077461 
-11.999998403243724 
-11.999998483007799 
-11.999998558864638 
-11.99999863079357 
-11.999998699204204 
-11.999998764265513 
-11.999998826179805 
-11.999998884964517 
-11.999998940125918 
-11.999998992292733 
-11.999999041642926 
-11.999999088632253 
-11.999999133355853 
-11.999999174527325 
-11.999999213692773 
-11.999999251019943 
-11.999999286154896 
-11.999999319460008 
-11.999999351500263 
-11.999999381996808 
-11.999999411065781 
-11.999999438724892 
-11.999999465099933 
-11.999999490233153 
-11.99999951419731 
-11.999999537080102 
-11.999999558887582 
-11.999999579679697 
-11.999999599499057 
-11.999999618373245 
-11.999999636367201 
-11.999999653567006 
-11.999999669986757 
-11.999999685635887 
-11.999999700478433 
-11.999999714659456 
-11.99999972817053 
-11.999999741205997 
-11.999999753599763 
-11.999999765351378 
-11.999999776540637 
-11.999999787199263 
-11.999999797389004 
-11.999999807087955 
-11.999999816381436 
-11.999999825167825 
-11.999999833534192 
-11.999999841500959 
-11.999999849073163 
-11.999999856284902 
-11.999999863147936 
-11.999999869684599 
-11.999999875896352 
-11.999999881813011 
-11.999999887448688 
-11.999999892822965 
-11.999999897948243 
-11.999999902830961 
-11.999999907472791 
-11.999999911889184 
-11.99999991610715 
-11.999999920122923 
-11.999999924018093 
-11.999999927723287 
-11.99999993124518 
-11.999999934595277 
-11.999999937788386 
-11.999999940771499 
-11.99999994360336 
-11.999999946296317 
-11.999999948858207 
-11.999999951297688 
-11.999999953621726 
-11.999999955821583 
-11.99999995791738 
-11.999999959912486 
-11.999999961810245 
-11.999999963616878 
-11.999999965325738 
-11.999999966954583 
-11.999999968481749 
-11.999999969938612 
-11.999999971328867 
-11.999999972652086 
-11.999999973914914 
-11.999999975122286 
-11.999999976268866 
-11.999999977363009 
-11.999999978407967 
-11.99999997940475 
-11.999999980356808 
-11.999999981264846 
-11.999999982133717 
-11.999999982963153 
-11.999999983754117 
-11.999999984508523 
-11.99999998522802 
-11.99999998591429 
-11.999999986568739 
-11.999999987192773 
-11.999999987787456 
-11.999999988355436 
-11.999999988898413 
-11.999999989413507 
-11.999999989903928 
-11.99999999037246 
-11.999999990817772 
-11.999999991243714 
-11.999999991646787 
-11.999999992031764 
-11.999999992399124 
-11.99999999274956 
-11.999999993083785 
-11.99999999340272 
-11.999999993708023 
-11.99999999399873 
-11.999999994275866 
-11.999999994540184 
-11.999999994792224 
-11.99999999503204 
-11.999999995260694 
-11.999999995478671 
-11.999999995686535 
-11.999999995884979 
-11.999999996074282 
-11.999999996254898 
-11.999999996426629 
-11.999999996590779 
-11.99999999674742 
-11.999999996897067 
-11.999999997040412 
-11.99999999717684 
-11.999999997306979 
-11.999999997431146 
-11.999999997549562 
-11.999999997662526 
-11.999999997769864 
-11.99999999787235 
-11.999999997970301 
-11.999999998063894 
-11.999999998153196 
-11.99999999823832 
-11.999999998319753 
-11.999999998397373 
-11.999999998471452 
-11.999999998542123 
-11.999999998609436 
-11.999999998672312 
-11.999999998732289 
-11.999999998789256 
-11.999999998843666 
-11.99999999889567 
-11.999999998945327 
-11.99999999899275 
-11.999999999038055 
-11.999999999081313 
-11.99999999912269 
-11.999999999162124 
-11.999999999199709 
-11.999999999235527 
-11.999999999269823 
-11.99999999930257 
-11.999999999333822 
-11.999999999363592 
-11.999999999391994 
-11.999999999419048 
-11.999999999444903 
-11.999999999469601 
-11.999999999493253 
-11.999999999515937 
-11.99999999953759 
-11.99999999955829 
-11.999999999578058 
-11.999999999596966 
-11.999999999614982 
-11.999999999632218 
-11.999999999648628 
-11.999999999664308 
-11.999999999679277 
-11.999999999693562 
-11.999999999707144 
-11.999999999720151 
-11.999999999732589 
-11.999999999744444 
-11.999999999755781 
-11.999999999766644 
-11.999999999776934 
-11.999999999786757 
-11.99999999979617 
-11.999999999805151 
-11.999999999813769 
-11.999999999821998 
-11.99999999982986 

 Time 
292.8152770996094 
