Energy 
 
3.8998005448887016 
2.1687511403894772 
-0.32801413339888863 
-2.924411321263885 
-5.585677079275763 
-8.30623153522598 
-10.544490123888643 
-12.490498040283093 
-13.800147218387135 
-14.882103780546299 
-15.724893484832576 
-16.356783292183984 
-16.85453569314804 
-17.234295644604405 
-17.53533794345398 
-17.813614660583706 
-18.070445879638804 
-18.319838624809176 
-18.55970313133757 
-18.802105927962277 
-19.02997760253931 
-19.243055460781207 
-19.49477597769371 
-19.70441955980606 
-19.895352796558484 
-20.07090343260775 
-20.26273409870081 
-20.4422927670278 
-20.610659491873903 
-20.768567743250134 
-20.893139620354553 
-21.01213425511398 
-21.127321986226544 
-21.239244264357282 
-21.348568845287087 
-21.45482933599961 
-21.5601740063581 
-21.6658144917569 
-21.78112828533778 
-21.896373221437546 
-21.997041284253495 
-22.09184505446741 
-22.179990846683808 
-22.264544075896605 
-22.342036897400153 
-22.39746194116283 
-22.46193262044805 
-22.561792537677654 
-22.652873683370814 
-22.724379796899537 
-22.793438220913494 
-22.860791260979997 
-22.925866290584633 
-22.98908283003677 
-23.051001921204655 
-23.111031238011968 
-23.169192657322867 
-23.22616765476723 
-23.28063421451684 
-23.335705004850997 
-23.386484593663294 
-23.435406520306472 
-23.48263676711559 
-23.525254301054535 
-23.544043482487016 
-23.582335733648172 
-23.652689608584424 
-23.69976397294007 
-23.73893407511934 
-23.77652182908469 
-23.81547900254373 
-23.852937102911 
-23.889798582171316 
-23.925316445831058 
-23.959965963013477 
-23.993371421087307 
-24.02604043968862 
-24.05765539344562 
-24.088722576821734 
-24.11869430664133 
-24.147548027190844 
-24.17432103971091 
-24.201501642991268 
-24.22638685832276 
-24.17868491073798 
-23.240404352389298 
-14.196844577605084 
-13.462374032127197 
-17.52269694179543 
-22.736518641510482 
-24.04017117906011 
-24.274729969306456 
-24.351640487902714 
-24.39428671910679 
-24.425920195113196 
-24.453104427379618 
-24.477927801836366 
-24.46430554651059 
-24.42476026348249 
-24.536563831054114 
-24.563399283196286 
-24.569207124819734 
-24.568633256952992 
-24.623226441472504 
-24.64279848394753 
-24.660266151547606 
-24.67816248269195 
-24.695597867034905 
-24.711876313620525 
-24.727959638763746 
-24.74175205995332 
-24.756054627534787 
-24.773074855828238 
-24.785898537968645 
-24.780377322008672 
-24.675964842728273 
-24.405106402300387 
-24.148975903342752 
-23.943862848645697 
-23.53540718097822 
-24.781937108083486 
-24.86892469013074 
-24.89893336436743 
-24.912290578445372 
-24.924238300324312 
-24.933624281149676 
-24.94195998600065 
-24.95023443639281 
-24.95610248794558 
-24.945179810265607 
-24.96171011709637 
-24.977490103473404 
-24.99150774555878 
-25.003223505685376 
-25.01406608958991 
-25.019270581896336 
-25.017836840079863 
-25.01063670120651 
-25.00872592840581 
-25.01916595615388 
-25.03805494837235 
-25.061820518810954 
-25.075089276975728 
-25.08382419921252 
-25.09065424138511 
-25.097184885646335 
-25.10372501200242 
-25.110102622297468 
-25.1139865884145 
-25.097975004638144 
-24.968270029427224 
-24.884383869398476 
-24.94572157088978 
-25.099417753414873 
-25.139207445030248 
-25.148092362183622 
-25.15458470364685 
-25.160631617284334 
-25.16619055205453 
-25.17144429703855 
-25.176388977969975 
-25.18111478951898 
-25.185606812040927 
-25.189866253799917 
-25.19390305781058 
-25.1951752907714 
-25.19423620879619 
-25.190310600853003 
-25.197757834168655 
-25.212838922227494 
-25.217345148336122 
-25.22111563668496 
-25.22478928789066 
-25.22840777647133 
-25.231924626597795 
-25.235352906061394 
-25.238697038858177 
-25.241965816273357 
-25.24514009873222 
-25.24832974928361 
-25.25142553492981 
-25.25447673351134 
-25.257455708996737 
-25.260365705224423 
-25.263165028139852 
-25.265865963295425 
-25.268483939447577 
-25.271018161590394 
-25.27355303540941 
-25.276010490109286 
-25.27840623551331 
-25.280743806152074 
-25.28303333824594 
-25.28525555680875 
-25.287365155216367 
-25.289418065959968 
-25.29141966626311 
-25.293381180464227 
-25.295290853829567 
-25.297154288156296 
-25.298942854688477 
-25.300700049783373 
-25.30244635564735 
-25.30415215202717 
-25.305834902520374 
-25.30748155487211 
-25.30909520807057 
-25.310662868676612 
-25.312188220731212 
-25.31367952763496 
-25.315134824924492 
-25.31655791030528 
-25.31794842464539 
-25.31929375756563 
-25.32063306945823 
-25.3219337325325 
-25.323179529250318 
-25.324397302105815 
-25.325574726124568 
-25.326724593128265 
-25.32679644266239 
-25.29450215235049 
-25.05864838300404 
-24.41331464059428 
-25.185281402185318 
-25.253098953075146 
-25.15582808888768 
-24.664586469783156 
-24.096535849257414 
-23.45100159125061 
-22.50266700504548 
-22.13812399776006 
-23.331646211527197 
-22.639047548923454 
-21.985425667967693 
-22.811997211915944 
-25.130024188630284 
-25.276763461308008 
-25.31183851949357 
-25.326326508353457 
-25.33406366146528 
-25.339435182335894 
-25.34331411424492 
-25.346237499130524 
-25.34845956528173 
-25.350211324751893 
-25.351636882793528 
-25.352823981189513 
-25.353834160678648 
-25.354714075141818 
-25.35550852679052 
-25.356237436052172 
-25.35688830765266 
-25.357475386548888 
-25.35800750126557 
-25.358489721017378 
-25.35893447688541 
-25.359350773078177 
-25.359743930648296 
-25.36011508807784 
-25.360467912212904 
-25.360804598325455 
-25.361128950835763 
-25.36144151920213 
-25.361728654504503 
-25.362006706666403 
-25.36227591357296 
-25.362537273200108 
-25.362792473541177 
-25.363039962257364 
-25.363279053642465 
-25.363505614610148 
-25.36372643342459 
-25.363946421684382 
-25.364169084211152 
-25.364382659285816 
-25.364589763557934 
-25.364788246664112 
-25.36498281102782 
-25.365171684286068 
-25.365354819810413 
-25.365528305399593 
-25.36569575865795 
-25.36585812005527 
-25.36601400826013 
-25.366165941223933 
-25.36593451208844 
-25.36212270577961 
-25.359634453390665 
-25.357987139383663 
-25.36482553057278 
-25.366884330999596 
-25.367093981129845 
-25.367235388318548 
-25.367366349615807 
-25.36749263833463 
-25.367614722974743 
-25.367731626744252 
-25.36784551183975 
-25.367956611389694 
-25.36806446485535 
-25.368170726156954 
-25.36827444225881 
-25.368375550655973 
-25.36847409394382 
-25.368570149447386 
-25.368663905116442 
-25.3687601411271 
-25.368854809715238 
-25.36894677857515 
-25.36903626534983 
-25.36912308294782 
-25.369207783834952 
-25.36929034394313 
-25.369371054221297 
-25.36944958946705 
-25.369526249814164 
-25.369600785400763 
-25.369675067021188 
-25.369747416682657 
-25.369817894975785 
-25.36988615275679 
-25.369952169781527 
-25.370016427157562 
-25.370079162139145 
-25.370140343418367 
-25.370200034965983 
-25.37025859373687 
-25.370315885727756 
-25.370372028127065 
-25.370426507965576 
-25.370479634637285 
-25.370530762366982 
-25.370580323434734 
-25.37062867287634 
-25.370675906391956 
-25.37072191022381 
-25.370766827655732 
-25.370810914521027 
-25.37085375883944 
-25.370895655325178 
-25.37093648453658 
-25.37097624312374 
-25.37101499835442 
-25.37105279196387 
-25.37108966272369 
-25.371125774581017 
-25.37116011860767 
-25.37119357728407 
-25.3712261789303 
-25.37125817450528 
-25.371289385243088 
-25.371319807011012 
-25.37134961979067 
-25.371378727567308 
-25.3714070939361 
-25.37143478340924 
-25.37146172664723 
-25.371487906296053 
-25.37151349233287 
-25.371538546331223 
-25.371562995900163 
-25.371586964830705 
-25.371610497938455 
-25.371633510897997 
-25.371656001107848 
-25.371677814002567 
-25.371699208474137 
-25.371720258325286 
-25.371740796605906 
-25.37176082501755 
-25.371780369956436 
-25.371799451875965 
-25.371818014367932 
-25.371836128020004 
-25.371853768108657 
-25.371870934950728 
-25.371887705687485 
-25.371904078644725 
-25.37192007388492 
-25.37193567007838 
-25.371950868936004 
-25.37196569000457 
-25.37198001014151 
-25.37199399717665 
-25.37200764722822 
-25.37202095475542 
-25.372033874488707 
-25.372046509715922 
-25.372058948643094 
-25.37207108618606 
-25.37208290751246 
-25.372094147760485 
-25.37210526571606 
-25.372116144110525 
-25.372126701585337 
-25.372136997771797 
-25.372147042027994 
-25.37215694518255 
-25.372166785961355 
-25.372176373140157 
-25.372185713154746 
-25.372194839045306 
-25.37220380969689 
-25.37221252372878 
-25.372221012770844 
-25.37222930194279 
-25.372237387243903 
-25.372245226257096 
-25.37225286432049 
-25.372260298408808 
-25.37226760473621 
-25.37227472889539 
-25.372281687926144 
-25.372288479927825 
-25.372295139284873 
-25.372301650788973 
-25.372307964777253 
-25.37231417530054 
-25.37232022848002 
-25.372326144250916 
-25.372331918263143 
-25.372337554813463 
-25.37234303993264 
-25.372348309323332 
-25.372353476827456 
-25.372358525365016 
-25.372363455946633 
-25.37236829937728 
-25.372373048887155 
-25.37237766377816 
-25.372382192598064 
-25.372386498681987 
-25.372390702874238 
-25.372394831448407 
-25.372398882313387 
-25.37240284267656 
-25.37240677615919 
-25.372410603081892 
-25.372414366594153 
-25.37241804370465 
-25.37242159547288 
-25.372425071632556 
-25.37242846894265 
-25.372431789994682 
-25.372435033656476 
-25.372438206782927 
-25.372441299462004 
-25.372444324191125 
-25.372447280189224 
-25.372450172750515 
-25.37245300753042 
-25.37245577702196 
-25.37245849179308 
-25.372461156242526 
-25.37246376154872 
-25.372466311828312 
-25.372468824714595 
-25.372471283257234 
-25.3724736894846 
-25.3724760492575 
-25.372478358430925 
-25.372480620709904 
-25.372482843281418 
-25.372485026902982 
-25.37248715608374 
-25.37248923915311 
-25.37249127398232 
-25.37249328624152 
-25.37249525599725 
-25.372497165258906 
-25.37249903462284 
-25.372500883015164 
-25.372502694892134 
-25.3725044660954 
-25.372506213839777 
-25.37250793231812 
-25.37250961653021 
-25.372511265862112 
-25.372512890980904 
-25.37251448014668 
-25.37251603116463 
-25.372517545531494 
-25.372519022922447 
-25.372520470650198 
-25.372521888478783 
-25.372523274492007 
-25.372524635280556 
-25.372525967018618 
-25.372527270753974 
-25.372528546348228 
-25.372529794745006 
-25.372531009744037 
-25.372532198732376 
-25.37253336265969 
-25.37253450361371 
-25.372535620786127 
-25.372536716851116 
-25.37253779053017 
-25.37253884194202 

 Time 
659.1458871364594 
