Energy 
 
1.03983086882277 
1.030531124695762 
0.5682274055624609 
-1.4089535870637269 
-4.637211715611123 
-4.87602179509966 
-4.981484663192941 
-4.867275459918119 
-5.951674103579799 
-5.28068533528464 
-5.624857583574984 
-6.0928623645153 
-5.995674483346062 
-5.419807073484281 
-5.073579981861352 
-5.621929871213887 
-5.31148595869376 
-5.236442748033882 
-5.360973669009187 
-5.210195826569596 
-5.018214167403394 
-4.958302816819207 
-5.586052682019115 
-6.186683521778024 
-6.215633200013679 
-6.2554591257610195 
-6.043087787294846 
-6.463086367771223 
-7.028604602271743 
-8.258702345234356 
-8.479236889871169 
-8.19697281328606 
-7.408664928881913 
-7.790689399430296 
-7.825122097412136 
-8.38717694678192 
-9.043843908055846 
-9.03067045982296 
-9.005440355363879 
-9.320510101195806 
-9.810943488921357 
-9.730969397478558 
-9.731434204389569 
-9.532047248931246 
-9.340007044058577 
-9.676287803994304 
-9.586011204954787 
-9.857058972732846 
-9.841987196160646 
-9.8108069152654 
-9.605911986109563 
-9.577164954443683 
-10.037583918478369 
-9.775342078308086 
-10.134175850510289 
-10.193910313753584 
-10.197707068868702 
-10.210593297108431 
-10.20133188030184 
-10.269241159079929 
-10.621780300998049 
-11.080910172549153 
-11.10536021269983 
-11.022003964868738 
-11.045523541407917 
-10.983215060009735 
-11.072795770254725 
-11.026610133403764 
-11.310876343526512 
-11.08238167923426 
-11.806219127676338 
-11.912278468884645 
-11.914659017291077 
-11.785357107762108 
-11.483440682383728 
-11.56826559236412 
-11.666192181019204 
-11.580688777822337 
-11.678349642862312 
-11.693337116958086 
-11.64342572436314 
-12.243838457310442 
-11.983972538358747 
-11.892394651738247 
-11.488975581067418 
-11.059311136604748 
-10.498828514143058 
-10.057254135537399 
-9.845847527854115 
-9.211384415785346 
-9.596019832790248 
-9.885543272880051 
-9.637942110832666 
-9.317060240482407 
-9.249105176020082 
-9.143383641262004 
-8.814834611731845 
-9.880345527332384 
-10.076825291256197 
-10.012814367844115 
-10.56935592682461 
-10.612473966625675 
-10.97138570622725 
-10.603747046640972 
-11.079503269780353 
-11.07270941485811 
-10.857941122135573 
-10.603907839374763 
-10.370761435588825 
-9.920362472001827 
-9.87682282213671 
-9.799359296524093 
-10.238812089405544 
-10.523127184107713 
-10.31888682445667 
-11.337124848486901 
-12.1970572293059 
-11.981637094955776 
-11.945944424523455 
-12.031449764597696 
-12.045604503807267 
-11.9997481449399 
-12.127712186776806 
-12.24411264024134 
-12.221307589523533 
-12.215724474947491 
-12.12768830657834 
-12.236180051008434 
-12.245587864627218 
-12.262627427470601 
-12.25849709045388 
-12.364169571249152 
-12.325108143251711 
-12.36253984632719 
-12.36518690230388 
-12.298191959979837 
-12.25863117588915 
-12.224612203479598 
-12.22943517129051 
-12.2347260357511 
-13.504451203558338 
-13.577934275141581 
-13.6498461063416 
-13.442586795621086 
-13.305690245023055 
-13.469773368010866 
-13.505882800486754 
-13.422700981903489 
-13.455490090465705 
-13.39001473773342 
-13.879301895681957 
-13.966904679967806 
-13.968803687900952 
-13.498964310067294 
-13.52206655763222 
-13.327614406670687 
-13.628230391125486 
-13.663348354740581 
-13.563281778638878 
-13.567669822160235 
-14.0116575497666 
-14.010563504603015 
-14.134113462627708 
-13.990903619280793 
-13.992463490817197 
-14.285903596982957 
-14.314067359305126 
-14.674304424082496 
-14.38648671530794 
-14.350534041952553 
-14.315138440466516 
-14.25896536012339 
-14.396942061685776 
-14.978132718827508 
-15.123294225847143 
-15.110086965774629 
-14.752517776377633 
-15.077336221188116 
-15.06329923443474 
-14.976709612575293 
-15.11644226752284 
-14.898187952434567 
-14.974533298029064 
-14.915312135889991 
-15.039607183663236 
-15.063240153407788 
-15.129453339263153 
-15.166235090872501 
-15.218482096762036 
-15.230085652284055 
-15.174588353460205 
-15.238840318655706 
-15.289423622330679 
-15.281281429524315 
-15.276027554743681 
-15.198839676188234 
-15.149849453046414 
-15.112166561063642 
-15.116576477335613 
-15.08469425761103 
-15.094856709814486 
-15.097952083305124 
-15.391235677529876 
-15.46201850788779 
-15.621309686315401 
-15.509652035492916 
-15.545508462785671 
-15.452498232134298 
-15.530055350502899 
-15.732982198261247 
-15.736775545006227 
-15.538402747322317 
-15.538845430417556 
-15.59919464217931 
-15.538457411583893 
-15.513297206182925 
-15.533577932806635 
-15.5317529268809 
-15.538130017953216 
-15.53857816956861 
-15.55766502694984 
-15.565803742968576 
-15.560990324273018 
-15.563941385438937 
-15.550020173743656 
-15.616341763821273 
-15.613832888429819 
-15.655606613210356 
-15.634403291733138 
-15.633770686068342 
-15.621565855946908 
-15.607202166697412 
-15.61831557574784 
-15.66395047731687 
-15.711322991214967 
-15.714802945668566 
-15.798929023801566 
-15.92653328569038 
-15.916322232862761 
-15.894778185648635 
-15.826391392637468 
-15.744318007031179 
-15.719023251737523 
-15.67977333296829 
-15.678805719021376 
-15.67467935774046 
-15.67529850688275 
-15.673898608187894 
-15.677324715104978 
-15.826908204385074 
-15.727761923454135 
-15.77459750541895 
-15.800680151578723 
-15.840444040875408 
-15.981896113761469 
-15.824701221688727 
-15.822143684304454 
-15.82097168769753 
-16.21467012816112 
-16.143536991260266 
-16.120014887285357 
-16.12054498476446 
-16.18200943114861 
-16.191289649346935 
-16.2300209908328 
-16.249606301580048 
-16.214036762905366 
-16.302514905905113 
-16.39212146350692 
-16.37988879391826 
-16.38227000832328 
-16.370086192963537 
-16.345719331100714 
-16.34202721557217 
-16.382944273316788 
-16.429114390496988 
-16.431390918713554 
-16.42520225371489 
-16.411354855993 
-16.423821720357974 
-16.431725288897717 
-16.434647806546813 
-16.424653175593686 
-16.419827539901235 
-16.415601014378034 
-16.44182352500306 
-16.454232474514974 
-16.44577035690048 
-16.45930892640521 
-16.439791828465975 
-16.440645150040027 
-16.432287953805606 
-16.43412238641887 
-16.43773160088403 
-16.46418866848215 
-16.46391355633671 
-16.44434775386462 
-16.535349315659424 
-16.528198025332888 
-16.525707025124742 
-16.548444622830054 
-16.56714880886525 
-16.578364563700703 
-16.573026686072314 
-16.563458352130827 
-16.573786468858753 
-16.577489212578946 
-16.57641137053516 
-16.578913676018868 
-16.587940261842846 
-16.60073590997188 
-16.58328525599357 
-16.58722105167843 
-16.59139922797671 
-16.59639953417846 
-16.596326696910385 
-16.6211799899803 
-16.620880481015707 
-16.63177898687241 
-16.633513382070177 
-16.63306136368537 
-16.623091088649385 
-16.61818033649432 
-16.63131572090703 
-16.649477692038346 
-16.63672200957491 
-16.63536680310163 
-16.629326614409738 
-16.618397055225557 
-16.630520224844716 
-16.62984637701086 
-16.623165058777726 
-16.638372512665537 
-16.635030088093274 
-16.658435132034032 
-16.648307453072228 
-16.688305488144554 
-16.698911712843145 
-16.72089347846586 
-16.691776974374623 
-16.723710045829993 
-16.74092175543623 
-16.74644439234295 
-16.727444519540935 
-16.7756294930813 
-16.789340582795646 
-16.790382067252754 
-16.78803084783333 
-16.805957243556023 
-16.807035826400867 
-16.802590462209633 
-16.798481574312458 
-16.805676025525177 
-16.82280242709004 
-16.84124593349088 
-16.833976165473217 
-16.845996772712613 
-16.83396674527505 
-16.899042495092193 
-16.94462222430906 
-16.972461810318446 
-16.971161973109428 
-16.964571152193326 
-16.97323649962895 
-16.9749769893217 
-16.981022553380573 
-16.975987468109565 
-16.981392082900392 
-16.99270376288511 
-17.015512868895733 
-17.025757749702723 
-17.025458724142894 
-17.02498704038532 
-17.0744106216164 
-17.09156349276735 
-17.10313622487641 
-17.152583210711757 
-17.181277719443553 
-17.158992204184816 
-17.123893109665772 
-17.103757588372726 
-17.106434218316124 
-17.09986932563111 
-17.169921748819533 
-17.183571162896367 
-17.149204039344315 
-17.166926171637908 
-17.181707239179577 
-17.15749927816081 
-17.139275287750287 
-17.153498307117154 
-17.191775341613805 
-17.187803081869575 
-17.19122536005157 
-17.245813546077756 
-17.27478930026829 
-17.291657007658376 
-17.285440949775968 
-17.320205518348068 
-17.314087311179357 
-17.381516651704533 
-17.346588183402794 
-17.303605175830732 
-17.331488549033036 
-17.375509331146397 
-17.384380925095037 
-17.414717566168477 
-17.414563743985486 
-17.42395817541638 
-17.411491350377077 
-17.412817665882923 
-17.4127874868015 
-17.40670262231162 
-17.40772175385043 
-17.4072966948112 
-17.41681781048469 
-17.42208214294299 
-17.41319116692402 
-17.404000143354832 
-17.403787663802717 
-17.485955020656178 
-17.473598990808753 
-17.463583954444346 
-17.466157970052226 
-17.516038406659852 
-17.581731716044587 
-17.573643861242783 
-17.534902792439066 
-17.536147730955673 
-17.556126447005695 
-17.52632550361008 
-17.63490568772014 
-17.620160814516968 
-17.635637118689278 
-17.64811698334222 
-17.712568027820357 
-17.67671259752383 
-17.674675266311358 
-17.68454412890545 
-17.717816501537182 
-17.75169743539536 
-17.73188394258889 
-17.70096445023544 
-17.690429034536244 
-17.67040936927939 
-17.76831298127574 
-17.796915321484327 
-17.75496616274895 
-17.809130708799792 
-17.81560607732748 
-17.90965558737591 
-17.901226668585107 
-17.901543363536483 
-17.907489636020475 
-17.889575540646135 
-17.8817864999642 
-17.93514768959196 
-17.938222343993964 
-17.95613414159462 
-17.94979588792726 
-18.132365503039317 
-18.133845342996015 
-18.131518419698903 
-18.13517824136069 
-18.13494785161632 
-18.17979096438497 
-18.210031862188284 
-18.221143172150764 
-18.249291362571544 
-18.2591905457085 
-18.282939922831083 
-18.328988953730015 
-18.326316544984866 
-18.372105282870866 
-18.374420818514537 
-18.39179088807124 
-18.41806346593439 
-18.38405712490208 
-18.386872264696237 
-18.40924643370919 
-18.410133449976605 
-18.409377809552147 
-18.427239314206826 
-18.4640087047767 
-18.464290053671462 
-18.485258682872526 
-18.49359539495716 
-18.49451736394392 
-18.494473758415666 
-18.49391821056393 
-18.499505406526858 
-18.50020751817489 
-18.499921119800927 
-18.497492011784793 
-18.49737849339943 
-18.500945149260072 
-18.50219013589242 
-18.50539351917545 
-18.506293342316397 
-18.515398902461524 

 Time 
180.06402134895325 
