Energy 
 
-3.7267852579537815 
-4.251072234356131 
-4.987259210267098 
-5.827553560373374 
-6.519323432106287 
-7.2332323329122 
-7.766026022217308 
-8.182227802493477 
-8.531467504274497 
-8.819120793056944 
-9.08900211492755 
-9.347474155608731 
-9.575779675360735 
-9.758833343152702 
-9.91686950851223 
-10.058207270574767 
-10.191793852614335 
-10.306430539405559 
-10.452506860512345 
-10.56304606153889 
-10.657837936193884 
-10.746699862718959 
-10.832155479291075 
-10.925930054767745 
-11.01529068419174 
-11.100351168160477 
-11.178074343209937 
-11.251157673326514 
-11.32191351980586 
-11.38857106127224 
-11.452506075860093 
-11.514463792838079 
-11.5724240523908 
-11.665765008549203 
-11.716935112987862 
-11.77837882893456 
-11.736730910119729 
-11.862937095735914 
-11.914404165200798 
-11.955128433859125 
-11.998977019816422 
-12.034641501676006 
-12.064590745879313 
-12.091080186075851 
-12.115266662457104 
-12.141945420192629 
-12.16201464243467 
-12.181747146705293 
-12.198706490907377 
-12.213852287084542 
-12.227731507341918 
-12.240616807742233 
-12.253249464062096 
-12.265218703153396 
-12.275792262026727 
-12.285716061672485 
-12.279351857096014 
-12.300440727055339 
-12.310472084893117 
-12.318927988498926 
-12.32688874993971 
-12.334444511660147 
-12.341562393782583 
-12.348139701260562 
-12.354312349374453 
-12.359703477301831 
-12.345883533081457 
-12.368655479182491 
-12.374956900506477 
-12.380279290637452 
-12.385122332535172 
-12.389677113657475 
-12.393995904658839 
-12.398192673082555 
-12.402238087546811 
-12.406229661620953 
-12.409933514527044 
-12.413435315578985 
-12.41680269817204 
-12.420014515695273 
-12.423080066738288 
-12.42611564738261 
-12.428991305075805 
-12.431829073440678 
-12.434480331298904 
-12.43700788044352 
-12.439490253028495 
-12.44177078979943 
-12.44394018053545 
-12.44602559836463 
-12.44800483575799 
-12.449857861729722 
-12.45160857076306 
-12.453275267099176 
-12.454812662734003 
-12.45557100570698 
-12.45762585164041 
-12.459070868971946 
-12.460436348876653 
-12.461679958315283 
-12.462843916425914 
-12.463944840806588 
-12.464960515700566 
-12.465929479362272 
-12.466852457458641 
-12.46781503524907 
-12.468688796497188 
-12.469497684367527 
-12.47000222576447 
-12.468328504590845 
-12.470369282685256 
-12.471890669643512 
-12.472988630245974 
-12.473754908897028 
-12.474404516045245 
-12.474977529428982 
-12.475507163387856 
-12.47600316380744 
-12.476476616371015 
-12.476937972758984 
-12.476114242537653 
-12.475553871601143 
-12.475235567239908 
-12.47696209564888 
-12.478603104422305 
-12.479104763325987 
-12.47944073026761 
-12.479748373794447 
-12.480029060014518 
-12.480290659958982 
-12.480544988443317 
-12.480766824678216 
-12.480998123588941 
-12.481217417015271 
-12.481418158622427 
-12.481596062689668 
-12.481764338743403 
-12.48191558188407 
-12.482055484995408 
-12.482186694288064 
-12.482310522712243 
-12.482426958325116 
-12.482536106722696 
-12.482629748778956 
-12.48256861805166 
-12.482853891419273 
-12.48294122103289 
-12.483019894343814 
-12.483093148883503 
-12.483162107737908 
-12.483230099159766 
-12.48329649294926 
-12.483356380165368 
-12.48341235320374 
-12.483464300303694 
-12.483512136574992 
-12.483557105312736 
-12.483600265910832 
-12.483640666531056 
-12.483678107337123 
-12.483712960631477 
-12.48374580688001 
-12.483776968771464 
-12.48380674270395 
-12.483835007567784 
-12.483861965650005 
-12.48388762437812 
-12.48391204469424 
-12.483935313538312 
-12.483957472378796 
-12.483978660627667 
-12.48399900660592 
-12.484018544162474 
-12.484037035580512 
-12.48405459779732 
-12.484071383364439 
-12.484087356884345 
-12.484102611696123 
-12.484117127168796 
-12.484130937565915 
-12.484144077447779 
-12.484156555897439 
-12.484168438038449 
-12.484179540332617 
-12.4841900569078 
-12.484200089998659 
-12.484209647913644 
-12.484218772143466 
-12.48422743981661 
-12.48423566539229 
-12.484243493691759 
-12.484250934123576 
-12.4842580156132 
-12.484264758833252 
-12.484271117982827 
-12.484277140336376 
-12.484282865981784 
-12.484288326534296 
-12.484293530819228 
-12.48429848176265 
-12.484303212685639 
-12.484307642875335 
-12.484311479781113 
-12.484315216384992 
-12.48431933986726 
-12.48432333599935 
-12.484326773776628 
-12.484330028660786 
-12.484333038682902 
-12.484335842473062 
-12.484338516138987 
-12.48434106313748 
-12.48434348857603 
-12.484345802507498 
-12.484348009744037 
-12.484350115201075 
-12.4843521309518 
-12.48435406875471 
-12.484355913076891 
-12.484357705154702 
-12.484359404256606 
-12.484361023858174 
-12.484362568795385 
-12.484364074181858 
-12.48436549860039 
-12.484366842467455 
-12.48436812777168 
-12.484369352723364 
-12.484370522020354 
-12.484371637250762 
-12.484372699699193 
-12.484373713036163 
-12.48437468021763 
-12.484375601029706 
-12.484376479388786 
-12.484377318286823 
-12.48437811642647 
-12.484378877879031 
-12.48437960441795 
-12.484380294840212 
-12.484380955030906 
-12.484381586588144 
-12.484382188268121 
-12.484382764760165 
-12.48438332544388 
-12.48438385963905 
-12.484384371287899 
-12.48438485844069 
-12.484385316122427 
-12.484385748448386 
-12.484386161342211 
-12.484386555714114 
-12.484386932443892 
-12.484387292544397 
-12.484387632626404 
-12.484387957614251 
-12.484388268098582 
-12.484388565068492 
-12.484388849204633 
-12.484389120630249 
-12.484389380931791 
-12.48438962966993 
-12.48438986780682 
-12.484390093669179 
-12.484390308735847 
-12.484390514574375 
-12.484390709802865 
-12.484390898573393 
-12.484391079111349 
-12.484391251850843 
-12.484391417139518 
-12.484391575308493 
-12.484391726691015 
-12.484391871717568 
-12.484392009616904 
-12.484392142008511 
-12.484392270132027 
-12.484392392713485 
-12.484392509969055 
-12.484392621900275 
-12.484392728972724 
-12.484392831388146 
-12.484392929379522 
-12.484393023123058 
-12.48439311300277 
-12.484393200119833 
-12.484393282688242 
-12.484393361726273 
-12.484393437284304 
-12.484393509320359 
-12.484393577828587 
-12.484393644192686 
-12.484393707711376 
-12.484393768254769 
-12.484393826189981 
-12.484393881637411 
-12.48439393457595 
-12.484393985170161 
-12.48439403352962 
-12.48439407961716 
-12.484394123611297 
-12.484394165471814 
-12.484394205101044 
-12.484394243117496 
-12.484394279415366 
-12.484394314040413 
-12.484394346926836 
-12.484394378322936 
-12.484394408459558 
-12.484394437362884 
-12.48439446490185 
-12.484394491162732 
-12.484394516241526 
-12.484394540358121 
-12.484394563528722 
-12.484394585552716 
-12.484394606454755 
-12.48439462637938 
-12.484394645302572 
-12.484394663338684 
-12.484394680535294 
-12.484394696939635 
-12.48439471258932 
-12.484394727390404 
-12.484394741519367 
-12.484394755039181 
-12.484394767916863 
-12.48439478011022 
-12.484394791749864 
-12.484394802897366 
-12.484394813582089 
-12.48439482375659 
-12.484394833465798 
-12.484394842679237 
-12.484394851471622 
-12.484394860059135 
-12.484394868240779 
-12.484394876004005 
-12.48439488340062 
-12.48439489045806 
-12.484394897169995 
-12.48439490367877 
-12.484394909870627 
-12.484394915763525 
-12.484394921374632 
-12.484394926849617 
-12.484394932051405 
-12.484394936956127 
-12.484394941627585 
-12.48439494607212 
-12.48439495029943 
-12.484394954324452 
-12.484394958159534 
-12.484394961807993 
-12.484394965276103 
-12.4843949685764 
-12.484394971702047 
-12.484394974670575 
-12.484394977495166 
-12.484394980191258 
-12.48439498273145 
-12.484394985117282 
-12.48439498738848 
-12.48439498955276 
-12.484394991623317 
-12.484394993592232 
-12.484394995471474 
-12.484394997261692 
-12.484394998967351 
-12.484395000593025 
-12.484395002141925 
-12.484395003617896 
-12.48439500501945 
-12.484395006356662 
-12.484395007629374 
-12.484395008843313 
-12.484395009999806 
-12.48439501110251 
-12.484395012153499 
-12.48439501315473 
-12.484395014106768 
-12.48439501501439 
-12.484395015880152 
-12.484395016705124 
-12.484395017492128 
-12.484395018241218 
-12.484395018944458 
-12.48439501961474 
-12.484395020255581 
-12.484395020866417 
-12.484395021447572 
-12.484395022000767 
-12.484395022528268 
-12.484395023031377 
-12.484395023509965 
-12.484395023966428 
-12.484395024402032 
-12.484395024823959 
-12.484395025223705 
-12.484395025604595 
-12.484395025966828 
-12.484395026311745 
-12.484395026640422 
-12.484395026953695 
-12.484395027252141 
-12.484395027535731 
-12.484395027806361 
-12.484395028064522 
-12.484395028310779 
-12.484395028546627 
-12.484395028771473 
-12.484395028986622 
-12.484395029191756 
-12.48439502938719 
-12.484395029573733 
-12.484395029751774 
-12.48439502992216 
-12.484395030084551 
-12.484395030239359 
-12.484395030386858 
-12.484395030527475 
-12.48439503066152 
-12.484395030789548 
-12.484395030911584 
-12.484395031027942 
-12.484395031138357 
-12.484395031243798 
-12.484395031344128 
-12.484395031439785 
-12.484395031530891 
-12.484395031617815 
-12.484395031700696 
-12.484395031779748 
-12.484395031855158 
-12.48439503192705 
-12.484395031995406 
-12.48439503206062 
-12.484395032122833 
-12.484395032182134 
-12.48439503223898 
-12.484395032293257 
-12.484395032345146 
-12.484395032394785 
-12.484395032442118 
-12.484395032486804 
-12.484395032529457 
-12.484395032570141 
-12.484395032608393 
-12.484395032644851 
-12.484395032679624 
-12.484395032712802 
-12.484395032744454 
-12.484395032774675 
-12.484395032803553 
-12.484395032830985 
-12.484395032857176 
-12.484395032882155 
-12.48439503290598 
-12.484395032928697 
-12.484395032950385 
-12.484395032971031 
-12.484395032990706 
-12.48439503300946 
-12.48439503302733 
-12.484395033044434 
-12.484395033060649 
-12.484395033076188 
-12.484395033091017 
-12.48439503310518 
-12.4843950331187 
-12.484395033131475 
-12.484395033143674 
-12.484395033155359 
-12.484395033166546 
-12.484395033177229 
-12.484395033187422 
-12.4843950331972 
-12.484395033206587 
-12.48439503321552 
-12.48439503322407 
-12.484395033232229 
-12.484395033240027 
-12.48439503324748 
-12.48439503325464 
-12.48439503326154 
-12.484395033268134 
-12.484395033274406 
-12.484395033280338 
-12.484395033286006 
-12.484395033291433 
-12.48439503329662 
-12.484395033301547 
-12.484395033306278 
-12.48439503331082 
-12.484395033315147 
-12.484395033319297 
-12.484395033323226 
-12.484395033327012 
-12.48439503333064 
-12.4843950333341 

 Time 
896.7432210445404 
