Energy 
 
0.08650764346745948 
0.04168535856473793 
0.049858108909942744 
0.052635617132043566 
-1.8868239580400021 
-4.652599473316061 
-5.416628231291177 
-6.6800462125732665 
-6.103972603661868 
-3.927508747206786 
-3.9515262776818108 
-5.470740304400563 
-5.487278086393781 
-4.869076727753381 
-4.52792703785984 
-4.673238433987834 
-4.5024600545232065 
-4.68877592250353 
-4.7184969490225805 
-5.105495128799897 
-4.940503209554422 
-5.093833340039344 
-4.880053349548719 
-5.753108680600543 
-5.878884205961155 
-5.898612952370185 
-5.898380692037432 
-5.837195888849702 
-5.871088963503788 
-5.899063285315167 
-6.273253243104818 
-6.74555299285129 
-6.779699050110658 
-6.536680627788573 
-6.538830277822163 
-7.947097130039758 
-8.657907941325515 
-7.59450015413265 
-7.835957373060003 
-7.575181543060488 
-8.053287581071439 
-8.03697897007546 
-8.083366842886472 
-8.129804906437128 
-8.62051736955545 
-8.4306716063516 
-9.005580744384016 
-8.832044818595037 
-9.485315837006201 
-8.943559877566242 
-9.072127160857168 
-9.198299475138542 
-9.342236547731614 
-9.333680258412079 
-9.286593275085801 
-9.38117213859568 
-9.27913991980263 
-9.321523162878462 
-9.457052454927718 
-9.781875460202 
-9.752031621055453 
-9.507940905977014 
-9.556695071005523 
-9.757720962392636 
-9.807282795850673 
-9.58385092758031 
-9.469522504149335 
-9.322718985934149 
-9.41654821888157 
-9.79939014961535 
-10.069378643613401 
-10.096329217680953 
-10.066639160079779 
-9.886494681997835 
-9.817230586765596 
-9.644816895222336 
-9.690325662946938 
-9.570349140578031 
-9.432840784479229 
-9.263769203301406 
-10.344812022108755 
-9.662621851445651 
-9.663420110995121 
-9.819857025095379 
-9.601100590208247 
-9.939159568027433 
-9.93584992450202 
-9.966716940863243 
-10.260117465852193 
-10.155359132442932 
-10.076009388648778 
-10.06547205519381 
-10.049145832764989 
-10.028132942060264 
-10.72103366675097 
-10.282502634170399 
-10.160961098583972 
-9.996689450255955 
-10.036612651650936 
-9.830945392696846 
-9.894852136076674 
-10.617972307704468 
-10.574484849469524 
-10.943429502974757 
-11.054991307583409 
-11.069005950588362 
-11.064480346630912 
-11.055773847947282 
-11.04345656359161 
-11.080498696789663 
-11.141733426846452 
-11.176394059710981 
-11.244271301335205 
-11.311427206303684 
-11.47352008237042 
-11.354054689729033 
-11.546193092049098 
-11.401009172037135 
-11.65508069594301 
-11.70295390768575 
-11.632212545480808 
-11.500304293449242 
-11.686709405531284 
-11.642324331803431 
-12.18059973836349 
-11.875552542078085 
-11.558066746903277 
-11.508260002207152 
-11.77662371997734 
-11.743278481168973 
-11.97378976457156 
-11.95974101100363 
-11.75203104836872 
-11.752008528007668 
-11.83299011423685 
-11.848507825252252 
-11.83403440952609 
-11.947384994688711 
-11.917887437991263 
-12.049493927398144 
-12.05912030169549 
-12.138942359321113 
-12.129012248535213 
-12.064170796916876 
-12.066795939035577 
-12.220305623787441 
-12.149176196403003 
-12.211789981654434 
-12.199262042501564 
-12.323671439443247 
-12.23621781195442 
-12.191479726225197 
-12.189703760841454 
-12.098743972365918 
-12.225672527816117 
-12.134525036919262 
-12.148312380391637 
-12.092749136294742 
-12.078449978816929 
-12.075051016843013 
-12.06264495810227 
-12.09243102244037 
-12.085514267162171 
-12.11152327736011 
-12.125262134340547 
-12.119670478967915 
-12.088925107110605 
-12.092185260223216 
-12.111753992471849 
-12.253190559707932 
-12.225966147146075 
-12.423362970473235 
-12.414834866798776 
-12.335740942621639 
-12.185275258480244 
-12.03861807345141 
-12.0744538015922 
-11.806800274202145 
-12.058281351062861 
-12.11829114336477 
-12.175151757485802 
-12.29899914953727 
-12.188100537333538 
-12.104647231904353 
-12.055769741373506 
-12.092578467911958 
-12.308762551064248 
-12.129022390344089 
-12.052350282866627 
-12.016126869105303 
-11.958201707704891 
-12.018930865888938 
-11.907309323318932 
-12.106406612922381 
-12.135099100593838 
-12.014640067148452 
-11.949935888980871 
-12.233346028211608 
-12.231004651569851 
-12.289859300336007 
-12.247388797431753 
-12.138433215109139 
-12.437823817308562 
-12.320260435478737 
-12.196915131378308 
-12.35503659761571 
-12.223509089857034 
-12.353532843315708 
-12.36575116432328 
-12.291990076092775 
-12.479432604974956 
-12.419128957909603 
-12.33172159525881 
-12.741653605219877 
-12.589661898877585 
-12.74236103102537 
-12.727221120180612 
-12.69432590190497 
-12.634310170806291 
-12.674610230618786 
-12.765811252984038 
-12.704786383415051 
-12.784837745298349 
-12.907362379579757 
-12.974984955049885 
-12.999431541356168 
-13.093195949196922 
-13.09345893285845 
-13.062014631387893 
-13.073175736803533 
-13.07784714720254 
-13.083098425609595 
-13.116509858718882 
-13.11400338610562 
-13.096173352416914 
-13.102237218930126 
-13.084674807911389 
-13.08072278174372 
-13.0815907872436 
-13.079229550986987 
-13.07526767898923 
-13.108258436824762 
-13.107241502129616 
-13.078541256395757 
-13.071619236469424 
-13.044776059266594 
-13.126950795017168 
-13.131776800977436 
-13.092684743990796 
-13.09183530034512 
-13.162410190772922 
-13.173537377626289 
-13.117492464045924 
-13.131745523081957 
-13.179105242819555 
-13.222854795716565 
-13.198419934167413 
-13.215766937066826 
-13.171430755547226 
-13.382267218869783 
-13.313835879723307 
-13.297188400500755 
-13.158592219122232 
-13.158511268283142 
-13.074415522235563 
-12.98733494423468 
-13.186850971581542 
-13.213150090286879 
-13.381303464929651 
-13.165102954094175 
-12.96156521246174 
-13.027247129002061 
-13.019573695670967 
-12.865771518920212 
-13.505468110039878 
-13.628593383953248 
-13.281860840195785 
-13.30471353226449 
-13.62373747938504 
-13.356685937827036 
-13.592514863300137 
-13.66800905581136 
-13.640353849265779 
-13.66252619388121 
-13.630133616129905 
-13.787026522981748 
-13.926156465004269 
-13.730633329814568 
-13.882417146636943 
-13.92785814573055 
-14.121175320090142 
-14.10136326065211 
-14.087716822740141 
-14.08915274708535 
-14.085344322995363 
-14.086926975794626 
-14.155848831859617 
-14.15692617582859 
-14.097235116099458 
-14.101880635753263 
-14.101108368699519 
-14.143902830894367 
-14.124857777308122 
-14.153782667048901 
-14.11988070816221 
-14.221914305825054 
-14.19113809433393 
-14.204252099817454 
-14.206009324203531 
-14.191895860146722 
-14.338225798376033 
-14.341133652625004 
-14.299204841703805 
-14.28505901814262 
-14.359132372204291 
-14.474993593980118 
-14.488132195971295 
-14.532387791242549 
-14.42920679822557 
-14.377620235390077 
-14.379396903337412 
-14.411638562864404 
-14.488611710246694 
-14.493797264178705 
-14.49291105257664 
-14.44354456509652 
-14.475812894593401 
-14.481228516008516 
-14.449245156654015 
-14.510628663793677 
-14.486825193486819 
-14.522909187459106 
-14.542392213518216 
-14.575431142028652 
-14.551634627199093 
-14.659802788031135 
-14.680542682724314 
-14.6818231515866 
-14.648456177506542 
-14.65552770604046 
-14.658129151094265 
-14.642640429021318 
-14.642551096860545 
-14.644395891180299 
-14.637910662524893 
-14.631791002530129 
-14.676671200964273 
-14.667244268916336 
-14.673416609140714 
-14.665389190112455 
-14.64260776727351 
-14.640817478491497 
-14.642148902192343 
-14.661483558006818 
-14.688549775155554 
-14.677503314931423 
-14.71712320231291 
-14.69039725739089 
-14.72702042340749 
-14.736235043753402 
-14.720989693931122 
-14.719183530089387 
-14.742540953587394 
-14.769745717930121 
-14.788462959992412 
-14.796222296350399 
-14.865846175896609 
-14.871393984512485 
-14.828440454672263 
-14.957376201118315 
-14.961484113094105 
-14.96890092892139 
-14.983559754486176 
-14.98355141155514 
-15.01079046532494 
-15.01360124114482 
-15.008608025100065 
-15.004394570722926 
-15.004643130365482 
-15.0045347536244 
-15.009580722941351 
-15.01225072267919 
-15.008392513398803 
-15.029130390996126 
-15.032534799479873 
-15.03246293959343 
-15.055319205106034 
-15.051621755858028 
-15.051646406292631 
-15.04610652868333 
-15.052802032864655 
-15.064419180585196 
-15.084148955659664 
-15.082581720795394 
-15.076774206606563 
-15.072674417221572 
-15.072178274576675 
-15.06712350064073 
-15.061944605144822 
-15.062171219636674 
-15.074732483557742 
-15.067894306083918 
-15.098036647103905 
-15.10616683998409 
-15.099963958823508 
-15.117390432445244 
-15.109857430560186 
-15.125100569735405 
-15.131907259623622 
-15.118745245128489 
-15.108543917047758 
-15.138964883269205 
-15.132388059870044 
-15.132422090887399 
-15.147189249154277 
-15.14466324497075 
-15.145126344348775 
-15.156862081833085 
-15.163439614637033 
-15.164821006989193 
-15.16562927158552 
-15.163425337734044 
-15.164304213557841 
-15.173682840367388 
-15.174539704150066 
-15.174962643641658 
-15.182891866908383 
-15.185573881579964 
-15.186103142575705 
-15.185468040137701 
-15.185373816294137 
-15.18582627508822 
-15.194105554478282 
-15.194032238607262 
-15.194499493075943 
-15.19403511648112 
-15.19185968549439 
-15.191508484440957 
-15.191897753663978 
-15.192756280440348 
-15.195981692128367 
-15.196070697058829 
-15.194421600435778 
-15.19763966010914 
-15.197309544709707 
-15.19721052992379 
-15.195572332426815 
-15.207696557192383 
-15.209221113595401 
-15.209730626261116 
-15.21122247059996 
-15.212021243472462 
-15.213197499550812 
-15.215201394067785 
-15.214390700106273 
-15.214204951417136 
-15.215336997498575 
-15.215537751480301 
-15.21521320817452 
-15.214981990743693 
-15.215987665782164 
-15.215646439497148 
-15.216104905142716 
-15.216430004535187 
-15.216951553108832 
-15.220228396906206 
-15.220387159693606 
-15.220518765052045 
-15.220809572439103 
-15.22078346192275 
-15.221930512789875 
-15.222154126449192 
-15.22277645507589 
-15.222926224794241 
-15.22450880446051 
-15.224486842196029 
-15.224660394797526 
-15.22493254677404 
-15.224930231150994 
-15.224920612472875 
-15.22473450193957 
-15.225047868187612 
-15.225651373743272 
-15.225663258273487 
-15.225711778471748 
-15.22576165452653 
-15.225686733128946 
-15.227149455841005 
-15.22707097013578 
-15.226968419679006 
-15.228222752855713 
-15.228214726471263 
-15.228905769464875 
-15.228851357030656 
-15.228824412614214 
-15.228664448482801 
-15.228736278112548 
-15.229822334442698 
-15.229826443220217 
-15.230242598457592 

 Time 
211.2157003879547 
