Energy 
 
1.5753837072760035 
1.1772104514776989 
0.6259509647965914 
-0.03763680140533898 
-0.7977036152157919 
-1.6466590837399933 
-2.5907639370048465 
-3.065529413901173 
-3.385763487856625 
-3.854825870707019 
-4.222852156170746 
-4.49610580007265 
-4.711959325676099 
-4.894388173525393 
-5.100351131100884 
-5.25379931627603 
-5.381352725807709 
-5.5068453135774185 
-5.659314227209683 
-5.74547851777886 
-5.809540091888663 
-5.8582073050418355 
-5.895126077055953 
-5.92307044047939 
-5.946112625085991 
-5.966720501724962 
-5.989071892607858 
-6.008676316732247 
-6.025687497159348 
-6.041221332093813 
-6.0544080315867115 
-6.067174468667964 
-6.079646656361198 
-6.091817641421839 
-6.10284196660734 
-6.112703652683976 
-6.122239326726844 
-6.1310685157596065 
-6.1395637661308955 
-6.14785727579301 
-6.15558080446775 
-6.1631485298939035 
-6.170570980904827 
-6.178579668744052 
-6.186226716916147 
-6.193672460698968 
-6.200633253205472 
-6.20723415701467 
-6.21554655053395 
-6.222967042835579 
-6.230182931092925 
-6.236917010857195 
-6.2422858569363315 
-6.247260929952452 
-6.2514117040364585 
-6.255323760480487 
-6.259014221363581 
-6.262489553833165 
-6.265697587961362 
-6.268755407315592 
-6.271136898383037 
-6.273297151714127 
-6.275306789895826 
-6.277113307205167 
-6.278779354250656 
-6.280393870626327 
-6.281972005639309 
-6.283617636534878 
-6.28527721839673 
-6.286897308903674 
-6.288429321930046 
-6.289946218637461 
-6.291415083178821 
-6.292846366613022 
-6.2943655560244185 
-6.295666945964757 
-6.296924870923811 
-6.298185828554491 
-6.299437593632282 
-6.300643045221241 
-6.301789986707179 
-6.302950887210109 
-6.304149724714984 
-6.305297786470385 
-6.306382787413391 
-6.307406315423853 
-6.308383092663436 
-6.309348574539105 
-6.31034003437174 
-6.311273191760984 
-6.312148230119096 
-6.312974443138893 
-6.313760591869038 
-6.3144723372544345 
-6.315157209338579 
-6.315781357714327 
-6.316380206895842 
-6.316949980112599 
-6.317510780103783 
-6.318039039852495 
-6.31854087849114 
-6.319016689634429 
-6.319470288897921 
-6.319900334484233 
-6.320303250938345 
-6.320692331922385 
-6.321069577790339 
-6.321441761663325 
-6.32177970738385 
-6.3220993599339055 
-6.322402413615887 
-6.322706025708386 
-6.322989501375943 
-6.323255786824101 
-6.323505850282914 
-6.323737879354214 
-6.3239444294163185 
-6.324138870416901 
-6.32432187335374 
-6.324494397706632 
-6.324646182005033 
-6.324789628005812 
-6.32492686389725 
-6.32505905338227 
-6.325183643902543 
-6.325300350286887 
-6.325410205119903 
-6.325515089173102 
-6.325614622787657 
-6.3257084683437155 
-6.325795111250317 
-6.325875333647241 
-6.325951436604153 
-6.326023313322139 
-6.326088418844986 
-6.326150277848247 
-6.326209135421255 
-6.326265611210323 
-6.326318970871225 
-6.326370036425026 
-6.326418243294503 
-6.3264634421480945 
-6.326507035344839 
-6.3265496418161415 
-6.326589727584052 
-6.326627388234937 
-6.32666012367635 
-6.326690834714615 
-6.32671958866834 
-6.326746318787405 
-6.326771589057477 
-6.326795676407906 
-6.326818515224113 
-6.326839073123139 
-6.326858604662507 
-6.326876070675867 
-6.326892819235121 
-6.326908761253263 
-6.32692396654333 
-6.326938887507977 
-6.32695325612724 
-6.326966888144245 
-6.326979902373633 
-6.326992276791723 
-6.327004005620135 
-6.327014806536006 
-6.327024798855637 
-6.327034406049905 
-6.327043664398182 
-6.327052330597134 
-6.327060608070072 
-6.327068499413723 
-6.327076108857627 
-6.327083391532467 
-6.327090045605691 
-6.3270962508113255 
-6.327102232444281 
-6.327107956283563 
-6.327113431107181 
-6.3271186056057385 
-6.327123556348374 
-6.327128363484414 
-6.327132956581046 
-6.3271374074420486 
-6.327141658000846 
-6.327145725856531 
-6.3271496136080385 
-6.327153327416245 
-6.327156925170518 
-6.327160359730795 
-6.3271636380751035 
-6.3271666374825015 
-6.327169494192512 
-6.327172213077398 
-6.3271748121849996 
-6.32717733103346 
-6.32717973293754 
-6.3271820296325565 
-6.3271842702437855 
-6.327186381702241 
-6.3271883960232636 
-6.327190280937159 
-6.327192097145749 
-6.327193838929721 
-6.327195502679127 
-6.327197076335657 
-6.327198573892024 
-6.327200017436462 
-6.327201393833846 
-6.32720270637412 
-6.327203969153827 
-6.327205166354677 
-6.3272063143734565 
-6.327207410731856 
-6.327208454411965 
-6.3272094485585715 
-6.327210396050788 
-6.32721130982434 
-6.327212175324931 
-6.32721300299016 
-6.327213793737769 
-6.327214536970339 
-6.327215243224293 
-6.327215922035388 
-6.327216536166711 
-6.327217127905391 
-6.327217687942088 
-6.327218231333168 
-6.3272187433580545 
-6.3272192367665605 
-6.327219700159334 
-6.3272201366720235 
-6.327220551721371 
-6.327220951276752 
-6.327221335850496 
-6.3272217053889905 
-6.327222061187751 
-6.327222403897213 
-6.327222734216463 
-6.327223052945968 
-6.3272233601029395 
-6.327223658646318 
-6.327223946635041 
-6.327224222912725 
-6.32722448888744 
-6.32722474025255 
-6.327224982415737 
-6.3272252114927126 
-6.327225433147369 
-6.3272256442809915 
-6.327225848815994 
-6.327226046171998 
-6.327226236514095 
-6.327226420723552 
-6.327226600320756 
-6.327226774572625 
-6.327226944099918 
-6.327227108385798 
-6.327227265308519 
-6.327227417194591 
-6.327227563095288 
-6.327227704401402 
-6.327227841358221 
-6.327227977040595 
-6.327228108445615 
-6.327228235802685 
-6.327228359219582 
-6.3272284780268215 
-6.327228593147096 
-6.327228705293462 
-6.327228813937718 
-6.32722891944744 
-6.327229022688484 
-6.3272291238326615 
-6.327229222056911 
-6.327229317376586 
-6.327229409613073 
-6.327229499375028 
-6.327229584719834 
-6.32722966712258 
-6.327229747285113 
-6.3272298253070405 
-6.3272299012736255 
-6.327229974720635 
-6.327230046276824 
-6.327230116191688 
-6.3272301843012695 
-6.327230250766436 
-6.327230316184332 
-6.327230379982408 
-6.327230441481364 
-6.327230501886321 
-6.327230561094867 
-6.327230619499721 
-6.32723067656837 
-6.327230732938277 
-6.32723078803452 
-6.3272308415664655 
-6.327230893587508 
-6.327230946286751 
-6.327230997890769 
-6.327231048442293 
-6.3272310979718895 
-6.327231146512478 
-6.32723119405311 
-6.327231240686627 
-6.327231286406645 
-6.327231331130651 
-6.327231375050101 
-6.3272314181670755 
-6.327231460721796 
-6.3272315025429515 
-6.327231542676969 
-6.327231582304202 
-6.327231621264063 
-6.327231659580562 
-6.3272316981834695 
-6.3272317360723775 
-6.3272317733444385 
-6.327231809764395 
-6.327231843766986 
-6.3272318772123395 
-6.32723191091612 
-6.327231944303579 
-6.327231976353419 
-6.327232007971086 
-6.327232040039743 
-6.327232071686053 
-6.327232102940809 
-6.327232133759859 
-6.327232164202514 
-6.32723219430477 
-6.327232224084248 
-6.327232253475821 
-6.32723228254736 
-6.327232311328752 
-6.327232339787621 
-6.327232368023189 
-6.32723239596383 
-6.327232424656284 
-6.327232453031949 
-6.32723247959211 
-6.327232505894226 
-6.327232532217897 
-6.32723255783654 
-6.32723258321358 
-6.327232608361545 
-6.327232633278943 
-6.327232657968347 
-6.3272326822744205 
-6.3272327063836205 
-6.327232730903765 
-6.32723275521837 
-6.327232779663698 
-6.327232803904957 
-6.32723282788416 
-6.327232851686684 
-6.327232875342181 
-6.327232898466096 
-6.327232921383603 
-6.327232944131801 
-6.327232967109052 
-6.32723298994314 
-6.3272330125099145 
-6.327233034892542 
-6.327233057671771 
-6.327233080252235 
-6.327233102669378 
-6.327233124898733 
-6.327233146972048 
-6.327233168868288 
-6.3272331906144545 
-6.327233212123652 
-6.3272332333670205 
-6.3272332542923415 
-6.327233275087014 
-6.327233295721721 
-6.327233316161628 
-6.327233336456832 
-6.327233356705565 
-6.327233376816225 
-6.32723339680539 
-6.327233416676306 
-6.327233436414916 
-6.327233456006811 
-6.327233475486949 
-6.32723349484296 
-6.327233514073891 
-6.32723353319593 
-6.327233552188928 
-6.327233571115039 
-6.327233589928074 
-6.327233608637652 
-6.327233627643665 
-6.32723364663579 
-6.3272336655836074 
-6.327233684427556 
-6.327233703167634 
-6.327233721812011 
-6.327233740339039 
-6.327233758778191 
-6.3272337773096154 
-6.327233795755231 
-6.327233814106013 
-6.327233832328787 
-6.327233850453062 
-6.3272338684725185 
-6.3272338863874715 
-6.327233904308921 
-6.327233922076154 
-6.327233939748935 
-6.327233957235949 
-6.327233974635838 
-6.327233991907855 
-6.327234009067906 
-6.327234026147256 
-6.3272340432065155 
-6.327234060271687 
-6.32723407724261 
-6.327234094131431 
-6.327234110943164 
-6.3272341275722574 
-6.327234144111868 
-6.3272341609147835 
-6.327234177756058 
-6.327234194465093 
-6.327234211117396 
-6.327234227694392 
-6.327234244209408 
-6.327234260596487 
-6.327234276901888 
-6.327234293116641 
-6.327234309273116 
-6.327234325428645 
-6.327234341452183 
-6.327234357404462 
-6.327234373277124 
-6.327234389068646 
-6.327234404780264 
-6.327234420358595 
-6.327234435903669 
-6.327234451472509 
-6.3272344669816345 
-6.32723448219981 
-6.327234497353056 
-6.3272345124391 
-6.3272345274814175 
-6.3272345424199745 
-6.327234557512429 
-6.327234572374611 
-6.327234587306474 
-6.327234602180294 
-6.327234616959792 
-6.327234631688259 
-6.327234646353912 
-6.327234660954598 
-6.32723467549725 
-6.327234689981191 
-6.327234704334391 
-6.32723471866126 
-6.327234732969236 
-6.327234747558941 
-6.327234761926555 
-6.327234776220936 
-6.327234790455945 
-6.327234804673564 
-6.3272348188444045 
-6.327234832993132 
-6.327234847092103 
-6.327234861115793 
-6.3272348750854235 
-6.32723488885616 
-6.327234902589101 
-6.327234916317124 
-6.327234929982231 
-6.327234943634079 
-6.3272349572592255 
-6.327234970829174 
-6.327234984325479 
-6.327234998003608 
-6.327235011641914 
-6.3272350252427865 
-6.327235038798687 
-6.327235052310006 
-6.327235065785331 
-6.327235079345208 
-6.327235092860205 
-6.32723510630449 
-6.32723511970089 
-6.327235133040187 
-6.327235146342952 
-6.327235159632584 
-6.327235172877667 
-6.327235186083843 
-6.327235199239254 
-6.327235212494385 
-6.327235225714913 
-6.327235238884505 
-6.327235252010109 
-6.32723526509709 

 Time 
70.6897280216217 
