Energy 
 
0.08650764346745948 
-0.7603639607886923 
-1.8461695760570107 
-3.0741648159443344 
-4.228999281540314 
-5.384012669572237 
-6.769200554185454 
-7.400156852938402 
-8.036124678785987 
-8.693013978909207 
-9.295148734289223 
-9.84288746156496 
-10.459929367220436 
-11.170352905750942 
-11.621912148954403 
-11.954650031791118 
-12.240191119343024 
-12.501002204614052 
-12.694938031702316 
-12.862689970676744 
-13.034544128017137 
-13.190442525571054 
-13.338682211518565 
-13.47821046141509 
-13.60999060497864 
-13.751485845903508 
-13.888270845207595 
-14.01427486081398 
-14.132869972593806 
-14.24432299493001 
-14.369352410982938 
-14.47773149079092 
-14.579021967532567 
-14.684463273285063 
-14.782149562599871 
-14.872320996656619 
-14.956211966907354 
-15.035843425067126 
-15.109934342630728 
-15.18616299804546 
-15.255175294035885 
-15.319061665954408 
-15.381695348206984 
-15.439999755256453 
-15.49619423081712 
-15.550502290520253 
-15.603734975088516 
-15.651179140580993 
-15.694061399002177 
-15.734433572323672 
-15.772969049107694 
-15.808604628811306 
-15.847822931792283 
-15.883893786681174 
-15.902766885147939 
-15.911867453504323 
-15.95906924669872 
-15.996685674347782 
-16.023085984191585 
-16.04792107521439 
-16.071645757015713 
-16.095229554655102 
-16.11695105970023 
-16.138154118716212 
-16.15746283421088 
-16.176483992146384 
-16.194963092988417 
-16.212245757723732 
-16.22861744250652 
-16.24372297957352 
-16.25888587757595 
-16.273021997734862 
-16.286895154140684 
-16.30076142508919 
-16.313994137618675 
-16.326430056495433 
-16.338203306502514 
-16.34966846716763 
-16.360761118331723 
-16.37140676186222 
-16.38146920571826 
-16.390776739098772 
-16.399811040158138 
-16.40874184141721 
-16.417219828632113 
-16.425391362255976 
-16.433293328301804 
-16.44093033086946 
-16.44839002128707 
-16.455582671688752 
-16.462375271307625 
-16.469361248724308 
-16.47366971623749 
-16.462913338927073 
-16.452834624217388 
-16.442131127642455 
-16.495413445285017 
-16.504466976656847 
-16.510360444199847 
-16.5157128137591 
-16.520722248281242 
-16.525555402230673 
-16.53015225048006 
-16.534611670391204 
-16.539021823272247 
-16.54322661106199 
-16.547272877358896 
-16.55117159736756 
-16.554950570123456 
-16.558628649797274 
-16.56020678841217 
-16.564364709691393 
-16.56821338740004 
-16.572213121727994 
-16.575373600738043 
-16.578653135882483 
-16.581675842659983 
-16.584625159694802 
-16.587294543402024 
-16.589296007819403 
-16.590890327081794 
-16.592229607301594 
-16.59389867424606 
-16.59390238748545 
-16.597212334717977 
-16.601430960373214 
-16.60651234694804 
-16.609212333346623 
-16.60938347300232 
-16.610149626626892 
-16.610641342101353 
-16.60791796714825 
-16.61906407516334 
-16.621834160452828 
-16.623872571552123 
-16.625743568210154 
-16.627540563762555 
-16.62929571082275 
-16.630990792834965 
-16.632617006060677 
-16.634236678712806 
-16.635893440919553 
-16.637415291611752 
-16.63888961815026 
-16.640324282512992 
-16.64170594175411 
-16.643044634338064 
-16.644350221976815 
-16.6454237010427 
-16.645909495652088 
-16.642858668688596 
-16.646936397532464 
-16.64943109810323 
-16.646702377308756 
-16.649495075241177 
-16.653239073177097 
-16.65437577580094 
-16.655217944540734 
-16.654413961376907 
-16.654472170657996 
-16.654057290016016 
-16.65369113674688 
-16.655961519068512 
-16.658578772213673 
-16.661129120598442 
-16.662139108579428 
-16.662919178869384 
-16.663661682933398 
-16.664389817452108 
-16.665103382012358 
-16.66579440636634 
-16.66646985977986 
-16.667123223447074 
-16.667756888720795 
-16.668370368650034 
-16.668970192851727 
-16.669557636330232 
-16.670130269147442 
-16.67069170712156 
-16.671238682310833 
-16.671785083504055 
-16.672314739443397 
-16.67283806213528 
-16.67335029691803 
-16.67385114556404 
-16.674342085082575 
-16.674837563481923 
-16.67532910003065 
-16.67581098680675 
-16.67628254397116 
-16.67674509805328 
-16.677199362446014 
-16.67765663562055 
-16.678104366937667 
-16.678543690522215 
-16.678975373099142 
-16.679398143593662 
-16.67981312561964 
-16.68022198799363 
-16.680623770605422 
-16.681018127018255 
-16.681406362188007 
-16.681784147408635 
-16.68215428641527 
-16.68251815786837 
-16.682873735601824 
-16.68321637290726 
-16.68356040955916 
-16.68389637478899 
-16.6842254872157 
-16.6845483865786 
-16.68486625635306 
-16.68517937536815 
-16.68548705191913 
-16.685788823516187 
-16.68608548534857 
-16.686377783269982 
-16.686664572120076 
-16.68694706896163 
-16.6872247886199 
-16.68749743433027 
-16.68776663979524 
-16.688033768921034 
-16.688298431717804 
-16.688558991742994 
-16.68881693699769 
-16.689071041459183 
-16.68932133716533 
-16.689567268026416 
-16.689809430960974 
-16.69004889525007 
-16.690287180860224 
-16.690521725263018 
-16.690747045268374 
-16.69096833804459 
-16.691183875434543 
-16.69139628331985 
-16.691603168526314 
-16.69180648685731 
-16.69200666504756 
-16.69220656173563 
-16.69240318794044 
-16.692596641061854 
-16.692788295966825 
-16.692976368343295 
-16.69316165636204 
-16.69334363262327 
-16.693522575985153 
-16.693698475702803 
-16.69387202209919 
-16.694043316260355 
-16.6942109723636 
-16.694375707030495 
-16.694538199021228 
-16.69469826624221 
-16.694856660359676 
-16.695011847837673 
-16.695164914338534 
-16.6953157085652 
-16.69546434536587 
-16.695614230887497 
-16.695759486239922 
-16.695901380235078 
-16.69604091700599 
-16.696178467968462 
-16.696314269031987 
-16.696446984418444 
-16.696579432549353 
-16.696710083770967 
-16.696839023600056 
-16.696966796514495 
-16.697093193439564 
-16.69721803944649 
-16.697341292158065 
-16.69746294675976 
-16.697584507894497 
-16.697704571520777 
-16.697822683654817 
-16.697939162800342 
-16.698054214062868 
-16.6981675722783 
-16.69827972815884 
-16.69839081367897 
-16.698500558181784 
-16.698608915351322 
-16.69871607418487 
-16.698821922772265 
-16.69892632795831 
-16.69902834502853 
-16.699129609282647 
-16.69923072617295 
-16.699330451145826 
-16.699429171022267 
-16.699526912739888 
-16.69962378110528 
-16.699719350434425 
-16.699813783023423 
-16.699907003425793 
-16.699998593400533 
-16.70008900995422 
-16.700178349513543 
-16.70026673563815 
-16.700354355543762 
-16.700441028415298 
-16.70052658489622 
-16.700611119838175 
-16.700695276162307 
-16.700778602410278 
-16.70086066823485 
-16.700941757440543 
-16.7010219412767 
-16.70110147811655 
-16.7011799688512 
-16.701257703722945 
-16.701334281168712 
-16.70141020185922 
-16.7014827626354 
-16.7015542475901 
-16.70162465251446 
-16.70169418524978 
-16.701762823426662 
-16.701830697400744 
-16.70189792158756 
-16.701964283372277 
-16.70202986724227 
-16.70209454480283 
-16.702159264787678 
-16.702223219425708 
-16.702286348987023 
-16.702348734390593 
-16.70241052942004 
-16.702471413750395 
-16.702531604274093 
-16.702591196150234 
-16.702650113642946 
-16.70270838027241 
-16.70276638530558 
-16.70282397310952 
-16.70288084494314 
-16.70293691131275 
-16.702992196643482 
-16.70304685829639 
-16.703100905003186 
-16.70315424849277 
-16.70320727633081 
-16.703259500385105 
-16.703311178888022 
-16.703362386344846 
-16.70341287453732 
-16.703462792907345 
-16.703512192315728 
-16.703561183093417 
-16.703609238346342 
-16.703656780665305 
-16.70370379082731 
-16.703750328197025 
-16.703796349330723 
-16.703840971592882 
-16.703885141044253 
-16.70392901139936 
-16.70397280163645 
-16.70401577262263 
-16.704058246840006 
-16.7041002801509 
-16.70414186302569 
-16.704183094437404 
-16.704223960016446 
-16.704264327937807 
-16.70430425377279 
-16.704344060675783 
-16.7043834309506 
-16.704422269491587 
-16.70446082551486 
-16.704498962138167 
-16.704536725728577 
-16.704574087637898 
-16.704611158089648 
-16.70464793158164 
-16.704684419938268 
-16.704720523136814 
-16.70475616906287 
-16.704791391319073 
-16.70482625537707 
-16.704861020677964 
-16.704895406650927 
-16.704929145099964 
-16.70496253645799 
-16.704995552353285 
-16.705028752712856 
-16.705061571017836 
-16.70509403390319 
-16.70512612313341 
-16.705157872519663 
-16.705189402214366 
-16.705220625885808 
-16.70525160746685 
-16.70528231956979 
-16.70531276411989 
-16.705342907270538 
-16.705372634855415 
-16.705402095985068 
-16.705431068580975 
-16.70545975129987 
-16.705488740689827 
-16.705517411407225 
-16.705545711321815 
-16.705573650898334 
-16.705601296104838 
-16.705628632862553 
-16.7056556603035 
-16.705682411308416 
-16.705708838438035 
-16.705734984119065 
-16.705760908588744 
-16.70578655968414 
-16.705811844741184 
-16.705836852106394 
-16.70586114518987 
-16.705885148928846 
-16.705909237100975 
-16.70593316121901 
-16.705956770622514 
-16.705980144476683 
-16.70600325236941 
-16.706025970045825 
-16.706048469466854 
-16.706070738197116 
-16.706092779583738 
-16.706114594957963 
-16.70613622237525 
-16.706157634982812 
-16.706178838555328 
-16.706199774330386 
-16.706220473267745 
-16.706241061934247 
-16.70626141368995 
-16.70628156676792 
-16.706301640467853 
-16.706321510604756 
-16.706341157120832 
-16.706360721651055 
-16.706379991052664 
-16.70639910579174 
-16.70641809974572 
-16.706436896957275 
-16.706455358388393 
-16.70647379024159 
-16.706492038886427 
-16.706509895299867 
-16.70652757343796 
-16.70654505498172 
-16.7065623283206 
-16.706579467325128 
-16.70659643563505 
-16.706613220497086 
-16.70662983623652 
-16.706646289429905 
-16.706662560724862 
-16.706678574619875 
-16.70669442005008 
-16.706710119966765 
-16.706725631907076 
-16.706740995399585 
-16.706756205528936 
-16.706771342935404 
-16.70678632365486 
-16.706801177115853 
-16.706815839568637 
-16.70683036101407 
-16.706844850526902 
-16.70685930627469 
-16.706873561530514 
-16.706887887562765 
-16.706902082611528 
-16.70691613786837 
-16.706930059107258 
-16.706943854645242 
-16.706957306228627 
-16.70697062644724 
-16.706983818391553 
-16.706996860461526 
-16.707009709706664 
-16.707022439874187 
-16.707035046308174 
-16.707047530994632 
-16.707059894822958 
-16.707072136742358 
-16.707084262674115 
-16.707096303840554 
-16.70710824738054 
-16.707120057030043 
-16.707131754422104 
-16.70714334700472 
-16.707154827759382 
-16.70716620338892 
-16.707177465171764 
-16.70718863481888 
-16.707199728677605 
-16.707210735891984 
-16.70722163664622 

 Time 
571.4315328598022 
