Energy 
 
-0.47534936659182 
-2.790251088798816 
-5.01956843626457 
-7.049438092695073 
-8.768898582529367 
-9.15770769315305 
-9.970252029572928 
-10.070977423142939 
-11.043356188629659 
-11.442628144310278 
-11.797790064432633 
-12.116970905956927 
-12.103075244213342 
-12.063601390012092 
-12.278948769274146 
-12.47553873465093 
-12.41433131223156 
-12.695779312977153 
-12.948551254957627 
-13.343702851533715 
-13.628110457874623 
-13.812747295774544 
-13.04054478461303 
-13.527948946662546 
-13.650755128778611 
-13.970961089607846 
-13.977756671079572 
-14.172286876792057 
-13.621082408166544 
-13.960818055880326 
-14.154638648410332 
-14.063102143224965 
-14.369173703351771 
-13.734210164941036 
-14.28742257914412 
-14.335768063587984 
-14.2950846344918 
-14.026380030693414 
-14.476635118924198 
-14.2696984135643 
-14.391948369539474 
-14.288451404891727 
-14.241588018906352 
-14.26333158755711 
-14.378278700415684 
-14.494598099468156 
-14.411750347972923 
-14.57616798326365 
-14.765072473901478 
-14.369663966483335 
-14.43727394227373 
-14.611284179016142 
-14.721832605207842 
-14.410771722746823 
-14.595883526757936 
-14.7025572951639 
-14.761172577354102 
-14.899225922264197 
-14.491150507298627 
-14.632035888490703 
-14.853833275414159 
-15.063363045989973 
-14.286582642712538 
-15.011123989745682 
-14.770063124652719 
-14.657049940522686 
-14.9586604443612 
-14.975672854771737 
-14.605088362097069 
-15.184213116285392 
-15.358704363769366 
-15.399162075395255 
-15.398281916121002 
-14.622405317851959 
-15.47407444158915 
-14.846868469598906 
-14.297008651939207 
-14.43748348074936 
-15.0314168607586 
-15.47990959880543 
-14.449755107939486 
-14.47399974215461 
-14.838425184542935 
-14.98842740993686 
-14.78459703678304 
-14.906001866186998 
-15.06338379824593 
-15.33304328240647 
-15.135668596597224 
-15.203980651290756 
-15.336244624989867 
-14.806853156197931 
-15.187954611816657 
-15.609261202471597 
-15.15223385925255 
-15.318997262096136 
-15.383388725776078 
-15.471952737134213 
-15.659152996869615 
-14.838844633234942 
-15.037695018928526 
-15.173238933955904 
-15.205802321916272 
-15.330117951788376 
-15.162481176524969 
-15.567358438741866 
-15.630714222062236 
-15.64608408047477 
-15.469869358633918 
-15.421930424005055 
-15.617316559089705 
-15.78241661145494 
-15.787312466579182 
-15.79891547492546 
-15.643373019130765 
-15.768275343563968 
-15.840549357891703 
-15.759852386652797 
-15.929569345075677 
-16.049951539460025 
-15.37210443931968 
-15.78548521066973 
-16.242759862650143 
-16.367574936996593 
-15.798247381234722 
-16.12274015278004 
-15.709943399149592 
-15.783923020233473 
-16.386781501697993 
-15.66315333528862 
-16.251073953160457 
-15.73253792612595 
-16.562589028861748 
-15.861223262027437 
-16.610770456286676 
-15.725687274827031 
-15.888052023236604 
-15.985515779590498 
-16.04397252017112 
-16.070531558269707 
-16.128990338406915 
-16.28929128580859 
-16.34548424840081 
-16.363375047101403 
-16.394371158510012 
-15.903183340233781 
-16.075599352788153 
-16.31121646973813 
-16.361708251532203 
-16.509740006135846 
-16.62898925362134 
-16.88959549610839 
-16.97628458184187 
-16.478098985034812 
-16.508685533142195 
-16.941509228868703 
-16.99136608655171 
-15.890488547990563 
-16.2121877814091 
-16.81281243723112 
-16.524567961098775 
-15.947729230390358 
-16.64930994702343 
-16.823375968483127 
-16.865780629554955 
-15.87427332270187 
-16.38626201869352 
-15.989777621058535 
-16.698299619515097 
-16.00234709098488 
-16.159743432461557 
-16.119261585704045 
-16.25648173202289 
-16.33742888523815 
-16.390560586650032 
-16.71936204196346 
-16.29054814996335 
-16.311076518247425 
-16.52874499361587 
-16.35313758000971 
-16.132443871115758 
-16.382724898901927 
-16.12996635195703 
-16.68167210777266 
-16.61330356786181 
-16.33140482553304 
-16.392257163676685 
-16.051192756846884 
-16.7067646225329 
-16.509079840195803 
-16.034470324512252 
-16.73871365023728 
-16.814738704361016 
-16.251846751502384 
-16.541649131775507 
-16.475579343824002 
-16.504475097922754 
-16.38526932494329 
-16.509393600989746 
-16.328053690228778 
-15.958126047287989 
-16.773163862858677 
-16.31999727566511 
-16.41264520112084 
-16.466910583128932 
-16.327174943903575 
-16.370854999212114 
-16.499195759277953 
-16.838547046344342 
-16.862751114432616 
-16.85827321880945 
-16.930119221343542 
-16.00525742745453 
-16.09420541867735 
-16.84461859750326 
-16.656240199240134 
-16.576038477883223 
-16.027030922722282 
-16.81410095923472 
-16.241613341256002 
-16.60899346506758 
-15.948208931457142 
-16.990232600919025 
-16.831530527174735 
-17.145283013839403 
-15.767670914045123 
-15.939121995753766 
-16.538005519186143 
-15.997886986029059 
-16.654813730586554 
-16.997542103368488 
-17.02888504303511 
-16.583879430048757 
-16.526922373035227 
-16.64426567971112 
-16.67513617780084 
-16.0242171735079 
-16.51091903974814 
-16.705315997616424 
-16.933330118214354 
-16.95582398106796 
-16.331761131664603 
-16.435021649998593 
-17.09322350096517 
-16.027611653328275 
-16.097765090946005 
-16.14098539026709 
-16.974335223471034 
-16.252833227042224 
-16.433226916448504 
-16.522463179961846 
-16.15840572200283 
-17.01919372780814 
-16.4245739068226 
-16.01835603240517 
-17.005260155741514 
-17.039567094098313 
-16.900067707623915 
-16.93835528738015 
-15.867702343359989 
-16.428736600844548 
-16.5001978316746 
-16.140668036508018 
-16.8046744607038 
-16.83946569790526 
-17.041231696563987 
-17.222858786543302 
-17.22998857433321 
-15.783752874691222 
-17.181204524023073 
-16.154188872418345 
-16.980818801998865 
-15.827492254538441 
-15.90441149321461 
-15.881407027172662 
-16.964031244376336 
-16.059474979874057 
-16.110221216683467 
-16.39864570087291 
-16.47190514451471 
-16.903794825335734 
-17.21263491338698 
-15.860531768183481 
-15.971302750174836 
-16.37972117822811 
-16.416474395804233 
-16.7891478251177 
-16.157107922018387 
-16.860110867272216 
-16.849482408289465 
-17.026185771899794 
-16.58087708963808 
-16.6791308646896 
-16.299990599805163 
-17.148622851751462 
-16.159833822879328 
-16.172162189649143 
-16.947869721124018 
-17.0179042612045 
-17.206350578889708 
-16.485754972637984 
-16.04631132221509 
-17.223929815694365 
-17.308082585471443 
-16.465673004333482 
-16.988806743019932 
-15.742760940487395 
-15.889111342510793 
-16.348086464393532 
-16.856355166047205 
-16.171482677466116 
-15.967847968194892 
-16.01867080077824 
-16.053505503747342 
-16.07870206128997 
-16.39608459563802 
-16.578587350356145 
-16.416110379440365 
-16.542774061082127 
-16.552365909074457 
-16.52101426224405 
-16.2393039096389 
-16.48164218163529 
-16.488084585215283 
-15.91524782300218 
-16.038391051185158 
-16.246797323244817 
-16.554787061101827 
-17.05377201889785 
-16.593278565238183 
-16.39323122766714 
-16.476974161730748 
-17.07057493227642 
-16.70811000672534 
-17.069180387477978 
-16.45974552602887 
-16.556390236968973 
-16.38083458896028 
-16.123478002327882 
-16.918557054454222 
-16.273151502890766 
-16.175352779505697 
-16.8763801959105 
-16.996777697803132 
-15.964414564766727 
-16.08944299918306 
-16.827487003980284 
-16.922835132558046 
-16.395868241519 
-16.475610294294174 
-16.385845207837544 
-16.970373725279444 
-16.50778003517727 
-16.87009047023393 
-16.630049386917246 
-16.729468515766072 
-16.933999400769636 
-16.363292029756757 
-16.189947617924314 
-16.584030353735677 
-16.60524123836856 
-16.622715337357317 
-16.43508422770528 
-16.47863681583593 
-16.64273855837594 
-16.699644007882867 
-16.339255829360965 
-16.458927858525122 
-16.548154029712965 
-16.810427579202038 
-16.22734531968345 
-16.31608861406004 
-16.2723145146398 
-16.595826931965846 
-16.66405710946843 
-16.614812982081656 
-16.676810651490683 
-16.205046730087155 
-16.523304734691443 
-16.221913000906316 
-16.429479810533344 
-16.39494235019299 
-16.478420099396175 
-16.81583922260255 
-16.460632207624037 
-16.546777694969364 
-16.212099153883848 
-16.37725864632338 
-16.509511670418185 
-16.657509326300996 
-17.044701922548942 
-17.108212271423508 
-15.846162796519225 
-15.899250992732297 
-16.481289571049693 
-17.201020663137204 
-17.01333089875848 
-16.14367713741214 
-16.235196515385656 
-16.094687503992702 
-16.350875294700515 
-16.37328611820173 
-16.81988400272288 
-16.64169154242477 
-16.63531207178961 
-16.260395301296658 
-16.32651952672495 
-16.775851956132144 
-17.184477770071815 
-17.213766858151157 
-16.04159795079218 
-16.152074295304878 
-16.431680547338644 
-16.42042517190269 
-16.455370701601925 
-16.069630794104537 
-16.138114680055935 
-16.520309020773492 
-16.414574964862613 
-16.39262257904034 
-16.517365690342753 
-16.517636870685585 
-16.500076843368415 
-16.248625185911983 
-16.055503769709873 
-16.841623179464328 
-16.694525420324126 
-17.032824247947417 
-17.109789858396205 
-16.18261006874448 
-16.316831522157045 
-16.37867167120964 
-16.404952821646 
-16.29455922480341 
-16.579824033401504 
-16.300861388413875 
-16.37286005196907 
-16.661395551781304 
-16.596272447393385 
-16.578678823591993 
-16.50066195087919 
-16.42357996786155 
-16.490147602106198 
-16.30883763020077 
-17.057301101546614 
-16.58726037957977 
-17.191214911893926 
-16.627467668763476 
-16.451564000992068 
-16.378116527530963 
-16.79247141490801 
-16.998463247509235 
-17.044323534023654 
-15.956100633948306 
-16.759308518548107 
-16.095997321308577 
-16.23149161433821 
-16.297160531995814 
-16.76798117300634 
-16.74780942354417 
-16.021536349057712 
-16.098563634324016 
-16.144456461739246 
-16.59337858572023 
-16.70360334720578 
-16.780524888728703 
-16.15406253050005 
-16.126543220418007 
-16.798705596904814 
-16.665442281045678 
-16.038840607062195 
-16.110498686580684 
-16.545875067713336 
-16.186099809901425 
-17.065345111629416 
-17.114548631026242 
-17.150394203393653 
-16.994649042377883 
-17.19140688369913 
-17.219483792545457 
-16.18467840430074 
-16.759550295665807 
-16.370831744778148 
-15.91115109819702 
-16.02370263661092 
-16.360253529140763 
-15.939110009889472 
-16.44300641306771 
-16.480630476149898 
-16.839967792645304 
-16.786933589917815 
-16.81997243958827 
-16.84210740344532 
-16.859132303278464 
-16.11249907550298 
-16.233875451515857 
-16.733818316618205 
-16.564721769324617 
-16.61012539797878 
-16.842625407257252 

 Time 
1761.0418784618378 
