Energy 
 
2.3693496930821554 
1.6302467907524536 
0.7487393257917939 
-0.3966709970928726 
-1.442353781157924 
-2.317741922966799 
-3.1331518264957943 
-3.8267404796916136 
-4.44394060439191 
-4.994828896109736 
-5.440436090713246 
-5.8655249353014 
-6.273438899188743 
-6.553612454234613 
-6.848304953598355 
-7.105652484675758 
-7.354362230183415 
-7.5918724804366 
-7.784915920597598 
-7.969475911492965 
-8.185079390513154 
-8.383579372818238 
-8.582296749203277 
-8.780922597657542 
-8.982510785031824 
-9.162837103808867 
-9.335616443657884 
-9.479861681267817 
-9.64015416842036 
-9.769197890603726 
-9.887232406584957 
-9.999415871136987 
-10.106890970181421 
-10.209056637604263 
-10.30503821596872 
-10.401218573551047 
-10.494300940703315 
-10.581088247341576 
-10.667234918639709 
-10.746168435825679 
-10.825159265826102 
-10.900862154397378 
-10.972535159050086 
-11.040683206402093 
-11.10468429629438 
-11.166813206220848 
-11.231221103591315 
-11.288623054503216 
-11.335625756400663 
-11.396467865509447 
-11.4568099758698 
-11.511526601011877 
-11.546973993297682 
-11.405534342699372 
-11.569154630164212 
-11.693991088287996 
-11.75234835123448 
-11.792303015845906 
-11.829387392935873 
-11.864810192904223 
-11.901068360369568 
-11.936778618922762 
-11.970090554018533 
-12.001946940072566 
-12.03324723462089 
-12.064630034433646 
-12.094227036034356 
-12.122302947379735 
-12.149480070682586 
-12.175182158714323 
-12.199256991765541 
-12.221850203413641 
-12.241987566017974 
-12.260143541413576 
-12.276255594721574 
-12.289692355817367 
-12.289080878101952 
-12.294434928333708 
-12.305182553510354 
-12.34999182142652 
-12.363530606326556 
-12.376013616946242 
-12.387770515470633 
-12.398583467208955 
-12.408716182842989 
-12.418489598586968 
-12.427676158294291 
-12.436418234094969 
-12.444676822672179 
-12.452360219335072 
-12.459725141463839 
-12.46675852173967 
-12.473458089320564 
-12.479805243739369 
-12.486213368406213 
-12.492315617668698 
-12.498000036997993 
-12.503402947382229 
-12.50851568538803 
-12.513433624638793 
-12.51809759895156 
-12.522491824124607 
-12.526575713936747 
-12.530416929206183 
-12.534114280294782 
-12.537594327262418 
-12.540783375627356 
-12.543732921534884 
-12.546502679663968 
-12.549123006213408 
-12.551595701308331 
-12.553952068752636 
-12.55619510774248 
-12.558331847007862 
-12.560334801549088 
-12.562248584628588 
-12.564108980484198 
-12.565872964072573 
-12.567559271409932 
-12.56917030855826 
-12.570753767235802 
-12.572267248612047 
-12.573712007847407 
-12.575096090063933 
-12.57637197511134 
-12.577584970861228 
-12.57874852975699 
-12.579864956686611 
-12.58094856464794 
-12.581998814732398 
-12.58305044770557 
-12.584048851200876 
-12.584947709014955 
-12.585805345694038 
-12.586626242276443 
-12.587414208216341 
-12.588157793180368 
-12.588876979301457 
-12.589561625600037 
-12.590227075268436 
-12.590868414865682 
-12.591468469181471 
-12.592052859881983 
-12.592619773200049 
-12.593178388952074 
-12.593700025561741 
-12.59420268787489 
-12.594683984456436 
-12.595152547361133 
-12.595608292412582 
-12.596052534484109 
-12.596486398837438 
-12.596910570334357 
-12.597311274949945 
-12.597705428240848 
-12.598083390364435 
-12.598451947574688 
-12.598832764333363 
-12.599199649830483 
-12.599556952286205 
-12.599905428456765 
-12.600245389422476 
-12.600577669548235 
-12.600900335999015 
-12.60121428480385 
-12.601521092164543 
-12.6018211138585 
-12.602116370206701 
-12.60240843755562 
-12.602696549962674 
-12.602977875754432 
-12.603252710327222 
-12.603511984185536 
-12.603763720341227 
-12.604008336481842 
-12.604246495324102 
-12.604477749306719 
-12.60470338480506 
-12.604923720972426 
-12.605137969534846 
-12.60534566549326 
-12.605549248220585 
-12.605744939988202 
-12.605936627260604 
-12.606122595377647 
-12.606306927003137 
-12.606487604656603 
-12.606666565578768 
-12.606842498581978 
-12.607014310049479 
-12.60718264595123 
-12.60734681210947 
-12.607501815386982 
-12.60765364706466 
-12.607803543287812 
-12.607949216096838 
-12.608092018919987 
-12.608231478867658 
-12.608368542277706 
-12.608502507730504 
-12.608632230943337 
-12.608758850348341 
-12.608882160766258 
-12.609003012412725 
-12.609122260805803 
-12.609239226152544 
-12.609354405003383 
-12.609467464421225 
-12.609578903372395 
-12.609688459618221 
-12.60979534664933 
-12.60990033805702 
-12.610003244092452 
-12.610104351495393 
-12.610203654764643 
-12.610301328506193 
-12.610397315194042 
-12.610491800994279 
-12.610584339904362 
-12.610676120013839 
-12.61076632831887 
-12.610854954178643 
-12.61094252417027 
-12.611028531233934 
-12.611112765136216 
-12.611195528202098 
-12.611276804171201 
-12.611355914982848 
-12.611434373969079 
-12.611511521837365 
-12.611586154253866 
-12.611658604555746 
-12.611729072357978 
-12.611798320985287 
-12.61186598303087 
-12.611932535339058 
-12.611997088747366 
-12.612060635363811 
-12.6121231648079 
-12.61218427337933 
-12.612244731971373 
-12.612304221738299 
-12.612362547275383 
-12.612419836942129 
-12.612476410697838 
-12.612532400343131 
-12.612587517651743 
-12.612641778174437 
-12.61269517807596 
-12.612747706056673 
-12.612799441311015 
-12.612850514283178 
-12.612900879382275 
-12.612950474143098 
-12.612999215982585 
-12.613047323272779 
-12.613094411762853 
-12.613140741116517 
-12.613186739226736 
-12.613232122054294 
-12.613276852834975 
-12.61332051387572 
-12.613363502193872 
-12.613405916550505 
-12.613447690991633 
-12.61348899180532 
-12.613529799391436 
-12.613570079778178 
-12.613609959087055 
-12.613649433262035 
-12.61368759879921 
-12.613725288187537 
-12.613762317966275 
-12.613798865921838 
-12.613834920892645 
-12.613870512522132 
-12.613905611336406 
-12.613940306530182 
-12.613974427002828 
-12.614008125861977 
-12.614041461633175 
-12.61407437644825 
-12.614106718548912 
-12.614138858264925 
-12.614170509146703 
-12.614202091200603 
-12.61423356314161 
-12.614264395688403 
-12.61429492204589 
-12.614324974941386 
-12.614354728900144 
-12.61438543424244 
-12.61441603933147 
-12.61444625746455 
-12.614475953414177 
-12.614505294468145 
-12.614534281272297 
-12.614562371949809 
-12.614590162734158 
-12.614617503980464 
-12.614644557243436 
-12.614671282638941 
-12.61469784991997 
-12.614724159745563 
-12.614750195995269 
-12.61477591737495 
-12.614801385651049 
-12.614826535478498 
-12.614851428615331 
-12.614875804811843 
-12.614899978319224 
-12.614923981171668 
-12.614947884579866 
-12.614971548387222 
-12.614994975966871 
-12.615018174922632 
-12.615041141175066 
-12.615064109362155 
-12.61508686917526 
-12.615109382274103 
-12.615131679819896 
-12.615153767384971 
-12.615175614856216 
-12.615196962535277 
-12.615218112474121 
-12.615239330475971 
-12.615260310249749 
-12.615281114996332 
-12.615301733423715 
-12.6153221541514 
-12.615342386248987 
-12.615362439974863 
-12.615382318376097 
-12.615401899020013 
-12.61542132523097 
-12.61544076587544 
-12.615460037094339 
-12.615478986000902 
-12.615497715240991 
-12.615516488511076 
-12.61553496063221 
-12.615553282762114 
-12.615571533611043 
-12.61558963207865 
-12.615607591955545 
-12.61562540880501 
-12.615643150559489 
-12.61566073428045 
-12.615678095563483 
-12.615694719050568 
-12.615711119817796 
-12.615727393274065 
-12.615743579402153 
-12.61575963392889 
-12.615775637543635 
-12.615791630717796 
-12.615807215502766 
-12.6158226293776 
-12.615838017149244 
-12.615853300928457 
-12.615868494952093 
-12.615883637849912 
-12.615898679774515 
-12.615914072807188 
-12.615929299215153 
-12.615944431228222 
-12.615959517191126 
-12.615974511429194 
-12.6159895187623 
-12.616004475463788 
-12.616019326148374 
-12.616034062612302 
-12.616048670176554 
-12.616063150173828 
-12.616077559264788 
-12.616091927760719 
-12.616106203208155 
-12.616120439815296 
-12.61613468629952 
-12.616148834857773 
-12.616162942975052 
-12.616176950295444 
-12.616190842214717 
-12.616204629903491 
-12.616218331415997 
-12.616231837910457 
-12.6162452485945 
-12.616258564115636 
-12.616271874676269 
-12.616285103234334 
-12.616298242900385 
-12.616311306173483 
-12.616324295455374 
-12.616337203937428 
-12.616350049136484 
-12.616362821839466 
-12.616375520715923 
-12.616388144932188 
-12.616400677687832 
-12.616413143786867 
-12.61642550198027 
-12.616437843849964 
-12.616450112456778 
-12.616462314484775 
-12.616474402450217 
-12.61648651557653 
-12.616498544280018 
-12.61651036751937 
-12.616522128682407 
-12.616533834889156 
-12.61654550347094 
-12.616557044573424 
-12.616568524233795 
-12.616579947154916 
-12.616591349515383 
-12.616602682861176 
-12.6166139631132 
-12.616625184726852 
-12.616636314384953 
-12.61664738751004 
-12.616658390937399 
-12.616669261925479 
-12.616680153496919 
-12.616690941569567 
-12.61670165115035 
-12.616712290896848 
-12.616722921646272 
-12.61673348978133 
-12.616743889257835 
-12.616754245592658 
-12.616764575991231 
-12.61677485451854 
-12.616785094550762 
-12.616795213041394 
-12.61680524025445 
-12.616815232460072 
-12.61682517115192 
-12.616835072915956 
-12.61684493184455 
-12.616854757396103 
-12.616864589131968 
-12.616874394515134 
-12.616884158945146 
-12.616893880416159 
-12.61690361718865 
-12.616913299098108 
-12.616922890912935 
-12.616932429881889 
-12.616941924300221 
-12.616951378992209 
-12.616960752985975 
-12.616970012964305 
-12.616979208413131 
-12.616988386254173 
-12.616997530056086 
-12.617006727265867 
-12.61701588665707 
-12.617025018561826 
-12.617034216150863 
-12.617043361450916 
-12.617052462729143 
-12.6170615182936 
-12.617070536854623 
-12.617079458656477 
-12.617088346131613 
-12.617097235745698 
-12.617106091834078 
-12.617114913767121 
-12.617123698310701 
-12.617132432860984 
-12.617141132972108 
-12.617149802175863 
-12.617158418174615 
-12.617166989597093 
-12.617175528533389 
-12.61718405712389 
-12.61719258310483 
-12.617201079066566 
-12.617209544040247 
-12.61721793671423 
-12.61722627128754 
-12.61723457519078 
-12.61724284472866 
-12.617251049130449 
-12.6172592237275 
-12.617267366180286 
-12.617275478537309 
-12.617283566994365 
-12.617291619501701 
-12.61729975624404 
-12.617307831624318 
-12.617315878848954 
-12.61732390756483 
-12.617331922144004 
-12.61733989288904 
-12.617347791094481 
-12.61735567783581 
-12.61736352395803 
-12.617371285520521 
-12.617379040529137 

 Time 
293.1561496257782 
