Energy 
 
2.878301087752058 
2.523551486637101 
-0.02723241916149568 
0.018181203942006632 
-0.7994279829589013 
-2.3295072924077567 
-2.988538727649277 
-3.2265665616859023 
-1.314574638222247 
-4.43159291189512 
-4.663150526487498 
-5.027092963663028 
-4.614802139575802 
-4.847993553362906 
-4.863466986155603 
-4.9527930284618416 
-4.95166254966229 
-5.564981481153374 
-5.609251795911761 
-5.284502759924254 
-5.596253248444105 
-6.134661500219571 
-5.9679641506540095 
-5.914184907588557 
-5.879268820218321 
-6.044425506086351 
-6.428198920317863 
-6.0765961596403635 
-5.932186840044539 
-6.096167847409237 
-6.434191690196172 
-6.470787535778111 
-7.494437697757375 
-7.7132174056978675 
-7.458066861307392 
-7.335321940870167 
-7.28261822119638 
-7.2261751025854375 
-7.224729929814309 
-7.285601220797515 
-7.2392812987311865 
-7.29448352003058 
-7.661502139810209 
-7.361407990723484 
-7.527960027330236 
-7.586280250465733 
-7.376827902537755 
-7.356767072695023 
-7.313426765416725 
-7.846795596126192 
-7.771120000015906 
-7.597194478124559 
-7.173189998536358 
-7.2318389689380025 
-7.276223353714791 
-7.434941560447093 
-7.507723308623882 
-7.56566599603147 
-7.570801727840916 
-7.70237103553807 
-7.680336034066181 
-7.66103041666858 
-8.211775569329157 
-8.115885240569334 
-8.09304339393713 
-8.560923882168167 
-8.737419590031125 
-8.942925446140382 
-8.951219338722511 
-8.72077396229299 
-8.87235726125062 
-8.873724732179253 
-8.822887674014684 
-8.735787773034533 
-9.036809065699057 
-9.091198948925527 
-9.056843256427573 
-8.984872829548555 
-9.004650081291638 
-8.98978894572732 
-9.02267209419351 
-9.150295200748326 
-9.206091420889093 
-9.20474395846926 
-9.058550786621456 
-9.070439864957915 
-9.132771961572715 
-9.14489550223526 
-9.069512312360857 
-9.11784994921173 
-9.092877390800384 
-9.176822293401958 
-9.18782850008714 
-9.224633004964318 
-9.22856415006167 
-9.250586439063706 
-9.197119657832914 
-9.197566470786816 
-9.20898371810699 
-9.172852974065899 
-9.12294778131591 
-9.199018164931339 
-9.185927065453713 
-9.144198172382854 
-9.136587037443691 
-9.152718451416593 
-9.175399545210887 
-9.17783708108285 
-9.185260417699773 
-9.27190938420184 
-9.41668187987687 
-9.648765505062732 
-9.722747241629849 
-9.692890163229025 
-9.695057815693612 
-9.709420039962096 
-9.749161420001995 
-9.802209935995881 
-9.802104275513736 
-9.79960334546961 
-9.832420306524128 
-9.822026659813396 
-9.81151337693725 
-9.86728487814196 
-9.881386227492312 
-9.87884321193529 
-10.400437508653976 
-10.426040578803539 
-9.95822098107691 
-9.811223023648674 
-9.733694262800919 
-9.757678877248418 
-10.411915028494079 
-10.109272220139694 
-10.123049840377915 
-9.915845824807542 
-10.020790827428998 
-10.01162124565041 
-10.907230868893457 
-10.595192221965739 
-10.35820818763904 
-10.401654076537152 
-10.579718902998613 
-11.134760352964893 
-11.019371095115362 
-11.017420487291462 
-10.681927629310678 
-10.439846003822517 
-10.601687440647455 
-10.269565008000459 
-10.031209347729654 
-11.541036843228312 
-11.881445116861123 
-11.917980216256808 
-11.883782067094055 
-11.802376449117656 
-11.783370988694422 
-11.995362441514777 
-12.042237577851358 
-12.176486036450017 
-12.131354269249815 
-12.121633850280773 
-12.069940093484702 
-12.111295765050626 
-12.186235715404178 
-12.178875408093633 
-12.552543292089942 
-12.548579434401939 
-12.395127078323755 
-12.815463371974744 
-13.027748688615592 
-13.21898390549456 
-13.004097003534154 
-13.005139118061729 
-13.008721154380256 
-13.064643698852034 
-13.218461597192894 
-13.21731281125195 
-13.228096841359903 
-13.23505008323835 
-13.247242971412254 
-13.309412004231612 
-13.294711476248166 
-13.291860591302418 
-13.336029838893115 
-13.31707801476592 
-13.35971127486408 
-13.370977313865838 
-13.40052098904589 
-13.408112259310782 
-13.408510816660357 
-13.391335415814023 
-13.371054607751123 
-13.406645246038025 
-13.41678483600066 
-13.418156925292582 
-13.488681554345225 
-13.46731109024791 
-13.475245773129675 
-13.475981436399824 
-13.514619231230437 
-13.50658606842181 
-13.518420832121137 
-13.524947463833502 
-13.588479713210171 
-13.582038944647602 
-13.584088720645704 
-13.584168665423014 
-13.611382646616187 
-13.608563476159318 
-13.600682180419915 
-13.607181422381332 
-13.618288280227443 
-13.624864193389515 
-13.625869715454215 
-13.625616569656263 
-13.626533579466695 
-13.6269213211536 
-13.628735115233075 
-13.656896002935131 
-13.650248640252961 
-13.64773070606161 
-13.6879886938552 
-13.68484982031258 
-13.686870883523664 
-13.690949445301307 
-13.693505749485368 
-13.719661191265471 
-13.716831921409439 
-13.732270996025814 
-13.73172384451034 
-13.74465919346412 
-13.745987274394793 
-13.745733986263744 
-13.74609773268757 
-13.746661884661194 
-13.747223600055483 
-13.747181953741917 
-13.747587590841412 
-13.747083917179223 
-13.752238074873464 
-13.76001898158428 
-13.75769270524652 
-13.766312734092748 
-13.758402019924025 
-13.75503885239868 
-13.783343085041833 
-13.784005416034029 
-13.781451400872243 
-13.779297115981226 
-13.776114332514345 
-13.79173943563098 
-13.791512082696665 
-13.791619902621136 
-13.80623518874726 
-13.82270609690887 
-13.819308658982314 
-13.819672917048909 
-13.82044112173773 
-13.815957218937859 
-13.814417768940904 
-13.81334548077116 
-13.829647496233862 
-13.836274061359472 
-13.835582038677934 
-13.82570685463283 
-13.849562858382724 
-13.847805544348649 
-13.84553699804263 
-13.845075772122994 
-13.874693041052165 
-13.892365740541962 
-13.886101649370737 
-13.889185565750893 
-13.889518862368615 
-13.889628480936027 
-13.88947762437201 
-13.907613565726676 
-13.90733238521537 
-13.90756612113447 
-13.91138249735048 
-13.911591467276955 
-13.937188388953887 
-13.976769794248078 
-13.976956815780092 
-13.983442689904853 
-13.990276890094876 
-13.983171049538235 
-13.983931298816568 
-13.985697411449303 
-14.004511964768758 
-14.00303277802512 
-14.009381996222947 
-14.019484872889162 
-14.016843347157812 
-14.067790344782635 
-14.064343517509057 
-14.075105937781775 
-14.085657541606665 
-14.071511758703009 
-14.151971068850242 
-14.189019901094074 
-14.277985654561533 
-14.25455743215165 
-14.286678029811018 
-14.274076297388152 
-14.268865013785264 
-14.27458445915641 
-14.276164670670465 
-14.282251192958412 
-14.281932305688354 
-14.452567189568624 
-14.462552122458439 
-14.468516834111572 
-14.48805845223646 
-14.477122052129658 
-14.477223738007448 
-14.461086634938201 
-14.469427289388646 
-14.746612125425555 
-14.884709261017369 
-14.775602157844217 
-14.873981726027923 
-14.901131534546403 
-14.887056558552706 
-14.872751948639712 
-14.920968680204593 
-14.972139847941609 
-14.96568932204002 
-15.191948786895399 
-15.241517710754975 
-15.2067342088024 
-15.21439887337589 
-15.329204215629668 
-15.362609250949902 
-15.396497823837466 
-15.40423170171964 
-15.377525635649969 
-15.747376500761694 
-15.892338832730081 
-15.89076423801765 
-15.904152401772771 
-16.004701876360148 
-16.011003225820787 
-16.04704577350698 
-16.058110834123326 
-16.082483342762057 
-16.077767192619 
-16.078552340552083 
-16.147457989970565 
-16.180090094135195 
-16.211501619674426 
-16.189712238170756 
-16.217479804914213 
-16.19166401700637 
-16.240589487632136 
-16.23302082271785 
-16.229087593053652 
-16.231755003020528 
-16.211366968340123 
-16.21476873535569 
-16.20241409741322 
-16.206531700698104 
-16.263818492602017 
-16.260896755227222 
-16.278949776969547 
-16.27839031933882 
-16.285929347655006 
-16.29500793139657 
-16.295510088778418 
-16.301612507258707 
-16.331220880716188 
-16.318598499155943 
-16.30653698483861 
-16.326633045397063 
-16.32938428959315 
-16.409605965255526 
-16.410074555775882 
-16.396454005812878 
-16.39610395592719 
-16.51340042795538 
-16.51315952451734 
-16.512844192643183 
-16.52059152953251 
-16.541574319200468 
-16.53934437832184 
-16.559958528046387 
-16.561406186150897 
-16.561540684623854 
-16.58069429852109 
-16.586921244356475 
-16.592685642583408 
-16.599229686007046 
-16.599015247065434 
-16.629009646850694 
-16.629019404044257 
-16.63333476729331 
-16.636835872823365 
-16.637407266292822 
-16.640927185838343 
-16.64150259497273 
-16.671588998754586 
-16.67086621517115 
-16.673358003199866 
-16.677992182498084 
-16.678212322987257 
-16.69507995296447 
-16.701614590392303 
-16.702128021297614 
-16.700207969695175 
-16.70801662517725 
-16.71038904077507 
-16.706178638682687 
-16.70945041325125 
-16.71523473409748 
-16.71333673761818 
-16.71311105654768 
-16.734658554522067 
-16.739508475499683 
-16.742411393345336 
-16.74281847184666 
-16.743312186403962 
-16.74535251026469 
-16.748650684979303 
-16.749857876136574 
-16.750194438940714 
-16.75206283604058 
-16.755419991938492 
-16.75827342446866 
-16.766011567608366 
-16.766686472757307 
-16.769562005130958 
-16.770223510052276 
-16.773118528997962 
-16.773669014270798 
-16.773098242368203 
-16.773879503187654 
-16.77393547106225 
-16.776266994078696 
-16.77572742714376 
-16.775869169612097 
-16.776673846914328 
-16.77628796451191 
-16.77564040680131 
-16.776387957002665 
-16.776657179215764 
-16.776574580260743 
-16.779222705146292 
-16.780410336739095 
-16.782195216990345 
-16.783575827416627 
-16.78323257868904 
-16.787815400978875 
-16.788750784837553 
-16.791099672152818 
-16.789350173874762 
-16.80146852563151 
-16.804317122669737 
-16.804658565575103 
-16.804895884619043 
-16.80580523230569 
-16.80547025118755 
-16.81640245947179 
-16.818710399801933 
-16.818874863379286 
-16.81891966235155 
-16.818388550212234 
-16.819848519016617 
-16.820740812589452 
-16.82186695388692 
-16.822280976275877 
-16.82222652706192 
-16.822501557788108 
-16.822272910233053 
-16.82192833478308 
-16.82247455548285 
-16.82260934753807 
-16.829709560864025 
-16.82960541337511 
-16.832994654703025 
-16.833244474417512 
-16.83312040572081 
-16.83342665134932 
-16.834597492107832 
-16.834590804860877 
-16.834676534480778 
-16.834633386019075 
-16.834854623386526 
-16.837936145541082 
-16.83775715892808 
-16.838438250709416 
-16.839980541675416 
-16.839899416033223 
-16.839757525597822 
-16.83978492544219 
-16.84155273362972 
-16.841813587797986 
-16.842558807151583 
-16.843655222952993 
-16.844735406701208 

 Time 
32.093388080596924 
