Energy 
 
1.03983086882277 
0.06664684169037527 
-1.2140881885487762 
-2.7637398707889105 
-4.514820074816263 
-6.374351848185975 
-8.338646750149215 
-9.561418433913177 
-10.407384012522511 
-11.091553107278997 
-11.58490180206021 
-12.00923225872374 
-12.382936604829618 
-12.720282244550221 
-13.01752711870269 
-13.299442675629084 
-13.549553749228641 
-13.792005395353822 
-14.025830042472686 
-14.247683891198195 
-14.448184165400024 
-14.64803243795207 
-14.907727831572222 
-15.127814559632782 
-15.391553607225246 
-15.555880861735435 
-15.715302588755986 
-15.931798540285447 
-16.138591764108973 
-16.325649590584234 
-16.499351659136277 
-16.643572896230143 
-16.76625417083151 
-16.870640031382493 
-16.97155711805094 
-17.06450723706235 
-17.148755496029732 
-17.228141009040062 
-17.296959797351644 
-17.37443238594611 
-17.435287811588413 
-17.489385168577 
-17.544379671689086 
-17.60212347389204 
-17.6550938815585 
-17.7049275013936 
-17.748089777369646 
-17.785747849731013 
-17.82031570569644 
-17.85646710234562 
-17.891182006126808 
-17.92177452118055 
-17.95007359285115 
-17.976044066105906 
-17.999799630416522 
-18.024613358265192 
-18.050478148548812 
-18.071913712046477 
-18.093999221647405 
-18.11569966624455 
-18.136470430414363 
-18.158626405779867 
-18.17195027712323 
-18.191964624471108 
-18.206660867899377 
-18.221433911858167 
-18.234105500821098 
-18.247101487455048 
-18.25889800169758 
-18.273315026772543 
-18.284364414216675 
-18.295400877942193 
-18.306286896208462 
-18.316480610661237 
-18.327137798910545 
-18.33551717529215 
-18.34600524225802 
-18.355548516006838 
-18.364263954696916 
-18.372287424809624 
-18.37967020338617 
-18.387067794534335 
-18.39557847373608 
-18.40009616833343 
-18.395448073803685 
-18.388694652443256 
-18.42666052994698 
-18.43380077765566 
-18.43969831276539 
-18.432589508383742 
-18.451074254781414 
-18.457371510355106 
-18.462397957576325 
-18.466646014161764 
-18.474605709148147 
-18.479519205481335 
-18.483685268627028 
-18.48746626442644 
-18.491516574570248 
-18.495836455725165 
-18.499727123051127 
-18.49942269963045 
-18.491279678229514 
-18.485209901707908 
-18.511903463622136 
-18.51704754057392 
-18.520565473133423 
-18.52366020729129 
-18.52657320926866 
-18.52935442520326 
-18.53196172426501 
-18.534453366426842 
-18.53687796494085 
-18.53920103911524 
-18.539536779487243 
-18.543502357323035 
-18.545930514550555 
-18.5480519516993 
-18.550090618719757 
-18.55208684659652 
-18.5536658576513 
-18.548508216776128 
-18.545137677717527 
-18.559785205507367 
-18.560641595961417 
-18.560738430861768 
-18.560103809235706 
-18.55905444276449 
-18.56071564855121 
-18.564091294250446 
-18.568283733666718 
-18.571087894857122 
-18.574009076808288 
-18.57642360850342 
-18.57672342535178 
-18.574060979357697 
-18.578684490723276 
-18.58061573395355 
-18.583917627361206 
-18.585425773302234 
-18.5868317564707 
-18.58818820995403 
-18.58949565861173 
-18.591067855255016 
-18.592486823673593 
-18.594032872375344 
-18.59556774595344 
-18.594914069420145 
-18.595778912500013 
-18.59865402942504 
-18.60016381140558 
-18.601371299038647 
-18.602451399933862 
-18.603535635183338 
-18.604566359780698 
-18.60557803769528 
-18.60655499019751 
-18.607504284537512 
-18.6084586554558 
-18.609433146204122 
-18.61038232017196 
-18.611327199574756 
-18.612287064570022 
-18.613222311539328 
-18.61414077912341 
-18.615159561957988 
-18.616088462237038 
-18.616887715586717 
-18.61725131471302 
-18.61676942485653 
-18.619478495443126 
-18.620413698916426 
-18.621279341536958 
-18.622092011080365 
-18.62289160451905 
-18.62369733371434 
-18.624488561389878 
-18.625270201351174 
-18.626042860712097 
-18.626806366675975 
-18.627563920557947 
-18.62831158606336 
-18.629049720049625 
-18.629780001614282 
-18.63050214192786 
-18.631220828023444 
-18.631932711561706 
-18.632630118673518 
-18.633316749503475 
-18.63399657255512 
-18.63467580757619 
-18.63534803056613 
-18.636005593256627 
-18.636675817651057 
-18.63737143928856 
-18.638074022167622 
-18.638765112023904 
-18.639441532669572 
-18.64011419279964 
-18.640759310833165 
-18.641398191678025 
-18.642030237002412 
-18.642651778751365 
-18.6432650500089 
-18.643873403777363 
-18.644449342088137 
-18.645017214249773 
-18.645567436662407 
-18.646108269469035 
-18.64664338783577 
-18.647173609499458 
-18.64770206054944 
-18.64822998293335 
-18.648750623898987 
-18.649264100823522 
-18.64980247255555 
-18.65033577764384 
-18.650865229296475 
-18.651443194380803 
-18.652008992081 
-18.65256984162575 
-18.65312419268357 
-18.653673550499573 
-18.65421470516505 
-18.65475065125191 
-18.655282052547978 
-18.655786633897996 
-18.65628541306004 
-18.65678291841195 
-18.65727579952449 
-18.657768153466147 
-18.65825529870472 
-18.658731216832564 
-18.659206229014043 
-18.65967707445016 
-18.66014270923882 
-18.660603342891985 
-18.66105850306981 
-18.66151135007687 
-18.66198707060211 
-18.662455926369528 
-18.66291547637555 
-18.663385302326734 
-18.663855826303703 
-18.66431729579965 
-18.664775642542665 
-18.665234537126643 
-18.66571028946636 
-18.66616864366455 
-18.66662760444328 
-18.66707984615465 
-18.667530660428522 
-18.667974394746533 
-18.668417784302616 
-18.668856384820785 
-18.669294404882056 
-18.66972524160286 
-18.670153597194506 
-18.670578310511175 
-18.670994334744115 
-18.671406580811837 
-18.67181539361948 
-18.672231300322487 
-18.67264309860888 
-18.673051011999647 
-18.673431770407106 
-18.67380719140362 
-18.674178052853 
-18.674544725920946 
-18.674903827634044 
-18.67525981738586 
-18.675612817043227 
-18.67596112432418 
-18.67630677633745 
-18.67665217994708 
-18.676994927514293 
-18.6773349955778 
-18.67767255115182 
-18.678015410353993 
-18.678350305915917 
-18.678683139094844 
-18.679011719562155 
-18.679338283384222 
-18.679663357534245 
-18.67998581149521 
-18.680298447907486 
-18.680608000395264 
-18.68091548943577 
-18.681220806701482 
-18.681522825717227 
-18.681822693100102 
-18.682120576399296 
-18.682414967678927 
-18.682707007045394 
-18.682996919678427 
-18.68328895280024 
-18.683577782955126 
-18.68386539527214 
-18.684151470736463 
-18.684435324136775 
-18.68471664068854 
-18.68499116336813 
-18.68525934457715 
-18.685523966265066 
-18.68578792533003 
-18.68604965981763 
-18.686308606806595 
-18.68656642495854 
-18.686822080166884 
-18.687076356192584 
-18.687328684892655 
-18.68757692402579 
-18.687825666006166 
-18.688071859188852 
-18.688316611016706 
-18.68855918377264 
-18.688800326099464 
-18.689042447017783 
-18.689283608705253 
-18.689523069008708 
-18.68976054650288 
-18.689996170070696 
-18.69023029168607 
-18.690464003443857 
-18.690697390568033 
-18.690929622147614 
-18.691158886657252 
-18.69138718140022 
-18.691612865440558 
-18.6918361281665 
-18.692060949557636 
-18.69228470711144 
-18.692507250447097 
-18.692729101443632 
-18.69294978196294 
-18.693169145206216 
-18.69339387602831 
-18.69361406423971 
-18.693842758541074 
-18.694069330748658 
-18.694297325992594 
-18.694523662013033 
-18.694748461567947 
-18.69497166176098 
-18.695193777276188 
-18.695412305758165 
-18.695629414046145 
-18.695845029702014 
-18.696059352796617 
-18.69627238798191 
-18.696475375960535 
-18.696679425760063 
-18.696882545229606 
-18.69708405044431 
-18.697285578507522 
-18.697485700199913 
-18.697684392222424 
-18.69788194050855 
-18.69807823739699 
-18.698273702213154 
-18.698468876127983 
-18.698662821474258 
-18.69885565005622 
-18.69904739658787 
-18.699239975649753 
-18.699438546230883 
-18.699635832113586 
-18.69983189012749 
-18.70002813562063 
-18.70021935685331 
-18.700408971247 
-18.700597241456933 
-18.70079294546241 
-18.700984264433167 
-18.70117479301374 
-18.701361746770512 
-18.701547667613937 
-18.70173086819439 
-18.70191318768556 
-18.70209450582836 
-18.70227460558778 
-18.70245374539117 
-18.702628974727098 
-18.702803056438242 
-18.70297901017305 
-18.703154394208955 
-18.70332816800679 
-18.70350089425458 
-18.703672725008612 
-18.703845058394315 
-18.704018395569562 
-18.704192151376326 
-18.704364858032505 
-18.704532554306763 
-18.704699546703587 
-18.704867150779908 
-18.70503485561055 
-18.705203131049394 
-18.705369097020814 
-18.705535402687882 
-18.70570060636414 
-18.705864145758042 
-18.706025958386487 
-18.706186342466093 
-18.7063465970816 
-18.70650606050248 
-18.70666479940019 
-18.70682266627997 
-18.706979269114086 
-18.7071345487671 
-18.707288370694847 
-18.707440947622164 
-18.707592680743243 
-18.707742623565697 
-18.707891605503935 
-18.70803981536177 
-18.70818684363053 
-18.708332993437043 
-18.708477832564935 
-18.70862261192554 
-18.708765499293584 
-18.708907482372183 
-18.709048713488766 
-18.70918724168161 
-18.70932535003923 
-18.70946238644235 
-18.709599652609963 
-18.709735971943545 
-18.7098715954427 
-18.710005913016907 
-18.710139498479393 
-18.710271918745438 
-18.71040310335097 
-18.710532971720482 
-18.7106628590653 
-18.710791796568525 
-18.710919432586536 
-18.711051376164168 
-18.71118672564101 
-18.711321061275818 
-18.711454443534727 
-18.711587175808045 
-18.71171887974992 
-18.71184980059107 
-18.71198100524336 
-18.712115041046342 
-18.712248172837032 
-18.71237899899981 
-18.712508794543222 
-18.71263811038768 
-18.712766753949392 
-18.71289461373066 
-18.713021487177308 
-18.71314762365435 
-18.71327300390971 
-18.713397745293246 
-18.713521149617108 
-18.713646684053707 
-18.713771563256472 
-18.7138959191951 
-18.7140208846063 
-18.71414504529813 
-18.714269839640338 
-18.714392699357123 
-18.71451554410471 
-18.71463772053521 
-18.71475924880046 
-18.714881756731447 
-18.7149989242402 
-18.715115311285047 
-18.71523098977013 
-18.715346131058116 
-18.715460518045727 
-18.715572077363426 
-18.71568152048607 
-18.71579034750803 
-18.715899236940402 
-18.716007857730602 
-18.71611594863101 
-18.716223508732377 
-18.716330644246884 
-18.71643745121323 
-18.71654275149173 
-18.716647608070577 
-18.716752590622697 
-18.716856777673765 
-18.71696058653332 
-18.717063845257737 
-18.71716656698923 
-18.717268566048652 
-18.717370112153706 
-18.717471208495162 
-18.717572266465506 
-18.717673096751362 
-18.717773712721698 
-18.717876039161528 
-18.717977820779655 
-18.718077526948214 
-18.718176760503482 
-18.718275460297626 

 Time 
161.5332953929901 
