Energy 
 
-2.7734620325984713 
-3.37449343211904 
-4.198667595282773 
-5.194079278554549 
-6.300002934655055 
-7.360726315745341 
-8.363789935326338 
-9.681676886703476 
-10.419081590011533 
-10.893314878623638 
-11.238068060190695 
-11.4703414247086 
-11.652459260766413 
-11.815508478118803 
-11.926856846831349 
-11.990595970499504 
-12.101335550951164 
-12.199005604937899 
-12.272574707549232 
-12.331968250458312 
-12.374877824427031 
-12.41497660550021 
-12.463828549526724 
-12.500478667037484 
-12.54618058578872 
-12.579240353774045 
-12.60924706388824 
-12.63773771597522 
-12.665782770254749 
-12.69145446640622 
-12.719009010152764 
-12.7419314433783 
-12.762642761392065 
-12.784739149579437 
-12.801566129238266 
-12.818671343718897 
-12.834519282383116 
-12.850090808603813 
-12.864584181446096 
-12.878274234247943 
-12.891194738835987 
-12.903577921049095 
-12.91520195255964 
-12.925777840338897 
-12.935601871225707 
-12.944994460442693 
-12.954144718664667 
-12.963176061746227 
-12.97134299036124 
-12.978957769571092 
-12.984239681632895 
-12.99222591544382 
-12.998982617166272 
-13.005174014011311 
-13.011100796029057 
-13.016179156160835 
-13.020729164403377 
-13.0248095991677 
-13.028733573678657 
-13.032296568174898 
-13.035489237265386 
-13.038668394985686 
-13.041653864696993 
-13.04446853946456 
-13.047156517137958 
-13.049717672305482 
-13.052147580751656 
-13.054575589501212 
-13.056949588120256 
-13.059416043601628 
-13.06150109356753 
-13.063423750927809 
-13.065272335993452 
-13.067010611554103 
-13.068643245517768 
-13.070201508933858 
-13.071689360485816 
-13.073115592431105 
-13.074488968948566 
-13.075804357557741 
-13.07706448613468 
-13.078255015576762 
-13.079396802274807 
-13.080484560362047 
-13.081522375996357 
-13.082488112755591 
-13.083377844173418 
-13.084213663275625 
-13.084439657766056 
-13.085796614584385 
-13.086773569152552 
-13.087312738956674 
-13.088241678330062 
-13.08613031722615 
-13.087755380189137 
-13.09003502945367 
-13.091049535674893 
-13.091674070603231 
-13.092227456961284 
-13.092748653755821 
-13.09323961448881 
-13.093706338256812 
-13.094151012382358 
-13.094572610768736 
-13.094980258250178 
-13.095356046593524 
-13.095721551614723 
-13.096069498475426 
-13.096395662446744 
-13.096703324687196 
-13.097022433483199 
-13.09731735612971 
-13.097599495311291 
-13.09785985955842 
-13.098099476787285 
-13.09833259729442 
-13.098549180158043 
-13.098765192728036 
-13.098960294313498 
-13.09914321956778 
-13.099333646500266 
-13.099490324269542 
-13.099631783778992 
-13.099764758836045 
-13.099890246119148 
-13.100008549101817 
-13.10012072126087 
-13.100228494550194 
-13.100328189631066 
-13.10042216890534 
-13.100511186044379 
-13.1005953967848 
-13.10067539167355 
-13.100752426311058 
-13.100825626902585 
-13.10089518098874 
-13.100960853145686 
-13.101003676846162 
-13.101087350698114 
-13.101143858212147 
-13.101201441149826 
-13.101255341551688 
-13.101307827247624 
-13.101356779830663 
-13.101378436832178 
-13.101407250113988 
-13.10145531309858 
-13.101395343056291 
-13.101462297703451 
-13.101432256709176 
-13.101605849745114 
-13.101646349162444 
-13.10167645770169 
-13.101483348548395 
-13.101383734283335 
-13.101729190565274 
-13.101755851199883 
-13.10178191910267 
-13.10180948750683 
-13.101791545078873 
-13.101820524789874 
-13.101843403886233 
-13.101861937328152 
-13.10190396561464 
-13.101925442519425 
-13.101942026496783 
-13.101957461291933 
-13.10197205898968 
-13.101985930306832 
-13.101999024327467 
-13.102011420351628 
-13.102023195044204 
-13.10203488646717 
-13.102046100719514 
-13.102056475135305 
-13.1020662237934 
-13.102075480068914 
-13.102084265594314 
-13.10209270164266 
-13.10210059366553 
-13.102108108203756 
-13.102115056778102 
-13.102121752352526 
-13.10212822642459 
-13.102134406717093 
-13.102140306008005 
-13.102145943545326 
-13.102151335390804 
-13.102156518486632 
-13.102161443121691 
-13.102166127055272 
-13.102170621297464 
-13.102174865773959 
-13.102178949532519 
-13.102182969951713 
-13.102186803257988 
-13.102190596748684 
-13.102194198135383 
-13.102197619204768 
-13.102200875620573 
-13.10220397619622 
-13.102206929420854 
-13.102209736669252 
-13.102212391624269 
-13.102214933472213 
-13.102217368129116 
-13.102219675104545 
-13.102221884781898 
-13.102223991766678 
-13.10222602106435 
-13.102227952985602 
-13.102229785874393 
-13.102231544991989 
-13.102233203881413 
-13.102234777757271 
-13.102236271450565 
-13.102237691462548 
-13.102238536336978 
-13.1022400682381 
-13.102241499313113 
-13.102242774113474 
-13.102243942610254 
-13.102245005681091 
-13.102246001082491 
-13.1022469338062 
-13.102247536211337 
-13.102248187446778 
-13.102249258186163 
-13.102250436222379 
-13.102251228942896 
-13.102251956209846 
-13.10225264370602 
-13.102253300360841 
-13.102253817162852 
-13.102253519652804 
-13.102253141656172 
-13.102253385867588 
-13.102255424051584 
-13.102256060432602 
-13.1022567638723 
-13.102257462021141 
-13.102257969407765 
-13.102258394432518 
-13.102258791791394 
-13.102259170843883 
-13.102259533376658 
-13.102259880176641 
-13.10226021917613 
-13.102260544807294 
-13.10226085599456 
-13.102261153420603 
-13.102261437319358 
-13.102261712623475 
-13.102261974041397 
-13.102262223799219 
-13.1022624621301 
-13.102262688062368 
-13.102262905590598 
-13.102263111598077 
-13.102263309118518 
-13.102263497495525 
-13.102263676440796 
-13.102263847287302 
-13.102264010548662 
-13.102264166695445 
-13.102264316156731 
-13.102264459107637 
-13.102264595808034 
-13.102264726431672 
-13.102264854967714 
-13.1022649775408 
-13.1022650939611 
-13.102265205055868 
-13.102265310904304 
-13.102265411887368 
-13.102265508223036 
-13.102265599774315 
-13.102265687184167 
-13.102265771820965 
-13.102265852576597 
-13.10226592963043 
-13.102266002820896 
-13.102266072828018 
-13.102266139320632 
-13.102266202898843 
-13.102266266445183 
-13.102266325699036 
-13.102266382164482 
-13.102266435496684 
-13.10226648553204 
-13.102266533073447 
-13.102266578437014 
-13.102266621702146 
-13.10226666300682 
-13.102266702451203 
-13.102266739726161 
-13.102266775433272 
-13.102266809402312 
-13.102266841781626 
-13.102266873021414 
-13.102266902845184 
-13.102266931298912 
-13.102266958495681 
-13.102266984490093 
-13.102267009392444 
-13.102267033146349 
-13.102267055808639 
-13.102267077420155 
-13.102267098094158 
-13.102267117816695 
-13.102267136691509 
-13.102267154679271 
-13.102267172108135 
-13.102267188829384 
-13.10226720474754 
-13.102267219949091 
-13.102267234464644 
-13.102267248302894 
-13.102267261572457 
-13.102267274239741 
-13.102267285585935 
-13.102267294854139 
-13.102267288746372 
-13.102267273511439 
-13.102267291843543 
-13.1022673244104 
-13.102267343656584 
-13.102267356045713 
-13.10226736456578 
-13.102267372737472 
-13.102267380524626 
-13.102267387939124 
-13.102267395011362 
-13.102267401767842 
-13.102267408216278 
-13.102267414369653 
-13.102267420232147 
-13.102267425829432 
-13.102267431216069 
-13.102267436348432 
-13.102267441256082 
-13.10226744595644 
-13.10226745041939 
-13.10226745470521 
-13.102267458775655 
-13.102267462674423 
-13.102267466390549 
-13.102267469934596 
-13.1022674733053 
-13.102267476517937 
-13.102267479585764 
-13.102267482506555 
-13.102267485289966 
-13.102267487941699 
-13.102267490485637 
-13.102267492912766 
-13.102267495225913 
-13.102267497427366 
-13.10226749952399 
-13.102267501541348 
-13.102267503484331 
-13.102267505329763 
-13.102267507085825 
-13.102267508762633 
-13.102267510364417 
-13.102267511895395 
-13.102267513345009 
-13.10226751472479 
-13.102267516037582 
-13.102267517287725 
-13.102267518477294 
-13.102267519608302 
-13.102267520687606 
-13.10226752172093 
-13.102267522715032 
-13.102267523661817 
-13.102267524562249 
-13.102267525421379 
-13.102267526239963 
-13.102267527018233 
-13.102267527758553 
-13.102267528464123 
-13.1022675291351 
-13.102267529771 
-13.102267530374125 
-13.102267530949835 
-13.10226753149754 
-13.102267532018407 
-13.10226753251393 
-13.102267532985154 
-13.102267533433453 
-13.102267533859727 
-13.102267534265307 
-13.102267534653514 
-13.102267535022747 
-13.102267535372517 
-13.102267535709347 
-13.10226753602923 
-13.102267536333038 
-13.10226753662158 
-13.102267536895926 
-13.102267537156607 
-13.102267537403733 
-13.102267537638932 
-13.102267537862208 
-13.102267538075463 
-13.102267538278191 
-13.102267538470807 
-13.102267538653692 
-13.102267538828741 
-13.10226753899551 
-13.102267539153948 
-13.102267539304709 
-13.102267539448002 
-13.10226753958633 
-13.102267539717614 
-13.102267539842295 
-13.102267539960705 
-13.102267540073237 
-13.102267540179911 
-13.102267540280911 
-13.102267540376932 
-13.102267540467347 
-13.102267540553084 
-13.102267540634632 
-13.102267540712777 
-13.102267540785625 
-13.102267540854807 
-13.102267540920465 
-13.102267540982918 
-13.102267541042336 
-13.102267541098925 
-13.102267541152395 
-13.102267541203263 
-13.102267541251637 
-13.10226754129768 
-13.102267541341398 
-13.10226754138306 
-13.10226754142264 
-13.102267541460305 
-13.102267541496218 
-13.102267541530413 
-13.102267541562908 
-13.102267541594038 
-13.102267541623688 
-13.102267541651921 
-13.102267541678538 
-13.102267541703796 
-13.10226754172789 
-13.10226754175079 
-13.102267541772544 
-13.102267541793298 
-13.102267541813092 
-13.102267541831946 
-13.10226754184994 
-13.102267541867105 
-13.102267541883418 
-13.102267541898957 
-13.102267541913887 
-13.10226754192811 
-13.102267541941693 
-13.102267541954564 
-13.102267541966922 
-13.102267541978712 
-13.10226754198993 
-13.102267542000648 
-13.102267542010871 
-13.102267542020668 
-13.102267542029988 
-13.102267542038925 
-13.102267542047437 
-13.102267542055545 
-13.102267542063263 
-13.102267542070674 
-13.102267542077564 
-13.10226754208423 
-13.102267542090583 
-13.102267542096603 
-13.102267542102366 
-13.102267542107878 
-13.102267542113136 
-13.102267542118149 
-13.102267542122938 
-13.102267542127525 
-13.102267542131923 
-13.102267542136108 
-13.102267542140119 
-13.102267542143966 
-13.102267542147647 
-13.10226754215117 
-13.102267542154571 
-13.102267542157799 
-13.102267542160911 
-13.1022675421639 
-13.10226754216674 
-13.102267542169503 
-13.102267542172104 
-13.102267542174623 
-13.102267542176996 
-13.102267542179298 

 Time 
361.4334394931793 
