Energy 
 
3.132899243227253 
2.6450373370287394 
2.2883064577303713 
-0.6226662711344846 
-1.9688994954919745 
-0.5982691916247287 
-1.2468979634194963 
-3.6135739747847895 
-3.64245511983901 
-4.495164106536437 
-5.61756791531428 
-5.609993988142914 
-6.1036207510674405 
-7.599086118306778 
-8.303688435539659 
-8.27390266020761 
-8.279170417853054 
-6.63700982850682 
-6.73822783878814 
-5.38112467403857 
-4.743363118897338 
-4.502758712741083 
-4.546368366907939 
-4.632063877657502 
-5.36370679663638 
-6.35551622554116 
-7.2995696694703796 
-7.803850188314783 
-6.711270129263994 
-7.122087161069618 
-6.954610947917037 
-9.244088607922405 
-8.959718444053276 
-7.928831140179704 
-9.46373925620526 
-8.747085175260152 
-10.518408875076013 
-12.052111191030741 
-9.202592806089363 
-6.885302699180358 
-6.516995982987669 
-7.822142332140238 
-6.530438664750761 
-7.150483600982357 
-6.496071058149001 
-7.822878678167639 
-7.738515488127417 
-8.356500753725232 
-8.72497242453238 
-8.733891077290384 
-8.985390846594607 
-8.752860251145663 
-9.169450685310373 
-9.183291401274559 
-9.427328943321593 
-9.714721954346993 
-9.440465841698709 
-9.141786800439178 
-9.291350556486247 
-9.223335295414945 
-9.12571810843006 
-8.94786118374864 
-9.534829992926229 
-10.039820126137052 
-9.726390372060406 
-10.397273201720157 
-10.30151243262732 
-10.001561087759491 
-10.054647196542561 
-10.119505465524336 
-10.219785614338068 
-10.3053803568736 
-10.59940892555302 
-10.630018086984006 
-10.613885993891348 
-10.639880549761923 
-10.608178076933639 
-10.909882121628536 
-10.890193106319579 
-10.757766653485115 
-10.915980310609902 
-11.00305761922679 
-10.953488496011916 
-11.196157577671473 
-11.197248393328453 
-11.117347062891646 
-11.23769106254439 
-11.255085156063517 
-11.160863139197753 
-11.156868756042007 
-11.221577037979433 
-11.214330564608145 
-11.430621153835544 
-11.32551548433443 
-11.266538916437064 
-11.242543344600957 
-11.174351763381805 
-11.259824531909722 
-11.28869272242822 
-11.325294500372337 
-11.259788093198567 
-11.319981417366456 
-11.358504302959119 
-11.42536794193103 
-11.317443646944064 
-11.289165233023361 
-11.440527617149542 
-11.444671266109264 
-11.356514677461151 
-11.369065023171851 
-11.456881518191892 
-11.602666945320387 
-11.543364538946866 
-11.514392656917398 
-11.383471573344979 
-11.472018821150789 
-11.455716153940935 
-11.59154749287109 
-11.636726080915635 
-11.86831549727043 
-11.82024793456088 
-11.790859683541361 
-11.73722074399152 
-11.803872168224522 
-12.046551977312738 
-11.841610153295314 
-12.504911866502216 
-13.049831546305345 
-12.935180764630253 
-12.921920199095142 
-12.910279062321466 
-12.934694446285068 
-12.965689096672065 
-12.999133500841458 
-13.066674683598606 
-13.065685646028918 
-13.072128191756283 
-13.07084604929921 
-13.05824958251895 
-13.059034938636767 
-13.066669146412037 
-13.074276262878607 
-13.161958436141981 
-13.134090293481524 
-13.149761251990931 
-13.179348475256878 
-13.138757551899818 
-13.274011818140787 
-13.213267489464675 
-13.205364151087073 
-13.181700154526668 
-13.189927509445805 
-13.177453824055062 
-13.248781174692985 
-13.509159705101084 
-13.515193603437686 
-13.398600581442953 
-13.127968616736728 
-13.285041119421876 
-13.168736275973203 
-13.044862514488141 
-13.208449796825251 
-13.058117147581243 
-13.06601021227588 
-13.026012070527807 
-12.905854331014154 
-13.163042290542824 
-13.330875102771948 
-13.368189290717027 
-13.32113203495836 
-13.316283239034595 
-13.831387757470877 
-13.791796528232325 
-13.736619940792174 
-13.717069785724116 
-14.014992836323607 
-13.977178158558207 
-13.918514163547254 
-13.943176073847981 
-13.833941449411775 
-13.838312819531867 
-13.755160550915624 
-13.690278212731299 
-13.856854252309592 
-13.877882842888798 
-13.86085248608796 
-13.777979077131922 
-14.153201038225426 
-14.191545101783158 
-14.107798254768829 
-13.785655525600703 
-14.029832879408378 
-14.08096403334775 
-14.040397936541416 
-14.02629056591851 
-14.407318605022727 
-14.390382169002553 
-14.199966932057944 
-15.225419194800871 
-14.768199873395176 
-14.808859002151888 
-14.567879803743 
-14.895565172028594 
-15.664830069758164 
-15.577478251106918 
-15.496179395209156 
-15.276678802351649 
-14.738222575599467 
-15.751052502237957 
-15.791948272591306 
-16.170506836638324 
-16.553475550238804 
-16.045788767953894 
-15.748585569165195 
-16.228027867389528 
-16.202363940630114 
-16.285461044192417 
-15.979863739421154 
-16.131693370593357 
-16.118791127248926 
-16.159538409468126 
-16.68834695893041 
-16.730101972397343 
-16.713459317957295 
-16.196859877172248 
-15.824009467960996 
-16.913775908796815 
-17.37391524225275 
-17.36721272194413 
-17.62066135011271 
-17.585211918058537 
-17.601179620840778 
-17.50043231697633 
-17.358743017246844 
-17.197275011750783 
-17.22970954993997 
-17.274608443315756 
-17.11719314915988 
-17.113470903823362 
-17.7526685936677 
-17.655094068101246 
-17.607212204364835 
-17.637180420844707 
-17.691336167438998 
-17.704233384041665 
-17.72049401670296 
-17.786247412355632 
-17.779040416747403 
-17.87424081973272 
-17.942927880094896 
-17.92782648855012 
-17.9953783745942 
-17.946866242367808 
-17.97158914252218 
-17.98839488554055 
-17.98792313517988 
-18.06443587810678 
-18.058252438185733 
-18.055680321112938 
-18.062314756594663 
-18.062145378101796 
-18.08415295120504 
-18.076400194687203 
-18.07486262340636 
-18.07558374528113 
-18.075820039320085 
-18.123360411890573 
-18.12262433240062 
-18.149489534888147 
-18.162863980696084 
-18.196095155768425 
-18.21710967531144 
-18.22670254259046 
-18.208442570252288 
-18.23348831747509 
-18.231361425698488 
-18.251706846542575 
-18.271241395975437 
-18.282521646849 
-18.245451515308975 
-18.29549370176875 
-18.325548540421664 
-18.32543011017609 
-18.266683885505497 
-18.40309543427143 
-18.442457154514397 
-18.44341234043103 
-18.437649431478 
-18.432071658704132 
-18.425887119398023 
-18.41451218651037 
-18.415002077562065 
-18.433131759106722 
-18.422608831286748 
-18.434240635899826 
-18.433051474356716 
-18.41921405394261 
-18.431667779479664 
-18.466327298411578 
-18.466915753177194 
-18.470759944482836 
-18.476009220903464 
-18.47408370076448 
-18.48547855096475 
-18.475484608214977 
-18.475612246403795 
-18.483046707277577 
-18.512875845741288 
-18.51488170569195 
-18.5173813732245 
-18.51860449485973 
-18.516156535228667 
-18.55584840980861 
-18.57482013661885 
-18.553308519733456 
-18.54050374441555 
-18.5594048890742 
-18.54411990962461 
-18.57062363451808 
-18.56398158806586 
-18.566178802357022 
-18.567725132517687 
-18.593579823614498 
-18.590877415374276 
-18.5951001662067 
-18.59493746407632 
-18.597766210103 
-18.624261538243672 
-18.662352689487275 
-18.662912680603398 
-18.66293461748456 
-18.659764578304404 
-18.663558571831185 
-18.663462758519504 
-18.672975912688337 
-18.67328684263235 
-18.67433466563426 
-18.674215144105265 
-18.67638166283695 
-18.674749746329294 
-18.672885521105634 
-18.678178223939437 
-18.67914461644357 
-18.679486083058364 
-18.68127368714586 
-18.682451363414156 
-18.69048629781938 
-18.690738423807073 
-18.69339998332609 
-18.72543426508548 
-18.72404314302148 
-18.719942069257076 
-18.719726355192947 
-18.72626719377269 
-18.728519797539853 
-18.74868808555784 
-18.745269397868025 
-18.79166463433097 
-18.7906923727012 
-18.807642353436638 
-18.812012400746163 
-18.810244394951667 
-18.80999084172575 
-18.803427040891307 
-18.801740839958857 
-18.807653874983785 
-18.809081122689264 
-18.814646296565606 
-18.814674141678424 
-18.815134965291744 
-18.82615171902694 
-18.82526163705581 
-18.828377476328356 
-18.831072286094955 
-18.829275306324167 
-18.828694777936136 
-18.830387861609434 
-18.835022163355838 
-18.834807419576364 
-18.834753608937643 
-18.836441378407304 
-18.84278878218075 
-18.84283111784668 
-18.856193362232226 
-18.856741744663495 
-18.856750494138318 
-18.860536075761612 
-18.86091133743352 
-18.860808581723894 
-18.86086038341494 
-18.86131526570834 
-18.86151734048356 
-18.8649504476933 
-18.865483863229873 
-18.86555584505749 
-18.865181937546218 
-18.86505611366498 
-18.866787558259336 
-18.86670883707755 
-18.873079458935447 
-18.872977138284543 
-18.872074524186406 
-18.872443053526922 
-18.87217608012738 
-18.873665263711874 
-18.873601327511945 
-18.872756855465045 
-18.873321954534024 
-18.87332726180243 
-18.873193696161596 
-18.875677559553036 
-18.87720401627681 
-18.877557088990613 
-18.877556692369193 
-18.87882436675354 
-18.878928763590782 
-18.878696188126927 
-18.878484439188508 
-18.879426192587225 
-18.879807871021868 
-18.87976311824822 
-18.87970315212055 
-18.88140937386398 
-18.88175324390546 
-18.882330221914984 
-18.88600643154607 
-18.886916327227357 
-18.886892081861973 
-18.887819002380315 
-18.88910313992572 
-18.889618050047734 
-18.88953642158326 
-18.891671419322563 
-18.89186246492527 
-18.894566642351442 
-18.894591229331215 
-18.895880034431396 
-18.895970345099897 
-18.89594598118991 
-18.897320435663033 
-18.898275640561565 
-18.898222608917393 
-18.898223162147026 
-18.898316162288502 
-18.898479977133785 
-18.898843659458013 
-18.898768974871142 
-18.900078785965345 
-18.900381121646717 
-18.900219510743515 
-18.900900984587572 
-18.90128782255008 
-18.90142502107199 
-18.901189257816032 
-18.901800830095233 
-18.90180926526159 
-18.903007055230884 
-18.903033212993687 
-18.90481075260878 
-18.90515570886774 
-18.905349442678677 
-18.90557513394533 
-18.90590314902213 
-18.90704444705147 
-18.906989811312343 
-18.907398109209176 
-18.907929404061548 
-18.908423674151393 
-18.908490648852222 
-18.90850625009045 
-18.908697639141444 
-18.908762567167166 
-18.908685789663707 
-18.908715461125574 
-18.909292477538518 
-18.90929200477581 
-18.909353098581498 
-18.911111412170843 
-18.91110625271931 
-18.911599838680225 
-18.91172488076029 
-18.91165093741917 
-18.911549706478496 
-18.91214501364799 
-18.912095651842442 
-18.912115091951918 
-18.91270516759977 
-18.91268673841898 
-18.913652631789734 
-18.914660751192677 
-18.915381988919624 
-18.91605553518867 
-18.91708626630922 
-18.91722424226972 
-18.918324527544026 
-18.918311792634505 
-18.918906872208165 
-18.918925600556545 
-18.9191033671295 
-18.919075623827467 

 Time 
60.89594268798828 
