Energy 
 
2.6208494160309734 
2.2779096913809953 
2.3020584774004784 
-0.8405316383757877 
-0.9030725416658905 
-2.4941652229387183 
-1.759743215931847 
-3.50511228632236 
-5.018699852281753 
-4.196277976455726 
-4.217177373578551 
-4.196844077071683 
-4.182649816581114 
-4.505023351091426 
-4.501356003342942 
-4.480724900629726 
-7.179822065934524 
-8.085325128426154 
-7.718417576997106 
-7.953681678166234 
-8.913352472347901 
-9.351345973633132 
-8.8168931442443 
-10.985401888418812 
-11.010517544284424 
-9.216560006780046 
-10.714449059647645 
-10.928831714867744 
-11.047177109400907 
-10.462674049657048 
-10.548308083430744 
-10.459926896093332 
-10.461507561641323 
-11.261060633467727 
-11.21278680096217 
-11.226087655959843 
-11.26066900959462 
-11.812630868992951 
-12.210144871633622 
-12.268329159043573 
-11.462248769059137 
-11.157439344548223 
-11.186423083780776 
-10.926009607891325 
-10.114073728560163 
-10.683971276049961 
-10.52066832662969 
-10.478996588390842 
-11.045544933886642 
-11.010817217593342 
-10.59267095583067 
-10.27082855793028 
-11.13096121782278 
-10.924554185713337 
-11.825833280849764 
-11.663990679422847 
-11.801646723841133 
-11.833709706383651 
-11.992587834643395 
-12.437370244856966 
-12.180641402458946 
-11.915376511869932 
-12.39568484916716 
-12.439358465981616 
-12.835010316888882 
-12.546274541706387 
-13.13144505463017 
-12.656097773386593 
-12.28424466586538 
-12.407274391081105 
-11.938782908690467 
-11.884671283740774 
-11.880301678251165 
-11.92003296393457 
-11.908136265387855 
-12.719057607869892 
-12.189944272707574 
-12.591069030783935 
-12.514211336676544 
-12.453835538840734 
-13.490374591926326 
-13.493298364458628 
-13.422516567078237 
-12.721860915576439 
-12.166685705198665 
-12.270162183736588 
-13.112334570747352 
-12.466384444879024 
-12.503587304219492 
-12.663258579432076 
-12.88057881563507 
-12.761796724650601 
-12.630688057137545 
-12.771033809950696 
-12.852256359487805 
-13.199413291842621 
-13.208045126434968 
-13.217163571658244 
-13.611709032715613 
-13.271108621126988 
-13.390020557251594 
-13.28557199984576 
-13.130916057663613 
-13.11055726265378 
-13.207760494366319 
-13.207106135558805 
-13.261263474798781 
-13.288389170788667 
-13.457278008590103 
-13.797290115904365 
-13.772445305206404 
-13.604221956193093 
-13.367066475195177 
-13.72204132577492 
-13.732684590181853 
-13.746048367812072 
-13.644835930224827 
-13.713959342238814 
-13.860525394402561 
-13.81769920098791 
-13.83888531538732 
-13.843429419151377 
-13.848342053084096 
-13.828495747990278 
-13.826255729950915 
-13.810918734596079 
-13.933621380107672 
-13.944651445629475 
-13.922930146172268 
-13.87233666088867 
-13.828485967865735 
-13.922997964786891 
-13.912161684275416 
-13.93702766756775 
-13.955188969304604 
-13.909022879498512 
-14.11545111028148 
-14.02867219006948 
-14.113993765441926 
-14.10077402776916 
-14.12661041197775 
-14.14672549931014 
-14.130464615314231 
-14.133505218414289 
-14.133804526267838 
-14.133669347496241 
-14.13583200941641 
-14.142480317737785 
-14.190318968673639 
-14.235046125113435 
-14.252903506248677 
-14.306470778053034 
-14.322674710740376 
-14.23905833771455 
-14.246491911833964 
-14.189160772363635 
-14.18830893407229 
-14.133531286025052 
-14.182573532112286 
-14.167299236501107 
-14.162079575786386 
-14.216714617044907 
-14.33683991731412 
-14.354128508112876 
-14.350152799314865 
-14.340961624046322 
-14.400694416858451 
-14.383618553979169 
-14.425615577326093 
-14.43003071531483 
-14.424479452409695 
-14.436894052350894 
-14.444752250342425 
-14.441955911549915 
-14.44869230630197 
-14.445935977269967 
-14.485608494492384 
-14.481958587933725 
-14.530540501454697 
-14.52689442639023 
-14.493149404654751 
-14.480671103893947 
-14.4516672699069 
-14.434202875993208 
-14.457736584037864 
-14.456544000505396 
-14.452736654711103 
-14.438005067242294 
-14.423927488702482 
-14.451753397896542 
-14.455718704709295 
-14.496947362813984 
-14.492400495547866 
-14.503472890041937 
-14.50877355687001 
-14.515304628984383 
-14.514504035757838 
-14.512878489064205 
-14.516631285143895 
-14.544620144581996 
-14.54974783234051 
-14.54415831496632 
-14.564715540453003 
-14.551520853874102 
-14.547650399258337 
-14.538530533407982 
-14.524653858557555 
-14.523020939430298 
-14.543864113944624 
-14.539576695392595 
-14.53491397280326 
-14.566788535752139 
-14.569370252921617 
-14.584878389492172 
-14.584151954971086 
-14.61784831764466 
-14.616699637745514 
-14.59374266853183 
-14.596459053674119 
-14.673789612770411 
-14.646527433148576 
-14.667712749523035 
-14.669215464773435 
-14.658403845139704 
-14.693585033670546 
-14.700435575615126 
-14.68089514103944 
-14.671099714838542 
-14.673373999133553 
-14.681655821187166 
-14.686252333357626 
-14.701257144289503 
-14.70823120377904 
-14.716270288493487 
-14.71898190742747 
-14.72093891544282 
-14.728503822594874 
-14.728588419775473 
-14.728612246026193 
-14.727317626867075 
-14.726930820238422 
-14.726944091681437 
-14.726918476232045 
-14.727607633054145 
-14.727548629157173 
-14.727588060693254 
-14.72873116692382 
-14.728950674602178 
-14.72807939704978 
-14.730596212505322 
-14.729826568498499 
-14.731331134222142 
-14.731319438908686 
-14.731308559907163 
-14.733041642806148 
-14.732900096624288 
-14.731534120125836 
-14.734733555809099 
-14.735466442613141 
-14.736044669253156 
-14.736794730768088 
-14.736699514027169 
-14.736246126328677 
-14.736693625642868 
-14.737175030914084 
-14.739234860103428 
-14.740293732528185 
-14.740573618369703 
-14.740557311775198 
-14.740714820121516 
-14.741007137785749 
-14.741089722853532 
-14.741087397305925 
-14.741043801981407 
-14.741092620713653 
-14.741150586435495 
-14.741245974976886 
-14.741291159748368 
-14.741281489122192 
-14.741256186080076 
-14.741313747073375 
-14.741352854481027 
-14.741696481978426 
-14.741755433181225 
-14.741746433777413 
-14.741915161282586 
-14.74190829280704 
-14.742006895565565 
-14.741989576475486 
-14.742081221187037 
-14.742175564702766 
-14.742174630244534 
-14.742240683750223 
-14.742284883202675 
-14.742294445342573 
-14.742379934091568 
-14.742385342027479 
-14.742431938087494 
-14.742428723215358 
-14.74247050968148 
-14.742472188617315 
-14.742962742098417 
-14.742995525296312 
-14.743018289901578 
-14.743043452052842 
-14.743069431904068 
-14.743076675618317 
-14.743155944994381 
-14.743237914296564 
-14.743550461218986 
-14.743556522685111 
-14.743582163010046 
-14.743567646465465 
-14.743567867778378 
-14.743558534397163 
-14.743568314371085 
-14.743616913884335 
-14.743619610726793 
-14.743619860606671 
-14.743629563190234 
-14.743675595013483 
-14.743694888566964 
-14.743743133525829 
-14.743760743322298 
-14.74377088976641 
-14.743786520825608 
-14.743783881640278 
-14.743823919586557 
-14.743828180199188 
-14.743828152439443 
-14.743830492618805 
-14.743853932345527 
-14.743854126205255 
-14.743854719410507 
-14.743887480321728 
-14.743899578342145 
-14.743899687316276 
-14.743896990460955 
-14.743895168824572 
-14.743895943603123 
-14.743900304245507 
-14.743903494239925 
-14.743902168038574 
-14.7439264735652 
-14.743921514380702 
-14.743926024792254 
-14.74393260986485 
-14.743973415598065 
-14.743985251144338 
-14.743984448639651 
-14.743980744141696 
-14.743980648005309 
-14.743980605093785 
-14.74398429827703 
-14.74398353323646 
-14.743985959748269 
-14.743983309029987 
-14.7439862667481 
-14.743985710473279 
-14.74398620486504 
-14.74400411044553 
-14.74403171292902 
-14.74406470513581 
-14.744074583779993 
-14.744080671243552 
-14.744080804890302 
-14.744085473664107 
-14.744087682568248 
-14.744089003948224 
-14.744089757352562 
-14.744092180980713 
-14.744106616060629 
-14.744112829477485 
-14.7441326461073 
-14.744163838907085 
-14.744162070610017 
-14.744161752399197 
-14.744161768208912 
-14.744161399684625 
-14.744162511292485 
-14.744163615043917 
-14.744165113327973 
-14.744165989706213 
-14.744197039169133 
-14.744198144229554 
-14.74419774167422 
-14.744202458697664 
-14.744217200044968 
-14.744217241461232 
-14.744217003824351 
-14.744221478260288 
-14.744223054797544 
-14.744224202388903 
-14.744226341605412 
-14.744227985965301 
-14.744226566654909 
-14.744235434117234 
-14.744255918651348 
-14.744263403028395 
-14.744261288875624 
-14.744281345744099 
-14.74427755116802 
-14.744283410505934 
-14.744283139865427 
-14.744283267801164 
-14.744284135806328 
-14.744291174436093 
-14.744289130939773 
-14.74429264226469 
-14.744293786204194 
-14.744294227228378 
-14.744294717031432 
-14.74429346570251 
-14.744295235680609 
-14.744297247474098 
-14.74430097711317 
-14.744302876292771 
-14.744304869201786 
-14.744327505587165 
-14.744342152819979 
-14.744352073764757 
-14.744349371985905 
-14.744375188834411 
-14.744377509075823 
-14.744377679296488 
-14.744384250136964 
-14.744385416698986 
-14.744388373464776 
-14.744392289769575 
-14.744394328981032 
-14.744397962257095 
-14.7444042649017 
-14.744403861061125 
-14.744404138762379 
-14.74440459074801 
-14.744418555090594 
-14.744419288283718 
-14.744420008248909 
-14.744419395043147 
-14.744430140773447 
-14.74444217321279 
-14.744441785133226 
-14.744445823228943 
-14.744446254817316 
-14.744445303663685 
-14.744445564886343 
-14.744447345781909 
-14.744447999069223 
-14.744447554895812 
-14.744449420055041 
-14.744450067170211 
-14.744456589038064 
-14.744458946813722 
-14.744459195986934 
-14.744459127245259 
-14.744459742146441 
-14.744460781967653 
-14.744460758428863 
-14.744461254728444 
-14.744472783750952 
-14.744475611546267 
-14.74447565153127 
-14.744475712138675 
-14.74447617455531 
-14.74447607046917 
-14.744477480091081 
-14.744499315805328 
-14.744499498629251 
-14.744501051755588 
-14.744504603740255 
-14.744504349193885 
-14.744505252097747 
-14.744512020608553 
-14.744518229507083 
-14.744528103499153 
-14.744528110184637 
-14.744527486119095 
-14.744527697471902 
-14.744533010499524 
-14.744533572133454 
-14.744534050911973 
-14.744534465322037 
-14.744539940025136 
-14.744554274666035 
-14.744556536273873 
-14.744557313531022 
-14.744555938715687 
-14.744555648632002 
-14.744555617309308 
-14.744555208317987 
-14.744562847358846 
-14.744562760396526 
-14.744572517809173 
-14.744574494396739 
-14.744573818024001 
-14.744573401380633 
-14.744574880378844 
-14.744573825982506 
-14.744584206045216 
-14.744587258098154 

 Time 
31.936413764953613 
