Energy 
 
2.6208494160309734 
1.8626800413398032 
0.8800421449621242 
-0.34896611883022544 
-1.5352619309996038 
-2.742248676851669 
-4.02427629656654 
-7.8835838378832745 
-8.439841069958243 
-8.908643508644138 
-9.309972813543538 
-9.674925022198362 
-9.959655051368616 
-10.200844251481492 
-10.41549428257957 
-10.630565948229675 
-10.856602720868532 
-11.09889181579136 
-11.326841734452273 
-11.537237903954905 
-11.572401728041633 
-12.06158190069288 
-12.31902911585931 
-12.521627519399749 
-12.71092027301744 
-12.896532633705002 
-13.052608061056569 
-13.24803154873327 
-13.377155422323558 
-13.475209423597871 
-13.559931929700724 
-13.629350794343011 
-13.69493031602941 
-13.75338552249744 
-13.819915862851369 
-13.8715868290985 
-13.915711472300718 
-13.954386235323046 
-13.988957323834843 
-14.028729520491678 
-14.065919905919504 
-14.093610796472182 
-14.11489375192966 
-14.13366092557564 
-14.151406164647828 
-14.16838514767601 
-14.18469680651436 
-14.200184090769339 
-14.215517894658351 
-14.230155261736627 
-14.244375909535748 
-14.2586333129446 
-14.272269471406993 
-14.286741903994583 
-14.299664387983483 
-14.311814199334824 
-14.323403899161429 
-14.334454858931839 
-14.346053668363643 
-14.35640606296406 
-14.366469803548968 
-14.375840025169504 
-14.384930004934624 
-14.393542382469121 
-14.401922120534573 
-14.410006118312824 
-14.41763610450155 
-14.424898567095388 
-14.431633842146661 
-14.438346465643757 
-14.444700385882681 
-14.45081028365777 
-14.456020776288824 
-14.460769778692253 
-14.467399534976735 
-14.472242367705965 
-14.477168345947767 
-14.4816057131191 
-14.485831803205993 
-14.489709670543961 
-14.493439770752664 
-14.496954357849571 
-14.500293810030197 
-14.503434129822232 
-14.503076537869942 
-14.503834647628533 
-14.511620881851716 
-14.513874565671262 
-14.515640591655309 
-14.517671333385994 
-14.51942358962293 
-14.520696421591412 
-14.524291691602722 
-14.528043794087148 
-14.530872314928535 
-14.533142796641627 
-14.535041242751225 
-14.536863095873734 
-14.538624682044931 
-14.5403191921953 
-14.541937356405798 
-14.543543379627549 
-14.545121713204143 
-14.546642997815935 
-14.54812389496478 
-14.549561673078989 
-14.550964608922394 
-14.552315997766073 
-14.553604943972923 
-14.555000378920592 
-14.55640537197242 
-14.557742393546645 
-14.559028515573706 
-14.560274478591571 
-14.561558070643757 
-14.562760866456575 
-14.563925509892943 
-14.56505688384507 
-14.566159189427017 
-14.567262546338501 
-14.568334603424178 
-14.569410795186444 
-14.570457293869843 
-14.571478670823016 
-14.572486441418917 
-14.5734741305813 
-14.574441594493623 
-14.575430536740251 
-14.576379694891589 
-14.577305096680524 
-14.578236936145924 
-14.57922977588754 
-14.580242834274841 
-14.581249352935412 
-14.582349191473462 
-14.583488634414444 
-14.584598203514956 
-14.585729246528656 
-14.586878760371187 
-14.588001355187039 
-14.58910757427371 
-14.590244931210847 
-14.591354774851848 
-14.592548549141677 
-14.593670982311702 
-14.594765389735276 
-14.595842196391448 
-14.596895193920336 
-14.597983886208853 
-14.599052268702042 
-14.600097099538852 
-14.601128007527862 
-14.602133346809037 
-14.603121269939685 
-14.604105790145248 
-14.605080309301137 
-14.60634037423232 
-14.607535603087774 
-14.608705388797912 
-14.609944211292646 
-14.611139356323875 
-14.612424250606141 
-14.613623169613334 
-14.614783438597371 
-14.615925672268988 
-14.617044260104473 
-14.61824406822697 
-14.619431615173145 
-14.620593218491294 
-14.62169171010144 
-14.622766365701995 
-14.623801141685808 
-14.624761064616933 
-14.625713909133896 
-14.626667594533359 
-14.627545609349763 
-14.62839909868196 
-14.62924280678043 
-14.630075962358166 
-14.63085957979051 
-14.631706489615103 
-14.632486789921229 
-14.633247662880578 
-14.634008111500485 
-14.63476856744345 
-14.635538797231044 
-14.63629790326482 
-14.637048621867079 
-14.637813318094706 
-14.638565451987862 
-14.639333802332612 
-14.640091775293111 
-14.640827560256954 
-14.64152500561665 
-14.642212984484365 
-14.642892754975518 
-14.643565880001715 
-14.644232692088492 
-14.644899816935474 
-14.645560239786537 
-14.646207621508676 
-14.646849389527342 
-14.647515370915588 
-14.648164799063618 
-14.648806024565507 
-14.649437337428399 
-14.650049482353516 
-14.650656608028942 
-14.651260827061956 
-14.651869899691553 
-14.65247496027909 
-14.653076498448977 
-14.653681789398545 
-14.65428224878145 
-14.654885581211927 
-14.655481577004345 
-14.656074778994896 
-14.656660201135722 
-14.657241853999183 
-14.657825489203756 
-14.658427322945927 
-14.6590231780526 
-14.659614017415207 
-14.66019543297151 
-14.660786697359068 
-14.661368472933644 
-14.661944840935062 
-14.662542623836181 
-14.66313797600865 
-14.663722070111145 
-14.664298483648206 
-14.664870732439132 
-14.665415976141436 
-14.665958709315527 
-14.666495645470057 
-14.66703021694771 
-14.667566824499795 
-14.668100819152412 
-14.668633349842594 
-14.669158709323806 
-14.669679548569091 
-14.670156484544115 
-14.67062872944503 
-14.671111251832176 
-14.671597036583329 
-14.672065278340062 
-14.672523904968276 
-14.672978866132196 
-14.673429002094577 
-14.67387555611377 
-14.674319191445976 
-14.674761331884355 
-14.67520048005585 
-14.675635436985555 
-14.676069305375535 
-14.676502911941906 
-14.676933169172742 
-14.677355006302852 
-14.677775433182576 
-14.678193456315737 
-14.678614871323203 
-14.679034418590959 
-14.67945789929498 
-14.67988299986746 
-14.680302470863907 
-14.680717501414112 
-14.681130325021357 
-14.681544528112177 
-14.681956640505458 
-14.6823643158954 
-14.682769286013452 
-14.68317070237864 
-14.683570625207876 
-14.6839678353172 
-14.68436333305001 
-14.684756127809267 
-14.6851458091008 
-14.68553251591723 
-14.685924675110373 
-14.686310020713787 
-14.686687637806669 
-14.687062906297667 
-14.687435573291417 
-14.687803174333409 
-14.688168260838992 
-14.688533023437827 
-14.688894695887967 
-14.689246259583573 
-14.68959556032681 
-14.68994178959721 
-14.690285377023645 
-14.69062650759643 
-14.690969310507796 
-14.691307011463584 
-14.691641964382223 
-14.691977027234651 
-14.69230811923874 
-14.692634091658174 
-14.692959253025457 
-14.693278433002128 
-14.693594105850355 
-14.693906584076023 
-14.694216517860298 
-14.694525669491188 
-14.69483163707215 
-14.69513473312926 
-14.695438781181826 
-14.695740625661633 
-14.696040216418751 
-14.696339056503566 
-14.696635482455498 
-14.696930440065053 
-14.697246757528898 
-14.697556131088337 
-14.697862303039965 
-14.69816469104425 
-14.69846439514734 
-14.698768637824468 
-14.699070568400876 
-14.699369454362786 
-14.699661027962955 
-14.699950830007609 
-14.700238207203872 
-14.700522956754746 
-14.700803274325631 
-14.701081181283307 
-14.701360601761323 
-14.701638046031455 
-14.701911861978974 
-14.70218308134518 
-14.702447163212605 
-14.702708888385626 
-14.70297040376081 
-14.703235964786947 
-14.703495005736789 
-14.703751835401453 
-14.70400842696871 
-14.704265755054525 
-14.70453307659341 
-14.7047969388573 
-14.705058128754168 
-14.705317762680997 
-14.705575491067542 
-14.705829150259671 
-14.706080409028706 
-14.706329162389464 
-14.706577004243018 
-14.706818050359365 
-14.707052946258475 
-14.707285326836828 
-14.707515437605979 
-14.707740484596066 
-14.707961978417075 
-14.708182672557797 
-14.708400069802707 
-14.708616954007207 
-14.708831407674348 
-14.709044263040205 
-14.709256237672191 
-14.709466511161029 
-14.709674734084482 
-14.709886367956605 
-14.71008936827701 
-14.710282533285964 
-14.710473695501907 
-14.71066186028947 
-14.710847876052142 
-14.711031466997143 
-14.711212568710446 
-14.711390349273646 
-14.711566646276214 
-14.711739952345294 
-14.711912758014337 
-14.712088808475958 
-14.712262675444482 
-14.71243551292033 
-14.712605169602165 
-14.712773698921538 
-14.712942139372794 
-14.7131092462466 
-14.713274938038703 
-14.713439268135215 
-14.713599783140749 
-14.713758820298663 
-14.713912267607096 
-14.714065219644853 
-14.714214220086134 
-14.714364857183263 
-14.714514522138945 
-14.71466262664659 
-14.714810874613537 
-14.714957923791744 
-14.715104534605146 
-14.715252597035585 
-14.715399470885448 
-14.715545268994338 
-14.715690319520085 
-14.71583421814375 
-14.715976961844508 
-14.716118862849392 
-14.716261460880839 
-14.716403833889277 
-14.716545055039296 
-14.716685337823728 
-14.716824449100361 
-14.716963333273593 
-14.717101504651588 
-14.717237908952939 
-14.717372850035295 
-14.717505300370046 
-14.717635742679498 
-14.717765234445729 
-14.717893704232516 
-14.718020487055014 
-14.718146295894861 
-14.718273080357942 
-14.718395372857547 
-14.718515740782452 
-14.718635080548038 
-14.71875308959152 
-14.718869069571953 
-14.718984057320815 
-14.719097238856596 
-14.71920948443785 
-14.719320703207028 
-14.71943240166873 
-14.71954316334362 
-14.719652845632636 
-14.71976170135054 
-14.719870721689743 
-14.719978741138029 
-14.72008597143778 
-14.72019323315551 
-14.72029982190665 
-14.720405477801732 
-14.720510147774315 
-14.720614276993462 
-14.72071902207844 
-14.720822222546385 
-14.720924630181422 
-14.721026212786125 
-14.721127023399465 
-14.721227475606652 
-14.721327209646827 
-14.721427950215848 
-14.721527996681704 
-14.721627510512503 
-14.721726065740963 
-14.721823505364256 
-14.721920212607635 
-14.722016259320489 
-14.722111456831685 
-14.722205984728408 
-14.722299895324278 
-14.722393116935574 
-14.722485700245233 
-14.72257794565851 
-14.72266915276763 
-14.722759807426344 
-14.722849870677056 
-14.722938465723258 
-14.72302552090426 
-14.723112097414102 
-14.72319777707171 
-14.72328261559712 
-14.723366543395862 
-14.723450001375998 
-14.7235328678656 
-14.723615132099958 
-14.723696838247532 
-14.723777971210017 
-14.723858701061108 
-14.723938534288294 
-14.724017733960817 
-14.724096637022337 
-14.7241769637602 
-14.724256668379192 
-14.724335933023324 
-14.724414614772195 
-14.724492806982711 
-14.724570833840426 
-14.724647404422512 
-14.724723237871459 
-14.724798761294718 
-14.724873757256663 
-14.724948248186822 
-14.725021660968068 
-14.725094670998983 
-14.72516717504492 
-14.725239206958978 
-14.72530812393057 
-14.725376993361545 
-14.725445408525 
-14.72551297230162 
-14.725580109368437 
-14.725647408737569 
-14.725714245021706 
-14.72578077327855 
-14.725846868163115 
-14.725912747369692 

 Time 
580.7147531509399 
