Energy 
 
1.8674158008456159 
1.3164692727622835 
0.5093015621322363 
-0.4295652079939969 
-2.484999587254073 
-2.8055692557537824 
-3.2691728431771567 
-3.446860647627645 
-3.597820503518612 
-3.766876172888084 
-4.022089099151993 
-4.132556828360583 
-4.233065657605736 
-4.342324940534089 
-4.459875622156883 
-4.585981861369938 
-4.723538660537685 
-4.864272081497353 
-5.009472322832532 
-5.148239060620363 
-5.287712207268906 
-5.429716453580475 
-5.573989423280518 
-5.690506210593436 
-5.805186563290994 
-5.916941040518566 
-6.027024336487871 
-6.135943318755914 
-6.243471177014421 
-6.348168225342577 
-6.442184616986849 
-6.533423496652467 
-6.6230087338190895 
-6.705754158343157 
-6.784457873805899 
-6.860051595168704 
-6.9326794707887105 
-7.002253704439084 
-7.06878613841901 
-7.133298642943977 
-7.190298393048092 
-7.243621369002618 
-7.293988908441225 
-7.340834684148637 
-7.384939714012389 
-7.4261444916708195 
-7.465057869634093 
-7.502621847012703 
-7.53749300964742 
-7.569516624059816 
-7.601336618766123 
-7.630550731349609 
-7.657690122404361 
-7.6837093566593335 
-7.708659780864348 
-7.732957321254384 
-7.755971209409497 
-7.77807797199857 
-7.799313133341875 
-7.819731749880399 
-7.838689224053098 
-7.857059333335358 
-7.874736313772696 
-7.890561365394598 
-7.905427499637225 
-7.919857598141899 
-7.933783180292218 
-7.947386698467437 
-7.960557665027137 
-7.97336277176244 
-7.985778369926086 
-7.996899318028397 
-8.007490956871028 
-8.017567651089635 
-8.02735214366933 
-8.036884429323198 
-8.046169263917829 
-8.055122874605944 
-8.063841291506126 
-8.072386212541721 
-8.080475278207484 
-8.088347397827619 
-8.096097667325646 
-8.103972035255918 
-8.111676558339619 
-8.11918103503279 
-8.126500151861373 
-8.13358235926521 
-8.139973461024224 
-8.146208287277275 
-8.152268583883368 
-8.158183805390891 
-8.164041890355335 
-8.169678411651562 
-8.175133935698794 
-8.18044154816279 
-8.18564009073075 
-8.190872860158198 
-8.195943824455792 
-8.200911004220153 
-8.205709074902863 
-8.210383907950504 
-8.214954681312946 
-8.219428701876287 
-8.223806033360432 
-8.228113789832362 
-8.232324870560324 
-8.236443844088917 
-8.240407559302616 
-8.244203184604379 
-8.247913420176225 
-8.251577496533264 
-8.255155082755092 
-8.258642183324762 
-8.26205040842581 
-8.265234640723271 
-8.268336028502901 
-8.271334308605857 
-8.274277563103524 
-8.277161743107914 
-8.27977332886122 
-8.282309241704198 
-8.28478447213299 
-8.287218306199392 
-8.289586977414846 
-8.291899276489838 
-8.29416026959049 
-8.29636330404499 
-8.298501902482764 
-8.300606407197671 
-8.30266031919291 
-8.304648929586975 
-8.30654843178123 
-8.308407479841842 
-8.310255654845674 
-8.312067890656694 
-8.313841786340532 
-8.315575055035332 
-8.317272948467494 
-8.318930066058076 
-8.3205519268801 
-8.322147628425936 
-8.323715777222393 
-8.325252186723901 
-8.32673967329747 
-8.328197384895988 
-8.32962576206226 
-8.331022670061994 
-8.33238942338334 
-8.333743183535029 
-8.335068246846905 
-8.336367282801255 
-8.337645759344873 
-8.338902456607563 
-8.340117814826993 
-8.341288992913013 
-8.342429224025466 
-8.343508298823426 
-8.344564145981415 
-8.345589279557618 
-8.346594277049773 
-8.347563018510556 
-8.348505875985094 
-8.3494207312677 
-8.350314589641657 
-8.351189746905208 
-8.352046181568022 
-8.352886404410512 
-8.353712439193345 
-8.354527855955908 
-8.355324301688666 
-8.356097804367266 
-8.35685478731698 
-8.357597018601014 
-8.358325539385714 
-8.35904229690157 
-8.359750685526768 
-8.360444601773027 
-8.361126170774307 
-8.361793932894479 
-8.36244792676043 
-8.363088553006559 
-8.36371514975392 
-8.36432870290086 
-8.36491084696413 
-8.365487256651205 
-8.366049761715704 
-8.366602628511666 
-8.367144323964526 
-8.367672474857699 
-8.368189286587274 
-8.368695369220609 
-8.36919213926529 
-8.369678321710225 
-8.370150845162009 
-8.370613613029903 
-8.371066768629767 
-8.371510152083781 
-8.371943123239745 
-8.372367135394 
-8.37278040883677 
-8.37318414109404 
-8.373580496463871 
-8.373968795303005 
-8.374348869729804 
-8.374718965687673 
-8.375081242001482 
-8.375432254529342 
-8.375774825305994 
-8.376105619834435 
-8.37643011484749 
-8.376744231348106 
-8.377049924270091 
-8.377349559298185 
-8.377642823761956 
-8.377929582943137 
-8.378215674723373 
-8.37849522729867 
-8.37876839434267 
-8.379034962318702 
-8.379296013264577 
-8.37955150777749 
-8.379801087973316 
-8.380045135281097 
-8.380283464690493 
-8.380516250138722 
-8.380743793511725 
-8.380966720113049 
-8.381183601264647 
-8.381395619594244 
-8.381602647887986 
-8.381802967738802 
-8.381998733625778 
-8.382189921359588 
-8.382376748352087 
-8.382560448421431 
-8.382740219503502 
-8.382915556918585 
-8.383086553356732 
-8.383252633170512 
-8.383415071736739 
-8.38357360645247 
-8.383729684786797 
-8.383879600359137 
-8.384025916850646 
-8.384169555785274 
-8.38430817411036 
-8.384442116566102 
-8.384572550342885 
-8.384699874517622 
-8.384824275532077 
-8.384945003688687 
-8.385062460749111 
-8.385177139087014 
-8.385287878195852 
-8.385396117966796 
-8.385501788921854 
-8.38560460603488 
-8.385703687081737 
-8.385800469257681 
-8.385892603678148 
-8.385982633356601 
-8.386070226299381 
-8.386155946952167 
-8.386239509557415 
-8.386321138981296 
-8.38639918304526 
-8.386475369351515 
-8.386549848858099 
-8.38662304254813 
-8.386694220140665 
-8.386763673590464 
-8.386831332720302 
-8.386897600419417 
-8.38696211592355 
-8.38702517760995 
-8.387086445589363 
-8.387146330553678 
-8.387204105928564 
-8.387260709471255 
-8.38731533296692 
-8.38736859368477 
-8.387420684362793 
-8.387471619411093 
-8.387521427153336 
-8.387570132005349 
-8.387617793446267 
-8.387664391524307 
-8.387709908368413 
-8.387754531310296 
-8.387798225320093 
-8.387840960663215 
-8.387882742670536 
-8.387923741291278 
-8.387963538050787 
-8.388002598714131 
-8.38804080810808 
-8.388078113402182 
-8.38811373669834 
-8.388148581975276 
-8.388182746647868 
-8.388216144377191 
-8.388248822361016 
-8.388280777083063 
-8.388312014255225 
-8.38834265916406 
-8.388372616981819 
-8.38840190023112 
-8.388429596739963 
-8.388456685731684 
-8.388483136661142 
-8.388508830422444 
-8.38853403562252 
-8.388558662156687 
-8.388582749670512 
-8.388605977613139 
-8.388628745898473 
-8.388651061236898 
-8.388672193008617 
-8.388692890834626 
-8.38871338110636 
-8.388733391673691 
-8.388752976174914 
-8.388772225476314 
-8.388791011127262 
-8.388809257883564 
-8.388827133848094 
-8.388844542983847 
-8.388861625420956 
-8.388878325735236 
-8.388894690848643 
-8.38891071520384 
-8.38892635245526 
-8.388941735973658 
-8.388956754888774 
-8.388971441613315 
-8.388985820669088 
-8.388999896521447 
-8.389013668930087 
-8.389027166045086 
-8.389040327890095 
-8.38905320422021 
-8.389065808272395 
-8.389078145858521 
-8.389090060807066 
-8.389101710611627 
-8.38911320373936 
-8.389124422835389 
-8.38913540545107 
-8.38914613209854 
-8.389156631225708 
-8.389166894895691 
-8.389176941578624 
-8.389186773596496 
-8.389196401708979 
-8.389205826903893 
-8.38921489264084 
-8.389223754813008 
-8.389232432955312 
-8.389240834967245 
-8.389249052744638 
-8.389257106034496 
-8.389265003375089 
-8.389272665373483 
-8.389280171861813 
-8.389287510003449 
-8.389294657998486 
-8.389301667774786 
-8.389308523808356 
-8.389315236543306 
-8.389321813211627 
-8.38932826157758 
-8.389334580063307 
-8.389340766681148 
-8.389346835588803 
-8.389352789397346 
-8.38935862231387 
-8.38936433932061 
-8.38936993385253 
-8.389375327502465 
-8.389380614258087 
-8.38938579436399 
-8.389390880852472 
-8.389395864142072 
-8.389400722746245 
-8.389405481514604 
-8.389410141910389 
-8.38941470664567 
-8.389419187025062 
-8.389423513735249 
-8.3894277535542 
-8.38943190809771 
-8.389435980015676 
-8.389439961878622 
-8.389443865474977 
-8.389447685319213 
-8.389451434557765 
-8.389455115681042 
-8.389458723123393 
-8.389462255398486 
-8.389465712631699 
-8.38946910491129 
-8.38947243435489 
-8.389475690281557 
-8.38947888037649 
-8.389481998288657 
-8.389485054571775 
-8.389488056540387 
-8.389490989369666 
-8.389493860594248 
-8.389496673590445 
-8.389499429635263 
-8.389502129647507 
-8.38950478201076 
-8.389507381708388 
-8.389509930524614 
-8.389512427659641 
-8.389514862603512 
-8.3895172448108 
-8.389519589550613 
-8.389521886523111 
-8.389524141418248 
-8.3895263500229 
-8.389528520287275 
-8.389530628509437 
-8.389532694101288 
-8.389534718661173 
-8.389536702314318 
-8.389538645207656 
-8.389540550169787 
-8.38954241547599 
-8.389544233442246 
-8.389546004194159 
-8.389547738351453 
-8.389549437444597 
-8.389551108048321 
-8.389552744860396 
-8.389554339249399 
-8.38955590461183 
-8.389557441648513 
-8.389558934682135 
-8.389560399925129 
-8.389561832299071 
-8.389563234232833 
-8.389564607680727 
-8.389565953899586 
-8.389567273855423 
-8.38956856620442 
-8.389569832843229 
-8.389571074091105 
-8.389572290839368 
-8.389573483390539 
-8.389574653215872 
-8.389575796667545 
-8.38957691687439 
-8.389578015064304 
-8.389579090819945 
-8.38958014531054 
-8.389581177578956 
-8.389582189377617 
-8.389583177896023 
-8.389584148916757 
-8.3895851004251 
-8.389586031867642 
-8.389586948148361 
-8.389587846504124 
-8.3895887263535 
-8.389589588739025 
-8.38959042699333 
-8.38959124928353 
-8.38959205505022 
-8.389592845583252 
-8.389593620519847 
-8.389594376896952 
-8.389595118592663 
-8.38959584735019 
-8.389596561537648 
-8.389597261423653 
-8.389597946987399 
-8.389598618322852 
-8.389599276907525 
-8.389599922634996 
-8.389600555529734 
-8.389601175363518 
-8.38960178159635 
-8.389602381719456 
-8.38960296958981 
-8.389603546394211 
-8.38960410581968 
-8.389604653904948 
-8.38960519087603 
-8.389605716344825 
-8.389606224070622 
-8.3896067214993 
-8.38960720848977 
-8.389607686074076 
-8.389608154533004 
-8.389608611324602 
-8.389609059088965 
-8.389609497360727 

 Time 
116.89216446876526 
