Energy 
 
1.03983086882277 
0.5663612940055223 
0.4977829382901458 
0.0964890980478359 
-2.0862455339928343 
-3.819478066520042 
-3.5552838477286057 
-3.784536008978834 
-4.581612526832258 
-3.6647995279991505 
-3.634550731048744 
-3.9829055587873916 
-4.814484835024121 
-5.9142340886659 
-5.608876244935659 
-4.520838812408533 
-6.744781948535484 
-6.664274114568365 
-7.596211648517042 
-7.479700061801622 
-7.058340148758602 
-7.0309887578087995 
-6.930542189922798 
-6.784580946654134 
-6.701340635640359 
-7.020685821266303 
-7.042880230778301 
-7.069272369773429 
-7.206351068438089 
-7.373837927432254 
-7.172596452380808 
-7.211722832965531 
-7.092265644633647 
-7.0995231645299315 
-7.018934276365478 
-6.933644988690727 
-7.122791868164014 
-7.117743673907157 
-7.860557305425828 
-7.726282387486492 
-7.495417601469851 
-7.247797791367218 
-6.93742078015196 
-6.842326914331602 
-7.138457735741029 
-8.373869115545643 
-8.77101077236807 
-8.770588784642548 
-9.021275557914029 
-8.969731666471796 
-9.001231605420823 
-9.83116880005318 
-10.284641312546016 
-10.397413856153705 
-10.42677320028581 
-9.930434145331901 
-9.438556245501653 
-9.118530721232736 
-10.686515861924997 
-10.27130977883968 
-10.20328843975568 
-10.085549966883677 
-10.883724082263825 
-10.839646247704058 
-10.91075410016981 
-11.616502744985619 
-11.65808348383209 
-11.155051950531018 
-11.198120861118163 
-11.175491448805417 
-11.782456318855434 
-11.845185458803657 
-11.750206182738843 
-11.954904332651637 
-11.913685291543112 
-11.818160798347929 
-11.78692905655275 
-11.892432146493594 
-11.898124638111533 
-11.89451564070321 
-12.144713807102852 
-11.945454638859914 
-11.931202797806757 
-12.145703225142409 
-12.14192155189325 
-12.125327679450166 
-12.127618816480336 
-12.150716434747867 
-12.222050117904725 
-12.165672217063598 
-12.168541432732805 
-12.221328050431783 
-12.185482080710704 
-12.145275495067006 
-12.314058554719857 
-12.396121967737518 
-12.454665314963687 
-12.436899951747716 
-12.288501147115566 
-12.402658589489649 
-12.459607230804863 
-12.442304263830767 
-12.541062075076923 
-12.549095517770661 
-12.652185180057607 
-12.728342914402765 
-12.597382146946666 
-12.841873730775584 
-12.965466835471537 
-12.981673635360977 
-12.906359688709271 
-12.985165373955477 
-12.99931180128586 
-12.953724558183367 
-12.900415004101845 
-12.990379519118266 
-12.991099944736405 
-13.02514818920302 
-13.041851434329843 
-13.057513411477807 
-13.017952486158556 
-12.975839869874772 
-12.976908767227865 
-13.04587400050196 
-13.085871765997537 
-13.131136594610133 
-13.206727235265713 
-13.12199507720416 
-13.175785972051735 
-13.114492345909731 
-13.372749925902577 
-13.269041135088031 
-13.09351645427974 
-13.365324581520316 
-13.513665624646745 
-13.448377226336683 
-13.215354158535396 
-13.55612037325899 
-13.5910994998071 
-13.785680334550996 
-13.84523714975786 
-13.861061192944355 
-13.641065548714463 
-13.723391390201709 
-13.846559517887751 
-13.844960042580045 
-13.881302685812875 
-13.90320627955029 
-13.899496296755922 
-13.88598023352268 
-13.897595469020922 
-13.881471839594743 
-13.89064000643925 
-13.924589651479891 
-13.938858657847174 
-13.929803798267102 
-13.898110694701304 
-13.873974985040483 
-13.914608069510153 
-13.875410306099342 
-14.108235734704596 
-14.240054769654215 
-14.227704874210392 
-14.207373452837285 
-14.491909927668425 
-14.450127381689597 
-14.401451309471948 
-14.393852988453053 
-14.496209713662987 
-14.488469955359324 
-14.410086304244926 
-14.385552262909247 
-14.399022244649627 
-14.35300263813577 
-14.384834873267357 
-14.588021937356453 
-14.469487133103964 
-14.464533617338402 
-14.38032654122807 
-14.676799717274971 
-14.791411743104625 
-14.712925188128047 
-14.690527027398051 
-14.652601888174082 
-14.754542134471299 
-15.015938563021438 
-14.977916852532664 
-14.738171152842279 
-14.557497717748683 
-14.284596028590945 
-13.87129446349954 
-13.135307144194293 
-12.911840480081047 
-12.566629655812761 
-12.360668485767302 
-13.138346945125285 
-13.136941192641263 
-13.380549586148119 
-12.888359239635614 
-13.003556017935724 
-13.058911333000578 
-13.187875625848102 
-13.225125330211055 
-13.224746636222537 
-13.820625575174176 
-14.165518132604952 
-14.068077250890648 
-13.941112300324454 
-14.011328311841746 
-14.04514228420197 
-14.318913732635451 
-14.386811407451226 
-14.463507490919747 
-14.51510963700024 
-14.283117073977825 
-14.403971184349823 
-14.37112254734078 
-14.619173243056828 
-14.594933146698134 
-14.941701288565651 
-14.658048567853285 
-15.269604981472394 
-15.236372691284615 
-15.228610489881731 
-15.231179284985874 
-15.212204113142963 
-15.4529951144082 
-15.69817032903922 
-15.401691852577239 
-15.594432039695308 
-15.606190367595424 
-15.49109951330612 
-15.424205534246466 
-15.68260177672363 
-15.673317398233909 
-15.590659641445011 
-15.623229200017862 
-15.563160673117126 
-15.580669091465067 
-15.516808827030967 
-15.63791111100363 
-15.62418065571433 
-15.645039127661756 
-15.643073182675236 
-15.605304460566495 
-15.650567730457187 
-15.72336441742164 
-15.72347048327401 
-15.680002639771674 
-15.65008842136613 
-15.681193197638693 
-15.73798156308408 
-15.878309675936 
-15.895490445609076 
-15.817980958908793 
-15.890512628393152 
-15.78564435835951 
-15.82077092772034 
-15.91004494905792 
-15.965743963869693 
-16.062153733556674 
-16.048700570605444 
-16.049028418908136 
-16.05655135197706 
-16.05869061143232 
-16.13595848260382 
-16.125558712567724 
-16.06501168923178 
-16.068110467553865 
-16.060631805932474 
-16.079833290701533 
-16.131881672475693 
-16.27470467835588 
-16.226178627457696 
-16.268411516590792 
-16.23096698242736 
-16.241140963457795 
-16.25463950229766 
-16.35485866897307 
-16.345406441909983 
-16.322919710838082 
-16.335315442188932 
-16.310727188585293 
-16.291223179853205 
-16.321603769531446 
-16.360784199247377 
-16.389705754165604 
-16.381325782499456 
-16.398032819003873 
-16.428445110405043 
-16.428439915967406 
-16.409709535612944 
-16.441187387764643 
-16.429728204673054 
-16.421112868184608 
-16.420428032815785 
-16.429601724812287 
-16.44102845053807 
-16.439819251886 
-16.459543043541846 
-16.440218067892353 
-16.42596264997112 
-16.424398212182457 
-16.409364456361207 
-16.384737704613393 
-16.46221725119223 
-16.465773466803924 
-16.465122509122523 
-16.480346196793533 
-16.477800910093006 
-16.488322585409506 
-16.50195616579683 
-16.50342655900339 
-16.52483149406179 
-16.52457882700961 
-16.538652127371535 
-16.541888422125822 
-16.559162669181 
-16.56160718096177 
-16.579967582837856 
-16.61507777727374 
-16.70424267137817 
-16.730619224336095 
-16.729649102669963 
-16.701403208480386 
-16.70464126937883 
-16.708789292105056 
-16.71504402103684 
-16.74508619730176 
-16.74832746722795 
-16.74654051494464 
-16.74896538219298 
-16.725699247950075 
-16.750377848344467 
-16.769906793595744 
-16.785495194760585 
-16.78581214525557 
-16.76874591483201 
-16.746357831251082 
-16.771003553974563 
-16.86145855913566 
-16.897514671596632 
-16.889811444165865 
-16.900625717118093 
-16.89415982525237 
-16.928114662314602 
-16.99995659822545 
-16.99843084257218 
-17.020423880431785 
-17.051739986918697 
-17.060176891041756 
-17.07344511830236 
-17.102064416788913 
-17.048946490966042 
-17.05561113527225 
-17.054310134297104 
-17.06624091564713 
-17.06429761026312 
-17.0606842349628 
-17.051424017839224 
-17.12042320541334 
-17.12528360973274 
-17.112796077887783 
-17.14057322999452 
-17.136578541750453 
-17.160915126563708 
-17.302838971254094 
-17.282947991998594 
-17.202213914425865 
-17.171487918931557 
-17.213128102699812 
-17.203851645112355 
-17.202491969535615 
-17.233296384708595 
-17.221198538591544 
-17.249539430804035 
-17.627548097123018 
-17.58465459106894 
-17.556821779900066 
-17.37482182223265 
-17.434070134742022 
-17.429467045958507 
-17.42967959245651 
-17.429347546842855 
-17.635298143219572 
-17.65259115674031 
-17.79588515807999 
-17.802736072511117 
-17.806132767563785 
-17.851477207919235 
-17.86664081891942 
-17.867454268006536 
-17.945912712900462 
-17.948473781644 
-17.93471912352591 
-17.934763851570434 
-17.938446415551365 
-17.93581611054134 
-17.937688584464738 
-17.937825897420343 
-17.971842796515926 
-17.998230143460383 
-17.966652345978805 
-17.992087126514953 
-17.993676109253496 
-18.006789878725744 
-17.998876163515657 
-18.02629080276717 
-18.076836973198454 
-18.08404413926953 
-18.07328630752618 
-18.086194773707863 
-18.07919265199977 
-18.080526184927532 
-18.08440244662756 
-18.09913726146185 
-18.097344126067522 
-18.107438564557743 
-18.10729418685857 
-18.106716653214384 
-18.111235228130692 
-18.113262656345174 
-18.113544584585405 
-18.117144218716508 
-18.11822442537129 
-18.114786353097124 
-18.131274236583465 
-18.125171609755874 
-18.125246827507926 
-18.11525648342853 
-18.19583953454856 
-18.208021031745623 
-18.205542557653224 
-18.206804794605937 
-18.201782249373437 
-18.21185607190213 
-18.21054212598274 
-18.210076967034293 
-18.231026111034097 
-18.23288851173281 
-18.23626733516961 
-18.24164580634866 
-18.24187618435781 
-18.24278910761998 
-18.26099228249579 
-18.259558480722674 
-18.28716913918658 
-18.285566119930436 
-18.28751443627457 
-18.288900510607384 
-18.298987022217975 
-18.302072437918113 
-18.317976740730934 
-18.319642618609375 
-18.319682605699533 
-18.319511516996684 
-18.321902737358336 
-18.33345712563156 
-18.322882419756517 
-18.325591633969275 
-18.32610847453278 
-18.324285951004754 
-18.32611197876973 
-18.335411594184055 
-18.348477715389123 
-18.34544938149994 
-18.367482302872475 
-18.390363521496596 
-18.395175944110886 
-18.398335979242965 
-18.405932154754225 
-18.408879085216444 
-18.409764323916644 
-18.410647039332666 
-18.409511399047616 
-18.411971835986815 
-18.410775778249665 
-18.42025170136082 
-18.419999457733685 
-18.42385124290737 
-18.42296248119388 
-18.427122839030968 
-18.4238046729404 
-18.420148682026966 
-18.427998047005033 
-18.42527110438877 
-18.42972887960567 
-18.423559328825043 
-18.42371289411172 
-18.43083495808363 
-18.430577063877347 
-18.44475572739863 
-18.45098898349607 
-18.472147711742352 
-18.472613646927634 
-18.477805454105294 
-18.48373849509602 
-18.484414322779013 
-18.484223434728108 
-18.50261269091835 

 Time 
186.44321012496948 
