Energy 
 
-4.680108483309092 
-5.142699604776493 
-5.799563876831119 
-6.6089634939303945 
-7.433525726989411 
-8.162690070974866 
-8.82801941875089 
-9.366143636600194 
-9.784658255719394 
-10.102637364391732 
-10.346581195332929 
-10.512261272697138 
-10.647113652447187 
-10.762645294941176 
-10.869728149907228 
-10.970550074694364 
-11.07177715752615 
-11.16506594321993 
-11.234523352796849 
-11.317335612007394 
-11.38766211125635 
-11.32461132464427 
-11.453611237493984 
-11.529312567509628 
-11.573280118224956 
-11.612805759057816 
-11.64860757131266 
-11.682265012759245 
-11.713679280044987 
-11.741848760065407 
-11.767689086071293 
-11.791512325657722 
-11.813196361831244 
-11.832834330857278 
-11.850392013531584 
-11.86840505003754 
-11.884011479777138 
-11.898169272476443 
-11.911100096499158 
-11.9222062411972 
-11.932390155354302 
-11.941907570336683 
-11.950116369696392 
-11.958049682894261 
-11.965372533745096 
-11.972214560707403 
-11.978664455545651 
-11.984778689076425 
-11.990595517787847 
-11.996186194739403 
-12.001511562284671 
-12.00668660460501 
-12.011637346398713 
-12.016052154646397 
-12.02035092217949 
-12.022150977401624 
-12.02784954222572 
-12.028011862137484 
-12.034813343946324 
-12.039391388951747 
-12.042754616267976 
-12.045599928564876 
-12.04885816769718 
-12.05175181229501 
-12.054491342860016 
-12.057216427797789 
-12.059786040422832 
-12.06223416681885 
-12.06457831705169 
-12.066823015933759 
-12.069007420168077 
-12.071082391236654 
-12.073034155362725 
-12.074925362749884 
-12.076732554265291 
-12.078468238703127 
-12.080114311086326 
-12.081687579740075 
-12.080681762984186 
-12.08440482382087 
-12.086165929096316 
-12.087983099151458 
-12.089332125387143 
-12.09067525230307 
-12.091836176795063 
-12.093005527358027 
-12.094050782133822 
-12.095043535155007 
-12.095999684834556 
-12.096944598181196 
-12.09784432157293 
-12.098700555540287 
-12.099512895406631 
-12.10014188869777 
-12.101027988554545 
-12.10179369115901 
-12.102541665135629 
-12.103228664229004 
-12.103886647169436 
-12.104517839161149 
-12.105124530141957 
-12.105695716268892 
-12.10623986598281 
-12.106808011421524 
-12.10733117769704 
-12.10783864228731 
-12.108315591340672 
-12.108767212045592 
-12.109222610676484 
-12.109567101822133 
-12.110051738009656 
-12.110472997627662 
-12.110860791621333 
-12.111230096619 
-12.11158198647722 
-12.111894327757204 
-12.11187251776718 
-12.111829839206036 
-12.111421250267329 
-12.112390437882725 
-12.112878162578111 
-12.11350258186446 
-12.113914080283015 
-12.11423948497364 
-12.114524902118061 
-12.114787219251424 
-12.115029983249295 
-12.115255768365712 
-12.115467508399789 
-12.115665773700597 
-12.115854050617138 
-12.116033807300383 
-12.11620338279527 
-12.116378203479927 
-12.116430957901459 
-12.116169978261771 
-12.116569221433762 
-12.116759529202877 
-12.117037948598487 
-12.116922061351218 
-12.117268609837192 
-12.1174978587838 
-12.117609419297034 
-12.117715716845346 
-12.117817294477714 
-12.117914889403426 
-12.11800856920679 
-12.118097523763328 
-12.118149811850092 
-12.11817677727355 
-12.118331808849378 
-12.118410921176698 
-12.118396987628016 
-12.118471000258008 
-12.118559333489118 
-12.118684060542968 
-12.118759372036411 
-12.118821743459865 
-12.118880492868898 
-12.118936426162135 
-12.11899040376443 
-12.11904219511383 
-12.11909162532968 
-12.119139137273041 
-12.119184783874113 
-12.119228506377016 
-12.119270145173257 
-12.119310500872425 
-12.119348837506438 
-12.119385324608881 
-12.11942039924175 
-12.119453883702755 
-12.119486069405134 
-12.11951687551173 
-12.119546543406466 
-12.119574910127625 
-12.11960205889672 
-12.119628019024141 
-12.119652928160532 
-12.119676945162931 
-12.119700036363435 
-12.119722331637723 
-12.119743604172955 
-12.119764063070104 
-12.119783742548696 
-12.119802639982478 
-12.119820780577937 
-12.119838262063155 
-12.119855088375447 
-12.119871523627882 
-12.119887442242836 
-12.119902717786111 
-12.119917304186416 
-12.119930937671525 
-12.119943076182174 
-12.11995271692472 
-12.119959389886136 
-12.119980893886318 
-12.119992267990328 
-12.120003191926962 
-12.12001370447502 
-12.120023849701704 
-12.120033601236447 
-12.120042985662911 
-12.120052013267975 
-12.120060696508492 
-12.120069050798492 
-12.120077088837709 
-12.120084798567994 
-12.12009221169992 
-12.120099263170665 
-12.120106042666418 
-12.120112575092278 
-12.120118886748264 
-12.12012495538494 
-12.120130797945771 
-12.120136418757584 
-12.12014182177204 
-12.120147020486423 
-12.120152021771494 
-12.120156796474449 
-12.12016134957504 
-12.12016572797865 
-12.12016993741273 
-12.120174001035407 
-12.120177900581142 
-12.120181654357157 
-12.12018523340093 
-12.120188678024821 
-12.120191987772136 
-12.120195197039548 
-12.120198288951746 
-12.120201282033571 
-12.120204149876454 
-12.120206901299406 
-12.120209546403307 
-12.120212100042675 
-12.12021455711318 
-12.120216921371245 
-12.12021919941837 
-12.120221392282417 
-12.120223503259368 
-12.120225537043455 
-12.120227494700833 
-12.12022937636649 
-12.120231192200727 
-12.120232937624465 
-12.12023461728032 
-12.120236233574612 
-12.120237788031853 
-12.120239235790972 
-12.12024062421072 
-12.12024195919154 
-12.120243244327968 
-12.120244481227903 
-12.120245672621076 
-12.12024682124133 
-12.120247934171877 
-12.120249005251118 
-12.120250035068919 
-12.120251028949642 
-12.120251983289073 
-12.120252900538638 
-12.120253784738999 
-12.120254633614847 
-12.120255447743709 
-12.120256230309195 
-12.120256982971028 
-12.120257706761763 
-12.120258402393556 
-12.120259070925911 
-12.120259714638175 
-12.12026033235081 
-12.120260917764883 
-12.120261480875508 
-12.120262025993195 
-12.120262549297676 
-12.120263051765777 
-12.12026353561308 
-12.120264000088113 
-12.120264445308555 
-12.120264870439415 
-12.12026527868712 
-12.120265669965773 
-12.120266046088174 
-12.120266407398598 
-12.12026675290269 
-12.120267084253845 
-12.120267402385432 
-12.120267707701968 
-12.12026800110672 
-12.120268283288036 
-12.120268554191837 
-12.120268814416901 
-12.120269066998302 
-12.12026930641289 
-12.120269536185477 
-12.12026975678836 
-12.120269968452446 
-12.120270170869436 
-12.120270364857957 
-12.120270550693922 
-12.120270728132141 
-12.120270898789279 
-12.120271062854238 
-12.120271219751151 
-12.120271370115445 
-12.120271514251217 
-12.120271652646206 
-12.120271785397328 
-12.120271912848278 
-12.120272034794278 
-12.12027215178617 
-12.12027226438531 
-12.120272372404159 
-12.12027247609751 
-12.120272575474496 
-12.120272670558524 
-12.120272761739932 
-12.120272849245593 
-12.1202729332064 
-12.12027301384084 
-12.120273091389873 
-12.120273165606473 
-12.120273236834597 
-12.120273305167037 
-12.120273370714504 
-12.120273433864131 
-12.120273495046462 
-12.12027355369295 
-12.120273609896396 
-12.120273663762331 
-12.120273715404162 
-12.120273765145338 
-12.120273813312608 
-12.120273859481378 
-12.12027390366853 
-12.120273946157706 
-12.12027398682995 
-12.120274025777377 
-12.120274063036494 
-12.120274098538527 
-12.120274132505894 
-12.120274165091741 
-12.120274196336087 
-12.120274226288494 
-12.120274255029935 
-12.120274282534982 
-12.12027430893681 
-12.120274334207712 
-12.12027435827761 
-12.120274381171637 
-12.120274403098046 
-12.120274424098785 
-12.12027444419313 
-12.120274463464364 
-12.120274481779722 
-12.12027449930531 
-12.120274516076016 
-12.120274532107679 
-12.120274547456205 
-12.12027456215327 
-12.120274576251475 
-12.120274589745442 
-12.120274602677096 
-12.120274615028663 
-12.120274626879237 
-12.120274638243995 
-12.12027464912153 
-12.120274659534527 
-12.120274669499466 
-12.120274679024199 
-12.120274688133424 
-12.120274696808755 
-12.120274705119483 
-12.120274713043198 
-12.120274720625536 
-12.120274727882094 
-12.1202747348175 
-12.120274741440575 
-12.120274747777227 
-12.12027475377853 
-12.120274759523525 
-12.120274765023373 
-12.120274770282984 
-12.12027477531574 
-12.12027478013338 
-12.12027478474494 
-12.12027478914979 
-12.120274793363848 
-12.120274797397917 
-12.120274801263022 
-12.120274804936132 
-12.120274808451011 
-12.120274811806802 
-12.120274815014344 
-12.120274818088838 
-12.120274821005122 
-12.120274823799054 
-12.120274826474233 
-12.120274829026597 
-12.12027483147187 
-12.120274833819478 
-12.120274836069163 
-12.120274838218572 
-12.120274840277725 
-12.120274842239873 
-12.120274844119535 
-12.120274845922639 
-12.120274847649247 
-12.120274849303355 
-12.120274850888078 
-12.120274852406677 
-12.120274853871354 
-12.120274855274088 
-12.12027485661799 
-12.120274857909857 
-12.120274859144786 
-12.120274860328355 
-12.120274861461523 
-12.120274862544338 
-12.12027486358099 
-12.120274864571812 
-12.120274865526454 
-12.120274866440138 
-12.120274867309984 
-12.120274868142499 
-12.120274868939836 
-12.120274869702982 
-12.12027487043682 
-12.12027487113386 
-12.120274871801854 
-12.120274872441314 
-12.120274873053146 
-12.120274873638559 
-12.120274874199012 
-12.12027487473711 
-12.120274875252358 
-12.12027487574384 
-12.12027487621341 
-12.120274876662474 
-12.12027487709182 
-12.120274877502796 
-12.120274877895932 
-12.120274878271719 
-12.120274878633019 
-12.120274878978366 
-12.120274879304212 
-12.120274879617293 
-12.120274879916254 
-12.120274880202398 
-12.120274880476225 
-12.120274880738254 
-12.120274880989346 
-12.120274881229609 
-12.120274881459709 
-12.120274881679876 
-12.120274881890555 
-12.120274882092259 
-12.120274882286154 
-12.120274882471683 
-12.12027488264945 
-12.120274882819318 
-12.120274882983464 
-12.120274883140375 
-12.120274883290291 
-12.120274883433543 
-12.120274883570367 
-12.120274883699071 
-12.120274883822022 
-12.12027488393892 
-12.12027488405064 
-12.120274884157427 
-12.120274884259512 
-12.12027488435702 
-12.120274884450287 
-12.120274884539457 
-12.120274884624525 
-12.120274884705895 
-12.120274884783607 
-12.120274884858064 
-12.120274884929314 
-12.120274884997484 
-12.120274885062493 
-12.120274885124571 
-12.12027488518391 
-12.120274885240685 
-12.120274885294783 
-12.120274885346193 
-12.120274885395423 
-12.12027488544241 
-12.12027488548707 
-12.120274885529875 
-12.12027488557083 
-12.120274885609964 
-12.120274885647378 
-12.120274885683186 
-12.120274885717466 
-12.120274885750302 
-12.120274885781734 

 Time 
542.5034823417664 
