Energy 
 
3.8998005448887016 
3.8998005448887016 
3.1781844866767113 
2.462125566468826 
1.7529899227664685 
1.0520395032112413 
0.3604248860689747 
-0.3208197439336663 
-0.9907795009006702 
-1.6486596666517688 
-2.293784647693303 
-2.9255951812342293 
-3.5436439815157263 
-4.147590041312553 
-4.7371918198745995 
-5.312299557523033 
-5.87284695857383 
-6.41884247850186 
-6.950360438874909 
-7.467532175453099 
-7.970537402079724 
-8.459595946842462 
-8.934959988783058 
-9.396906894471885 
-9.845732725229855 
-10.28174645869994 
-10.705264943668748 
-11.116608585118257 
-11.516097737838466 
-11.904049771736355 
-12.28077676024147 
-12.646583734796739 
-13.0017674430803 
-13.346615545999883 
-13.681406188258649 
-14.006407879001802 
-14.32187962232326 
-14.628071241847382 
-14.925223848853877 
-15.213570409163477 
-15.493336369974925 
-15.764740313812506 
-16.027994612522406 
-16.28330605970379 
-16.530876464975655 
-16.770903197994553 
-17.0035796741099 
-17.229095776967792 
-17.447638216248848 
-17.659390821081498 
-17.864534771541482 
-18.063248772072026 
-18.25570917169033 
-18.442090036530207 
-18.62256318066088 
-18.797298161265843 
-18.966462244210707 
-19.13022034581513 
-19.288734956312396 
-19.44216605006157 
-19.590670987102296 
-19.734404410136467 
-19.873518140499744 
-20.0081610761741 
-20.138479094392597 
-20.264614960918017 
-20.386708247638442 
-20.504895259724158 
-20.619308973230144 
-20.73007898371021 
-20.837331466132838 
-20.941189146150112 
-21.041771282571695 
-21.139193660731124 
-21.233568596298475 
-21.325004948989353 
-21.41360814554367 
-21.499480211290116 
-21.582719809579533 
-21.66342228834988 
-21.741679733082453 
-21.817581025416573 
-21.89121190670744 
-21.962655045836453 
-22.031990110615155 
-22.09929384215883 
-22.164640131644827 
-22.228100098910538 
-22.2897421723885 
-22.349632169916955 
-22.407833380006192 
-22.464406643180805 
-22.519410433058177 
-22.572900936859075 
-22.624932135083682 
-22.675555880118505 
-22.724821973571274 
-22.77277824216009 
-22.819470612009756 
-22.86494318123323 
-22.909238290698195 
-22.952396592899348 
-22.99445711887624 
-23.035457343131643 
-23.075433246522078 
-23.11441937710352 
-23.152448908928964 
-23.189553698802655 
-23.225764341006595 
-23.261110220021635 
-23.295619561271945 
-23.329319479928206 
-23.362236027808823 
-23.39439423842232 
-23.42581817019784 
-23.456530947952423 
-23.486554802646424 
-23.51591110947898 
-23.54462042437715 
-23.57270251893228 
-23.600176413838106 
-23.62706041088347 
-23.653372123554227 
-23.67912850629655 
-23.704345882493723 
-23.729039971208103 
-23.753225912737214 
-23.776918293034115 
-23.800131167038217 
-23.822878080963964 
-23.845172093591117 
-23.867025796600736 
-23.88845133399831 
-23.90946042066472 
-23.93006436007365 
-23.95027406121325 
-23.97010005474801 
-23.989552508455297 
-24.008641241969823 
-24.027375740868038 
-24.045765170122525 
-24.06381838695625 
-24.08154395312374 
-24.098950146646395 
-24.116044973027638 
-24.13283617597123 
-24.149331247627487 
-24.16553743838791 
-24.18146176625084 
-24.197111025777115 
-24.212491796655875 
-24.227610451897934 
-24.24247316567493 
-24.257085920820316 
-24.271454516008223 
-24.28558457262515 
-24.299481541348836 
-24.313150708448063 
-24.326597201815982 
-24.33982599674976 
-24.352841921488015 
-24.365649662517196 
-24.378253769657682 
-24.390658660939575 
-24.40286862727795 
-24.41488783695643 
-24.42672033992826 
-24.438370071942604 
-24.449840858504356 
-24.461136418674865 
-24.472260368720622 
-24.4832162256166 
-24.494007410411268 
-24.504637251458533 
-24.515108987523366 
-24.525425770765896 
-24.535590669610013 
-24.54560667150101 
-24.555476685557085 
-24.565203545119914 
-24.57479001020766 
-24.584238769875515 
-24.59355244448716 
-24.602733587901138 
-24.61178468957576 
-24.6207081765959 
-24.629506415624984 
-24.63818171478542 
-24.646736325470023 
-24.655172444087963 
-24.663492213747396 
-24.671697725877493 
-24.679791021792514 
-24.68777409419998 
-24.69564888865577 
-24.70341730496728 
-24.711081198548026 
-24.718642381724454 
-24.726102624997445 
-24.73346365826042 
-24.740727171975273 
-24.74789481830816 
-24.754968212226572 
-24.761948932559264 
-24.76883852302036 
-24.7756384931991 
-24.782350319516492 
-24.78897544615022 
-24.795515285928893 
-24.80197122119687 
-24.80834460465063 
-24.81463676014819 
-24.820848983491658 
-24.8269825431853 
-24.83303868116833 
-24.83901861352505 
-24.844923531171858 
-24.850754600522592 
-24.856512964133024 
-24.862199741324826 
-24.867816028790447 
-24.87336290117863 
-24.878841411662236 
-24.88425259248822 
-24.88959745551109 
-24.894876992709605 
-24.900092176688215 
-24.905243961162903 
-24.91033328143272 
-24.915361054836858 
-24.920328181198357 
-24.92523554325439 
-24.930084007073884 
-24.934874422462933 
-24.93960762335795 
-24.94428442820793 
-24.948905640344922 
-24.95347204834432 
-24.957984426374317 
-24.962443534535804 
-24.966850119191967 
-24.97120491328907 
-24.975508636667747 
-24.97976199636572 
-24.98396568691193 
-24.988120390612337 
-24.99222677782814 
-24.996285507245723 
-25.00029722613959 
-25.00426257062784 
-25.00818216592079 
-25.01205662656276 
-25.01588655666711 
-25.01967255014531 
-25.023415190929516 
-25.027115053189284 
-25.03077270154258 
-25.034388691261032 
-25.03796356846986 
-25.041497870342543 
-25.04499212529028 
-25.04844685314664 
-25.05186256534722 
-25.05523976510482 
-25.05857894758018 
-25.061880600047882 
-25.06514520205857 
-25.068373225596755 
-25.07156513523446 
-25.074721388281517 
-25.07784243493139 
-25.08092871840387 
-25.083980675084117 
-25.086998734657925 
-25.089983320244205 
-25.092934848523623 
-25.095853729864533 
-25.098740368445597 
-25.101595162375382 
-25.104418503809466 
-25.10721077906408 
-25.109972368727597 
-25.112703647768985 
-25.11540498564399 
-25.118076746398504 
-25.120719288769628 
-25.123332966284472 
-25.125918127356464 
-25.128475115379466 
-25.131004268819797 
-25.133505921306046 
-25.135980401716807 
-25.138428034266468 
-25.14084913858904 
-25.143244029820043 
-25.145613018676652 
-25.147956411535713 
-25.150274510510496 
-25.15256761352544 
-25.154836014389318 
-25.1570800028665 
-25.15929986474736 
-25.161495881916313 
-25.16366833241892 
-25.165817490527328 
-25.167943626804345 
-25.170047008166073 
-25.17212789794332 
-25.174186555941574 
-25.176223238499766 
-25.178238198547806 
-25.180231685662868 
-25.18220394612457 
-25.18415522296884 
-25.186085756040807 
-25.187995782046666 
-25.18988553460423 
-25.19175524429269 
-25.19360513870113 
-25.195435442476413 
-25.19724637736952 
-25.199038162281713 
-25.200811013309067 
-25.20256514378653 
-25.204300764330934 
-25.206018082883293 
-25.20771730475009 
-25.209398632644056 
-25.21106226672363 
-25.2127084046322 
-25.214337241536384 
-25.215948970163375 
-25.21754378083789 
-25.21912186151819 
-25.22068339783162 
-25.222228573109152 
-25.223757568419646 
-25.225270562603235 
-25.226767732304147 
-25.228249252002946 
-25.229715294048226 
-25.231166028687486 
-25.23260162409772 
-25.23402224641535 
-25.23542805976554 
-25.236819226291104 
-25.238195906180742 
-25.239558257696945 
-25.240906437203243 
-25.242240599191135 
-25.24356089630639 
-25.244867479374886 
-25.24616049742822 
-25.247440097728553 
-25.24870642579322 
-25.24995962541896 
-25.25119983870546 
-25.252427206078842 
-25.253641866314588 
-25.254843956559917 
-25.25603361235604 
-25.257210967659972 
-25.25837615486587 
-25.259529304826078 
-25.260670546871943 
-25.26180000883408 
-25.262917817062363 
-25.26402409644582 
-25.26511897043164 
-25.26620256104472 
-25.267274988905935 
-25.268336373251003 
-25.269386831948253 
-25.27042648151677 
-25.271455437143935 
-25.27247381270248 
-25.273481720767858 
-25.274479272634796 
-25.27546657833374 
-25.276443746647246 
-25.27741088512582 
-25.278368100103826 
-25.279315496714762 
-25.280253178906694 
-25.28118124945711 
-25.282099809987955 
-25.283008960979824 
-25.28390880178673 
-25.28479943064989 
-25.28568094471189 
-25.286553440030183 
-25.28741701159075 
-25.288271753321283 
-25.289117758104418 
-25.289955117790562 
-25.290783923210597 
-25.291604264188557 
-25.29241622955374 
-25.293219907153127 
-25.294015383863222 
-25.29480274560205 
-25.295582077340512 
-25.29635346311418 
-25.297116986034496 
-25.297872728299897 
-25.298620771206906 
-25.29936119516089 
-25.300094079686836 
-25.300819503439918 
-25.301537544215712 
-25.302248278960764 
-25.302951783782408 
-25.303648133958863 
-25.3043374039491 
-25.305019667402483 
-25.3056949971684 
-25.30636346530557 
-25.30702514309153 
-25.307680101031657 
-25.308328408868295 
-25.308970135589774 
-25.30960534943901 
-25.31023411792241 
-25.310856507818336 
-25.311472585185648 
-25.312082415371997 
-25.31268606302202 
-25.31328359208561 
-25.313875065825865 
-25.31446054682704 
-25.315040097002242 
-25.31561377760134 
-25.316181649218443 
-25.316743771799455 
-25.31730020464954 
-25.317851006440325 
-25.31839623521722 
-25.318935948406565 
-25.31947020282264 
-25.3199990546746 
-25.320522559573334 
-25.32104077253839 
-25.32155374800439 
-25.322061539827907 
-25.32256420129382 
-25.323061785121798 
-25.323554343472793 
-25.324041927955 
-25.324524589630414 
-25.325002379020784 
-25.325475346113613 
-25.32594354036825 
-25.32640701072171 
-25.32686580559458 
-25.327319972896607 
-25.327769560032596 
-25.32821461390791 
-25.328655180933982 
-25.32909130703391 
-25.329523037647704 
-25.32995041773781 
-25.330373491794226 
-25.330792303839882 
-25.331206897435646 
-25.33161731568546 
-25.332023601241463 
-25.332425796308783 
-25.332823942650627 
-25.33321808159297 
-25.33360825402947 
-25.333994500426165 
-25.33437686082613 
-25.334755374854126 
-25.33513008172111 
-25.33550102022884 
-25.335868228774288 
-25.336231745354063 
-25.33659160756868 
-25.336947852627056 
-25.33730051735052 
-25.337649638177286 
-25.337995251166326 
-25.33833739200168 
-25.33867609599651 
-25.339011398096936 
-25.339343332886237 
-25.339671934588512 
-25.339997237072875 
-25.340319273856917 
-25.34063807811078 
-25.3409536826608 
-25.341266119993087 
-25.3415754222574 
-25.341881621270634 
-25.34218474852031 
-25.342484835168356 
-25.342781912054324 
-25.34307600969893 
-25.34336715830764 
-25.343655387773737 

 Time 
94.52366185188293 
