Energy 
 
-4.680108483309092 
-4.69411139482642 
-4.92107272140019 
-4.935114417477803 
-4.999459725437243 
-5.104904703914539 
-5.667322254940966 
-5.8349239158369075 
-5.83496243714352 
-5.849201447330347 
-5.90266193982481 
-5.8820347637843815 
-5.926417057670715 
-6.290855067727636 
-6.197639632017661 
-6.105030525262345 
-6.106563003272075 
-6.110781914856837 
-6.106109939779468 
-6.161617434262562 
-6.431145208773051 
-6.665948031638616 
-6.639843471099688 
-6.654564593671635 
-6.832257649876895 
-6.808838636146669 
-6.912484631264175 
-7.277107664463744 
-7.278420991181879 
-7.3664523428930195 
-7.068530140259324 
-7.217347395435358 
-7.02803665407689 
-7.317037740595082 
-7.279449182880275 
-7.189747382390184 
-7.191610259302068 
-7.15872687396135 
-7.221347871334859 
-7.195925884364056 
-7.174983621858319 
-7.521419886626631 
-7.320804866787464 
-7.321080025858374 
-7.276113180522306 
-7.2330825732047375 
-7.120739310045411 
-7.234025133396361 
-7.249314007094225 
-7.261043521607093 
-7.287912880615509 
-7.286560338220754 
-7.352202869561593 
-7.369573653146298 
-7.440889456991209 
-7.41923334684777 
-7.498793484082223 
-7.481817980769828 
-7.64026183077211 
-7.640341150367572 
-7.842571886433497 
-7.5919114376149635 
-7.535104648385561 
-7.834524121847026 
-7.728753248959883 
-7.5572264238342335 
-7.501702447359367 
-7.44324372179204 
-7.199688615085248 
-7.145701226210372 
-7.218714999381469 
-7.812618539605755 
-7.593519319671204 
-7.319889501341853 
-7.837325038025441 
-7.7259363405615815 
-8.022982137776353 
-8.463436834678346 
-8.37454211460593 
-8.37248729870967 
-8.15355592227957 
-7.875475064342322 
-8.074526648491235 
-8.011875826254517 
-7.857632776421777 
-7.943127267374733 
-7.9059781398982425 
-7.941301234077042 
-7.849937630927422 
-8.101877321883753 
-7.999532598080945 
-8.106293948835111 
-8.169232119132515 
-8.095605788833211 
-8.084414348515693 
-8.188563270763167 
-8.193984029603238 
-8.23964703757309 
-8.270332604202903 
-8.241604047124389 
-8.414701393812448 
-8.266822666512123 
-8.414921352295934 
-8.386335211520574 
-8.485170962326519 
-8.433186255901925 
-8.412123158182144 
-8.445056012723823 
-8.433945279360765 
-8.678886529802659 
-8.675512252966767 
-8.74237013591055 
-8.582619486840649 
-8.611990274348313 
-8.554429291760615 
-8.650259769088272 
-8.572434064793049 
-8.789588618307121 
-8.786576305814862 
-8.668673987511228 
-8.56069749423889 
-8.647094826413941 
-8.56041455034226 
-8.467279723784586 
-8.600740230396575 
-8.63270744803089 
-8.602696352253044 
-8.529650152841919 
-8.521764850175252 
-8.536775608227076 
-8.670224041620767 
-8.701722969474293 
-8.561725154844016 
-8.571647512860942 
-8.624768110266777 
-8.608948552579008 
-8.546706023011323 
-8.507709695029627 
-8.541285200119786 
-8.588484534072597 
-8.719360450285363 
-8.66431311363939 
-8.667573947819239 
-8.68857105014611 
-8.89192729113126 
-8.91651413705743 
-8.934237109064595 
-8.808708157335012 
-8.772995679369961 
-8.817600737081916 
-8.914834456486318 
-8.872195160674927 
-8.865367092729429 
-9.031375622188722 
-8.974729531646792 
-8.99599016260809 
-9.072857770169094 
-9.308557920701233 
-9.449779130548691 
-9.212546929750511 
-9.209168708514495 
-9.240382803560447 
-9.234725785282642 
-9.140448259593471 
-9.070767912883838 
-9.02331647736708 
-9.020840914651528 
-8.973773525368161 
-9.030257176542172 
-9.03991341058707 
-9.020778866434473 
-9.051034170079873 
-9.151033860931776 
-9.141194082326457 
-9.112202476401137 
-9.127287759069 
-9.156051762512186 
-9.148466816679107 
-9.157849205608104 
-9.14723094229094 
-9.156615437799264 
-9.313463862800793 
-9.195930118120577 
-9.472976607381362 
-9.322915943368253 
-9.23581548757164 
-9.209783346134675 
-9.143691874421624 
-9.22372411608155 
-9.203770248649292 
-9.149244574634494 
-9.246302268045918 
-9.474062801108783 
-9.435930931860986 
-9.329308298535823 
-9.73300564228983 
-9.668154878461703 
-9.878979797232716 
-9.828874080253764 
-9.89949557190573 
-9.984297419025031 
-9.88995824399335 
-9.991279830994504 
-9.921482058444129 
-10.389987978348163 
-10.445248998598387 
-10.303098234256 
-10.295631419743033 
-10.239691342547635 
-10.352977819043788 
-10.325240074764594 
-10.465803341176352 
-10.425870597218042 
-10.416193678797516 
-10.504047594020363 
-10.426659850149681 
-10.57993680932446 
-10.521589048628536 
-10.599770674093472 
-10.61928170550642 
-10.62453526251522 
-10.686441095131181 
-10.844266624315498 
-10.78498150803703 
-10.72195816440254 
-10.952313796993089 
-10.938457518482567 
-10.911433287902687 
-10.72909645508284 
-10.684769050909201 
-10.649596197436388 
-10.582165085834582 
-10.739525379883396 
-10.624926345203374 
-10.716343081818382 
-10.715103160740604 
-10.704301612979378 
-10.647100854740918 
-10.682063170450768 
-10.688488994258945 
-10.706425514325547 
-10.715398984604471 
-10.796952836506788 
-10.738117606370121 
-10.789579476423897 
-10.766650112538551 
-10.836068469477725 
-10.936291208728026 
-10.892272939674584 
-10.99496251835769 
-10.955553687272294 
-11.060064195360077 
-11.069815666656226 
-11.085013372505509 
-10.997286893242295 
-10.99713722947612 
-11.046140080235705 
-11.037184356382923 
-11.104605609932058 
-11.114070375695864 
-11.108710071162353 
-11.199754372681184 
-11.253318451021027 
-11.291927571286466 
-11.197620206218494 
-11.20799595126898 
-11.2281177597318 
-11.237995336287637 
-11.174664554208444 
-11.228839674541664 
-11.254215394919521 
-11.226787954401303 
-11.22969787996417 
-11.197998873029555 
-11.238614330164195 
-11.23025832556944 
-11.303147620047516 
-11.310260233996198 
-11.305994672434615 
-11.295037129793858 
-11.281143851762428 
-11.284504419614661 
-11.272415027151379 
-11.26017002669345 
-11.308889459047244 
-11.380645713415017 
-11.41108560714051 
-11.435578476856541 
-11.435200805451485 
-11.415265388669429 
-11.423509223582524 
-11.448386338199478 
-11.50091702371106 
-11.495725014677546 
-11.470980397194667 
-11.446562984906686 
-11.47259522574822 
-11.455880035707901 
-11.453433282155457 
-11.451506061319979 
-11.52354667321469 
-11.578530011590425 
-11.571152485711758 
-11.568408714981299 
-11.638999225667956 
-11.61916911100979 
-11.637885306998054 
-11.663491491551444 
-11.646887225114405 
-11.72460173141768 
-11.700315193795017 
-11.73245389284848 
-11.72138485994877 
-11.724222609275943 
-11.729485982883173 
-11.725754862623035 
-11.732631816389814 
-11.735868136784507 
-11.787492904396858 
-11.774706197532575 
-11.762973143834806 
-11.77030067073691 
-11.766032635213906 
-11.774745551771158 
-11.805783770179577 
-11.80257402634885 
-11.811363865267266 
-11.813897953004181 
-11.800407690434954 
-11.814748373575785 
-11.80307081590202 
-11.791734241265067 
-11.819337460465022 
-11.820925164472058 
-11.824043681118694 
-11.820102922320919 
-11.825027015017945 
-11.827186289395694 
-11.838151896859248 
-11.89384795587556 
-11.890966418629848 
-11.88786917583829 
-11.895487761601885 
-11.893736933638934 
-11.898899250063705 
-11.892951259920919 
-11.900328532388345 
-11.903072274913658 
-11.923598379994548 
-11.920186394361181 
-11.929594024903848 
-11.918661501282505 
-11.924574017212956 
-11.924354682541058 
-11.923381501533612 
-11.92899501721295 
-11.926733525977602 
-11.938085295384418 
-11.937248480596873 
-11.950980337753862 
-11.954829559042388 
-11.935082731413011 
-11.932302381841161 
-11.976440290603211 
-11.971928908037052 
-11.979741554921254 
-11.982782486408318 
-11.975301548217098 
-11.968173714061757 
-12.009305974519263 
-12.007118981069357 
-12.005443337734514 
-12.00794821939241 
-11.997036243440897 
-11.996324402682138 
-12.016612946724972 
-12.017341868932188 
-12.04870570784478 
-12.051720122432968 
-12.061661595564097 
-12.059059269874663 
-12.061474263160296 
-12.06185652497337 
-12.061199594446878 
-12.062126956115714 
-12.064513462164907 
-12.063712541685188 
-12.064161419668451 
-12.064242740856386 
-12.066309462921701 
-12.070696338122035 
-12.07268700210539 
-12.072880307058409 
-12.074835192294737 
-12.073854358031344 
-12.073711818627464 
-12.076432402551761 
-12.077290690162767 
-12.080489647549944 
-12.08210796285352 
-12.081958318620789 
-12.07989153596371 
-12.079749106021099 
-12.08083812417881 
-12.080422548099657 
-12.080320330806721 
-12.079876334549223 
-12.079989304206137 
-12.088476969600004 
-12.088659964189645 
-12.089852820382118 
-12.089855359118491 
-12.089020544139744 
-12.089052584476613 
-12.089455259671174 
-12.092630201057904 
-12.092961304697212 
-12.093509681244862 
-12.093702095096992 
-12.096807779581535 
-12.09696047241837 
-12.097774596437471 
-12.097542910768514 
-12.098573167490015 
-12.098819319137924 
-12.099595548377087 
-12.099618109004151 
-12.100431053916921 
-12.101276985520588 
-12.104586006213427 
-12.10574671707776 
-12.105828096339316 
-12.105441596061118 
-12.10543746083072 
-12.105259698766684 
-12.105881899809699 
-12.105960616102738 
-12.105745515520839 
-12.107256852614103 
-12.10756810983582 
-12.108555575092824 
-12.10818789830095 
-12.108724414567384 
-12.108239117254083 
-12.108390476232646 
-12.108741433963946 
-12.110746913535811 
-12.110702231313475 
-12.110992262833904 
-12.11116114749863 
-12.111022787221998 
-12.111409050895343 
-12.111862707741533 
-12.111890319254108 
-12.111636202738321 
-12.113387753632198 
-12.11339360389121 
-12.11337042070792 
-12.114284063123895 
-12.11421065011406 
-12.114165709364002 
-12.114225177464975 
-12.114474113344981 
-12.114565286357777 
-12.114672758974681 
-12.114559263462866 
-12.114724320216201 
-12.11473687368691 
-12.114729439090983 
-12.114782966608193 
-12.11541704836811 
-12.115325538649923 
-12.115311312206712 
-12.115067126590692 
-12.1151016942542 
-12.115219820604294 
-12.115208174164767 
-12.115206778749119 
-12.115448123339606 
-12.11627960872391 
-12.117273748843488 
-12.117273629200238 
-12.117305197304198 
-12.11740268487681 
-12.117688986200164 
-12.117829792419187 
-12.117857323427781 
-12.117879338862606 
-12.117960280162057 
-12.118101469459369 
-12.118115207775867 
-12.11866579461517 
-12.118671512520336 
-12.118680020081673 
-12.118741712293934 
-12.11882434876072 
-12.118825519028363 
-12.118824162506845 
-12.118759998973475 
-12.118789110032056 

 Time 
164.5066783428192 
