Energy 
 
-2.7734620325984713 
-3.075085777564576 
-3.0704634189272824 
-4.828982427914579 
-5.107302132103841 
-5.069786003296633 
-5.070426929770017 
-5.033565177676873 
-5.015020605038237 
-5.0252349141525805 
-5.180514192872546 
-5.20966390091482 
-5.297221547505131 
-5.176570048776236 
-5.2210990888301465 
-5.448518362716215 
-5.537212859765508 
-6.888918143140574 
-6.337448115421027 
-5.626618894555482 
-6.478410969916588 
-5.944730226928016 
-7.930607134072132 
-7.323116539513079 
-8.209808898412989 
-8.53004956099628 
-8.050578230453796 
-8.701358015851135 
-8.184959649952134 
-8.429875474898878 
-8.400149232491286 
-8.527838225499428 
-8.699221909706637 
-9.084415254747691 
-9.174979444857168 
-9.221186422793458 
-9.55870607886242 
-9.562512083413903 
-9.606088393164832 
-9.541069128233291 
-9.675324553229625 
-9.716733404933716 
-9.717954720226095 
-9.686043855504957 
-9.68707448521356 
-9.726793411694308 
-9.793840268046873 
-9.79290328985956 
-9.820087960466514 
-9.817905090301478 
-9.822086813408962 
-9.800180343880546 
-9.807884762313668 
-9.812742958197049 
-9.797987486516584 
-9.814857985784572 
-9.94622276832604 
-9.95122097534683 
-9.977584817028857 
-9.99340110869882 
-9.993749785691696 
-9.974811696420565 
-9.978495582408394 
-9.97492822944525 
-9.974458325140503 
-9.986105866426733 
-9.990779124385433 
-9.997653215716712 
-10.027295395693061 
-10.024518133268087 
-10.016726320775927 
-10.011256702960347 
-10.027181117964407 
-10.028873619890827 
-10.051665214007357 
-10.038755789048938 
-10.047331166261362 
-10.044269841396412 
-10.032659905987375 
-10.02267365385101 
-10.080738125858485 
-10.079030932516014 
-10.041078202136735 
-10.041742453137646 
-10.048848168489034 
-10.030098547729699 
-10.124951752730066 
-10.078339872714958 
-10.117973291659155 
-10.205161257811094 
-10.177970141993224 
-10.240034341304046 
-10.223464120137507 
-10.192847997337239 
-10.283900444258707 
-10.340159710815339 
-10.303365365946402 
-10.390156149943632 
-10.338116563000982 
-10.369398053988565 
-10.361573371627054 
-10.401125498995421 
-10.50080607629579 
-10.564058948184769 
-10.689461155560517 
-10.661538532351665 
-10.633306747366943 
-10.51673770141942 
-10.412785143914496 
-10.21933495801908 
-10.301258834664617 
-10.161564257807427 
-10.608842704127786 
-10.376937668701155 
-10.501493938698864 
-10.710483426578543 
-10.59371399774765 
-10.631027031478155 
-10.649189977749934 
-10.58897273703601 
-10.599414269241876 
-10.762381372333754 
-10.790962528885743 
-10.765644316765423 
-10.752720163400774 
-10.775690999735282 
-10.773890626238305 
-10.773225546666353 
-10.765591649811332 
-10.773085088955332 
-10.82328895825619 
-10.830515968236492 
-10.79051154667287 
-10.804818832461457 
-10.775674449106175 
-10.881964317530922 
-10.819021486993378 
-10.871222175169812 
-10.875201695583137 
-10.843115221398 
-10.80273512751367 
-10.830203935552623 
-10.845650207867699 
-10.849671061339896 
-11.008422950261872 
-10.941341232021351 
-10.993996716185329 
-10.85939749267377 
-10.816154633151054 
-11.004115849771509 
-10.929710032264072 
-10.984786335449215 
-10.91574449920849 
-10.947482190149625 
-11.023845848470438 
-11.01029635210186 
-10.99125465477698 
-11.066072310582111 
-11.030873268046967 
-11.108345771825865 
-11.108319937689096 
-11.137556400826213 
-11.066406110250655 
-11.041206351892606 
-11.025762745555415 
-11.089204960438659 
-11.036803494654059 
-11.063223564036708 
-11.03665942386453 
-11.038823556305285 
-11.026567533744595 
-11.026369275625743 
-11.044837711769002 
-11.046075806985556 
-11.041185207642892 
-11.027208217362391 
-11.067457285888443 
-11.072635017556758 
-11.104584866251647 
-11.095541020862251 
-11.060442806314715 
-11.058468056056338 
-11.032094973129205 
-10.989287813370542 
-10.961365546466856 
-10.954483541462878 
-10.95006840337499 
-10.97920177285043 
-10.979907394560941 
-10.996949478933796 
-10.998855992438099 
-11.001129481317298 
-11.03726509036042 
-11.034909799345598 
-11.083477691373002 
-11.070157874802511 
-11.037741204305497 
-11.116937872635786 
-11.090539309494421 
-11.090206724118394 
-11.073972729742342 
-11.064889871249678 
-11.072099918251725 
-11.132393434985254 
-11.174759960499493 
-11.183048180013454 
-11.182810228961955 
-11.146222012844067 
-11.196633007643914 
-11.21046487160777 
-11.228844349499388 
-11.192564110501523 
-11.140488662921548 
-11.139421292499135 
-11.119288287566961 
-11.202766459340154 
-11.144886751349851 
-11.179559468892307 
-11.154933508970386 
-11.165986774809038 
-11.288370115499706 
-11.344138179808294 
-11.372260232204056 
-11.556676816979396 
-11.351486402724767 
-11.300700361254075 
-11.177596659356617 
-11.186712287236258 
-11.304763062376702 
-11.410113709755361 
-11.336458825139854 
-11.37515693165343 
-11.331481713295103 
-11.339781799139207 
-11.320831872962904 
-11.501078524577133 
-11.506397242185018 
-11.543179742668693 
-11.602628477739538 
-11.443563464226456 
-11.66585093338985 
-11.514691223210813 
-11.445719424775794 
-11.729261892562024 
-11.736215546325894 
-11.738697012274566 
-11.798000619015351 
-11.793112052290706 
-11.749461175728937 
-11.850826615266579 
-11.78514169066107 
-11.742770512263663 
-11.686196914227157 
-11.61054038919223 
-11.631938982774898 
-11.528872476213577 
-11.642689417567558 
-11.681677135119788 
-11.63634613789448 
-11.687305891764977 
-11.764576395744001 
-11.778326992974185 
-11.713962415117287 
-11.759082383904708 
-11.789116046725374 
-11.777354253028381 
-11.81076042978217 
-11.838948792844716 
-11.805768257005845 
-11.778981797345232 
-11.779113050534141 
-11.741884175847831 
-11.735500777364436 
-11.836823706574707 
-11.84120632484358 
-11.841966298539582 
-11.848257292173448 
-11.963730722418509 
-11.92754159200681 
-11.966762288531553 
-12.002002569277224 
-12.113040012523824 
-12.120170729820476 
-12.13715112778086 
-12.139628047218833 
-12.260361089912246 
-12.260851343206232 
-12.144200230330878 
-12.204015837466423 
-12.206021633361303 
-12.204603726762805 
-12.208125686257898 
-12.227593874073952 
-12.251189914640774 
-12.23205758378933 
-12.232136265479392 
-12.26536330791332 
-12.299799015349564 
-12.262300629938675 
-12.277118114266155 
-12.381319931714954 
-12.4582556652441 
-12.43840958439257 
-12.37803827890746 
-12.405524773742139 
-12.474831750285121 
-12.452494148220785 
-12.4684327535967 
-12.467377422104828 
-12.490655990880088 
-12.494172424423269 
-12.501396331341223 
-12.501407696676283 
-12.515435413976654 
-12.55398577057126 
-12.515622872006988 
-12.500762186285058 
-12.536961163373471 
-12.537209527181554 
-12.53304953101691 
-12.603223924354948 
-12.60274985597096 
-12.639154156370932 
-12.730135309068602 
-12.73156164104545 
-12.74036022090152 
-12.707437759188084 
-12.697212381929708 
-12.70376001828667 
-12.691018830409037 
-12.698152219805234 
-12.777674827985992 
-12.800567361157418 
-12.777579622649105 
-12.756947048682726 
-12.789505814805786 
-12.790938438147771 
-12.7653828236093 
-12.808380375718107 
-12.790882507262202 
-12.781674624946923 
-12.757291270112876 
-12.76888985452824 
-12.7808743664377 
-12.780106952708948 
-12.794487475714146 
-12.797127733956614 
-12.842383849031698 
-12.844188314987084 
-12.866185262875987 
-12.860015350323204 
-12.865694965472908 
-12.875101818748249 
-12.872626133456972 
-12.883137776081265 
-12.88801937674228 
-12.883048739684394 
-12.877180802088699 
-12.876572037513675 
-12.876749910709854 
-12.876957614942558 
-12.875178039494076 
-12.883912653035472 
-12.883938176116786 
-12.897916774474208 
-12.893157047203493 
-12.883218604413884 
-12.926186737072069 
-12.92721408155961 
-12.926826380568707 
-12.927341077587428 
-12.931418238396587 
-12.937527220857502 
-12.937511223567727 
-12.937465123173252 
-12.948597536818422 
-12.955696063397905 
-12.943317912258415 
-12.935547550163028 
-12.940669267675782 
-12.939860343491839 
-12.941395666551225 
-12.958794216792143 
-12.970354945334485 
-12.975285948463233 
-12.991802009951092 
-12.982300368211074 
-12.984236436113655 
-12.993583129893915 
-13.004563268591209 
-13.008542660262878 
-13.008329876919941 
-13.008245326132798 
-13.010560283324297 
-13.011708355653157 
-13.01216182284009 
-13.023455132474982 
-13.028836966662618 
-13.02901500531314 
-13.02911452747997 
-13.029629705533399 
-13.02981220918468 
-13.033567067348262 
-13.035221141403653 
-13.035460880573787 
-13.038849143075298 
-13.038724239923694 
-13.038698884485735 
-13.038206637245702 
-13.039858475736626 
-13.039847593159868 
-13.04018386046426 
-13.040346772109016 
-13.041600707184855 
-13.04158878709187 
-13.041567110555086 
-13.052704298801613 
-13.052660314769856 
-13.054245812661813 
-13.061352488391929 
-13.061563102029366 
-13.061823970789911 
-13.061143865906883 
-13.060899163509259 
-13.060791192752477 
-13.070395777023643 
-13.070570860535193 
-13.07040232834931 
-13.06725138881273 
-13.068635053061685 
-13.068803285707412 
-13.06964626384203 
-13.076739928123189 
-13.077485649078463 
-13.079465781923462 
-13.08396266742744 
-13.08504761436266 
-13.085011833762264 
-13.084877092103687 
-13.084890698346609 
-13.086299818864736 
-13.086530445650997 
-13.087959735911607 
-13.088289441466399 
-13.087983986922126 
-13.089982774332555 
-13.089746721346986 
-13.090187582346653 
-13.08981934336566 
-13.092206095122966 
-13.092635763402605 
-13.092879792437008 
-13.094207772149575 
-13.094216670036353 
-13.094224064077995 
-13.09432879914831 
-13.094335160413365 
-13.094754042505127 
-13.094821878307762 
-13.095975954857508 
-13.095847635439425 
-13.096584776541057 
-13.097480411837255 
-13.09756040395581 
-13.097935899254846 
-13.097912179849914 
-13.09793605576642 
-13.097899968588788 
-13.09797820882246 
-13.098435860848031 
-13.099154070249538 
-13.099558573209352 
-13.099580899407787 
-13.099679587641265 
-13.099670945853171 
-13.099644148582323 
-13.099619688029836 
-13.09961866692906 
-13.099611395059908 
-13.099654251843246 
-13.099683027297722 
-13.099769366244546 
-13.099956295125438 
-13.100093702736933 
-13.100048016421194 
-13.100201529790706 
-13.100201496750035 
-13.100188952663055 
-13.100262834342033 
-13.100260050649963 
-13.100343439803083 
-13.100352494850904 
-13.100340459983082 
-13.100360502473103 
-13.100420072968591 
-13.1009355589574 
-13.100901597912749 
-13.100899548576638 
-13.100932876678293 
-13.100930383853063 

 Time 
216.74692845344543 
