Energy 
 
1.8674158008456159 
1.3555274067634198 
0.6037953048817515 
-2.650605503647188 
-3.7283496906084808 
-4.218264169208425 
-4.716434237603225 
-5.207024255370781 
-5.726975197392155 
-6.118744235533023 
-6.297876051600247 
-6.41383887402546 
-6.490467296119357 
-6.565294398815248 
-6.631743390351086 
-6.704186689884721 
-6.768358392887876 
-6.816496070345295 
-6.863940545370494 
-6.9117746076549125 
-6.955564754736323 
-7.0084419028860765 
-7.056612809147664 
-6.971929718031335 
-7.101518950428146 
-7.160611269050232 
-7.199229308734046 
-7.21398429872005 
-7.288112388540584 
-7.325259832207032 
-7.3615578574126275 
-7.397274708789895 
-7.432295858573123 
-7.463619049620393 
-7.502517934492746 
-7.535342283293582 
-7.5672776655685 
-7.598518638896438 
-7.628289087864879 
-7.65701788815125 
-7.6846567161729595 
-7.710514013728924 
-7.734981745212164 
-7.758699550561142 
-7.781313301945982 
-7.8037849889698645 
-7.825742579176986 
-7.8470085995268075 
-7.86733544150994 
-7.886758034211983 
-7.905281067894372 
-7.923049002994196 
-7.940099646931136 
-7.9566856016620395 
-7.972149871459515 
-7.986186367480398 
-7.999362500525012 
-8.011987769346435 
-8.024073633508769 
-8.035665912283989 
-8.046905226927136 
-8.057587377015105 
-8.067940004248799 
-8.078283967477278 
-8.088545991063729 
-8.098345052100251 
-8.10772153202236 
-8.116808877576329 
-8.125381872351646 
-8.13375137909876 
-8.142233377434703 
-8.150376859128869 
-8.1582357883073 
-8.165833909997312 
-8.173192521267183 
-8.180475091865635 
-8.187687426739263 
-8.19390167259423 
-8.20009071142732 
-8.2060085842782 
-8.21171389572328 
-8.217219495131951 
-8.222566187607148 
-8.227762063199652 
-8.232785382718642 
-8.237677757727376 
-8.242425206097812 
-8.24709213874873 
-8.251880518081494 
-8.256494625780086 
-8.26060093202418 
-8.264573921646575 
-8.268406594372285 
-8.272152210247404 
-8.275861012812577 
-8.279388437501149 
-8.282807101975484 
-8.286134000826259 
-8.289301272107862 
-8.292374642572112 
-8.295371302179358 
-8.298281510074823 
-8.301167419794856 
-8.303943093016859 
-8.30663171470565 
-8.309228447066562 
-8.311847235872445 
-8.314279472099251 
-8.316628117931398 
-8.31890655585406 
-8.321073316344325 
-8.323175310807631 
-8.325217900063764 
-8.3272210068872 
-8.329167215711394 
-8.33105609898002 
-8.332899397199029 
-8.334680574234737 
-8.336416959039958 
-8.3381012313406 
-8.339578483188026 
-8.341028492082664 
-8.34243947360087 
-8.34373447755641 
-8.34500301606538 
-8.346231377803296 
-8.347427941972727 
-8.348593265301735 
-8.349729619630862 
-8.350835331116233 
-8.351915518930266 
-8.352975202566784 
-8.354012885386156 
-8.355026432916627 
-8.356013894316263 
-8.356973815917437 
-8.35790888641279 
-8.358817524012947 
-8.359702895590114 
-8.360551382848898 
-8.361382409428117 
-8.362192113257901 
-8.362984100084255 
-8.36376141565438 
-8.364517928392734 
-8.365256597990049 
-8.365974859183208 
-8.366654452322663 
-8.36731648473212 
-8.367963917646982 
-8.368597323074333 
-8.369213529163767 
-8.369814469574653 
-8.370378451169577 
-8.370927643874943 
-8.371466273269904 
-8.37200239343915 
-8.372525768339202 
-8.373035035241065 
-8.37352913229302 
-8.37401431677276 
-8.374487545684888 
-8.374947002811487 
-8.375395731779 
-8.375837589537309 
-8.376266777453056 
-8.376682729467865 
-8.37708633529448 
-8.37747806016082 
-8.3778593436873 
-8.378230241075613 
-8.378591222508897 
-8.378945189141854 
-8.379287334134986 
-8.379619828100145 
-8.379936363690465 
-8.38024166186215 
-8.38053965619216 
-8.380826748977912 
-8.381104931688258 
-8.381369913815968 
-8.38162713225627 
-8.38187563640406 
-8.382116693979272 
-8.382350671504849 
-8.382579156818965 
-8.382792718183772 
-8.38299600555135 
-8.383193346863496 
-8.383385260876038 
-8.383568769255499 
-8.383745138763091 
-8.383915534277994 
-8.384080891139767 
-8.384243776131658 
-8.384402220756495 
-8.38455235681308 
-8.384698220723468 
-8.38483980359247 
-8.384977569800448 
-8.385111674900642 
-8.385242161647923 
-8.385368742374306 
-8.385491964503933 
-8.385611881202802 
-8.385725076371415 
-8.385835474759155 
-8.385943005804458 
-8.386047742666193 
-8.386149763455114 
-8.3862486075043 
-8.386344540389786 
-8.386438631100702 
-8.386530592763094 
-8.386621655789531 
-8.38671028025192 
-8.386796511707443 
-8.386881327161731 
-8.386963826575425 
-8.38704402639617 
-8.387122038541223 
-8.38719884102672 
-8.387272417178874 
-8.387343695083004 
-8.387413074168448 
-8.387480190800748 
-8.387544096234695 
-8.38760626172895 
-8.387666733648883 
-8.38772613998814 
-8.387783903729265 
-8.387840081342258 
-8.387894709959157 
-8.387947925899518 
-8.387999636697739 
-8.388049923723546 
-8.388098438291372 
-8.388145481147909 
-8.388191232087179 
-8.388235713806182 
-8.388279068522909 
-8.38832084244383 
-8.388361503548865 
-8.388401111763201 
-8.388439066502647 
-8.388476116503478 
-8.388512103822642 
-8.388546509349624 
-8.388580065641317 
-8.388612716824728 
-8.388644533934787 
-8.388675500405695 
-8.388705371484573 
-8.388735191452307 
-8.388764127377142 
-8.38879219379947 
-8.388819759138613 
-8.388846588377294 
-8.388872602094116 
-8.388897868617109 
-8.388922389603906 
-8.388946000613327 
-8.388969130468354 
-8.38899123890248 
-8.389012880933631 
-8.38903393293315 
-8.389054377236894 
-8.389074419671681 
-8.389093793685625 
-8.38911258777697 
-8.389130719821212 
-8.389148104661079 
-8.389164933912458 
-8.389181287058985 
-8.389197124823367 
-8.389212448011422 
-8.389227338810146 
-8.389241713430234 
-8.389255690779956 
-8.389269278220361 
-8.389282404280268 
-8.389295112337066 
-8.38930745867808 
-8.38931941314637 
-8.389331023608872 
-8.389342221947404 
-8.38935305944285 
-8.389363604485409 
-8.389373454980669 
-8.389383047995562 
-8.389392394055347 
-8.389401495106764 
-8.389410305174003 
-8.38941888109688 
-8.389427238459243 
-8.389435423766365 
-8.389443404291256 
-8.389451155835458 
-8.3894586789586 
-8.389466006697644 
-8.389473144155112 
-8.389480089442504 
-8.389486846211817 
-8.389493408884487 
-8.389499806460202 
-8.389506036262354 
-8.389511987483601 
-8.389517795892122 
-8.389523400827448 
-8.38952890251427 
-8.389534207658555 
-8.389539375841165 
-8.389544477168743 
-8.389549421208281 
-8.389554271990784 
-8.389558995213033 
-8.38956357879092 
-8.389568015878979 
-8.389572342406689 
-8.389576558107283 
-8.389580671419864 
-8.389584684161123 
-8.389588596107549 
-8.389592437210245 
-8.389596176677005 
-8.389599811990148 
-8.389603352228637 
-8.389606800518186 
-8.389610160690593 
-8.38961343330966 
-8.389616616056975 
-8.389619717439501 
-8.389622725759763 
-8.38962565444181 
-8.389628513359238 
-8.389631295597052 
-8.389633999448522 
-8.389636631582617 
-8.389639196627902 
-8.389641698182082 
-8.389644133430856 
-8.389646503781169 
-8.389648807649504 
-8.38965097527809 
-8.389653084846179 
-8.389655141185624 
-8.389657151871912 
-8.389659069848536 
-8.389660935706377 
-8.389662746733142 
-8.389664512408075 
-8.389666232091313 
-8.38966790670611 
-8.389669519797698 
-8.389671094135458 
-8.38967262972558 
-8.389674129703746 
-8.38967559224096 
-8.38967702009748 
-8.389678412612454 
-8.389679770646087 
-8.389681096173188 
-8.389682388983058 
-8.389683638088732 
-8.389684857618565 
-8.389686038726062 
-8.389687190360767 
-8.38968830884372 
-8.389689397659827 
-8.389690460114547 
-8.389691505541832 
-8.389692516667479 
-8.389693495880678 
-8.389694445395039 
-8.389695377505959 
-8.389696278358663 
-8.389697148412136 
-8.389697997610186 
-8.389698826769104 
-8.389699636500591 
-8.389700427407748 
-8.389701206406848 
-8.389701961777721 
-8.389702699363797 
-8.389703413531192 
-8.38970411182525 
-8.389704782079068 
-8.38970543623703 
-8.389706076904254 
-8.389706702773507 
-8.389707314715505 
-8.389707915783669 
-8.38970850258728 
-8.38970907646783 
-8.389709637041037 
-8.389710183938485 
-8.389710719021986 
-8.389711242079803 
-8.389711753021176 
-8.38971225227085 
-8.389712741004582 
-8.389713218521846 
-8.389713684612756 
-8.389714139766747 
-8.38971458137533 
-8.389715010949196 
-8.38971543017407 
-8.389715839604033 
-8.389716239612946 
-8.389716630216553 
-8.389717011782569 
-8.389717384572151 
-8.389717748215345 
-8.389718102600456 
-8.389718449578035 
-8.3897187885018 
-8.3897191200577 
-8.389719443909314 
-8.389719760289527 
-8.389720069322115 
-8.389720371184168 
-8.389720666050051 
-8.389720954116203 
-8.389721235480298 
-8.389721509532933 
-8.38972177588606 
-8.389722031930653 
-8.38972228158737 
-8.389722525470436 
-8.389722763715882 
-8.389722991256061 
-8.389723213703967 
-8.389723427572626 
-8.389723636782573 
-8.389723841555863 
-8.389724041856633 
-8.38972423779748 
-8.389724430334725 
-8.389724618822985 
-8.389724803635842 
-8.389724984812243 
-8.389725162193681 
-8.389725335240467 
-8.389725504508855 
-8.38972567012176 
-8.38972583211163 
-8.389725990377595 
-8.389726145229876 
-8.389726296717056 
-8.389726444651727 
-8.389726588052376 
-8.389726728329823 
-8.389726865484306 
-8.38972699948638 
-8.389727130469254 
-8.389727258720143 
-8.38972738367007 
-8.389727505957964 
-8.389727625614256 
-8.38972774208139 
-8.389727855742414 
-8.38972796695143 
-8.389728075926953 
-8.389728183288032 
-8.389728288346179 
-8.389728390457195 
-8.389728490059293 
-8.389728587560857 
-8.389728682056198 
-8.389728774541073 
-8.389728865239782 
-8.389728954118011 
-8.389729040808458 
-8.389729125577288 
-8.38972920853138 
-8.38972928961722 
-8.38972936929719 
-8.389729447284378 
-8.389729523245753 
-8.389729597597407 
-8.389729670371288 
-8.38972974156288 
-8.38972981124317 
-8.389729879453972 
-8.38972994612685 
-8.389730011524344 
-8.389730075535034 
-8.389730137755972 
-8.38973019867127 
-8.389730258075813 
-8.389730316234544 
-8.389730373235228 
-8.389730429021768 
-8.389730483706675 
-8.38973053708558 
-8.38973058911113 
-8.389730640051607 
-8.389730689926116 
-8.389730738728417 
-8.389730786511674 

 Time 
147.4016628265381 
