Energy 
 
2.1054352189509205 
1.815558567115715 
0.22197262823091363 
-0.14847023315172675 
-0.5261819071771277 
-0.4420987058234769 
-2.3436767170408275 
-1.62143872369495 
-1.918377483974993 
-2.3594934145778894 
-2.3895940741655886 
-2.46436943916607 
-3.068509619770678 
-3.2267752016721896 
-4.160608496319702 
-4.444377595210593 
-4.630924209254984 
-4.817405655656322 
-5.332216838674376 
-5.708363754543082 
-5.438909984924321 
-4.943220265610928 
-4.41071626227437 
-4.37219999124154 
-5.018399358191874 
-4.946218200327296 
-4.78171305661991 
-4.853721512624812 
-4.913535012042257 
-4.963013060350394 
-4.952555032136053 
-5.028198146807276 
-5.0962297975545425 
-5.1561061378156605 
-5.171071989907358 
-5.195914988126365 
-5.242827590645426 
-5.247296839886575 
-5.271965892027175 
-5.497681347623162 
-5.288217976424066 
-5.282414422034918 
-5.1503999391555535 
-5.39143085971472 
-5.567411738317265 
-6.991670417238001 
-7.309872647873439 
-6.280984167659646 
-7.084824342267263 
-7.096445457974711 
-7.718789586207126 
-7.698741510562236 
-7.726233103017043 
-7.894353050657668 
-7.815287388743285 
-8.041903466149193 
-8.039041719850553 
-8.005554618954749 
-7.835828397482185 
-7.870172643202861 
-7.7350224999557 
-7.757273902202238 
-7.888850644596453 
-7.992961454042188 
-7.967543532981003 
-7.929432120748201 
-7.922934769078314 
-7.938760915956042 
-8.041487689290392 
-8.150102069615864 
-8.30206632444391 
-8.78886241695265 
-8.813695178267524 
-8.39960343699268 
-8.623983478599484 
-8.60520527182886 
-8.83008309382171 
-8.556443280385405 
-8.936671817034487 
-8.94271787884388 
-9.450709514993646 
-9.451188151390822 
-8.799508381156398 
-9.365847557757451 
-9.677671296746968 
-9.871253556286506 
-9.155451933267681 
-9.929088105369393 
-9.965839421702363 
-9.959270525472611 
-10.153540712262837 
-10.167445087554201 
-10.178896187190977 
-10.135235879238571 
-10.175068365244746 
-10.229862027347725 
-10.232236153112986 
-10.253471766349428 
-10.263749788944086 
-10.242772897173285 
-10.234535590644818 
-10.217681927561827 
-10.252850476711963 
-10.277304502000046 
-10.288571182624494 
-10.301318825730327 
-10.293535657088976 
-10.299086988435814 
-10.299385047555656 
-10.31204282004833 
-10.309775674035391 
-10.30293355271073 
-10.308004588410965 
-10.336236543666415 
-10.330001812447628 
-10.304720030508395 
-10.296542350001909 
-10.364244459297014 
-10.373849235459806 
-10.33490056786662 
-10.315745155021283 
-10.319714108047304 
-10.315397914417149 
-10.32049002832978 
-10.334926935310044 
-10.33653759839851 
-10.333762714510296 
-10.331513597026749 
-10.332868401599946 
-10.350843250609264 
-10.37216040522147 
-10.411274908100076 
-10.370379485656825 
-10.368287095274875 
-10.344771843852296 
-10.362811211447529 
-10.411062552506667 
-10.386554551208778 
-10.398047272493763 
-10.41114631197162 
-10.408917842624962 
-10.393264491542029 
-10.38842445799457 
-10.39356356889497 
-10.389691879897319 
-10.404808808835444 
-10.398366551664356 
-10.422964982129534 
-10.427176917122221 
-10.426318376941829 
-10.42520876543728 
-10.440420059968986 
-10.442628007640092 
-10.44316273206104 
-10.440868524621811 
-10.43699423146586 
-10.445421577172258 
-10.445402687304814 
-10.450124999712063 
-10.452357484155552 
-10.455928439326838 
-10.456631637990585 
-10.4599324844371 
-10.458641155554998 
-10.45942511709876 
-10.467430928387724 
-10.4696574971183 
-10.473789955088066 
-10.475468904507512 
-10.475745061165561 
-10.473345221908517 
-10.475072800301037 
-10.47493970561941 
-10.482758515906776 
-10.48219675320437 
-10.487008608325452 
-10.486656229328466 
-10.487287135770426 
-10.487600950404207 
-10.488623139793518 
-10.488581718626044 
-10.491522933399372 
-10.491629073563642 
-10.489916478070326 
-10.489144147110599 
-10.487868006462154 
-10.489425877119126 
-10.491419992665676 
-10.491409274868905 
-10.493538609352033 
-10.493534651349169 
-10.493516579488922 
-10.493453597809731 
-10.495479387842513 
-10.49511039155995 
-10.495498564586162 
-10.495399435589844 
-10.495398491457543 
-10.495264361728891 
-10.49728745379563 
-10.49743153679327 
-10.497231704731991 
-10.497332429732495 
-10.497377841261306 
-10.497390251587598 
-10.497379697689741 
-10.497432508883445 
-10.497464920537194 
-10.49762320624464 
-10.498068040752173 
-10.498070642196883 
-10.497831870210367 
-10.497855735431527 
-10.497917340895718 
-10.498011619225629 
-10.49810398156636 
-10.498188695066158 
-10.498025133077942 
-10.498407578287567 
-10.499114395496758 
-10.499440642094989 
-10.499479322947744 
-10.499473842551179 
-10.499521267846804 
-10.49977965227137 
-10.499779722668885 
-10.499791557167443 
-10.499790246206917 
-10.499815845512776 
-10.499852960963945 
-10.499855778239413 
-10.49986984442876 
-10.499874975940493 
-10.4998996680974 
-10.499905777828687 
-10.499912899583318 
-10.499935372161618 
-10.499933732588357 
-10.499941465444193 
-10.500043698884962 
-10.500084787238661 
-10.500102598371084 
-10.500097502039294 
-10.500097427978892 
-10.500132286308855 
-10.500134349244453 
-10.50011371996365 
-10.50021613974138 
-10.500222436043472 
-10.50023255554883 
-10.50039481909519 
-10.500414486712678 
-10.500414203699698 
-10.500476172005786 
-10.50049011200373 
-10.50050131296986 
-10.50050326803052 
-10.500520687727095 
-10.500541017301652 
-10.500538735988178 
-10.50057164366005 
-10.50059157851091 
-10.500606342456658 
-10.500645236881024 
-10.500650196373305 
-10.500653569319386 
-10.50065382503883 
-10.50065181027839 
-10.500680091006966 
-10.50068087812512 
-10.50068578017235 
-10.500686112135885 
-10.500686355406685 
-10.500717373214203 
-10.500750921725498 
-10.500750851268304 
-10.500768371316216 
-10.500774826150913 
-10.500786461860683 
-10.500800231640278 
-10.500808721206884 
-10.500808060020953 
-10.500804480055509 
-10.500805620638753 
-10.500810969188946 
-10.500814346839952 
-10.500857695453798 
-10.500858345928886 
-10.500860999979242 
-10.500864255470155 
-10.500865998994424 
-10.500866153013837 
-10.500869958779747 
-10.500873964929509 
-10.500878204330242 
-10.500891048876245 
-10.500891834212235 
-10.500895323337733 
-10.500907337623184 
-10.500907326695092 
-10.500907277135534 
-10.500908981529921 
-10.50091035955222 
-10.50091140232803 
-10.500911854756144 
-10.500917188034812 
-10.500917498231551 
-10.500923852628633 
-10.500926240317753 
-10.500939086662921 
-10.500938175278984 
-10.500945322088151 
-10.50095189003455 
-10.500951889890732 
-10.50095180594083 
-10.500951928248744 
-10.50095208005708 
-10.500962651389429 
-10.500963754773657 
-10.500964602317577 
-10.500964460995238 
-10.500966896835264 
-10.50096716959255 
-10.500969523794382 
-10.500969663347561 
-10.500969649637762 
-10.500974605965371 
-10.500974612404171 
-10.500982278845893 
-10.500985403133539 
-10.500986332209877 
-10.500986262615688 
-10.500986185067422 
-10.500992697152252 
-10.500992676377304 
-10.50099402200296 
-10.500995036024426 
-10.500998161962698 
-10.501000453680293 
-10.501004423955036 
-10.501005764002729 
-10.501005745291707 
-10.501007257585261 
-10.501013960899948 
-10.50101397420406 
-10.501014763918045 
-10.501015630861652 
-10.501020421194603 
-10.501022329248881 
-10.501023950523019 
-10.501024057276592 
-10.501025150305601 
-10.501025546925977 
-10.501028424899943 
-10.50103003144799 
-10.501030212729201 
-10.501031011896075 
-10.501031115746231 
-10.501031092514854 
-10.501031921232434 
-10.501032779699779 
-10.501032873905572 
-10.5010329644347 
-10.501033188675535 
-10.501033177113975 
-10.501033006049 
-10.501032936390214 
-10.501035195015598 
-10.501035385806533 
-10.501036765362489 
-10.501036983656395 
-10.501037148458034 
-10.501037177049751 
-10.501038624018653 
-10.501039994256372 
-10.501039895076467 
-10.501039944125996 
-10.501039908270561 
-10.501040082955457 
-10.501040385057594 
-10.501040377694068 
-10.501040429036452 
-10.501040614232426 
-10.501040651992763 
-10.501045150867004 
-10.501045129053551 
-10.501045076472337 
-10.501045194745625 
-10.501046056036206 
-10.50104622925735 
-10.501046174794027 
-10.501046153988067 
-10.501046211666704 
-10.501046195004859 
-10.501046528138652 
-10.501047717375554 
-10.501047834889354 
-10.501048232935409 
-10.501049310102001 
-10.501049341470512 
-10.50104991300899 
-10.501049835157225 
-10.501049805048941 
-10.50105088887142 
-10.501051205133821 
-10.501052372281906 
-10.501052700854693 
-10.501053321939855 
-10.501053170752794 
-10.501053416789643 
-10.5010534519603 
-10.501053461263597 
-10.501053962032904 
-10.501054390056144 
-10.501054796212928 
-10.501054581520053 
-10.501055106528812 
-10.501055141521393 
-10.501055119351754 
-10.501055727772988 
-10.501055672171978 
-10.501057201170033 
-10.501058368485491 
-10.501058697837292 
-10.501058685874094 
-10.501058926083003 
-10.501059206931172 
-10.501060406243203 
-10.501060894044492 
-10.5010608719231 
-10.50106086844703 
-10.501060803211942 
-10.501060813572199 
-10.50106195749252 
-10.501062203714211 
-10.501062300802388 
-10.501062311417165 
-10.501062399675497 
-10.501062401291229 
-10.50106249363799 
-10.501063502884895 
-10.501063543011256 
-10.501063471058375 
-10.501063478236446 
-10.501063454458828 
-10.501063455430545 
-10.501064693750706 
-10.501064736803638 
-10.501064814154798 
-10.501064813435814 
-10.501064856840966 
-10.501065953577363 
-10.501066095476546 
-10.50106623687403 
-10.501066587436842 
-10.501066921168754 
-10.501067381545093 
-10.501067391357838 
-10.501067402598416 
-10.50106805477594 
-10.501067989389789 
-10.501068011167497 
-10.50106801605586 
-10.501068655317676 
-10.501069061686389 
-10.501069087091778 
-10.501069031273445 
-10.501069707953013 
-10.501070050736521 
-10.50107036324735 
-10.50107061181367 
-10.501071852196464 
-10.501071966863115 
-10.501072119184029 
-10.50107240992267 
-10.501072661182167 
-10.501072649936386 
-10.501072821740893 
-10.501073731090754 
-10.50107375076674 
-10.501073738836503 
-10.501073740252664 
-10.501074002595615 
-10.501074026956811 
-10.501074233830797 
-10.501074275398746 
-10.501074609396712 
-10.501074576714815 
-10.501074570293305 
-10.501075096126222 
-10.5010751872603 
-10.501075171684981 
-10.50107652724143 
-10.501076628729077 
-10.501076654664374 
-10.501076934533067 
-10.501077061657567 
-10.501077062029378 
-10.501077096860088 
-10.501077317124647 

 Time 
17.119648456573486 
