Energy 
 
1.8674158008456159 
1.6597635863577873 
0.9729412480849263 
1.2628598343178428 
1.2309931723793759 
1.1576976414058553 
1.1828885753972214 
0.9979490137923759 
0.9999913089464643 
0.6683392979413951 
0.604456469512839 
0.5669403314125026 
0.4430805679120442 
-0.22910631509293644 
0.22272064253773868 
0.2848289879086679 
0.144508307282895 
-2.434576991354475 
-2.249013847519219 
-3.030028537770505 
-3.206602538286862 
-2.9753806849744153 
-2.596393670063311 
-3.6391123518370057 
-4.704525569920158 
-4.559798142771094 
-4.546500430743238 
-4.855348185203131 
-4.665398054845346 
-4.53309769053351 
-4.544417114082953 
-5.3807365243503655 
-5.385115292813827 
-5.14439190982257 
-5.172039086063656 
-5.0154011000003305 
-5.243320227719668 
-5.223305767203238 
-5.094816084844606 
-5.743683666937428 
-5.876196359810966 
-5.646173220667268 
-6.167093809234929 
-6.12683399329716 
-6.136191390969362 
-6.167194008427473 
-6.3358636672537445 
-6.396454994277321 
-6.399104260836748 
-6.3448442190488 
-6.392382561567453 
-6.4496923248221725 
-6.603928540684574 
-6.584871937662497 
-6.577476673767687 
-6.577718808308038 
-6.629867406263644 
-6.796645672454703 
-6.8146981345992135 
-6.787323157791486 
-6.805479451939421 
-7.49466844482105 
-7.480277289519593 
-7.467484087592855 
-7.44126336744017 
-7.447009690565258 
-7.455915042357967 
-7.6416913298937095 
-7.689916276662366 
-7.710695149886304 
-7.724530122956706 
-7.765455843184021 
-7.976836514004551 
-8.011743440317304 
-7.992545141971299 
-7.998406733902034 
-8.000057621858463 
-8.015744651509603 
-8.02872247868467 
-8.113787958711585 
-8.09011791701713 
-8.100534374433122 
-8.109159062462822 
-8.10085760463101 
-8.127115695195629 
-8.147860220680645 
-8.158223413765045 
-8.155409444183546 
-8.169798886385472 
-8.177874172576445 
-8.184810248836698 
-8.186327031553855 
-8.178768209800271 
-8.191547613839868 
-8.189681101639247 
-8.222207208051433 
-8.219681232182248 
-8.21403143764252 
-8.218440254265495 
-8.211487334045538 
-8.230737519353896 
-8.232555278658532 
-8.24733125451679 
-8.25533732599764 
-8.261050991257852 
-8.27904508526587 
-8.280745051236444 
-8.278056664067464 
-8.284792628418218 
-8.296603685644584 
-8.304125387027787 
-8.315905735404032 
-8.316353056867491 
-8.316942659262043 
-8.31696970265787 
-8.315333622335736 
-8.327383423529435 
-8.328737052572581 
-8.329715749161936 
-8.329328829365249 
-8.33020569126962 
-8.331272908124877 
-8.331072012555717 
-8.33073514195037 
-8.331151076498655 
-8.333028018576357 
-8.335010691291483 
-8.334993782700167 
-8.34145916751992 
-8.34145594884229 
-8.342778782367905 
-8.34278394036038 
-8.343607872128985 
-8.347637412981591 
-8.34764971952448 
-8.34768675364671 
-8.347670038301892 
-8.350015903488256 
-8.349988558127448 
-8.351773914244792 
-8.352326065930752 
-8.352412017883488 
-8.351655321386303 
-8.351539144656657 
-8.353127516190288 
-8.354341185975429 
-8.35496161185425 
-8.355828847208103 
-8.355484348268126 
-8.35555588636281 
-8.356195987085478 
-8.356101056753744 
-8.35624584656253 
-8.35739998264798 
-8.357579185687847 
-8.359388538482708 
-8.35909785020788 
-8.359888650735401 
-8.359935292753246 
-8.3600729120035 
-8.36008147989275 
-8.360309343753487 
-8.360444547732605 
-8.36081325180108 
-8.361254154149572 
-8.364623380220229 
-8.365390702080482 
-8.365323469835573 
-8.36575073844013 
-8.365792382698292 
-8.365870740564096 
-8.365841871532526 
-8.365812971425123 
-8.366086004359687 
-8.366691001037676 
-8.367496240974845 
-8.3693258278554 
-8.369255098847383 
-8.369269881319324 
-8.370036806223244 
-8.370171151369414 
-8.370233085883585 
-8.370119107377569 
-8.370872783907323 
-8.37089763250307 
-8.370900032549985 
-8.370881724111891 
-8.370716719339597 
-8.370979839464155 
-8.37212826108448 
-8.372159160872272 
-8.372153025115939 
-8.372160194008897 
-8.37218693609867 
-8.372463461090033 
-8.373540869138296 
-8.373728056045104 
-8.37469669491788 
-8.374921362921857 
-8.375328473753813 
-8.375309730949168 
-8.3753310138936 
-8.37645459861564 
-8.376747392802903 
-8.376754491389601 
-8.376743553804678 
-8.377220276540093 
-8.377327576443987 
-8.377351133366105 
-8.37772836913837 
-8.378072238658984 
-8.378490532467907 
-8.379032564284737 
-8.379213639091812 
-8.379365253428322 
-8.379406680469476 
-8.379670697256925 
-8.37983282851763 
-8.380050246952022 
-8.380786728038942 
-8.380858134584928 
-8.380898656853445 
-8.381177679806079 
-8.381214863495853 
-8.381210577070465 
-8.381933358880499 
-8.38201035884615 
-8.382236530212632 
-8.38236771691861 
-8.382379668629227 
-8.382427681870139 
-8.382616567771606 
-8.382669337540927 
-8.382668193866515 
-8.382686201374 
-8.382683435589179 
-8.382702240967907 
-8.382752984960504 
-8.382749927742486 
-8.382778925937867 
-8.383108565493423 
-8.3831140707765 
-8.383522620603493 
-8.383572600391847 
-8.383671078517787 
-8.383681012516043 
-8.38379324340186 
-8.38389494941706 
-8.38389977083126 
-8.383990204985107 
-8.383989344947459 
-8.38400638525165 
-8.384018505727132 
-8.3844842086846 
-8.384796801264596 
-8.384898391077416 
-8.385310459003314 
-8.385953222026908 
-8.385955732154002 
-8.385973356751379 
-8.386031598153524 
-8.386247668393247 
-8.386248541153021 
-8.386263057337414 
-8.386645955150042 
-8.386651166688363 
-8.386673288668915 
-8.386744486402586 
-8.386882775254719 
-8.386901174195406 
-8.387100852206634 
-8.387113787593332 
-8.38733864717907 
-8.387338248599645 
-8.387490028995444 
-8.387496760012473 
-8.387506076125728 
-8.387472612886288 
-8.387510527604704 
-8.387504875488471 
-8.387521572653432 
-8.38782167020113 
-8.387977864368134 
-8.388026632002079 
-8.388063110853686 
-8.388065706412826 
-8.388112463139741 
-8.388121693904779 
-8.388122725856654 
-8.388131684913283 
-8.388137403807558 
-8.38813659445152 
-8.388250771157246 
-8.388267583949261 
-8.388356037664689 
-8.388360888133704 
-8.38838760414987 
-8.388396426550617 
-8.38840628469741 
-8.388406273951901 
-8.388456884142725 
-8.38845647367286 
-8.38852671868452 
-8.388549021266737 
-8.388550255491733 
-8.388572430549457 
-8.388572235896163 
-8.388574375276693 
-8.388578791085473 
-8.388581180103795 
-8.388626712081933 
-8.388630557566673 
-8.388629348703814 
-8.38864359908997 
-8.388650206641069 
-8.388649394259383 
-8.388678438578863 
-8.388678294551951 
-8.38872663338385 
-8.38874662065448 
-8.388774554602973 
-8.388777194988359 
-8.388778109127996 
-8.388786728178498 
-8.38882442826613 
-8.388825708931329 
-8.388886676208958 
-8.388946481908231 
-8.388953249763905 
-8.38895469588267 
-8.388958094645147 
-8.38897257052216 
-8.388976921895011 
-8.388978964668143 
-8.388978993265042 
-8.388981095578032 
-8.388981580611759 
-8.388990660302692 
-8.388992296288144 
-8.389020049215846 
-8.389028771750962 
-8.389032424257834 
-8.389085900084304 
-8.38908599161866 
-8.389090239900826 
-8.389092160637022 
-8.389110741856232 
-8.389118365417936 
-8.389117613393578 
-8.38911809450333 
-8.389120024808811 
-8.389132278389495 
-8.389157086380326 
-8.389223796123856 
-8.389230152232681 
-8.389242064021403 
-8.389246800332428 
-8.389257090943396 
-8.389258394199512 
-8.389258623409042 
-8.389258813517602 
-8.389268460661867 
-8.389268801346633 
-8.389283322655748 
-8.389288581690908 
-8.389295205176353 
-8.389322790202545 
-8.389329106928177 
-8.38932929551703 
-8.38933925150455 
-8.38935301850701 
-8.389381513098026 
-8.38940463872996 
-8.389404492148255 
-8.38943572968855 
-8.389436896446945 
-8.38944398984734 
-8.389445090508591 
-8.389445095524913 
-8.389447712173585 
-8.389455921409086 
-8.389461777886265 
-8.38946635256927 
-8.38947498403256 
-8.389481414959175 
-8.389484353648545 
-8.389487464378144 
-8.389490266331523 
-8.389490733316212 
-8.389496892885806 
-8.389499758560547 
-8.38949971297365 
-8.389508153443279 
-8.389514308149284 
-8.389515955705782 
-8.389520187621013 
-8.389524042363727 
-8.389525517865811 
-8.389525343285415 
-8.389542009990356 
-8.389542459302339 
-8.389542465176287 
-8.389551851515108 
-8.389553922809586 
-8.389554636606768 
-8.389557488121739 
-8.3895739215456 
-8.3895739695967 
-8.389579253040786 
-8.389579334166573 
-8.389581481513314 
-8.389585381813035 
-8.389585572205974 
-8.389585808396692 
-8.38959490523983 
-8.389595847136178 
-8.389598732837907 
-8.389603920395698 
-8.389607768043188 
-8.389618686555158 
-8.389623387807438 
-8.389623477138114 
-8.389635072474194 
-8.389640899821435 
-8.389645202848193 
-8.389645354062369 
-8.389646239971498 
-8.389649593243057 
-8.389649683165882 
-8.389650393520176 
-8.389651933611908 
-8.38965192525489 
-8.389652194860409 
-8.389653246743372 
-8.389654064756693 
-8.389658382812915 
-8.389658766981146 
-8.389662794623645 
-8.389662904061101 
-8.38966308922656 
-8.389664486190227 
-8.389664611973338 
-8.38966525823152 
-8.389665415461614 
-8.38966542208705 
-8.389665426494856 
-8.38966586008324 
-8.389666005089273 
-8.389666459539102 
-8.389667334931213 
-8.389669175001838 
-8.389669178274263 
-8.38966930969174 
-8.389669277564067 
-8.389669937474096 
-8.389670392235502 
-8.389673583280176 
-8.389673613144705 
-8.389675148289676 
-8.389675758450327 
-8.389676531885863 
-8.389676883254731 
-8.389676969222062 
-8.389676979756132 
-8.38967807804595 
-8.389678946899423 
-8.389680130323939 
-8.38968194022161 
-8.389682294607733 
-8.389682756845112 
-8.389682894115928 
-8.389682997656996 
-8.389684189718768 
-8.389684439232298 
-8.389684496364621 
-8.38968510219456 
-8.389685386923107 
-8.38968569841456 
-8.389685813203396 
-8.389686461662663 
-8.389687823336558 
-8.389687927983505 
-8.389688005886345 
-8.38968800653236 
-8.389688128818733 
-8.389688134932918 
-8.38968816655864 
-8.389688920093603 
-8.38968900246615 
-8.389689033902323 
-8.389689502370587 
-8.389689653016681 
-8.38968965085904 
-8.389689676568835 
-8.389690084313909 
-8.389690085553884 
-8.389691297403575 
-8.389691867812651 
-8.389692010108813 
-8.389692061021861 

 Time 
12.791018724441528 
