Energy 
 
2.3693496930821554 
1.9540773684764907 
1.241549209040374 
1.2132085050533168 
0.8353080930579591 
0.9817403847037922 
0.9591248799485986 
0.8812893747504645 
-1.0975106738830334 
-0.3223506489113386 
-3.181949353703162 
-3.9224647426633577 
-4.798240143332691 
-4.743083689990861 
-4.711874744257974 
-4.9534598542953265 
-4.943944419730759 
-5.729506755389336 
-6.126671944795673 
-6.38064303289017 
-5.805204076172533 
-5.929445527372475 
-5.81633773678064 
-6.332740226062277 
-6.289205824246096 
-6.134453045603753 
-7.424693899608765 
-7.594647475683162 
-7.80840502431224 
-8.53574455781166 
-8.53480643838181 
-7.629737150017456 
-8.020331341785518 
-8.196394932506099 
-8.692080238322916 
-8.451787068102144 
-8.511370079329046 
-8.74421469339977 
-8.594249937670197 
-8.597345991342532 
-8.7865936206894 
-8.918357410481484 
-8.933710884328896 
-8.689412810169946 
-8.901707945709797 
-8.962118455703422 
-8.975546115565052 
-8.819760378235612 
-8.815376064136233 
-8.952181762628276 
-8.957596694663955 
-9.031670768367245 
-9.029241199627203 
-8.912576266873815 
-8.831914961250973 
-8.834836337905077 
-9.447965174673737 
-9.188512144380912 
-9.928856335645616 
-9.145704172407125 
-9.404483271267983 
-9.402561741724055 
-9.348192575864994 
-9.334512220698247 
-10.194048770746376 
-9.745967899960107 
-9.625194939557169 
-9.536310469741219 
-9.589245364144672 
-9.629675584823882 
-10.842498458553912 
-10.61782637162977 
-10.494609072830604 
-10.483025055111677 
-10.493601754682686 
-10.381247357910462 
-10.418150555784123 
-10.467256762332044 
-10.495839983306862 
-10.582619796202323 
-10.556539382162205 
-10.538665127672182 
-10.484470115873185 
-10.445050230391354 
-10.509549616404543 
-10.52121959609193 
-10.456437144838723 
-10.422418752755469 
-10.920552526673914 
-10.879165511460503 
-10.976039223186998 
-10.999075255499774 
-10.941325938224612 
-10.942621138995518 
-10.953924947857654 
-10.954226123220371 
-11.039855783294684 
-11.107134527645838 
-11.108738445967637 
-11.099829194291514 
-11.01034658672328 
-11.007098621663706 
-10.995041736662973 
-10.981017471906807 
-11.010131290378679 
-11.03749999538516 
-11.11833543792815 
-11.189002130707484 
-11.189137566613777 
-11.05611625875751 
-11.157412404010762 
-11.16726749770384 
-11.077796808444422 
-11.09650697176559 
-11.029879776959223 
-11.05450139508611 
-11.197364439796527 
-11.202463759507719 
-11.186454464247031 
-11.1880124902713 
-11.169045628039491 
-11.15989604735192 
-11.214111517634452 
-11.317913770402226 
-11.275414225808873 
-11.394299865421994 
-11.455342071485765 
-11.417169418636488 
-11.539430170907826 
-11.53520911270136 
-11.541732011729874 
-11.616113692708788 
-11.61660155638519 
-11.571314997847738 
-11.58871720395032 
-11.66624946184272 
-11.717564647574502 
-11.721062276141401 
-11.70163637059842 
-11.682968142843828 
-11.686770191914253 
-11.713782954958038 
-11.753435844678847 
-11.80832833011509 
-11.831192110183341 
-11.83871129772811 
-11.867681215050762 
-11.863177788741504 
-11.913432121092347 
-11.938832765168993 
-11.96249740838402 
-11.96212934404013 
-11.964596972270568 
-12.015926156242003 
-12.017009932854648 
-12.015729346792629 
-12.028580415662228 
-12.016205230575903 
-12.086333863171317 
-12.106018998940762 
-12.075288819113991 
-12.071420120029629 
-12.08910523660463 
-12.113017543387068 
-12.147165135056234 
-12.161756435016198 
-12.163190708882542 
-12.151189425128688 
-12.14777154082522 
-12.139791098080964 
-12.140648105640487 
-12.148631835244078 
-12.15006805489509 
-12.16123964944971 
-12.168192381178793 
-12.178996762559882 
-12.181348291768034 
-12.180209485176631 
-12.181659807714222 
-12.181689865977972 
-12.183548298651198 
-12.18671667483787 
-12.184537245596639 
-12.20312547249504 
-12.204209130819269 
-12.205603125740422 
-12.205425769940213 
-12.207209568648882 
-12.206010350784585 
-12.209207613075646 
-12.210692366323588 
-12.208034156420108 
-12.207612542010105 
-12.20718144717826 
-12.205676164134717 
-12.2113957533798 
-12.212158547912114 
-12.212170271660918 
-12.214211466727567 
-12.214132901141944 
-12.214161091603131 
-12.217891361236388 
-12.217928878353778 
-12.216518772602802 
-12.217357694216611 
-12.220291326031328 
-12.220408770560361 
-12.224103394190829 
-12.222479592726806 
-12.221940011887508 
-12.230562711000093 
-12.230409592507595 
-12.231308962131978 
-12.23095222746953 
-12.231978567527204 
-12.231673190955789 
-12.231070681980171 
-12.230865926035438 
-12.230432291792091 
-12.231914867323031 
-12.232050536519559 
-12.234169842778506 
-12.23289555754139 
-12.23378672802755 
-12.235249225262255 
-12.234592841625915 
-12.23882312579889 
-12.241343950695521 
-12.241113665515357 
-12.241558460350415 
-12.241539018396589 
-12.241501989078026 
-12.241577927845098 
-12.244261030318233 
-12.242665157022229 
-12.24588976839336 
-12.245879062585654 
-12.246025959458708 
-12.245686229404594 
-12.245687750065954 
-12.245685794793646 
-12.246366770557097 
-12.246779326484486 
-12.246945487007622 
-12.24740425713321 
-12.246871893618321 
-12.246905673902576 
-12.247619109164667 
-12.24818180167009 
-12.248188685767978 
-12.24824679337719 
-12.24824699824468 
-12.248385478201596 
-12.248660979341203 
-12.248656626277782 
-12.248504431300118 
-12.248897232190767 
-12.249119847168018 
-12.249097463081629 
-12.24953221881119 
-12.249730598802792 
-12.249733905123524 
-12.25054091190463 
-12.250417482808249 
-12.25026160220443 
-12.250260286729365 
-12.250325909036398 
-12.250490932185592 
-12.25045989361964 
-12.250472368304669 
-12.250393931142755 
-12.251022980635144 
-12.25102560321834 
-12.251024929091566 
-12.251175506913517 
-12.251260104609 
-12.251246898212926 
-12.251249584752175 
-12.251715715936847 
-12.251900571822887 
-12.252463845557973 
-12.253148981083166 
-12.253299353136235 
-12.253271146868618 
-12.253260407591824 
-12.253667960414838 
-12.254805503951431 
-12.255021297162425 
-12.256262582317396 
-12.255173974876072 
-12.256592875685069 
-12.256846247821528 
-12.257206580164409 
-12.257994191091619 
-12.258451358861027 
-12.262331289666234 
-12.262449295395296 
-12.263517232158492 
-12.263716417140978 
-12.263725932706315 
-12.263741675573542 
-12.264090229273604 
-12.264532581627126 
-12.264725033629846 
-12.264685757186005 
-12.264738616421216 
-12.264979808064188 
-12.265237709948739 
-12.26527003295232 
-12.26557915801598 
-12.265678746545312 
-12.265847495975132 
-12.26671152865635 
-12.266680827566493 
-12.26666959092051 
-12.266811120803771 
-12.26643734965937 
-12.268188065863237 
-12.268179718856 
-12.268132739911175 
-12.268444112277207 
-12.268485228328231 
-12.268259079402306 
-12.274690252705115 
-12.274957379344324 
-12.275175304874743 
-12.274997947739223 
-12.275876045157593 
-12.277175635294718 
-12.277374321554854 
-12.277374459877533 
-12.278288816256563 
-12.278311078603574 
-12.278413288769578 
-12.279392724895809 
-12.279667373523926 
-12.279602014010818 
-12.279620049396394 
-12.28019005682899 
-12.280223281252045 
-12.281988192016659 
-12.282009635876992 
-12.282080986176338 
-12.284688330416536 
-12.284753275640794 
-12.28481830801665 
-12.28462854346288 
-12.284639054364106 
-12.284728514778928 
-12.284972126042948 
-12.284951261118476 
-12.288420606107696 
-12.288444604893542 
-12.293109332332167 
-12.293182568071959 
-12.29542553763492 
-12.295340947775 
-12.295758145191956 
-12.295709437896514 
-12.295706160103203 
-12.29562741743479 
-12.297541950020875 
-12.298365041269458 
-12.302517796224226 
-12.30186565882026 
-12.303959139971159 
-12.31028610605113 
-12.313608721519618 
-12.314168375622938 
-12.314405978087077 
-12.320217235975017 
-12.31996126512627 
-12.319713853893179 
-12.31997966791955 
-12.321612653419761 
-12.325319707829824 
-12.331913762982152 
-12.332521871667675 
-12.332536946340735 
-12.332145891848349 
-12.332462963327512 
-12.33218500328667 
-12.332184688986414 
-12.333603040072134 
-12.33470054892106 
-12.339395354326182 
-12.339465096029365 
-12.339456490510809 
-12.34057956955744 
-12.340637917713785 
-12.345329487085356 
-12.34535841752865 
-12.345618533052326 
-12.349584887244076 
-12.349714249048771 
-12.350589736856604 
-12.35071163427192 
-12.350746957513696 
-12.354246111435996 
-12.354301265974147 
-12.355076267890873 
-12.355129985476431 
-12.35570317598728 
-12.35589505322262 
-12.355930660074774 
-12.35788675802832 
-12.357673509210326 
-12.357969485837454 
-12.357653118142274 
-12.358197817349987 
-12.361143080776912 
-12.361775658123314 
-12.361837703545493 
-12.361653533265915 
-12.362918553198398 
-12.363916349211712 
-12.364037770860879 
-12.365146999947871 
-12.365403834364002 
-12.366021960873374 
-12.366834121778195 
-12.36685773019824 
-12.36841879297112 
-12.36853205721695 
-12.37075664365856 
-12.371673277898028 
-12.371948335187662 
-12.371900297745634 
-12.371943616135091 
-12.372003707319239 
-12.372065661149385 
-12.372726249893445 
-12.373675804520113 
-12.373878758869644 
-12.374018394064688 
-12.374337625397143 
-12.374386417289443 
-12.37437022632516 
-12.375129476504318 
-12.375489417444975 
-12.375547894461748 
-12.376553443672199 
-12.376701571909079 
-12.377151631321764 
-12.377169317076316 
-12.37721157987803 
-12.37875124364686 
-12.379059115172478 
-12.37935177624702 
-12.379354261390205 
-12.37955836815201 
-12.379637187489896 
-12.379660417879116 
-12.37973632021157 
-12.379732639470346 
-12.379968358025012 
-12.380661134486417 
-12.381427401420499 
-12.382050651076696 
-12.382373490826815 
-12.382422366830145 
-12.382613215428204 
-12.383388371898633 
-12.383561466125485 
-12.38363691033189 
-12.384723544281398 
-12.384770881693813 
-12.385287438032712 
-12.385310977379858 
-12.385305601252556 
-12.386441975770785 
-12.38658792359594 
-12.386591103022138 
-12.386589747382734 
-12.386698074801792 
-12.386784857717634 
-12.387014349438429 
-12.387594890152263 
-12.387924684672868 
-12.38814264988269 
-12.389050418559368 
-12.390170935302832 
-12.390467426877468 
-12.390597518703057 
-12.390901727430434 
-12.391352877948561 
-12.392897680502355 
-12.392960356700797 
-12.392954613631998 
-12.39428020762856 
-12.394739892199865 
-12.394744633858759 
-12.39469550907179 
-12.39561819560236 
-12.395631650473012 
-12.39563164332857 
-12.395639277716127 
-12.395651515242673 
-12.395698858731615 
-12.39582253883274 

 Time 
23.17321014404297 
