Energy 
 
1.0398308688227702 
-0.2354424060080167 
-1.4998139097011411 
-2.736713417928392 
-3.9307063196932317 
-5.069568562609776 
-6.145589305248186 
-7.155565492647307 
-8.099701462651893 
-8.980118323969075 
-9.799612874294017 
-10.560934090103238 
-11.266527249156221 
-11.918566616669308 
-12.519106195519567 
-13.070237295609328 
-13.574199548761477 
-14.033431441761708 
-14.450567728998529 
-14.8283995487942 
-15.169813978481113 
-15.477726977897277 
-15.755019627117132 
-16.0044836220574 
-16.228778782497095 
-16.430403033631713 
-16.61167388208382 
-16.774719649726762 
-16.92147845857275 
-17.053703001834478 
-17.1729693522702 
-17.28068835139736 
-17.37811842924757 
-17.466378987940303 
-17.5464637260773 
-17.61925347943394 
-17.685528308257073 
-17.74597867781265 
-17.80121566313321 
-17.851780167702326 
-17.89815118496491 
-17.940753156047315 
-17.979962490937464 
-18.016113326757047 
-18.049502598048072 
-18.08039449196168 
-18.109024357163 
-18.135602130054373 
-18.160315336197602 
-18.18333171899808 
-18.2048015420658 
-18.224859606352418 
-18.243627018265354 
-18.261212740516303 
-18.2777149534779 
-18.293222251281705 
-18.307814693765366 
-18.321564732633817 
-18.33453802779845 
-18.34679416776759 
-18.35838730614081 
-18.369366724680628 
-18.37977733206438 
-18.389660106232366 
-18.399052487219635 
-18.407988726468915 
-18.416500197850358 
-18.424615674947308 
-18.432361578586978 
-18.439762198094595 
-18.44683988931369 
-18.453615252057368 
-18.460107289327762 
-18.46633355035393 
-18.472310259251817 
-18.47805243089193 
-18.483573975371705 
-18.488887792325265 
-18.494005856158473 
-18.49893929317117 
-18.50369845141795 
-18.508292964062136 
-18.512731806892145 
-18.5170233505946 
-18.521175408313216 
-18.525195278963857 
-18.529089786725113 
-18.53286531707913 
-18.536527849736515 
-18.54008298874457 
-18.543535990046497 
-18.546891786731308 
-18.550155012189883 
-18.55333002136993 
-18.556420910304283 
-18.559431534068306 
-18.562365523307538 
-18.565226299462616 
-18.568017088805718 
-18.570740935392994 
-18.573400713025602 
-18.575999136304798 
-18.578538770857975 
-18.58102204280488 
-18.583451247527663 
-18.585828557802053 
-18.588156031342123 
-18.590435617805852 
-18.59266916530516 
-18.594858426459908 
-18.597005064031638 
-18.59911065617033 
-18.60117670130396 
-18.603204622698726 
-18.605195772714822 
-18.607151436781052 
-18.6090728371094 
-18.610961136168957 
-18.612817439937118 
-18.614642800944377 
-18.616438221127854 
-18.618204654507245 
-18.619943009696435 
-18.62165415226184 
-18.623338906939072 
-18.624998059717367 
-18.626632359801413 
-18.628242521458837 
-18.62982922576146 
-18.631393122227546 
-18.63293483037173 
-18.634454941168983 
-18.63595401843841 
-18.637432600152156 
-18.63889119967443 
-18.640330306935443 
-18.64175038954417 
-18.643151893844323 
-18.644535245916803 
-18.64590085253258 
-18.647249102058545 
-18.648580365319834 
-18.649894996421136 
-18.651193333529427 
-18.65247569962066 
-18.65374240319267 
-18.654993738946096 
-18.65622998843522 
-18.657451420691004 
-18.658658292817087 
-18.659850850560964 
-18.661029328861467 
-18.66219395237389 
-18.663344935973768 
-18.664482485240995 
-18.66560679692441 
-18.666718059388764 
-18.667816453044153 
-18.668902150759354 
-18.66997531825929 
-18.671036114507643 
-18.672084692075284 
-18.67312119749463 
-18.67414577160131 
-18.675158549862566 
-18.676159662693927 
-18.677149235763785 
-18.67812739028646 
-18.67909424330449 
-18.680049907959784 
-18.680994493754557 
-18.68192810680199 
-18.68285085006694 
-18.683762823596876 
-18.684664124743495 
-18.685554848374846 
-18.68643508707848 
-18.687304931355715 
-18.688164469806914 
-18.68901378930844 
-18.689852975181044 
-18.690682111349933 
-18.691501280496784 
-18.692310564203726 
-18.69311004308938 
-18.693899796937288 
-18.694679904816795 
-18.69545044519627 
-18.696211496049408 
-18.69696313495399 
-18.697705439184002 
-18.698438485794718 
-18.69916235170112 
-18.699877113749913 
-18.700582848784986 
-18.701279633707014 
-18.7019675455267 
-18.702646661412437 
-18.70331705873223 
-18.703978815090235 
-18.704632008357855 
-18.70527671670015 
-18.705913018596817 
-18.70654099285907 
-18.70716071864168 
-18.707772275450964 
-18.708375743148533 
-18.708971201951456 
-18.709558732428526 
-18.710138415493354 
-18.71071033239406 
-18.71127456470001 
-18.71183119428592 
-18.712380303313097 
-18.712921974208562 
-18.71345628964176 
-18.713983332499527 
-18.714503185859073 
-18.71501593295939 
-18.715521657171347 
-18.716020441966474 
-18.716512370884672 
-18.716997527501118 
-18.71747599539229 
-18.717947858101592 
-18.71841319910443 
-18.718872101773055 
-18.719324649341345 
-18.719770924869398 
-18.72021101120843 
-18.7206449909658 
-18.721072946470347 
-18.7214949597383 
-18.721911112439535 
-18.722321485864786 
-18.72272616089301 
-18.723125217960213 
-18.723518737028538 
-18.723906797556626 
-18.72428947847077 
-18.724666858137176 
-18.725039014335174 
-18.72540602423166 
-18.7257679643565 
-18.726124910579188 
-18.72647693808672 
-18.72682412136241 
-18.727166534166244 
-18.72750424951606 
-18.727837339670305 
-18.728165876111667 
-18.72848992953206 
-18.72880956981874 
-18.729124866041694 
-18.729435886442023 
-18.729742698421553 
-18.73004536853354 
-18.73034396247447 
-18.730638545076967 
-18.730929180303608 
-18.73121593124197 
-18.73149886010044 
-18.731778028205063 
-18.7320534959974 
-18.73232532303311 
-18.73259356798151 
-18.73285828862592 
-18.73311954186477 
-18.733377383713474 
-18.73363186930704 
-18.73388305290338 
-18.734130987887177 
-18.734375726774495 
-18.734617321217915 
-18.734855822012168 
-18.73509127910035 
-18.735323741580654 
-18.735553257713477 
-18.735779874928948 
-18.736003639834962 
-18.736224598225455 
-18.73644279508907 
-18.736658274618094 
-18.736871080217796 
-18.73708125451584 
-18.737288839372024 
-18.737493875888344 
-18.737696404418955 
-18.737896464580633 
-18.73809409526302 
-18.738289334639386 
-18.738482220177094 
-18.738672788648522 
-18.738861076141696 
-18.73904711807131 
-18.739230949189476 
-18.739412603596737 
-18.73959211475295 
-18.73976951548815 
-18.73994483801352 
-18.740118113932166 
-18.74028937425 
-18.740458649386426 
-18.74062596918505 
-18.74079136292439 
-18.740954859328273 
-18.74111648657638 
-18.741276272314575 
-18.74143424366522 
-18.741590427237217 
-18.741744849136072 
-18.741897534973962 
-18.742048509879254 
-18.742197798506414 
-18.742345425045468 
-18.742491413231335 
-18.742635786353254 
-18.742778567263752 
-18.74291977838773 
-18.743059441731305 
-18.74319757889051 
-18.743334211059853 
-18.743469359040716 
-18.743603043249703 
-18.743735283726657 
-18.743866100142743 
-18.74399551180822 
-18.744123537680164 
-18.744250196370036 
-18.744375506150977 
-18.744499484965203 
-18.744622150431017 
-18.744743519849838 
-18.74486361021302 
-18.74498243820853 
-18.745100020227547 
-18.74521637237082 
-18.745331510455 
-18.745445450018785 
-18.745558206328944 
-18.7456697943862 
-18.745780228930993 
-18.745889524449126 
-18.745997695177305 
-18.746104755108483 
-18.74621071799718 
-18.746315597364646 
-18.746419406503833 
-18.746522158484403 
-18.746623866157513 
-18.746724542160514 
-18.746824198921534 
-18.746922848664074 
-18.74702050341125 
-18.747117174990166 
-18.74721287503612 
-18.747307614996675 
-18.74740140613559 
-18.74749425953687 
-18.74758618610844 
-18.747677196585947 
-18.7477673015364 
-18.747856511361597 
-18.747944836301805 
-18.74803228643899 
-18.7481188717001 
-18.748204601860493 
-18.748289486546792 
-18.748373535240233 
-18.748456757279495 
-18.74853916186371 
-18.74862075805532 
-18.748701554782812 
-18.74878156084352 
-18.74886078490625 
-18.74893923551389 
-18.74901692108596 
-18.749093849921024 
-18.74917003019921 
-18.74924546998448 
-18.74932017722701 
-18.749394159765366 
-18.749467425328778 
-18.749539981539172 
-18.749611835913477 
-18.749682995865367 
-18.749753468707507 
-18.749823261653408 
-18.74989238181934 
-18.749960836226148 
-18.750028631801147 
-18.750095775379833 
-18.750162273707637 
-18.750228133441553 
-18.75029336115196 
-18.750357963324014 
-18.750421946359342 
-18.750485316577603 
-18.750548080217886 
-18.750610243440295 
-18.750671812327287 
-18.75073279288511 
-18.750793191045165 
-18.750853012665395 
-18.750912263531426 
-18.75097094935805 
-18.75102907579036 
-18.751086648404918 
-18.751143672711095 
-18.75120015415206 
-18.75125609810607 
-18.75131150988745 
-18.751366394747784 
-18.751420757876897 
-18.751474604403914 
-18.75152793939836 
-18.75158076787096 
-18.7516330947748 
-18.751684925006167 
-18.75173626340547 
-18.75178711475825 
-18.751837483795903 
-18.751887375196727 
-18.751936793586616 
-18.751985743539937 
-18.752034229580396 
-18.752082256181758 
-18.752129827768666 
-18.75217694871733 
-18.752223623356453 
-18.752269855967675 
-18.7523156507865 
-18.75236101200294 
-18.752405943762202 
-18.75245045016523 
-18.7524945352696 
-18.752538203089923 
-18.752581457598605 
-18.752624302726407 
-18.75266674236305 
-18.75270878035785 
-18.752750420520204 
-18.752791666620258 
-18.752832522389326 
-18.752872991520547 
-18.75291307766939 
-18.75295278445412 
-18.752992115456365 
-18.753031074221557 
-18.7530696642595 
-18.75310788904474 
-18.75314575201715 
-18.75318325658227 
-18.753220406111886 
-18.75325720394435 
-18.7532936533851 
-18.753329757707 
-18.75336552015088 
-18.75340094392581 
-18.753436032209617 
-18.753470788149162 
-18.7535052148608 
-18.7535393154308 
-18.75357309291555 
-18.75360655034216 
-18.75363969070857 
-18.753672516984118 
-18.75370503210967 
-18.753737238998212 
-18.753769140534953 
-18.753800739577745 
-18.75383203895743 
-18.753863041478102 
-18.753893749917456 
-18.753924167027048 
-18.75395429553262 
-18.753984138134452 
-18.754013697507467 
-18.754042976301754 
-18.75407197714263 
-18.754100702631096 
-18.754129155343968 
-18.754157337834183 
-18.754185252631103 
-18.7542129022407 
-18.754240289145862 
-18.75426741580666 
-18.754294284660443 
-18.754320898122273 
-18.75434725858507 
-18.754373368419817 
-18.75439922997581 
-18.754424845580946 
-18.754450217541798 
-18.754475348144013 
-18.75450023965237 
-18.754524894311075 
-18.754549314343944 
-18.754573501954663 
-18.75459745932687 

 Time 
340.0082790851593 
