Energy 
 
0.08650764346745948 
-0.7831070876643924 
-2.010785305395883 
-3.507422911400661 
-5.215559238131691 
-6.702258872732026 
-7.992512393096106 
-9.155680182589373 
-10.062040334731993 
-10.805800470095678 
-11.351266427055162 
-11.780176240095319 
-12.155416611171523 
-12.505670464813042 
-12.857926045149853 
-13.18533773679875 
-13.48323199839585 
-13.786837527155143 
-14.000111893645927 
-14.19599246635089 
-14.369712109928793 
-14.525440337964778 
-14.663460965133577 
-14.78677872840016 
-14.891661107897871 
-14.978119132534665 
-15.057208319297771 
-15.126370663899566 
-15.191522879333782 
-15.261998247839696 
-15.326685024386705 
-15.386346714724736 
-15.444014407667435 
-15.514663292958367 
-15.567782669388938 
-15.6192743855364 
-15.664334315679087 
-15.70948588602059 
-15.750923246538926 
-15.78886147905188 
-15.822242899476889 
-15.852981836556845 
-15.882126347997525 
-15.910568279982359 
-15.937207182381343 
-15.962388420089583 
-15.986683641994677 
-16.009927207077663 
-16.032305888778993 
-16.054018015732215 
-16.07641995381757 
-16.09667814286683 
-16.116112425230668 
-16.134824799688268 
-16.152360334308007 
-16.16940749372785 
-16.18574066151293 
-16.201414513314454 
-16.216457772793078 
-16.230931069103793 
-16.2457157825199 
-16.2618130669742 
-16.277539165862656 
-16.293726219027455 
-16.307615516048976 
-16.320545612840736 
-16.33284187429131 
-16.34443176043685 
-16.35544269493934 
-16.366924425090684 
-16.37709512978683 
-16.38643057039093 
-16.395194481973043 
-16.403529228430735 
-16.411465453698966 
-16.415539842420717 
-16.413630798454562 
-16.424967547609583 
-16.434242358093876 
-16.442335300540478 
-16.449258686649024 
-16.455207309699023 
-16.46122527923273 
-16.466828807258995 
-16.472207717632898 
-16.477519390824792 
-16.48266360688802 
-16.487601489165474 
-16.49238457113488 
-16.497028844999882 
-16.501560551910956 
-16.50596089176253 
-16.5101929740486 
-16.514312200568185 
-16.518325515787517 
-16.522236399294336 
-16.525984183897737 
-16.52963080069418 
-16.533403748060138 
-16.536986179827398 
-16.54047214595363 
-16.543851659900668 
-16.546980763674426 
-16.546209735622185 
-16.553889752972736 
-16.557117567055545 
-16.56019103785146 
-16.563177558831306 
-16.566076998702307 
-16.568892705229782 
-16.571644665715734 
-16.57425198343077 
-16.57664929475177 
-16.578896265833926 
-16.5758881080355 
-16.582441338926017 
-16.579801448564027 
-16.5872343000217 
-16.590280881730223 
-16.592739465829716 
-16.59379431997807 
-16.586136569945033 
-16.596637567311053 
-16.60020854899359 
-16.602917863429628 
-16.60517864231583 
-16.607211488440193 
-16.606318504794096 
-16.604789508768164 
-16.611363482766997 
-16.61359037911991 
-16.615480336049238 
-16.61723564341422 
-16.618851415983052 
-16.62044165739748 
-16.621982898231984 
-16.623487833904385 
-16.624955933951426 
-16.626386797838972 
-16.627761287375396 
-16.629102472467903 
-16.630410810057235 
-16.631689189969517 
-16.632893414434307 
-16.633692643786585 
-16.634571987695274 
-16.63585898084056 
-16.637227662980806 
-16.63875532334529 
-16.640091487780484 
-16.641181041858637 
-16.642225248425458 
-16.643167178484376 
-16.643936977700722 
-16.64262325781669 
-16.642244456568612 
-16.642378530468246 
-16.64322401100505 
-16.646642478360477 
-16.648131638264154 
-16.649866190627723 
-16.651553353531284 
-16.65272728273141 
-16.653656762694492 
-16.654533202010573 
-16.655381395466733 
-16.65620676480098 
-16.657020005443197 
-16.657817837517104 
-16.658604037459387 
-16.65927285868038 
-16.658801123799222 
-16.658049511726208 
-16.65710069334034 
-16.657600421089548 
-16.661069937281944 
-16.66314426101367 
-16.664478091622037 
-16.665270862295582 
-16.665963908450813 
-16.666617137786538 
-16.667241836167126 
-16.667854068596963 
-16.668455192556355 
-16.66904567286957 
-16.669624668410414 
-16.6701923587946 
-16.67074868698305 
-16.671298101087363 
-16.671836040589156 
-16.67236525514695 
-16.672884899657905 
-16.67339231290457 
-16.673888199889365 
-16.674211932721565 
-16.674865552518206 
-16.675344564502957 
-16.67581313245218 
-16.676280522955548 
-16.676738736114505 
-16.677188765814552 
-16.677649388539905 
-16.67809738843592 
-16.678537394913796 
-16.678969375234352 
-16.679395475942894 
-16.679812433276062 
-16.680222219619385 
-16.68062506241951 
-16.68102189018836 
-16.68141649850671 
-16.681794592189053 
-16.68216492412882 
-16.68252868495485 
-16.6828859066586 
-16.68323696449379 
-16.683582805506003 
-16.683922757076495 
-16.684254939067706 
-16.684582213650145 
-16.68490444279557 
-16.68522155876228 
-16.685533614662386 
-16.685838537920908 
-16.68613583131792 
-16.686429282429675 
-16.68671824844316 
-16.687001947389682 
-16.68728188166837 
-16.68755602187273 
-16.687825031682557 
-16.68808993058521 
-16.688352501825854 
-16.68860926279981 
-16.68886172402546 
-16.68911190105231 
-16.689357823881313 
-16.689599934681887 
-16.68983905212525 
-16.690073516799597 
-16.69030405255907 
-16.690530798965284 
-16.690753716111114 
-16.69097287467062 
-16.69118988486267 
-16.691403223638797 
-16.69161461769104 
-16.691823371533015 
-16.692030876167472 
-16.692235106350477 
-16.692436814367216 
-16.692646539236524 
-16.692852413130716 
-16.69305490636904 
-16.693259039794913 
-16.69345922527665 
-16.693654749628543 
-16.693847112406356 
-16.694035940675214 
-16.694222021619836 
-16.69440466814008 
-16.694580659479882 
-16.694753532483023 
-16.694923114084734 
-16.695089471619063 
-16.695252955986376 
-16.695417308304595 
-16.695579276321375 
-16.69573854963747 
-16.69589462886252 
-16.696049662304173 
-16.696202772361843 
-16.696353296532127 
-16.696501922898026 
-16.69664833053845 
-16.69679478641428 
-16.69693866174545 
-16.697080602988912 
-16.697221688305056 
-16.697360501273156 
-16.697496887566636 
-16.69763074832494 
-16.69776260562573 
-16.697892594299343 
-16.698020886440723 
-16.69814672736573 
-16.69827068556097 
-16.698392682775562 
-16.69851192539038 
-16.69862892339318 
-16.698744176566628 
-16.698857600274675 
-16.698969277954276 
-16.69907898278218 
-16.699186785336835 
-16.699292980151757 
-16.699397489412128 
-16.699500460947334 
-16.699601418212445 
-16.699701060491076 
-16.69979921836685 
-16.6998950144788 
-16.699988190485502 
-16.70007997962511 
-16.700170274488883 
-16.70025919208244 
-16.70034631258081 
-16.70043223243481 
-16.700516552665118 
-16.700599674810732 
-16.700681470047677 
-16.70076216382305 
-16.70084160001101 
-16.700919540417072 
-16.700996323027667 
-16.70107202508762 
-16.701146739831696 
-16.70122052542776 
-16.70129320054801 
-16.701364876512628 
-16.701436171620497 
-16.701506541536354 
-16.701575907798496 
-16.70164427168894 
-16.70171148186882 
-16.701777864874142 
-16.701843322777833 
-16.701908000293315 
-16.701969196319638 
-16.702029518919186 
-16.702088891730007 
-16.70214695179221 
-16.702204394084944 
-16.702261288960447 
-16.70231748408106 
-16.70237296237746 
-16.702427791001988 
-16.702482115020352 
-16.702535841634212 
-16.702589031662647 
-16.702641565054744 
-16.702693476659128 
-16.702744832734943 
-16.7027953304691 
-16.70284526089677 
-16.70289480580217 
-16.702943742630268 
-16.702992115808332 
-16.703039947470913 
-16.70308715619044 
-16.70313383404576 
-16.703180347961535 
-16.70322575960314 
-16.703270474579334 
-16.703314689521914 
-16.703358343340515 
-16.703401527290342 
-16.703443497392243 
-16.703484973967274 
-16.703526263342663 
-16.703567110287675 
-16.703607652758013 
-16.703647916279987 
-16.70368784971794 
-16.703727316561196 
-16.703766251089306 
-16.703804740661514 
-16.703842586901303 
-16.70387984820178 
-16.703916829608076 
-16.70395321246541 
-16.703989179387165 
-16.704024513186482 
-16.704059462467768 
-16.704094012340686 
-16.704128122919847 
-16.704161857190694 
-16.704195888674263 
-16.704229547597997 
-16.704262884201615 
-16.704295744954976 
-16.70432822105788 
-16.704360391799263 
-16.70439222322943 
-16.70442347674329 
-16.704454575548763 
-16.70448537326178 
-16.70451580258882 
-16.704545894439864 
-16.70457553709241 
-16.70460555240364 
-16.70463520626523 
-16.704664521915834 
-16.704693369187677 
-16.704721896515746 
-16.704750014799593 
-16.704777827257306 
-16.704805364590413 
-16.704832608133934 
-16.70485955279948 
-16.704886240588515 
-16.704912633441364 
-16.70493872666781 
-16.70496418306593 
-16.70498938071534 
-16.70501431595797 
-16.70503901235415 
-16.70506344459522 
-16.70508784278708 
-16.70511198753136 
-16.705136018208098 
-16.705159823151625 
-16.705183376723898 
-16.705206623044827 
-16.705229635195103 
-16.705252408984396 
-16.70527494360578 
-16.70529718910302 
-16.70531921097906 
-16.70534049815998 
-16.705361548732974 
-16.70538240128609 
-16.70540290713846 
-16.705423210549668 
-16.70544331702859 
-16.70546322957376 
-16.70548290381347 
-16.70550217829976 
-16.705521254080562 
-16.705540154193496 
-16.705558829776724 
-16.70557728957224 
-16.705595573667637 
-16.705613716762933 
-16.70563169239185 
-16.705649534420242 
-16.70566723166014 
-16.70568452723572 
-16.70570167067172 
-16.70571895684117 
-16.705736073213654 
-16.7057528246593 
-16.705769772367503 
-16.705786383137838 
-16.705802844169998 
-16.70581914627532 
-16.70583529422984 
-16.705851281414827 
-16.70586713044925 
-16.705882840333853 
-16.705898400828872 
-16.705913817664356 
-16.705929062532515 
-16.705944209375524 
-16.705959220281244 
-16.705974084237113 
-16.7059888080176 
-16.706003402456133 
-16.706017856361616 
-16.706032194463983 
-16.706046402679366 
-16.706060458611628 
-16.70607438766921 
-16.70608823730355 
-16.706101957904533 
-16.706115794724056 
-16.706129504121815 
-16.706143086329007 
-16.70615666941009 
-16.706170123800838 
-16.70618348745079 
-16.706196800069364 
-16.706209964130625 
-16.70622303224565 
-16.70623595224619 
-16.70624875377068 
-16.706261428530887 
-16.706273982111195 
-16.706286416491437 
-16.706298772820325 
-16.70631101070659 
-16.706323135274634 
-16.706335142318995 
-16.70634703725151 
-16.706358820723427 
-16.70637048969819 
-16.706382051109273 
-16.70639344954592 
-16.706404751223086 
-16.706415996362505 
-16.706427235058783 
-16.70643824143083 
-16.70644916641266 
-16.706459983086855 
-16.706470713669574 
-16.706481348944777 
-16.70649188882282 
-16.706502338713445 
-16.706512675821298 
-16.70652291311658 

 Time 
615.5991475582123 
