Energy 
 
3.3888654472655504 
3.265025576412069 
0.42672752818033366 
-1.7040197523200467 
-4.4253070321287815 
-5.585633304697897 
-4.420946730185128 
-5.103741765599861 
-5.098066951745123 
-4.931815964576166 
-5.019653687159858 
-5.879963944277361 
-6.587841339795225 
-7.0119283540670345 
-6.699068483242766 
-6.870516509035921 
-7.270770403731217 
-7.7286065139723945 
-7.743662618847863 
-9.009530923870386 
-8.491631622658838 
-8.778231053183408 
-9.24293901671471 
-8.918169293276904 
-9.569577373979875 
-10.779293933088272 
-11.292147315543648 
-10.691566926179043 
-10.55134899697009 
-10.678740405320807 
-11.027393702036205 
-11.600275207236693 
-11.484953335800268 
-12.405463452798712 
-12.895860065320724 
-13.386441860821515 
-12.906403633198469 
-13.365318085762329 
-12.8715846778691 
-13.283410133161507 
-13.194229953004372 
-13.357639707343026 
-13.4823251262517 
-13.146148048232076 
-13.605851869453955 
-13.682796359959843 
-13.897731082828084 
-13.768623299851736 
-14.013476855377766 
-14.043286716250334 
-14.037871761005185 
-14.076791419075597 
-14.059356171768943 
-14.477344074681138 
-14.545820512540782 
-14.524849747399546 
-14.523341759777171 
-14.590317286500255 
-14.638473732096086 
-14.75981759916202 
-14.860520189294398 
-14.654116615598728 
-14.651975597968711 
-14.51949064314625 
-14.34218552149322 
-14.397299804385323 
-14.466520695756332 
-14.292400961952763 
-14.302574670613952 
-14.457544243933853 
-14.390369375247644 
-14.309218074601327 
-15.435084982113123 
-15.383673457142182 
-15.860987214259533 
-15.715954445751992 
-15.950130153398872 
-15.999632285606705 
-15.656397972888803 
-15.840362463915078 
-15.748149318306233 
-15.562108643286827 
-15.846516059030611 
-16.04674080641911 
-16.53925890322306 
-16.122601730707316 
-15.969958979103687 
-15.675295249060584 
-15.584454258906602 
-15.895482746141296 
-16.462717995188623 
-16.41610399935448 
-16.77233469868457 
-16.768879244975498 
-16.939886050678233 
-16.91289356851864 
-17.080260614121734 
-16.97404090593439 
-17.277807178717097 
-17.103904867599315 
-17.230087477409374 
-17.384392540095103 
-17.38445334159285 
-17.20565912229854 
-17.170548413801498 
-17.18908795514776 
-17.217523886590858 
-17.245976797476093 
-18.054088560719794 
-17.98188780753543 
-17.89420608206965 
-17.924921857212713 
-17.919666031320528 
-17.818893745241006 
-17.848149371204066 
-17.893482193730293 
-17.854489926767855 
-17.894184296158986 
-17.889159507284063 
-17.87385853869414 
-17.872948956536145 
-17.940053180572843 
-17.935839640190096 
-17.914513687364867 
-17.99016412647099 
-17.982445593427872 
-17.974418211788095 
-17.95198223067521 
-17.942667745558776 
-18.018965597035695 
-18.037348914047776 
-18.040172878673403 
-17.963666472278415 
-18.045011360348024 
-18.086568375570273 
-18.279154829275754 
-18.235161667845794 
-18.098292213147054 
-18.09402031826997 
-18.183443813883212 
-18.09609795082885 
-18.06518642761992 
-18.10116681096407 
-18.10096814110539 
-18.214038869791565 
-18.27738110668568 
-18.1719160077838 
-18.133167569369782 
-18.875528075810706 
-18.504134315561128 
-18.717199632647723 
-18.24196783195319 
-18.45997527885479 
-18.61203801845241 
-18.333446140237037 
-18.53487505769522 
-18.49982501045466 
-19.137889778757458 
-19.20050108652228 
-19.112922536192777 
-19.080016860176155 
-19.06453920907909 
-19.075877338003405 
-19.15497360086333 
-19.139720401534944 
-19.497481207616353 
-19.450376845852336 
-19.46552480429468 
-19.404059875411832 
-19.39174364535097 
-19.37474447593386 
-19.31380816107668 
-19.280050713993393 
-19.314442871298347 
-19.341132416921408 
-19.32840026767434 
-19.374069225257102 
-19.562528450251712 
-19.555483186714465 
-19.52439522771879 
-19.417744880634004 
-19.419223354671026 
-19.294383037689585 
-19.29550944852938 
-19.384988471250107 
-19.372805312132947 
-19.42515118020845 
-19.399366438333036 
-19.334474597025604 
-19.432301491587012 
-19.42844192087408 
-19.450352576694716 
-19.532845244648783 
-19.438185552570154 
-19.430971433062403 
-19.412806095083717 
-19.40455803386484 
-19.39219355185873 
-19.457031783068448 
-19.490488247451182 
-19.59405845184205 
-19.616684267450626 
-19.600512700534445 
-19.56868254779273 
-19.627173358085827 
-19.737802710747296 
-19.72111147372565 
-19.759903333570435 
-19.6719844232986 
-19.67467927077222 
-19.613133057528643 
-19.786398615716116 
-19.8115793958561 
-19.83825946957396 
-19.848572537631743 
-19.822322185482555 
-19.91571195864995 
-19.91162453348576 
-19.911993958746983 
-19.853595454363617 
-19.866516443398567 
-19.87742252168161 
-19.904731310165833 
-19.955981773287473 
-19.942056248981984 
-19.91834988762882 
-19.97164882297594 
-19.981281143053415 
-19.954280680495973 
-19.915310771448592 
-19.91287326041317 
-19.879406272047824 
-19.882835936390965 
-19.843752260380505 
-19.81190118921104 
-19.786997300833328 
-19.821854296237735 
-19.81142793801159 
-19.808052563120995 
-19.80378895661477 
-19.795216284627713 
-19.78906007287042 
-19.84169217611715 
-19.842515923957006 
-19.848183980689104 
-19.823152598105935 
-19.956465474633397 
-19.934407398929256 
-19.960018081185552 
-19.986660808542137 
-19.9763227861303 
-20.004204929668568 
-20.05393564339854 
-20.055924541099017 
-20.068078877487874 
-20.0647236568373 
-20.060304885080008 
-20.108505895593233 
-20.09458135458088 
-20.115802712528513 
-20.111954919330824 
-20.109789876630035 
-20.100698735572575 
-20.10066310514121 
-20.094111853493075 
-20.082254340604454 
-20.10073560691352 
-20.101845105871394 
-20.112171635638887 
-20.094099016000317 
-20.076028103298395 
-20.075646906586236 
-20.102029473419847 
-20.099140403802465 
-20.13512438737864 
-20.141824214130505 
-20.134242885377752 
-20.12241014225787 
-20.114063747525748 
-20.100813067479784 
-20.114406533259828 
-20.112179035689618 
-20.120725770708766 
-20.131231964921707 
-20.189391690287486 
-20.19379552984937 
-20.171484875781704 
-20.150569654794015 
-20.213516332736553 
-20.212222400695012 
-20.213158178206413 
-20.165794838477613 
-20.12998186270935 
-20.12219326048844 
-20.067887719896703 
-20.044165296723293 
-20.048288897717235 
-20.066802436589317 
-20.040052271964136 
-20.041381592006854 
-20.050239603519792 
-20.07802835378591 
-20.163557446488817 
-20.098709868145157 
-20.09007881032825 
-20.047900253310207 
-19.978889093588993 
-20.103786781860038 
-20.187344567699533 
-20.2192400266108 
-20.22363348261844 
-20.260939704319917 
-20.251053637263958 
-20.329403085406632 
-20.3293990784271 
-20.29456774836943 
-20.293603079576542 
-20.290426121318458 
-20.345543297461074 
-20.34918389510531 
-20.298084897308726 
-20.372913590766018 
-20.332935522861757 
-20.331251453693394 
-20.340456989297763 
-20.327957758273538 
-20.29862548250772 
-20.30791581023802 
-20.329013075273927 
-20.31941512912262 
-20.3133824225175 
-20.376564116039518 
-20.421340560316477 
-20.672629353413445 
-20.667650369319894 
-20.651772019668645 
-20.509356105531623 
-20.54713738079121 
-20.564997286983267 
-20.483705189650184 
-20.549450927858604 
-20.600028787332846 
-20.528776449869287 
-20.77721748345377 
-20.764569607619894 
-20.764068717205348 
-20.787892108925735 
-20.778175859151276 
-20.766638757487264 
-20.75871847979521 
-20.776006460184924 
-20.78270444243867 
-20.806136337610297 
-20.84983300116201 
-20.824965637565242 
-20.804490947606872 
-20.805349340695777 
-20.78907522410313 
-20.804325037320908 
-20.801428973139778 
-20.79063482839965 
-20.783342022981614 
-20.78096615833083 
-20.783778934079496 
-20.78310691279183 
-20.809808665776107 
-20.813518303404308 
-20.80068191241065 
-20.798770394474047 
-20.79594285954774 
-20.792171564410822 
-20.81255026678774 
-20.888367335341957 
-20.91968396228316 
-20.923437465118838 
-20.923795479398425 
-20.923594257930347 
-20.923645686417 
-20.9209144971534 
-20.920754347171407 
-20.925412961317114 
-20.930525888681448 
-20.95253835709739 
-20.952436245697207 
-20.956994040629056 
-20.957273804334612 
-20.959449843441547 
-20.961657341262267 
-20.962244792353587 
-20.959289020624595 
-20.962257013094423 
-20.96268039277949 
-20.9635386183976 
-20.96094406501591 
-20.958198884448663 
-20.962810984473187 
-20.962832829547523 
-20.966638118220843 
-20.970086076781715 
-20.973229349937526 
-20.971614718847878 
-20.973116991905325 
-20.972910566442764 
-20.97179196996199 
-20.9711618527278 
-20.973534693421648 
-20.97442499953697 
-20.978175259071524 
-20.976856459663015 
-20.97556196868393 
-20.979382895341608 
-20.97678108887474 
-20.985355531331084 
-20.98553160303446 
-20.98829583896915 
-20.999596073990876 
-21.004298006775212 
-20.99706691226097 
-20.999828312102554 
-21.00377836844597 
-21.006975423323567 
-21.009139956016305 
-21.00037710380471 
-21.000137611410498 
-20.999558315608567 
-21.000555246982863 
-21.00828051934647 
-21.00442867322883 
-21.014845020177585 
-21.014746442189697 
-21.01915446089702 
-21.019098837353017 
-21.024005365768584 
-21.026294167882007 
-21.027049175624494 
-21.027615658135336 
-21.02794728840601 
-21.029829017689366 
-21.029161458979253 
-21.03490868784971 
-21.035586889458223 
-21.035555651696942 
-21.03537251862577 
-21.034825022764174 
-21.034635778688394 
-21.036960507874582 
-21.037088891461014 
-21.036383825198 
-21.036337523295813 
-21.036137918250105 
-21.03650646059429 
-21.036261160558848 
-21.037933538238374 
-21.03797880504034 
-21.042335926359755 
-21.041698436461253 
-21.047616216849388 
-21.04792595310321 
-21.04716952046384 
-21.046823879545904 
-21.048360198720673 
-21.048396475323656 
-21.0500977880519 
-21.051374009391935 
-21.05215715341951 
-21.05352541797312 
-21.053012390702904 
-21.05367089767427 
-21.054834870209845 
-21.056565047166547 
-21.05678376363811 
-21.056830090686308 
-21.056515131520968 
-21.056420349439776 
-21.057080093458733 
-21.05721485644581 
-21.057708632354665 
-21.057700168433374 
-21.05768713174806 
-21.0589927206793 
-21.059956784395236 
-21.05944875582133 
-21.05955573053206 
-21.059562285428523 
-21.059973818150517 
-21.06070056974341 
-21.060725888277666 
-21.06108461734643 
-21.06120593556844 
-21.061138407519305 
-21.06121747521586 
-21.06148446797484 
-21.061583502866096 
-21.06141064482555 
-21.061576448308735 
-21.061642926168034 
-21.061898044326984 
-21.061829211105632 
-21.061723454867078 
-21.06213377486078 

 Time 
83.1891348361969 
