Energy 
 
-6.4476662915535154 
-6.55910426511962 
-6.657527115906062 
-6.8697889828344705 
-6.817826140771464 
-7.750243223238863 
-7.279258944263333 
-6.994305455427314 
-6.725466024381616 
-6.95179094239241 
-6.883661305905015 
-6.868885469584303 
-7.753723354443224 
-7.403157586551626 
-7.5653444086128365 
-8.328786700284855 
-8.300280396453225 
-8.340523347386787 
-9.594895541992136 
-9.49541468761715 
-8.3732336292393 
-7.287047754208997 
-7.30412092281812 
-7.478799681997538 
-9.590195376171934 
-9.60974169031989 
-9.55110453456148 
-9.894893342706364 
-9.932871205875864 
-9.90622229885981 
-10.448029417014956 
-10.544777318015278 
-10.618677407509288 
-10.146919956515571 
-12.77846295316996 
-11.225132827448304 
-10.304594406175227 
-10.77947404433061 
-11.187518984827236 
-12.21737681192514 
-12.473586186711916 
-12.684971031648573 
-12.510705563821945 
-12.533415642120982 
-12.912890368344275 
-12.986122697657454 
-12.856360878848582 
-12.733117111342423 
-13.089369588269497 
-13.666541885320214 
-13.240655433193925 
-14.582173088379395 
-14.579090989022257 
-14.298132968808167 
-15.348445100171805 
-14.084994782548243 
-15.269323520356705 
-14.927412763408674 
-14.998646383227586 
-14.89932209382105 
-15.974584273518738 
-15.912652806087447 
-16.053347552232463 
-15.479042914660699 
-14.850649875686438 
-15.569419544578214 
-15.46337425206574 
-14.768996511971132 
-14.323365463146361 
-14.24926232500944 
-14.065771898712095 
-14.895897061711851 
-14.929012375572242 
-15.554183273883218 
-15.324214093829863 
-15.687875017439312 
-15.746202858483436 
-16.011103669742383 
-16.604283632969224 
-16.95337690295774 
-16.921861237920144 
-16.00283539270604 
-16.51737773977032 
-17.521726691312622 
-17.51840723232474 
-18.057487726593642 
-17.860740420406014 
-17.62130535703571 
-18.58147488346453 
-19.00757165984951 
-18.855702001405948 
-18.965499999698817 
-18.115583859296073 
-18.193703659432956 
-17.73354378771642 
-18.8417345740895 
-18.957134285660047 
-18.915996427873157 
-18.71325553861471 
-18.9226625534428 
-19.017915558124024 
-19.50761972085263 
-19.22859015285374 
-18.78140712793344 
-18.755276648682223 
-19.140318135909464 
-19.317701743864713 
-19.246954775219177 
-19.323342216202267 
-19.573949862957356 
-19.711541023116002 
-19.441618095822896 
-19.643550075923084 
-19.880587234268685 
-20.088813880137863 
-20.154755147382026 
-20.065828269156885 
-20.40352312939235 
-20.399082634932054 
-20.256911516528803 
-20.31727626699859 
-20.338568322895508 
-20.43429663266842 
-20.388057864529625 
-20.46069233966548 
-20.57025955412767 
-20.431013739346607 
-20.54094905096245 
-20.429518760652684 
-20.404611173964383 
-20.394454510985 
-20.45044064083762 
-20.452773505652747 
-20.435036240803946 
-20.427751573746743 
-20.400576746651986 
-20.400113396274016 
-20.361833331208093 
-20.333464151311173 
-20.36617160836153 
-20.325882908545157 
-20.444599248657926 
-20.448213695352752 
-20.575343443076314 
-20.57821812870033 
-20.48701855737684 
-20.478664417003973 
-20.59676797484662 
-20.681689045567715 
-20.733417063884772 
-20.756760590104427 
-20.773186996400057 
-20.754453825564166 
-20.80245662301205 
-20.808090364133786 
-20.797471498488708 
-20.785007580183187 
-20.747114083013805 
-20.74042061670099 
-20.752795142405347 
-20.74311782100756 
-20.884260315417833 
-20.776088192767716 
-20.793216657397906 
-20.71078334486166 
-20.701044345160977 
-20.901546265204132 
-20.909958159187816 
-20.87291007426756 
-20.910594898844646 
-20.750875909396143 
-20.722820848425282 
-20.628146885361716 
-20.74840033656904 
-20.59489611571294 
-20.542968542225708 
-20.54353406909493 
-20.430682736597582 
-20.4787988870331 
-20.89866824654476 
-20.676904001711687 
-20.445625541642876 
-20.440281194695142 
-20.36752660501188 
-20.512325672866382 
-20.512720337377917 
-20.591032705704038 
-20.47500420077977 
-20.579211600397095 
-20.55185376911297 
-20.613756036859513 
-20.53791437840898 
-20.54442572537405 
-20.534280866182097 
-20.533532764924786 
-20.474677979069714 
-20.425814730117995 
-20.40471561975638 
-20.4066807415656 
-20.522983399859662 
-20.46024690943045 
-20.385889662919745 
-20.668776093877856 
-20.763894343623992 
-20.529100024904647 
-20.350489048742055 
-20.37936024204019 
-20.54120224474698 
-20.446785618098048 
-20.73463012071843 
-20.501570352622064 
-20.320414310155055 
-20.219103912516278 
-19.96480846202478 
-19.93965881765907 
-20.617585025244104 
-20.584311940578946 
-20.267048798152654 
-19.778786214699593 
-19.320424068828405 
-19.384121406466868 
-19.41563904178146 
-18.949410012460277 
-19.304463828491237 
-19.741494666592214 
-20.121146805655098 
-20.139157086704085 
-20.777421533989198 
-20.72004424683125 
-20.898777115391926 
-20.991504200505748 
-21.035231680601633 
-20.922496977931647 
-21.154665910172337 
-21.129734651782446 
-21.152853620097343 
-21.091837136453112 
-21.095603365707046 
-21.26209685103141 
-21.372772739736437 
-21.217851506467817 
-21.215077226999615 
-21.04704324933819 
-20.930864389426223 
-21.151996527951024 
-20.944413683577526 
-21.07507877544707 
-21.770770424042876 
-21.60318056907715 
-21.613825539598047 
-21.93872444433473 
-21.485435481834568 
-21.269780100700682 
-21.870047291043072 
-21.877029419797406 
-21.385768101332562 
-21.55255039963899 
-21.27108305287716 
-21.268799914740473 
-21.333074600762572 
-21.304902240854616 
-21.33819024517458 
-21.399600832445554 
-21.392541697192787 
-21.382486712574185 
-21.31947751231016 
-21.36918997235551 
-21.352372823786354 
-21.337267562783648 
-21.53866578489852 
-21.517958878627113 
-21.478246031758758 
-21.476030663111448 
-21.518724988594226 
-21.521249178024057 
-21.483856168481086 
-21.532860353539796 
-21.50074817834727 
-21.49290832358918 
-21.867855573119364 
-21.868026239000567 
-21.807874650524695 
-21.711327377361762 
-21.439205094836453 
-21.477415404504647 
-21.403757025512277 
-21.23639191178256 
-20.987738789695968 
-21.083124892681234 
-20.76229441024156 
-20.929701635995315 
-20.895698217268457 
-20.89036386701227 
-21.022488304714457 
-20.862078472598313 
-21.141846329904055 
-21.148442958335735 
-21.13968062102913 
-21.108653658620046 
-21.18583451796553 
-21.280097080783005 
-21.2980279283126 
-21.20736671474058 
-21.1731127444089 
-21.306667196203982 
-21.316430412746435 
-21.209645265194833 
-21.174020799113993 
-21.2438347238489 
-21.529402196670798 
-21.55907520147291 
-21.309580882161182 
-21.289994246257262 
-21.30211205840362 
-21.20122623405875 
-21.156392150320876 
-21.055438443390347 
-20.90684550777908 
-21.006696007364297 
-20.965900782595355 
-21.451398156220005 
-21.292639008021606 
-21.003504138842437 
-21.287528932435585 
-21.489262261569944 
-21.437084446133927 
-21.331375077790817 
-21.586629604489985 
-21.7859143738653 
-21.770652351540328 
-21.665412395980173 
-21.612573357501557 
-21.718877862321587 
-21.64736293863112 
-21.720759028648967 
-21.679523411186874 
-21.59867240499705 
-21.56708776975105 
-21.47427890070211 
-21.49476365882039 
-21.466830196813113 
-21.584931400241082 
-21.603048496239477 
-21.570359457408752 
-21.64468996855766 
-21.670601454309235 
-21.65496899200191 
-21.692415062130294 
-21.82792239539597 
-21.931503617278736 
-21.72476714900977 
-21.905244997749026 
-22.002713257593477 
-21.91006615596975 
-21.7452679419964 
-21.84079414485368 
-21.834586009236613 
-21.828874195715528 
-21.75854605861277 
-21.77752964338347 
-21.716015519295155 
-21.719262979532285 
-21.71255692962813 
-21.821769763669003 
-21.825424739979965 
-21.856318464490716 
-21.77244326086643 
-21.80434081212823 
-21.77068020180895 
-21.8296448542231 
-21.93796010397734 
-21.993709967482086 
-22.002415853882248 
-22.088518317053236 
-22.041739402172702 
-22.101441132133413 
-22.235885454015058 
-22.248091508482474 
-22.326364748412768 
-22.362617251402146 
-22.223750094277047 
-22.17657062876583 
-22.26951692158582 
-22.310358975120266 
-22.343278277540048 
-22.357589067714514 
-22.35742909034808 
-22.33254299619974 
-22.38643344395105 
-22.35877963289081 
-22.43836893394439 
-22.456059257218705 
-22.62296023161873 
-22.457597994821473 
-22.529444651296878 
-22.444077020653513 
-22.431705657767836 
-22.37456531538198 
-22.362127048216692 
-22.494090668503645 
-22.448215845489948 
-22.681170010235192 
-22.957544556181453 
-22.571573862622344 
-22.49808884776068 
-22.718976811755958 
-22.760912303073376 
-23.082938636669713 
-23.08641924842492 
-23.025183013196557 
-22.770023366923635 
-22.76161638367507 
-22.923005568107683 
-23.036641660354825 
-22.872898198571452 
-23.241807831346073 
-23.03689843412238 
-22.857978745448445 
-22.872479816168912 
-22.724130662017274 
-22.600010647779154 
-22.938534419423664 
-23.15578204792899 
-23.1635936271477 
-22.847338970383717 
-22.650018085186325 
-22.89736259495285 
-22.97108167058585 
-23.17320111309572 
-23.166408855386486 
-23.25151587736607 
-23.096526903019274 
-23.166016125686415 
-23.178051283720208 
-23.23284426759532 
-23.186989640031857 
-23.343151767831863 
-23.393712889333887 
-23.52464234329088 
-23.448160284633378 
-23.499548419997137 
-23.384055660132166 
-23.399565704124303 
-23.587137518716823 
-23.557355306741915 
-23.800896061272677 
-23.769546302907358 
-23.851560277024735 
-24.180558773080733 
-24.15638033431827 
-24.13729344376946 
-24.191082833093844 
-24.161112981430946 
-24.14407489139037 
-24.17931866728679 
-24.1727503300232 
-24.199000333580425 
-24.18303918017298 
-24.182940170328724 
-24.18383968782539 
-24.59290955675871 
-24.605177638242886 
-24.600508876967247 
-24.60349112256507 
-24.450729471216537 
-24.44352799442828 
-24.492128638579594 
-24.537364687832337 
-24.560145742967045 
-24.681734547865346 
-24.675600969752324 
-24.693738180435936 
-24.76489105794598 
-24.763235996678034 
-24.761706847539482 
-24.737697590438863 
-24.741252761019588 
-24.755372588857625 
-24.754155401814394 
-24.80632843505991 
-24.79606281057174 
-24.84980864247149 
-24.847879029719408 
-24.96528945573345 
-24.990554926930294 
-24.981039859159434 
-25.001692393835775 
-25.001384036890027 
-25.023171864878822 
-25.052824632773945 
-25.043871182250804 
-25.046466567816697 
-25.047772932060994 
-25.032538607538353 
-25.0657625296559 
-25.06535549892144 
-25.062921584640883 
-25.060344678723638 
-25.062105358948607 
-25.066727209518817 

 Time 
376.6496422290802 
