Learning rate: 0.05
number 1[5.8747, 5.713500000000001, 5.4766, 5.0942, 4.561299999999999, 3.8234, 2.8616, 1.7846, 0.7168, -0.22490000000000004, -0.9801, -1.5502, -2.0906000000000002, -2.5943, -3.0101, -3.3603, -3.7565, -4.1842, -4.5058, -4.7918, -5.0674, -5.3198, -5.4815000000000005, -5.6415, -5.7927, -5.87, -5.962, -6.0136, -6.0609, -6.1092, -6.1324000000000005, -6.1632, -6.1667, -6.2043, -6.2021999999999995, -6.1869000000000005, -6.199700000000001, -6.221100000000001, -6.1943, -6.2125, -6.209199999999999, -6.2598, -6.2294, -6.2247, -6.230700000000001, -6.261800000000001, -6.2451, -6.2362, -6.2271, -6.2288, -6.2136, -6.2311, -6.2438, -6.2322999999999995, -6.238700000000001, -6.242500000000001, -6.230499999999999, -6.2309, -6.2090000000000005, -6.2461, -6.229699999999999, -6.228899999999999, -6.2473, -6.2565, -6.2317, -6.2465, -6.2157, -6.2399000000000004, -6.228899999999999, -6.241, -6.253, -6.2419, -6.2407, -6.2397, -6.2594, -6.2258, -6.2333, -6.2393, -6.2323, -6.2509999999999994, -6.2516, -6.2494000000000005, -6.2554, -6.2384, -6.2521, -6.2485, -6.2259, -6.2461, -6.2382, -6.2385, -6.2273, -6.242100000000001, -6.230099999999999, -6.2257, -6.2162, -6.1879, -6.253, -6.2352, -6.2283, -6.2376]650.9297027587891


number 2[5.8953999999999995, 5.652400000000001, 5.4448, 5.0877, 4.5725, 3.8133, 2.8613999999999997, 1.7637, 0.6831999999999999, -0.2259, -0.9831000000000001, -1.6357, -2.1416, -2.6264000000000003, -3.0852, -3.4892, -3.8841, -4.2244, -4.5273, -4.8632, -5.1301, -5.3846, -5.542999999999999, -5.7212, -5.8136, -5.9234, -6.0059000000000005, -6.0261, -6.0595, -6.139, -6.1286000000000005, -6.1530000000000005, -6.198, -6.2061, -6.1729, -6.2301, -6.2090000000000005, -6.2264, -6.2262, -6.2246999999999995, -6.2525, -6.2353, -6.2215, -6.2315000000000005, -6.245400000000001, -6.2385, -6.247599999999999, -6.258000000000001, -6.2394, -6.2226, -6.2141, -6.2384, -6.2549, -6.2427, -6.252999999999999, -6.2324, -6.2337, -6.251100000000001, -6.2347, -6.2264, -6.2379, -6.2498000000000005, -6.2401, -6.2176, -6.2323, -6.2314, -6.2282, -6.2646, -6.2489, -6.2461, -6.2293, -6.2352, -6.2302, -6.2369, -6.2221, -6.2272, -6.2563, -6.241099999999999, -6.2358, -6.2508, -6.2333, -6.232100000000001, -6.2331, -6.2206, -6.2157, -6.241, -6.2406, -6.222900000000001, -6.2171, -6.2446, -6.2475000000000005, -6.223599999999999, -6.228999999999999, -6.2142, -6.2554, -6.255, -6.2425, -6.2484, -6.2581, -6.2456]667.2518441677094


number 3[5.8728, 5.680899999999999, 5.412800000000001, 5.069599999999999, 4.5566, 3.8356, 2.8693, 1.7304, 0.6458999999999999, -0.3002999999999999, -1.0337, -1.6428, -2.1936, -2.6900000000000004, -3.0463999999999998, -3.4632, -3.8198999999999996, -4.2344, -4.574199999999999, -4.8607, -5.1657, -5.3367, -5.535, -5.699, -5.8126, -5.9049000000000005, -5.9667, -6.0203999999999995, -6.0807, -6.1121, -6.1397, -6.1664, -6.1724000000000006, -6.2005, -6.209999999999999, -6.2119, -6.2049, -6.2014000000000005, -6.2177, -6.2409, -6.2486, -6.2073, -6.2561, -6.2362, -6.2332, -6.2025999999999994, -6.2281, -6.2317, -6.247000000000001, -6.246600000000001, -6.2391, -6.219, -6.2412, -6.2250000000000005, -6.2337, -6.2326999999999995, -6.2396, -6.2273, -6.2355, -6.2111, -6.228400000000001, -6.2154, -6.2263, -6.2348, -6.234, -6.2202, -6.242299999999999, -6.2489, -6.2436, -6.2314, -6.212000000000001, -6.2417, -6.2284, -6.2499, -6.2417, -6.2534, -6.243499999999999, -6.2361, -6.2329, -6.2614, -6.2413, -6.251899999999999, -6.2193, -6.2422, -6.2524, -6.2528999999999995, -6.2371, -6.2334000000000005, -6.2367, -6.2402999999999995, -6.2272, -6.2493, -6.2342, -6.253, -6.245500000000001, -6.2132000000000005, -6.2583, -6.2532, -6.2409, -6.253299999999999]681.8663940429688





Learning rate: 0.1
number 1[5.8885000000000005, 5.4841999999999995, 4.7565, 3.4362000000000004, 1.5347, -0.38529999999999986, -1.5715, -2.5825, -3.3405, -4.093999999999999, -4.7211, -5.1869, -5.6114, -5.8391, -6.0234, -6.0809999999999995, -6.130699999999999, -6.2087, -6.2028, -6.1884, -6.1895, -6.245100000000001, -6.2493, -6.2201, -6.2509, -6.2414000000000005, -6.242900000000001, -6.2359, -6.2097999999999995, -6.2317, -6.2355, -6.2326999999999995, -6.2127, -6.1909, -6.2421999999999995, -6.2435, -6.2459999999999996, -6.2489, -6.2393, -6.2347, -6.2503, -6.228400000000001, -6.233300000000001, -6.2369, -6.2578, -6.2602, -6.2518, -6.2489, -6.229, -6.2281, -6.2379, -6.2477, -6.2458, -6.2399, -6.2372, -6.2421, -6.2339, -6.270099999999999, -6.2524, -6.233899999999999, -6.2586, -6.2286, -6.229699999999999, -6.227200000000001, -6.240600000000001, -6.2346, -6.2393, -6.2393, -6.2414000000000005, -6.2592, -6.2565, -6.2624, -6.2481, -6.225600000000001, -6.2338000000000005, -6.237, -6.233, -6.2603, -6.2567, -6.2623999999999995, -6.2349, -6.2452, -6.2316, -6.23, -6.256399999999999, -6.2395, -6.2308, -6.2444999999999995, -6.2459, -6.2339, -6.239, -6.2368, -6.245399999999999, -6.2495, -6.2356, -6.263, -6.2456000000000005, -6.2382, -6.232600000000001, -6.2327]699.4449181556702


number 2[5.8929, 5.5062, 4.7589999999999995, 3.4246999999999996, 1.4588999999999996, -0.3719999999999999, -1.5897, -2.6102999999999996, -3.3953, -4.1281, -4.7302, -5.2271, -5.6323, -5.8591999999999995, -6.0258, -6.1278, -6.1364, -6.1764, -6.197100000000001, -6.2458, -6.2195, -6.2189000000000005, -6.252700000000001, -6.223, -6.220700000000001, -6.2458, -6.247400000000001, -6.250299999999999, -6.2410000000000005, -6.2482, -6.2128, -6.2569, -6.2257, -6.2548, -6.2345999999999995, -6.2439, -6.225, -6.2446, -6.2461, -6.2305, -6.2448, -6.222200000000001, -6.235900000000001, -6.2205, -6.237699999999999, -6.2485, -6.2264, -6.2357, -6.2338000000000005, -6.247999999999999, -6.2396, -6.2475, -6.2497, -6.2247, -6.2318, -6.2499, -6.257099999999999, -6.246700000000001, -6.2223, -6.2600999999999996, -6.2311, -6.2507, -6.2509999999999994, -6.2546, -6.231199999999999, -6.221, -6.234, -6.2576, -6.2212, -6.2614, -6.2481, -6.242, -6.2174, -6.2471, -6.2288, -6.2312, -6.2282, -6.2608, -6.2566, -6.2479, -6.2494, -6.2584, -6.2477, -6.2507, -6.2301, -6.2408, -6.2393, -6.251200000000001, -6.2291, -6.2553, -6.2379, -6.2426, -6.2266, -6.2284999999999995, -6.2276, -6.2444999999999995, -6.2549, -6.2363, -6.231400000000001, -6.244]706.6602375507355


number 3[5.8576999999999995, 5.4926, 4.7961, 3.4559999999999995, 1.415, -0.33340000000000003, -1.6349999999999998, -2.5688, -3.4114999999999998, -4.1264, -4.7600999999999996, -5.271599999999999, -5.5839, -5.8804, -6.0103, -6.1266, -6.142500000000001, -6.212899999999999, -6.2079, -6.2075, -6.2351, -6.217700000000001, -6.225499999999999, -6.2349, -6.2379, -6.2301, -6.2231, -6.2336, -6.236000000000001, -6.232200000000001, -6.2519, -6.2388, -6.1991, -6.238100000000001, -6.2274, -6.2499, -6.2284, -6.2486, -6.234, -6.2381, -6.2433, -6.2349000000000006, -6.2203, -6.2568, -6.230700000000001, -6.241200000000001, -6.2133, -6.2385, -6.251100000000001, -6.2326, -6.2, -6.2645, -6.258900000000001, -6.239, -6.24, -6.2401, -6.2166999999999994, -6.2219, -6.2666, -6.2362, -6.2469, -6.2522, -6.2529, -6.2511, -6.2517, -6.2301, -6.2239, -6.224900000000001, -6.2601, -6.2507, -6.219099999999999, -6.2383, -6.2188, -6.237699999999999, -6.2324, -6.2623999999999995, -6.2273, -6.2442, -6.246700000000001, -6.2433, -6.2552, -6.2493, -6.2395000000000005, -6.2526, -6.2552, -6.2378, -6.2325, -6.2209, -6.2375, -6.2443, -6.229800000000001, -6.2540000000000004, -6.225600000000001, -6.2284, -6.2303, -6.2362, -6.2606, -6.239700000000001, -6.2532, -6.2482]720.9427254199982





Learning rate: 0.15
number 1[5.8903, 5.277, 3.8228999999999997, 1.1542999999999999, -1.0207000000000002, -2.5358, -3.7144999999999997, -4.641800000000001, -5.3198, -5.8315, -6.0778, -6.1416, -6.1758999999999995, -6.2194, -6.2157, -6.2326, -6.2308, -6.2354, -6.2471, -6.245900000000001, -6.2447, -6.2406, -6.2402, -6.2471000000000005, -6.2471, -6.2686, -6.2265, -6.225099999999999, -6.2436, -6.239, -6.2674, -6.222500000000001, -6.2491, -6.247, -6.2608, -6.2366, -6.2422, -6.2237, -6.257300000000001, -6.2448, -6.2331, -6.2395, -6.2458, -6.2389, -6.2463999999999995, -6.2409, -6.2292, -6.2395, -6.232, -6.2325, -6.2261, -6.231, -6.2627, -6.2458, -6.2585, -6.2731, -6.2543, -6.2469, -6.2431, -6.2544, -6.2514, -6.2207, -6.237499999999999, -6.264200000000001, -6.2701, -6.247, -6.2501, -6.248800000000001, -6.251200000000001, -6.234, -6.2354, -6.2793, -6.2345, -6.2461, -6.2896, -6.2402, -6.2355, -6.2547, -6.2547, -6.2334, -6.2522, -6.2435, -6.2418, -6.269400000000001, -6.2481, -6.2606, -6.2433000000000005, -6.238, -6.2581999999999995, -6.2625, -6.233, -6.2466, -6.2354, -6.2463, -6.2398, -6.2413, -6.280499999999999, -6.2427, -6.244299999999999, -6.2234]729.8509609699249


number 2[5.8454, 5.2608, 3.8463000000000003, 1.167, -1.1406, -2.6439, -3.7925, -4.6814, -5.350099999999999, -5.8431999999999995, -6.0508, -6.1455, -6.1931, -6.2024, -6.2104, -6.229699999999999, -6.238, -6.236800000000001, -6.222600000000001, -6.220199999999999, -6.2485, -6.2674, -6.2524999999999995, -6.2338000000000005, -6.233, -6.2227, -6.2207, -6.255800000000001, -6.2339, -6.2339, -6.2321, -6.2528, -6.2401, -6.247999999999999, -6.2458, -6.2312, -6.235900000000001, -6.2211, -6.2301, -6.259, -6.2329, -6.244400000000001, -6.2483, -6.2477, -6.226800000000001, -6.2463, -6.267900000000001, -6.224100000000001, -6.2304, -6.2529, -6.2674, -6.251, -6.237, -6.216100000000001, -6.2362, -6.258100000000001, -6.2537, -6.2565, -6.255800000000001, -6.2657, -6.265, -6.2272, -6.2394, -6.2436, -6.2289, -6.2357, -6.2324, -6.264900000000001, -6.2369, -6.232600000000001, -6.2523, -6.2539, -6.2206, -6.2446, -6.2360999999999995, -6.280900000000001, -6.2286, -6.2414, -6.2437000000000005, -6.2315000000000005, -6.238900000000001, -6.266299999999999, -6.235600000000001, -6.225, -6.2676, -6.2687, -6.2385, -6.2292, -6.246499999999999, -6.249, -6.261799999999999, -6.2569, -6.2451, -6.237699999999999, -6.261, -6.2448, -6.2545, -6.2326999999999995, -6.249, -6.2587]733.8413524627686


number 3[5.885199999999999, 5.273, 3.8379000000000003, 1.1022999999999998, -1.1674999999999998, -2.7092, -3.8186, -4.7198, -5.4477, -5.850200000000001, -6.072, -6.160500000000001, -6.1937999999999995, -6.229800000000001, -6.227600000000001, -6.2144, -6.2408, -6.2426, -6.2468, -6.245900000000001, -6.2273, -6.237, -6.2395, -6.2546, -6.2683, -6.2462, -6.2354, -6.2271, -6.2279, -6.2293, -6.238899999999999, -6.218500000000001, -6.244800000000001, -6.2242, -6.2403, -6.2425999999999995, -6.2331, -6.2512, -6.2622, -6.2406999999999995, -6.2344, -6.2244, -6.239699999999999, -6.2458, -6.253, -6.227500000000001, -6.2246, -6.2440999999999995, -6.2467999999999995, -6.2481, -6.2396, -6.2299, -6.242300000000001, -6.2328, -6.2524, -6.2427, -6.2722, -6.2562, -6.2465, -6.2737, -6.2672, -6.2354, -6.2335, -6.2457, -6.2478, -6.262, -6.2592, -6.2584, -6.2559, -6.259600000000001, -6.2638, -6.2487, -6.2481, -6.2582, -6.2495, -6.2491, -6.2493, -6.2286, -6.237, -6.234800000000001, -6.2536, -6.242000000000001, -6.2422, -6.2503, -6.2371, -6.2661, -6.2233, -6.2534, -6.256, -6.2392, -6.2485, -6.269, -6.2545, -6.2675, -6.253399999999999, -6.2349, -6.2528, -6.2602, -6.261699999999999, -6.2326999999999995]745.2311084270477





