Learning rate: 0.1

number 1[3.1755, 1.9135, 0.361, -1.2805, -2.4294000000000002, -3.0628, -3.5054, -3.8811999999999998, -4.1478, -4.4017, -4.6272, -4.8007, -4.9017, -5.0741, -5.158399999999999, -5.2684999999999995, -5.361, -5.4533000000000005, -5.5073, -5.5846, -5.6432, -5.6831, -5.754, -5.7505, -5.8267999999999995, -5.856999999999999, -5.9005, -5.9232000000000005, -5.9271, -5.9527, -5.9892, -6.022, -6.0107, -6.034000000000001, -6.0359, -6.074199999999999, -6.032900000000001, -6.0702, -6.0898, -6.0478000000000005, -6.006, -5.7691, -5.2123, -5.6303, -5.8322, -5.7173, -5.329599999999999, -5.6132, -5.6243, -5.8610999999999995, -6.0137, -6.0579, -6.053599999999999, -6.0976, -6.0862, -6.103, -6.0847, -6.088299999999999, -5.9992, -5.8732, -5.848000000000001, -5.6582, -3.7858, -5.4867, -4.5622, -5.6286000000000005, -6.075900000000001, -6.0965, -6.088100000000001, -6.0929, -6.1128, -6.1206000000000005, -6.110099999999999, -6.1366, -6.0992, -6.1009, -6.0664, -6.0108999999999995, -5.8501, -5.9562, -5.968500000000001, -6.0168, -6.0022, -5.7463, -5.4076, -5.9723, -6.1286, -6.1297, -6.0116000000000005, -6.0971, -6.0996, -6.1246, -6.0268999999999995, -5.8566, -6.1085, -5.9872000000000005, -6.0926, -5.9205000000000005, -6.1318, -6.095199999999999]2003.273231267929


number 2[3.1288, 1.9598, 0.36029999999999995, -1.3113000000000001, -2.4962999999999997, -3.1191000000000004, -3.5584000000000002, -3.9257, -4.1748, -4.3822, -4.5807, -4.8096, -4.8991, -5.0381, -5.1407, -5.2874, -5.3721, -5.444, -5.5502, -5.5611999999999995, -5.6348, -5.6745, -5.7412, -5.7778, -5.8253, -5.8533, -5.9024, -5.9315999999999995, -5.9109, -5.954000000000001, -5.9895, -5.973800000000001, -6.004300000000001, -6.0274, -6.035900000000001, -6.0550999999999995, -6.0661000000000005, -6.0680000000000005, -6.0691, -6.0558000000000005, -6.075, -6.0598, -5.8702000000000005, -5.6255, -4.9905, -4.4462, -5.8432, -6.0748, -6.0968, -6.1414, -6.1331, -6.116099999999999, -6.1017, -6.141400000000001, -6.108, -6.125499999999999, -6.14, -6.1295, -6.1279, -6.1163, -6.1419, -6.1269, -6.1233, -6.1206000000000005, -6.1187000000000005, -6.1263000000000005, -6.133900000000001, -6.1274, -6.1267, -6.1354999999999995, -6.1185, -6.1368, -6.1141000000000005, -6.112, -6.1248000000000005, -6.1065, -6.1465, -6.136, -6.1353, -6.1243, -6.119, -6.134, -6.1172, -6.1316, -6.1350999999999996, -6.1254, -6.128, -6.143000000000001, -6.1294, -6.1208, -6.145, -6.129700000000001, -6.1263, -6.166399999999999, -6.1293999999999995, -6.1274999999999995, -6.123, -6.117800000000001, -6.1321, -6.1197]4062.1718139648438


number 3[3.1171, 1.8633, 0.34819999999999995, -1.2912, -2.4725, -3.0888999999999998, -3.5481, -3.8885, -4.1678999999999995, -4.4259, -4.6135, -4.7332, -4.922000000000001, -5.0767, -5.1814, -5.2985, -5.3684, -5.4725, -5.5218, -5.593, -5.636699999999999, -5.7015, -5.7633, -5.7874, -5.8087, -5.8668, -5.923, -5.9128, -5.9689, -5.9952000000000005, -6.0028, -6.023, -6.025600000000001, -6.0263, -6.0332, -6.0737000000000005, -6.0768, -6.077999999999999, -6.0765, -6.083399999999999, -6.1057, -6.0786999999999995, -6.0981, -6.075200000000001, -6.0669, -6.0182, -5.8197, -5.6297, -4.6534, -5.9782, -5.9987, -6.029100000000001, -6.0766, -6.1084000000000005, -6.108099999999999, -6.1089, -6.1322, -6.1121, -6.1276, -6.109299999999999, -6.135300000000001, -6.113300000000001, -6.114, -6.1236, -6.144399999999999, -6.1381000000000006, -6.1265, -6.1173, -6.1265, -6.1205, -6.101999999999999, -6.0998, -6.1493, -6.1339, -6.1137, -6.0955, -6.0922, -6.0899, -6.0751, -6.0777, -6.0577000000000005, -6.0283, -5.832700000000001, -4.2152, -6.0633, -6.1, -6.1126000000000005, -6.1157, -6.1149000000000004, -6.1370000000000005, -6.114299999999999, -6.1213, -6.122, -6.1395, -6.1062, -6.0985, -6.083600000000001, -6.0834, -6.0623, -6.116299999999999]6181.008257865906



Learning rate: 0.2

number 1[3.1005000000000003, -1.6502999999999999, -3.6864, -4.5821, -5.1451, -5.438400000000001, -5.6678, -5.8338, -5.9456, -6.0048, -5.8747, -4.8758, -4.63, -5.6633, -5.7937, -1.5660000000000003, -2.1940999999999997, -2.9005, -5.3818, -3.9448000000000003, -4.2344, -3.4406000000000003, -3.8795, -3.0403, 3.7304999999999997, 0.20380000000000004, 1.5394999999999999, 0.05260000000000006, -2.6647, -0.40519999999999956, -3.4135, -1.7333, -1.8382999999999998, 0.17749999999999977, -0.32289999999999996, -0.9756000000000001, -0.2712, 2.9898, -0.1302000000000002, -3.083, -1.6917, -4.4497, -2.2786, 0.32209999999999994, -2.8495, -0.21689999999999976, -0.8722000000000001, 0.13290000000000002, 1.1026, 1.7005000000000001, -0.10180000000000011, -3.3535000000000004, -4.3199, -1.372, -1.6522, -2.0646999999999998, -3.2557, -3.2142, -3.9778000000000002, -1.6566999999999996, -1.407, -1.5658, -0.3052999999999998, 0.6881000000000002, -3.5697, -0.6692999999999999, 2.0336, 0.8116999999999999, -1.2935999999999996, 0.9228000000000001, -0.9872999999999998, -2.1242, -4.4255, -5.0200000000000005, -5.195, -0.06529999999999969, -0.040600000000000025, -4.1348, 1.6077, -3.7692, -0.7425000000000002, 2.0471, -3.8303, -1.9506000000000001, 1.0949000000000002, -0.7532999999999999, -1.5923, -4.9347, -2.2757, -2.5321, -4.05, -1.6032, -3.0898000000000003, -3.0822000000000003, -4.0668999999999995, -5.655, -1.8960000000000001, -4.6484000000000005, -2.0272, -3.5521]2011.7449078559875


number 2[3.1111, -1.5617, -3.6199000000000003, -4.4948, -5.0377, -5.4283, -5.6172, -5.834, -5.933, -6.015, -5.5725, -6.0585, -5.7707, -5.6699, -4.8917, -6.0408, -6.0298, -4.3175, -5.2007, -5.9594000000000005, -5.7745, -2.9607, -3.7163000000000004, -0.9977999999999999, 1.9409999999999998, 0.4945, -3.2826, -4.2905999999999995, -3.1764, -5.4608, -5.6955, -5.700200000000001, -5.4596, -5.2234, -4.6114999999999995, -4.9898, -4.4091000000000005, -5.591200000000001, -5.9198, -5.971000000000001, -5.8431999999999995, -5.1392999999999995, -3.9698, -5.6277, -6.0358, -6.093, -6.1228, -6.1152, -6.1278, -6.1325, -6.129199999999999, -6.153700000000001, -6.1243, -6.1866, -6.1608, -6.1845, -6.207599999999999, -6.2164, -6.2196, -6.2399000000000004, -6.2283, -6.2372, -6.226700000000001, -6.2596, -6.244299999999999, -6.253500000000001, -6.2488, -6.2612000000000005, -6.2062, -6.2044999999999995, -6.1963, -6.2585, -6.218500000000001, -6.2522, -6.2319, -6.2459999999999996, -6.2575, -6.2565, -6.2256, -6.2596, -6.2534, -6.258900000000001, -6.2533, -6.248200000000001, -6.2953, -6.2574, -6.2753, -6.2683, -6.2475, -6.2767, -6.228800000000001, -6.2258, -6.228800000000001, -6.2642, -6.2586, -6.2638, -6.2569, -6.2381, -6.2658, -6.239000000000001]2063.4325909614563


number 3[3.0854000000000004, -1.5969000000000002, -3.6711, -4.5542, -5.1507, -5.4561, -5.6725, -5.8556, -5.947699999999999, -6.001800000000001, -5.2157, -3.6969000000000003, -4.912, -5.8213, -6.0776, -6.074300000000001, -5.4011, -3.4341, -5.0831, -5.859299999999999, -6.0608, -6.0916999999999994, -6.051, -5.956300000000001, -4.0571, -1.9607, -0.6309, 0.6594, -0.5382, -0.8719, -1.6341999999999997, -1.6878, -0.9093999999999999, -0.9824000000000002, -1.4247, -2.6976000000000004, -3.9923, -5.7134, -5.7034, -1.8362, -1.6527999999999996, -2.0391999999999997, -3.5896, -4.7403, -2.8476, -3.0917999999999997, -1.7709000000000001, -4.2493, -5.0419, -2.4447, -2.5539, -2.519, -1.9224999999999999, -5.893000000000001, -3.8087999999999997, -0.9107000000000001, -1.7154, -4.8775, -2.0673, -5.3980999999999995, -5.2523, -5.5332, -5.4279, -6.0951, -6.0907, -6.187099999999999, -6.163600000000001, -6.191800000000001, -6.1852, -6.248200000000001, -6.229100000000001, -6.246700000000001, -6.2606, -6.2528, -6.2435, -6.2748, -6.2405, -6.2817, -6.2602, -6.2682, -6.2719000000000005, -6.2816, -6.2735, -6.286300000000001, -6.2958, -6.284, -6.2742, -6.2606, -6.277200000000001, -6.2722999999999995, -6.2797, -6.2678, -6.276000000000001, -6.291600000000001, -6.3072, -6.2721, -6.2888, -6.297499999999999, -6.2459999999999996, -6.289300000000001]2123.1612298488617

Learning reate: 0.15

number 1[3.1391999999999998, 0.3261999999999999, -2.4966999999999997, -3.605, -4.1642, -4.6234, -4.9223, -5.2097, -5.388400000000001, -5.541600000000001, -5.6875, -5.7448, -5.8499, -5.920999999999999, -5.9556000000000004, -6.021, -6.0615000000000006, -6.023300000000001, -5.5048, -5.183, -4.1778, -4.4623, -5.4504, -5.834099999999999, -4.7872, -5.6544, -5.8367, -5.2972, -3.8790999999999998, 1.7930000000000001, 0.4877, -4.0405, -5.0933, -5.1436, -3.2797, 1.4580999999999995, -2.3864, -4.3357, -3.0108999999999995, -1.7268, 3.8313999999999995, -1.0576999999999999, -4.318099999999999, -3.9396, -4.0997, -3.5165, -0.0020000000000000018, -5.6937999999999995, 0.7662, 0.22869999999999985, -0.20899999999999996, -0.6283000000000001, -2.7042, -5.0786999999999995, -4.9055, -0.8727000000000001, 1.1537000000000004, -3.8317000000000005, -1.8204000000000002, -1.9426999999999999, -2.0027, -5.352, -4.180400000000001, -3.0518, -0.9057000000000002, -1.5829999999999997, 2.6043000000000003, 1.7860999999999998, 0.8572000000000002, -0.5937999999999999, -1.8362000000000003, -3.8418, -2.9242, -2.3817000000000004, 0.9632, 3.1484, 0.6569000000000003, 0.47409999999999997, -2.035, -5.0709, -5.4076, -4.8971, -1.0365, -0.5359, -1.281, -1.2255999999999998, -1.7986, 1.0960000000000005, -2.8376, 0.4439, 1.9822000000000002, -2.1683000000000003, -3.6487, -2.0415, -2.0885999999999996, -3.8676, 0.7165999999999999, 1.9020000000000001, -2.0826000000000002, 0.23009999999999997]2006.9807741641998


number 2[3.1034, 0.2894, -2.5968999999999998, -3.6463, -4.2471, -4.676500000000001, -4.9876, -5.237, -5.4322, -5.5718, -5.6871, -5.7849, -5.8649000000000004, -5.9345, -5.9479, -6.0281, -6.0263, -5.772, -3.5757000000000003, -3.9477, -4.9802, -5.7631, -6.0746, -6.090300000000001, -6.099800000000001, -6.112499999999999, -6.1221, -6.1364, -6.1465, -6.12, -6.152799999999999, -6.1234, -6.145, -6.1514999999999995, -6.142899999999999, -6.1337, -6.1387, -6.1693, -6.1808000000000005, -6.1524, -6.156, -6.1667000000000005, -6.1762, -6.1636999999999995, -6.1689, -6.1732, -6.1674999999999995, -6.1745, -6.1789, -6.1766000000000005, -6.1896, -6.1952, -6.1926, -6.1716999999999995, -6.177099999999999, -6.2082999999999995, -6.213900000000001, -6.187, -6.176, -6.2025999999999994, -6.2191, -6.2004, -6.215400000000001, -6.200099999999999, -6.2024, -6.231199999999999, -6.220599999999999, -6.196, -6.217, -6.1955, -6.1926, -6.217, -6.2267, -6.224500000000001, -6.2275, -6.2412, -6.1885, -6.2267, -6.2414000000000005, -6.2364, -6.2325, -6.2072, -6.1978, -6.2225, -6.2283, -6.2419, -6.2158999999999995, -6.2158, -6.2223999999999995, -6.224399999999999, -6.219100000000001, -6.2151, -6.2153, -6.2447, -6.2431, -6.244000000000001, -6.2162999999999995, -6.2202, -6.2242, -6.2509]2057.6750032901764


number 3[3.1066000000000003, 0.3207999999999999, -2.4775, -3.5518, -4.184200000000001, -4.6113, -4.9298, -5.2021999999999995, -5.385, -5.5486, -5.6575, -5.7514, -5.8605, -5.9412, -5.9588, -6.0178, -6.0327, -5.6147, -3.4303, -4.7268, -5.7672, -6.0145, -6.056800000000001, -4.8551, -5.825699999999999, -5.8519, -5.6753, -5.111000000000001, -5.6009, -5.8965, -6.0142, -6.0887, -4.8917, -5.5201, -1.9951, -2.3583, -3.04, -0.7144999999999999, -1.3776, -4.2205, -4.6136, -5.3137, -1.7257, -1.8396, -2.9059, -5.6055, -3.2110000000000003, -2.3628, 1.1198000000000001, -5.1091, -4.0529, -3.1306, -0.7106, -3.8857, -1.7342000000000002, -5.7046, -4.5834, -2.6704999999999997, -3.6573, -0.9030000000000002, -2.3360000000000003, -1.7264, -3.444, -3.3367, -1.9411999999999998, -0.26449999999999996, -4.742, -3.0875000000000004, -1.7216, -1.6626, 2.7226999999999997, -2.8994, 0.39699999999999996, -2.9171, -1.7223, 2.5132000000000003, -0.45099999999999985, -3.6419, -3.0368, -1.6245, -2.9462, -4.5512, 3.1910999999999996, 1.1744, -3.0294, 0.8973000000000002, -0.9422999999999999, -2.2313, -2.9327, -3.1250999999999998, 0.10380000000000011, -1.0958999999999999, -1.0196, -3.3912, -3.6329000000000002, 0.08110000000000017, -4.6372, -3.516, -3.9938, -0.8760000000000001]2116.5129034519196


Learning rate: 0.01
number 1[3.1238, 3.1217999999999995, 3.0705000000000005, 3.0819, 3.0632, 3.0583, 3.0498, 3.0473000000000003, 3.058, 3.0161999999999995, 2.9657999999999998, 3.0014000000000003, 2.9893, 2.9555000000000002, 2.9527, 2.9587000000000003, 2.9284999999999997, 2.9751000000000003, 2.8635, 2.8716, 2.8556, 2.8691999999999998, 2.8984999999999994, 2.8302000000000005, 2.8548999999999998, 2.8339, 2.8113, 2.7866, 2.7988999999999997, 2.7849, 2.7671, 2.7284, 2.7284, 2.7510000000000003, 2.7224, 2.6345, 2.6895000000000002, 2.6608, 2.6821, 2.6677999999999997, 2.6237, 2.5995, 2.585, 2.5957999999999997, 2.5414, 2.5335, 2.5676, 2.5277, 2.5532, 2.5215, 2.5199000000000003, 2.5174, 2.4337999999999997, 2.4691, 2.4431, 2.4108, 2.4378, 2.3912, 2.378, 2.3876, 2.3209, 2.3604000000000003, 2.3286000000000002, 2.299, 2.2990000000000004, 2.2819000000000003, 2.2704, 2.2622, 2.2346, 2.1997999999999998, 2.2432999999999996, 2.1719999999999997, 2.1445999999999996, 2.1306000000000003, 2.1288, 2.1679, 2.0858, 2.0958, 2.0941, 2.0554, 2.0213, 2.0293, 2.0231, 2.0463, 2.0333, 1.9351000000000003, 1.9842, 1.9170999999999996, 1.9077000000000002, 1.9015000000000002, 1.9453, 1.8872999999999998, 1.8436, 1.8474, 1.8077, 1.8198, 1.8022999999999998, 1.8280999999999998, 1.7771999999999997, 1.77]2002.7829015254974


number 2[3.1042000000000005, 3.1409, 3.0338000000000003, 3.0442, 3.0682, 3.0091, 3.0134, 3.0143, 2.9985, 3.0119, 3.0456, 2.9884999999999997, 3.0389, 2.9732999999999996, 2.9191, 2.9159, 2.9281, 2.9114, 2.9402, 2.8472, 2.9058, 2.8640000000000003, 2.859, 2.8242999999999996, 2.8512, 2.795, 2.7896000000000005, 2.7792, 2.8177000000000003, 2.8052, 2.7011, 2.7836, 2.7642, 2.7491, 2.6638, 2.7081, 2.7059, 2.6496999999999997, 2.6491000000000002, 2.6445, 2.6406, 2.6313, 2.5757, 2.6046, 2.5413, 2.5771, 2.5464, 2.5014000000000003, 2.5169, 2.5487, 2.4676, 2.4818, 2.4499, 2.4509000000000003, 2.4351000000000003, 2.4817, 2.4168, 2.4378, 2.3887, 2.3807, 2.3893000000000004, 2.3602, 2.3182, 2.3108, 2.3374, 2.2973, 2.255, 2.2709, 2.2368, 2.2706999999999997, 2.2629, 2.149, 2.172, 2.1285, 2.1738, 2.1704999999999997, 2.1078, 2.1024000000000003, 2.075, 2.0655, 2.0537, 2.0528000000000004, 2.0303, 2.0351, 2.0015, 2.002, 1.9842, 1.984, 1.967, 1.8842000000000003, 1.9277, 1.8433000000000002, 1.8672000000000002, 1.8999000000000001, 1.8336, 1.7728, 1.8308, 1.7993999999999999, 1.7785000000000002, 1.7892000000000001]2054.034717321396


number 3[3.104, 3.0999999999999996, 3.0985, 3.0726000000000004, 3.0587, 3.0652, 3.0679, 3.0181, 3.0782000000000003, 2.9619999999999997, 3.0060000000000002, 3.0221, 2.9795, 2.9616000000000002, 2.9838, 2.9283, 2.9223, 2.9421, 2.8832, 2.8400000000000003, 2.8768000000000002, 2.8697, 2.8783000000000003, 2.8346, 2.7951, 2.8407, 2.7657, 2.7864000000000004, 2.7815, 2.7600999999999996, 2.7594, 2.7571, 2.725, 2.6996, 2.7199999999999998, 2.7053, 2.6647000000000003, 2.6838, 2.6171999999999995, 2.6429, 2.6074, 2.628, 2.6275, 2.5513, 2.5809, 2.5856, 2.5509999999999997, 2.5196, 2.5431, 2.4882, 2.4837, 2.4927, 2.4903, 2.4471000000000003, 2.4937, 2.4464, 2.4225, 2.3922, 2.3897, 2.3754, 2.3241, 2.3481, 2.3402000000000003, 2.3555, 2.2988999999999997, 2.2623, 2.3129999999999997, 2.2066, 2.2434000000000003, 2.2266000000000004, 2.1814999999999998, 2.193, 2.1965, 2.1454, 2.1686, 2.1367000000000003, 2.1781, 2.0506, 2.0926, 2.0218, 1.9977999999999998, 2.066, 2.0539, 2.053, 1.9613, 1.9989, 1.9458, 1.9255999999999998, 1.9293, 1.9354, 1.9130000000000003, 1.8773, 1.8471, 1.8439999999999999, 1.8668, 1.8162, 1.7755, 1.7854999999999999, 1.7610000000000001, 1.7310999999999999]2118.2422494888306





Learning rate: 0.02
number 1[3.1087, 3.0587, 3.003, 3.0181000000000004, 2.9598999999999998, 2.8726000000000003, 2.7701000000000002, 2.7713, 2.7502, 2.6568, 2.6558, 2.6584, 2.5309, 2.4388, 2.3982, 2.3735999999999997, 2.2837, 2.2225, 2.1739, 2.1269, 2.0771, 1.9759000000000002, 1.9364000000000001, 1.8717, 1.8371999999999997, 1.7341000000000002, 1.6459, 1.5958999999999999, 1.5743999999999998, 1.5252999999999999, 1.3281, 1.3353, 1.2452, 1.1609, 1.1149, 1.001, 0.9404999999999999, 0.9047999999999999, 0.8093999999999999, 0.7037, 0.6286, 0.5569, 0.4615, 0.4658, 0.3435, 0.3112, 0.18569999999999998, 0.16370000000000004, 0.08430000000000004, -0.09679999999999996, -0.12069999999999997, -0.16520000000000004, -0.3116, -0.3677000000000001, -0.4343999999999999, -0.5349999999999999, -0.6164, -0.5945, -0.6894, -0.7676, -0.8133, -0.9535, -1.0206, -1.0378, -1.1064000000000003, -1.1926999999999999, -1.193, -1.2897, -1.3761999999999999, -1.4832, -1.4797, -1.5318, -1.5781999999999998, -1.6574, -1.6974, -1.7615, -1.8018, -1.8423, -1.8977, -1.9295, -1.9931, -2.0012999999999996, -2.0364, -2.0863, -2.1328, -2.1969, -2.1841, -2.2325, -2.2618, -2.3342, -2.3739, -2.4185, -2.4356, -2.4924999999999997, -2.4835000000000003, -2.5080999999999998, -2.5422000000000002, -2.5267999999999997, -2.642, -2.6275000000000004]2144.6861062049866


number 2[3.1136000000000004, 3.0592, 3.0035, 3.0332999999999997, 2.9692000000000003, 2.8722, 2.8606000000000003, 2.7676, 2.7191, 2.6883, 2.6412, 2.5812, 2.4718, 2.4791, 2.3804, 2.3602, 2.3035, 2.2503, 2.1524, 2.1043, 2.0897, 2.016, 1.9067, 1.8304000000000002, 1.7673, 1.7879, 1.6642, 1.5806, 1.5404, 1.4977999999999998, 1.3833, 1.292, 1.2618, 1.2002000000000002, 1.0891000000000002, 1.0237, 0.9613, 0.8854000000000002, 0.8306, 0.7809999999999999, 0.7013999999999999, 0.5602999999999999, 0.46299999999999997, 0.4023, 0.37859999999999994, 0.32259999999999994, 0.18370000000000006, 0.12620000000000003, -0.003500000000000003, -0.027399999999999994, -0.1342, -0.21150000000000002, -0.2733, -0.3121, -0.42399999999999993, -0.43549999999999994, -0.5678000000000001, -0.5972999999999999, -0.6633, -0.7649, -0.8305, -0.8754000000000001, -0.9994, -1.0621, -1.1396, -1.1831999999999998, -1.1843, -1.2828, -1.371, -1.3954, -1.4687000000000001, -1.4904000000000002, -1.579, -1.6379000000000001, -1.6861000000000002, -1.6886999999999999, -1.7649, -1.8161999999999998, -1.8292000000000002, -1.9367, -1.9466999999999999, -1.9768, -2.0658000000000003, -2.098, -2.0879000000000003, -2.2129, -2.2126, -2.2469, -2.3040000000000003, -2.3238000000000003, -2.3655, -2.3283, -2.4674, -2.4987, -2.4383, -2.5091, -2.5469, -2.6046, -2.6022, -2.6488000000000005]2182.2095494270325


number 3[3.0904999999999996, 3.0713999999999997, 2.9909, 2.957, 2.9384, 2.8685, 2.9043, 2.8642, 2.7138, 2.7025, 2.6562, 2.5663, 2.5463, 2.4734999999999996, 2.4247, 2.3625, 2.3336, 2.2186000000000003, 2.1892, 2.1728, 2.0530999999999997, 2.0243, 1.9237000000000002, 1.8748, 1.7738, 1.7586, 1.6496000000000002, 1.6169000000000002, 1.5389000000000002, 1.4580000000000002, 1.3932, 1.3498, 1.2412, 1.2239, 1.1469999999999998, 1.0259, 0.9393, 0.8603999999999998, 0.8292999999999999, 0.7357, 0.6199, 0.5555, 0.5107999999999999, 0.43320000000000003, 0.3073999999999999, 0.2371, 0.18740000000000007, 0.16300000000000003, 0.05440000000000006, -0.013299999999999923, -0.11239999999999994, -0.18430000000000002, -0.2859999999999999, -0.3545, -0.45000000000000007, -0.47750000000000004, -0.5188, -0.6645, -0.713, -0.7549000000000001, -0.8029000000000001, -0.8437999999999999, -0.9849000000000001, -1.0520999999999998, -1.0453999999999999, -1.1268, -1.2119, -1.2454, -1.3656, -1.4171, -1.4537, -1.5188000000000001, -1.5444, -1.5829, -1.6543999999999999, -1.7191999999999998, -1.7345, -1.8395000000000001, -1.8794, -1.9047999999999998, -1.9571, -1.9704000000000002, -2.0563, -2.0495, -2.0999, -2.192, -2.2273, -2.2363999999999997, -2.2734, -2.3125, -2.3635, -2.3589, -2.4393000000000002, -2.4847, -2.489, -2.4840999999999998, -2.5549999999999997, -2.5888, -2.6028000000000002, -2.6635999999999997]2230.275293827057





Learning rate: 0.05
number 1[3.145, 2.81, 2.5065000000000004, 2.1709, 1.8203999999999998, 1.3988999999999998, 0.9481999999999999, 0.4221, -0.0022999999999999826, -0.47040000000000004, -0.8623, -1.3210000000000002, -1.6272000000000002, -1.935, -2.2088, -2.4192, -2.6254, -2.7893, -2.9287, -3.0526, -3.1599000000000004, -3.2969, -3.4225000000000003, -3.5643000000000002, -3.6212999999999997, -3.6912000000000003, -3.8258, -3.8907, -3.9791000000000003, -4.0258, -4.1376, -4.1927, -4.234299999999999, -4.3314, -4.372999999999999, -4.4143, -4.4750000000000005, -4.5367999999999995, -4.5934, -4.6965, -4.6913, -4.7145, -4.8065999999999995, -4.828, -4.867100000000001, -4.9209000000000005, -4.9897, -4.9922, -5.0352, -5.0504999999999995, -5.1102, -5.0922, -5.1721, -5.2234, -5.1751000000000005, -5.230700000000001, -5.257099999999999, -5.3073, -5.3372, -5.3148, -5.346, -5.3971, -5.4159, -5.4566, -5.4759, -5.4849, -5.5201, -5.515, -5.5438, -5.5866999999999996, -5.5626999999999995, -5.5841, -5.6107, -5.6155, -5.6347000000000005, -5.6754, -5.6881, -5.6616, -5.6849, -5.7312, -5.7293, -5.7446, -5.7399000000000004, -5.7742, -5.7873, -5.7777, -5.7903, -5.7938, -5.847300000000001, -5.836, -5.8183, -5.8366999999999996, -5.8469999999999995, -5.8633999999999995, -5.879300000000001, -5.8719, -5.888400000000001, -5.8928, -5.904100000000001, -5.9016]2274.666302204132


number 2[3.1468, 2.8813, 2.549, 2.1559, 1.7662999999999998, 1.3476, 0.9475, 0.49749999999999994, 0.00920000000000007, -0.41119999999999995, -0.8973, -1.2481, -1.6185, -1.9390999999999998, -2.2242, -2.3956, -2.5671999999999997, -2.7991, -2.9039, -3.0690999999999997, -3.1563, -3.2846, -3.4157, -3.554, -3.6256, -3.7216000000000005, -3.7687999999999997, -3.867, -4.0137, -4.0439, -4.0828999999999995, -4.2226, -4.212, -4.2954, -4.3559, -4.4672, -4.4929, -4.5409999999999995, -4.5578, -4.6601, -4.696400000000001, -4.8042, -4.7847, -4.8084, -4.8666, -4.9335, -4.9729, -5.0234000000000005, -5.065799999999999, -5.0497, -5.126399999999999, -5.089, -5.1438999999999995, -5.2055, -5.1807, -5.2428, -5.2588, -5.3012, -5.3507, -5.3545, -5.3378, -5.4155, -5.4348, -5.4575, -5.4571000000000005, -5.5069, -5.499099999999999, -5.5357, -5.5636, -5.570600000000001, -5.5633, -5.5907, -5.5833, -5.641900000000001, -5.6433, -5.6658, -5.678599999999999, -5.7317, -5.6913, -5.7206, -5.710999999999999, -5.7661, -5.753, -5.7671, -5.7584, -5.787100000000001, -5.8032, -5.8262, -5.8083, -5.810099999999999, -5.8346, -5.8423, -5.8896, -5.872599999999999, -5.886299999999999, -5.8828, -5.905500000000001, -5.885599999999999, -5.902799999999999, -5.9257]2319.0397605895996


number 3[3.0934, 2.8068999999999997, 2.5292000000000003, 2.1625, 1.7058, 1.3798, 0.9105000000000001, 0.4536999999999999, 0.007600000000000037, -0.5357000000000001, -0.9766, -1.3103, -1.6788, -1.9636, -2.2048, -2.4219999999999997, -2.6511, -2.8364000000000003, -2.9408000000000003, -3.1028000000000002, -3.2342, -3.3661, -3.4028, -3.5183, -3.6639, -3.7047, -3.8394, -3.8991999999999996, -4.003, -4.0275, -4.1111, -4.2576, -4.2638, -4.3419, -4.3662, -4.4256, -4.4906, -4.5604, -4.5695, -4.6753, -4.6834, -4.7389, -4.8078, -4.857200000000001, -4.8881000000000006, -4.9005, -4.9415000000000004, -5.0141, -5.0095, -5.0808, -5.1005, -5.168, -5.1378, -5.1861, -5.2117, -5.2712, -5.2724, -5.3203, -5.3504000000000005, -5.358700000000001, -5.3625, -5.4084, -5.4131, -5.4424, -5.4948, -5.4859, -5.483700000000001, -5.520899999999999, -5.5177, -5.5781, -5.5861, -5.591799999999999, -5.6745, -5.6172, -5.6472999999999995, -5.652900000000001, -5.6791, -5.6738, -5.6795, -5.6677, -5.7174, -5.7385, -5.7504, -5.7592, -5.7986, -5.7966999999999995, -5.772499999999999, -5.8035, -5.811, -5.82, -5.8241, -5.8477, -5.8327, -5.848999999999999, -5.8566, -5.8479, -5.8825, -5.9098999999999995, -5.905999999999999, -5.909800000000001]2338.272670984268


Learning rate: 0.12
number 1[3.0852, 1.3897, -0.9272, -2.6125, -3.3481, -3.8901, -4.2302, -4.5773, -4.8068, -5.0241, -5.1815999999999995, -5.3093, -5.4161, -5.5543000000000005, -5.6209, -5.698, -5.763400000000001, -5.8277, -5.871499999999999, -5.928, -5.941599999999999, -5.985900000000001, -6.0142, -6.0295000000000005, -6.058199999999999, -6.0705, -6.021299999999999, -5.5689, -4.74, -4.9346, -5.9698, -6.076600000000001, -6.099200000000001, -6.0994, -6.093299999999999, -6.0543, -5.8933, -4.8789, -5.2166, -5.5464, -6.0019, -6.066699999999999, -6.058, -6.014800000000001, -5.6846000000000005, -5.063599999999999, -5.8862000000000005, -6.1144, -6.1226, -6.1258, -6.1197, -6.1196, -6.1108, -6.1141000000000005, -6.1336, -6.135199999999999, -6.131799999999999, -6.1393, -6.1092, -6.1215, -6.1272, -6.1082, -6.1109, -6.1121, -6.122, -6.1053999999999995, -6.114700000000001, -6.1161, -6.1063, -6.091899999999999, -6.1235, -6.1001, -6.1283, -6.1414, -6.1299, -6.138400000000001, -6.155900000000001, -6.1208, -6.1368, -6.1459, -6.1661, -6.1304, -6.1091999999999995, -6.0931, -6.112400000000001, -6.136900000000001, -6.1051, -6.1350999999999996, -6.1232999999999995, -6.1082, -6.1244000000000005, -6.138400000000001, -6.1121, -6.1324, -6.1168, -6.1334, -6.131100000000001, -6.1415, -6.1423, -6.1425]2007.85710811615


number 2[3.1296, 1.2904, -0.9564000000000001, -2.6092, -3.341, -3.8810000000000002, -4.2794, -4.555, -4.8166, -5.023700000000001, -5.1775, -5.3867, -5.4542, -5.5518, -5.6396, -5.7392, -5.8011, -5.8605, -5.9038, -5.923900000000001, -5.9653, -5.9788, -6.011100000000001, -6.0468, -6.056799999999999, -6.0679, -5.8868, -5.3338, -3.3446, -4.6034, -5.6616, -6.009, -6.0762, -6.0733, -6.0841, -5.8635, -4.9916, -5.3971, -5.9077, -6.070500000000001, -6.107, -6.0905000000000005, -6.0981, -6.0632, -5.9247, -5.7272, -5.6807, -5.7081, -5.9437999999999995, -6.1104, -6.1067, -6.1185, -6.0984, -6.0966000000000005, -6.087199999999999, -6.0478000000000005, -6.023200000000001, -5.8512, -5.505, -6.0912, -6.1221000000000005, -6.1289, -6.1448, -6.1306, -6.1455, -6.1288, -6.1338, -6.1341, -6.1242, -6.1059, -6.121599999999999, -6.094900000000001, -6.0762, -6.031499999999999, -5.9004, -5.7208000000000006, -5.5432, -5.9833, -6.1482, -6.1499999999999995, -6.1666, -6.1507000000000005, -6.1709000000000005, -6.168, -6.1417, -6.1754999999999995, -6.1796, -6.172, -6.1604, -6.171399999999999, -6.1690000000000005, -6.1707, -6.1684, -6.1609, -6.143, -6.1822, -6.1772, -6.163, -6.1666, -6.1753]2062.256721019745


number 3[3.1687000000000003, 1.3318, -1.0654, -2.6723000000000003, -3.4439, -3.9329000000000005, -4.2936, -4.6043, -4.8113, -5.0213, -5.1902, -5.3536, -5.4673, -5.5342, -5.6018, -5.7011, -5.758699999999999, -5.833, -5.8694, -5.9161, -5.9269, -5.9544999999999995, -6.0051000000000005, -5.9978, -6.028700000000001, -6.0573, -6.051399999999999, -6.0314, -5.8171, -4.547, -5.1396999999999995, -6.0189, -6.1105, -6.1190999999999995, -6.0808, -6.1075, -6.0598, -6.0710999999999995, -6.018800000000001, -5.9187, -5.9995, -6.0477, -6.0565, -5.9938, -5.8909, -5.8698, -5.800800000000001, -5.4986, -5.237, -5.8203, -6.1136, -6.13, -6.1135, -6.150399999999999, -6.1341, -6.1175, -6.123799999999999, -6.1479, -6.1358999999999995, -6.121, -6.1242, -6.1282, -6.1225, -6.092199999999999, -6.1242, -6.1448, -6.123799999999999, -6.1366, -6.0872, -6.1454, -6.1423000000000005, -6.1471, -6.1312999999999995, -6.1426, -6.138400000000001, -6.1409, -6.1358, -6.1396, -6.146999999999999, -6.156600000000001, -6.1392, -6.1506, -6.130000000000001, -6.1290000000000004, -6.142200000000001, -6.149, -6.1368, -6.1495, -6.1342, -6.155500000000001, -6.1596, -6.152299999999999, -6.1498, -6.130199999999999, -6.1221, -6.1449, -6.1451, -6.1698, -6.137099999999999, -6.145599999999999]2128.40860581398





Learning rate: 0.16
number 1[3.0753, -0.040999999999999946, -2.8278, -3.779, -4.4222, -4.8635, -5.1353, -5.3832, -5.5319, -5.7015, -5.8016, -5.8772, -5.968999999999999, -5.9849000000000006, -6.01, -5.8647, -3.3612, -5.021199999999999, -5.9098, -5.8770999999999995, -5.8934999999999995, -5.878299999999999, -4.4681, -5.8375, -6.0731, -6.0691, -5.3448, -6.0238, -5.9289000000000005, -4.6377, -4.0735, -3.7542, -5.3929, -2.5947, -2.0275, 0.7820000000000003, -2.1081, -5.3993, -5.4684, -3.665, -3.1839000000000004, 1.4938, -4.1251999999999995, -5.4140999999999995, -3.7988999999999997, -1.0669, -2.5113, -5.057, -5.6218, -5.7028, -5.5047999999999995, -4.6619, -1.4632, -2.3364, -2.6063, -4.5466, -3.4163000000000006, -4.0034, -4.0325, -5.2103, -5.3538, -5.6829, -5.623200000000001, -5.602, -4.9577, -4.7273, -2.3077, -2.7354, -3.6359, -5.4435, -5.7037, -5.808199999999999, -5.8993, -5.919700000000001, -5.9424, -5.9813, -5.992700000000001, -5.996700000000001, -6.008000000000001, -5.994400000000001, -5.8723, -5.695, -5.3106, -4.6114999999999995, -4.4291, -4.3694, -4.9736, -5.1723, -5.4928, -5.4426000000000005, -5.566599999999999, -5.5684, -5.6824, -5.5741000000000005, -5.6324000000000005, -5.5176, -5.529, -5.518, -5.5183, -5.2661]2157.925847053528


number 2[3.0932, -0.038400000000000004, -2.8583999999999996, -3.8451999999999997, -4.4225, -4.8212, -5.1403, -5.339700000000001, -5.4894, -5.6456, -5.7650999999999994, -5.8568999999999996, -5.909199999999999, -5.9854, -6.0112000000000005, -5.9283, -3.837, -4.2859, -5.2676, -5.9071, -6.088699999999999, -6.1221, -6.1484, -6.132099999999999, -6.1426, -6.1362, -6.1240000000000006, -6.1513, -6.1398, -6.1366000000000005, -6.1469000000000005, -6.156499999999999, -6.1389, -6.172899999999999, -6.1571, -6.1594, -6.1636, -6.1754999999999995, -6.1851, -6.1594, -6.1805, -6.180000000000001, -6.184, -6.1996, -6.1898, -6.202, -6.1594999999999995, -6.1995000000000005, -6.2052, -6.2076, -6.2116, -6.21, -6.2021, -6.202800000000001, -6.207800000000001, -6.2095, -6.196, -6.2451, -6.2200999999999995, -6.2065, -6.2181999999999995, -6.1989, -6.201199999999999, -6.2119, -6.1891, -6.2023, -6.2211, -6.1898, -6.195, -6.1781, -6.190099999999999, -6.1675, -6.1967, -6.164200000000001, -6.1572000000000005, -6.1242, -6.1441, -6.1024, -6.0883, -5.9962, -6.0191, -5.9311, -5.9559, -5.4077, -5.5452, -4.1357, -5.1253, -2.9331, -5.4504, -4.0475, -2.9461, 0.632, -2.6002, -3.3572, 0.9464999999999999, -1.2955, -4.214499999999999, -5.321, -5.7773, -5.4227]2200.963062286377


number 3[3.1418, -0.10489999999999997, -2.9019, -3.8994, -4.4549, -4.848, -5.1467, -5.3698999999999995, -5.5611, -5.6816, -5.7827, -5.9140999999999995, -5.9889, -6.0093, -6.0205, -5.9974, -4.3993, -5.3175, -5.1146, -4.0477, -5.8842, -6.064, -6.0526, -5.9636, -5.3134999999999994, -5.6053, -5.7701, -4.862299999999999, -3.9461, -0.1321, 0.08650000000000002, -3.8879, -5.8324, -5.5745, -1.8184, -5.8227, -2.0589, -3.7301, -4.6633, -1.2177000000000002, -1.7846000000000002, 0.5417, -2.121, -0.704, -4.8215, -2.3986, 1.2644, -3.5519, 1.3009000000000002, -1.8277999999999999, -0.32420000000000004, -3.1717, -4.8243, -3.9187000000000003, -2.8264, -0.7584000000000001, -1.6966999999999999, -1.5568, -1.286, -3.9419, -4.8469999999999995, -5.4279, -4.4928, -4.4283, -0.8068000000000001, -4.2912, -0.18289999999999978, 2.7460000000000004, -5.4451, -5.912100000000001, -5.4855, -2.4537, 0.09780000000000011, -2.9562, -1.6077, -1.0981999999999998, -4.1664, 0.39239999999999997, 0.5091999999999999, -2.4127, -1.2038000000000002, -0.8972, -4.8452, -0.7492, -0.26839999999999997, -0.8691, -2.5874, -4.3678, -3.7890000000000006, -0.26080000000000003, -1.3155, -2.4187000000000003, -1.2524999999999997, -5.0997, -4.3458, -3.1002, -1.4695, -5.7906, -5.6898, -3.8108000000000004]2222.3303043842316





Learning rate: 0.08
number 1[3.0445, 2.3708, 1.4389999999999998, 0.2897, -0.8322, -1.7609000000000001, -2.3937999999999997, -2.9192, -3.1605, -3.4920999999999998, -3.7325999999999997, -3.9236, -4.0958, -4.287100000000001, -4.4056999999999995, -4.538, -4.6539, -4.769500000000001, -4.8942, -5.0006, -5.0601, -5.143800000000001, -5.2358, -5.2774, -5.3428, -5.415100000000001, -5.473800000000001, -5.5123, -5.5608, -5.5891, -5.6498, -5.6777, -5.7323, -5.7709, -5.7702, -5.7954, -5.8508, -5.8604, -5.849, -5.8942000000000005, -5.9164, -5.9289000000000005, -5.948799999999999, -5.9636, -5.9778, -5.9551, -6.0239, -5.9994, -6.0242, -6.0252, -6.0493999999999994, -6.0463000000000005, -6.032, -6.0707, -6.038499999999999, -6.079599999999999, -6.0745, -6.0721, -6.0872, -6.1227, -6.1043, -6.0954, -6.113099999999999, -6.1228, -6.1116, -6.0985, -6.1158, -6.137899999999999, -6.1213, -6.1254, -6.1414, -6.1135, -6.0988999999999995, -6.1276, -6.1309, -6.1094, -6.1270999999999995, -6.134499999999999, -6.1221, -6.116899999999999, -6.1052, -6.1299, -6.1462, -6.1138, -6.131, -6.1318, -6.1493, -6.096500000000001, -6.098000000000001, -6.1132, -6.0961, -6.135, -6.1502, -6.1183, -6.133100000000001, -6.1259999999999994, -6.1121, -6.1297, -6.117900000000001, -6.1383]2269.7647569179535


number 2[3.1037, 2.3542, 1.375, 0.36650000000000005, -0.7908000000000001, -1.6981, -2.4034, -2.8762999999999996, -3.1932, -3.4588, -3.6821, -3.9176, -4.126200000000001, -4.3126, -4.425, -4.5657, -4.6982, -4.7851, -4.9166, -4.9962, -5.0702, -5.1629000000000005, -5.193200000000001, -5.2813, -5.3422, -5.3774, -5.4424, -5.4594000000000005, -5.548299999999999, -5.5904, -5.6274, -5.6518, -5.6774, -5.731, -5.7222, -5.7789, -5.8245000000000005, -5.8278, -5.8589, -5.839700000000001, -5.8938, -5.9109, -5.9318, -5.954, -5.9672, -5.9714, -5.991599999999999, -6.017900000000001, -6.006200000000001, -6.0092, -6.0266, -6.0379000000000005, -6.016900000000001, -6.0627, -6.064299999999999, -6.0567, -6.0807, -6.075200000000001, -6.072900000000001, -6.0755, -6.1088, -6.1067, -6.0669, -6.0882000000000005, -6.0988, -6.0915, -6.1057, -6.083500000000001, -6.1038, -6.1202000000000005, -6.1341, -6.1396999999999995, -6.1314, -6.127, -6.132300000000001, -6.1299, -6.115900000000001, -6.090400000000001, -6.1303, -6.1004, -6.1236, -6.1284, -6.142399999999999, -6.126399999999999, -6.1238, -6.1335, -6.1181, -6.1116, -6.126200000000001, -6.1335999999999995, -6.1082, -6.1203, -6.1221, -6.1450000000000005, -6.1094, -6.1198999999999995, -6.1137999999999995, -6.1126000000000005, -6.1246, -6.1308]2303.9009985923767


number 3[3.0935, 2.3695000000000004, 1.4418, 0.3501, -0.8423, -1.7615, -2.4234, -2.8559, -3.2103, -3.4659, -3.7183, -3.9367, -4.1017, -4.2994, -4.4036, -4.5654, -4.6508, -4.7673, -4.8856, -5.0009, -5.069, -5.1507, -5.2412, -5.3177, -5.3584, -5.4161, -5.4823, -5.5497, -5.5615000000000006, -5.619, -5.653600000000001, -5.6667, -5.6888000000000005, -5.7444999999999995, -5.7818, -5.8016, -5.8429, -5.8558, -5.8958, -5.8696, -5.9003, -5.9216, -5.958600000000001, -5.9773, -5.9769, -5.9875, -5.9894, -6.035500000000001, -6.0261000000000005, -6.0564, -6.0436, -6.0376, -6.0524, -6.0716, -6.0648, -6.0630999999999995, -6.0615, -6.097300000000001, -6.100199999999999, -6.0767, -6.0844000000000005, -6.1178, -6.1029, -6.1232999999999995, -6.1041, -6.1227, -6.1187000000000005, -6.1240000000000006, -6.1191, -6.1388, -6.1371, -6.096299999999999, -6.1034, -6.1209, -6.1122, -6.1363, -6.1212, -6.1577, -6.1221, -6.1251, -6.0983, -6.109500000000001, -6.1307, -6.129300000000001, -6.1083, -6.1342, -6.1277, -6.1269, -6.111000000000001, -6.1168000000000005, -6.139200000000001, -6.1449, -6.1424, -6.1223, -6.107200000000001, -6.1208, -6.1104, -6.131500000000001, -6.1334, -6.119800000000001]2335.919231414795





